/*--------------------------------*- C++ -*----------------------------------*\
  =========                 |
  \\      /  F ield         | OpenFOAM: The Open Source CFD Toolbox
   \\    /   O peration     | Website:  https://openfoam.org
    \\  /    A nd           | Version:  7
     \\/     M anipulation  |
\*---------------------------------------------------------------------------*/
FoamFile
{
    version     2.0;
    format      ascii;
    class       volScalarField;
    location    "0.15";
    object      epsilon;
}
// * * * * * * * * * * * * * * * * * * * * * * * * * * * * * * * * * * * * * //

dimensions      [0 2 -3 0 0 0 0];

internalField   nonuniform List<scalar> 
9072
(
0.0664706
0.21996
0.376862
0.507433
0.618716
0.715779
0.802053
0.880227
0.952572
1.02107
1.08746
1.15336
1.22033
1.28991
1.36371
1.44347
1.53108
1.62859
1.73825
1.86238
2.00323
2.16265
2.34146
2.53863
2.75013
2.96767
3.17768
3.36118
3.49541
3.55803
3.53115
3.39909
3.15959
2.86458
2.53712
2.20222
1.89022
1.62496
1.41749
1.26795
1.17131
1.11254
1.07581
1.05823
1.03513
0.897951
0.0975902
0.150936
0.202732
0.244518
0.278882
0.307943
0.333181
0.355694
0.376334
0.39579
0.414647
0.433423
0.452598
0.472646
0.494052
0.517333
0.543058
0.57185
0.604387
0.641374
0.683481
0.731225
0.784782
0.843723
0.90668
0.971017
1.03263
1.0861
1.12532
1.14475
1.14079
1.11372
1.0704
1.03437
0.989841
0.927563
0.8489
0.758925
0.666504
0.584805
0.528178
0.498828
0.49511
0.570329
0.830972
0.65222
0.138986
0.158643
0.186286
0.208253
0.225803
0.240289
0.252698
0.263763
0.274028
0.283914
0.293765
0.303878
0.314526
0.325978
0.338515
0.352444
0.368104
0.385876
0.40617
0.429409
0.455977
0.486136
0.519898
0.556849
0.595949
0.635353
0.672341
0.703483
0.725165
0.734449
0.730175
0.71432
0.692907
0.675601
0.663023
0.64454
0.611706
0.563575
0.507902
0.458057
0.426054
0.412748
0.423138
0.570288
1.00533
0.795117
0.172935
0.172997
0.187619
0.1995
0.208892
0.216561
0.223145
0.22914
0.234921
0.240771
0.246921
0.253565
0.260889
0.269074
0.27832
0.288846
0.300901
0.314761
0.330724
0.349083
0.370081
0.393842
0.420259
0.448867
0.47869
0.508134
0.534978
0.556563
0.570262
0.5742
0.568154
0.55443
0.538102
0.525469
0.518649
0.511444
0.496041
0.469665
0.437696
0.410436
0.3946
0.392939
0.469385
0.803361
1.25861
1.06385
0.201739
0.186902
0.192566
0.197734
0.201846
0.205214
0.208201
0.211123
0.214232
0.217716
0.221731
0.22641
0.231881
0.238277
0.245745
0.254453
0.26459
0.276368
0.290004
0.3057
0.323597
0.343712
0.365847
0.389483
0.413673
0.436983
0.457523
0.473156
0.481912
0.482598
0.475497
0.46294
0.449281
0.439399
0.435158
0.432423
0.42552
0.41255
0.397372
0.385866
0.382016
0.406351
0.681474
1.09136
1.46661
1.25683
0.226883
0.198901
0.197901
0.198214
0.198525
0.198818
0.199254
0.200016
0.201261
0.203108
0.205657
0.208996
0.213213
0.218403
0.224676
0.232159
0.240996
0.251341
0.263349
0.277143
0.29278
0.310189
0.329099
0.348957
0.36886
0.387527
0.403369
0.414696
0.420083
0.418861
0.41163
0.40061
0.389512
0.382302
0.380514
0.381157
0.380318
0.376999
0.37327
0.372314
0.384471
0.542648
1.04868
1.44391
1.51108
1.30194
0.249173
0.208859
0.202718
0.199418
0.196878
0.194841
0.193335
0.192453
0.192277
0.192878
0.194311
0.196629
0.199888
0.204153
0.209503
0.216028
0.223832
0.233021
0.243689
0.255891
0.269611
0.284707
0.300855
0.317493
0.33378
0.348602
0.360665
0.368692
0.371732
0.369539
0.362925
0.353935
0.3457
0.341468
0.342556
0.34676
0.351267
0.35493
0.358846
0.369476
0.445667
0.860642
1.37622
1.55829
1.41287
1.28784
0.269016
0.21702
0.206829
0.200804
0.196082
0.192225
0.189183
0.186985
0.185668
0.185262
0.185788
0.187272
0.189742
0.193238
0.19781
0.203516
0.210422
0.218588
0.228054
0.238816
0.250793
0.263788
0.277444
0.291209
0.304324
0.315854
0.324792
0.330236
0.331649
0.329126
0.323612
0.31696
0.311789
0.310791
0.315276
0.323393
0.332314
0.341084
0.353547
0.401782
0.679864
1.18377
1.51293
1.48212
1.25688
1.26037
0.286596
0.223709
0.210299
0.202196
0.195778
0.190472
0.186181
0.182899
0.180632
0.179378
0.179137
0.179908
0.181699
0.184524
0.188407
0.193378
0.199466
0.206689
0.215039
0.224459
0.234814
0.245867
0.257245
0.268422
0.278735
0.287429
0.293765
0.297179
0.297477
0.295024
0.29084
0.286572
0.2844
0.286601
0.29457
0.30632
0.319355
0.334688
0.372266
0.544295
0.965931
1.34266
1.45882
1.32569
1.10501
1.23906
0.301988
0.229224
0.213259
0.203555
0.195801
0.189321
0.183994
0.179799
0.176721
0.174738
0.173829
0.173975
0.175163
0.177386
0.180645
0.184942
0.190271
0.196615
0.203919
0.212084
0.220933
0.230198
0.239504
0.248367
0.256223
0.262491
0.266673
0.268494
0.268041
0.265874
0.263039
0.260977
0.261476
0.266346
0.276729
0.291689
0.310957
0.344359
0.467434
0.77073
1.12679
1.31368
1.31202
1.16059
0.977973
1.23086
0.315253
0.233809
0.215832
0.204882
0.19606
0.188613
0.182417
0.17744
0.173658
0.171037
0.169538
0.169127
0.169773
0.171451
0.174139
0.177812
0.182437
0.18796
0.194293
0.201295
0.208759
0.2164
0.22385
0.230674
0.236408
0.240627
0.243046
0.243626
0.242672
0.24088
0.23928
0.239122
0.241851
0.248716
0.2597
0.275544
0.307679
0.406554
0.626955
0.920393
1.12558
1.19576
1.15208
1.02029
0.88107
1.24336
0.326521
0.237659
0.218107
0.206176
0.196487
0.188237
0.1813
0.175649
0.171251
0.168065
0.166041
0.165131
0.165288
0.166469
0.168633
0.171733
0.175708
0.180475
0.185914
0.191854
0.198067
0.204258
0.210075
0.215134
0.219064
0.221582
0.222578
0.222202
0.220919
0.21951
0.218968
0.220376
0.224955
0.233369
0.243898
0.256684
0.322888
0.488454
0.732803
0.942247
1.04788
1.06268
1.01388
0.91398
0.816456
1.27958
0.33603
0.240926
0.22013
0.207414
0.197015
0.188091
0.180523
0.174286
0.169348
0.165663
0.163171
0.161812
0.161527
0.162259
0.163946
0.166523
0.169905
0.173983
0.178613
0.1836
0.188702
0.193621
0.198027
0.201586
0.204012
0.205141
0.205006
0.203902
0.202407
0.201347
0.201665
0.204304
0.210358
0.219923
0.230394
0.249989
0.356138
0.556436
0.768756
0.905959
0.952931
0.943463
0.905314
0.840154
0.785976
1.34599
0.344119
0.243726
0.221909
0.208556
0.197569
0.18808
0.179973
0.17323
0.167821
0.163695
0.160788
0.159029
0.158349
0.158676
0.159935
0.162039
0.164887
0.168348
0.172256
0.176403
0.180535
0.184359
0.187567
0.189873
0.191066
0.19108
0.190059
0.188405
0.186774
0.186009
0.186992
0.190534
0.197593
0.207559
0.217635
0.258625
0.394777
0.594047
0.76159
0.846669
0.860394
0.843256
0.822973
0.795057
0.79752
1.45643
0.351176
0.246131
0.223424
0.209539
0.198067
0.188106
0.179545
0.17237
0.166554
0.162045
0.158774
0.156664
0.155634
0.155602
0.156479
0.158164
0.160538
0.163453
0.16673
0.170146
0.173445
0.176341
0.17855
0.179827
0.180024
0.179154
0.177446
0.175378
0.173652
0.173112
0.17458
0.178742
0.186265
0.195783
0.20625
0.273855
0.426444
0.602589
0.728224
0.778185
0.774486
0.758839
0.760078
0.775886
0.866031
1.6405
0.357564
0.248157
0.22463
0.210291
0.198417
0.188072
0.179135
0.1716
0.165441
0.160605
0.157022
0.154607
0.153274
0.15293
0.153473
0.154791
0.156751
0.159193
0.161924
0.164716
0.16731
0.169432
0.170817
0.171259
0.170661
0.169095
0.166853
0.164465
0.162658
0.16226
0.164039
0.168622
0.176066
0.184267
0.20451
0.294038
0.443849
0.58802
0.678984
0.705883
0.694152
0.684605
0.708984
0.780823
1.01407
1.95422
0.124555
0.232453
0.316301
0.374437
0.413554
0.438726
0.453895
0.4625
0.467243
0.469453
0.470011
0.469335
0.468351
0.468055
0.468656
0.469573
0.470195
0.470331
0.470097
0.469674
0.469195
0.468709
0.468221
0.467699
0.467077
0.466258
0.465077
0.463295
0.460535
0.456236
0.44957
0.439306
0.423655
0.399985
0.364425
0.311313
0.232544
0.113578
0.125316
0.167021
0.209804
0.23937
0.258343
0.269744
0.276106
0.279533
0.281505
0.282636
0.283224
0.283339
0.283426
0.283979
0.28504
0.286211
0.287099
0.287584
0.28775
0.287725
0.28761
0.287455
0.287278
0.287078
0.286834
0.286513
0.28605
0.285339
0.284208
0.28238
0.27943
0.274685
0.267122
0.255184
0.236546
0.207997
0.166431
0.12636
0.149735
0.162213
0.188772
0.206232
0.215806
0.220173
0.221629
0.221826
0.221735
0.221679
0.221707
0.221744
0.221937
0.222496
0.223381
0.224322
0.225064
0.22552
0.225739
0.225802
0.22578
0.225712
0.225618
0.225507
0.225374
0.225211
0.22499
0.224664
0.224146
0.223286
0.221838
0.219395
0.215304
0.208545
0.197585
0.180471
0.156618
0.15418
0.175839
0.170365
0.18777
0.197715
0.200941
0.20028
0.198048
0.195671
0.193821
0.192624
0.191973
0.191684
0.191722
0.192112
0.192758
0.193458
0.194032
0.194411
0.194616
0.194701
0.194711
0.194678
0.194621
0.194552
0.194479
0.194405
0.194326
0.194229
0.194077
0.193796
0.19325
0.192193
0.190206
0.186618
0.180435
0.170581
0.158296
0.182647
0.201513
0.183215
0.195121
0.199402
0.197263
0.192148
0.186549
0.181749
0.178192
0.175831
0.174419
0.173676
0.173431
0.173582
0.173987
0.174472
0.174893
0.17519
0.175366
0.175449
0.175473
0.175459
0.175426
0.175389
0.175363
0.17536
0.175394
0.175474
0.175599
0.175749
0.175863
0.175807
0.175334
0.174029
0.171303
0.166763
0.163153
0.209479
0.226369
0.199039
0.208012
0.207384
0.199972
0.190338
0.181284
0.17398
0.168649
0.165053
0.162802
0.161511
0.1609
0.160769
0.160931
0.161217
0.1615
0.161716
0.161854
0.161927
0.161954
0.161952
0.161939
0.161932
0.161949
0.162012
0.162147
0.162382
0.162744
0.163249
0.163894
0.164634
0.165348
0.165823
0.165788
0.165404
0.168715
0.233923
0.250729
0.218141
0.2261
0.220619
0.207439
0.19281
0.179959
0.169928
0.162678
0.157747
0.154577
0.152662
0.151624
0.151176
0.151089
0.151183
0.151332
0.151466
0.151561
0.151616
0.15164
0.151647
0.151651
0.151671
0.151731
0.151858
0.152089
0.152467
0.153038
0.153851
0.154948
0.156349
0.158037
0.159957
0.162097
0.165075
0.174092
0.25583
0.277597
0.241668
0.249898
0.239061
0.219151
0.198722
0.181537
0.16845
0.159087
0.152701
0.148529
0.145925
0.14441
0.143616
0.143269
0.143171
0.143187
0.143236
0.143282
0.143312
0.143328
0.143339
0.143358
0.143405
0.143506
0.143696
0.144018
0.144528
0.145289
0.146376
0.147865
0.149831
0.152338
0.155459
0.159394
0.165145
0.178959
0.275281
0.306791
0.270765
0.280097
0.262974
0.234995
0.207699
0.185485
0.168935
0.15723
0.149258
0.144004
0.140656
0.138624
0.137458
0.13684
0.136546
0.136425
0.136384
0.136375
0.136375
0.136378
0.136389
0.13642
0.136491
0.136632
0.136882
0.137291
0.137924
0.138861
0.140193
0.142028
0.144482
0.147686
0.151819
0.157256
0.165327
0.183224
0.292455
0.333801
0.306487
0.317194
0.292551
0.254923
0.219508
0.191469
0.171001
0.156709
0.147021
0.140611
0.136474
0.133891
0.132335
0.131436
0.13094
0.130677
0.130542
0.130472
0.130436
0.130421
0.130428
0.130468
0.130561
0.13074
0.131046
0.131537
0.132286
0.133382
0.134936
0.137077
0.139957
0.143762
0.148756
0.155459
0.165491
0.186897
0.307571
0.350926
0.350409
0.361313
0.327637
0.278723
0.233886
0.199195
0.174353
0.157239
0.145715
0.138089
0.133128
0.129973
0.128013
0.126824
0.126122
0.125714
0.125479
0.125343
0.125266
0.125229
0.125229
0.125274
0.125387
0.1256
0.12596
0.126527
0.127383
0.128627
0.130381
0.132794
0.136047
0.140371
0.146102
0.153885
0.165588
0.190032
0.320862
0.353371
0.405545
0.412253
0.367538
0.305849
0.250412
0.208326
0.178708
0.158576
0.145126
0.136242
0.130438
0.126701
0.12433
0.122849
0.121937
0.121381
0.121044
0.120838
0.120716
0.120653
0.120642
0.12069
0.12082
0.121064
0.121473
0.122113
0.123068
0.124446
0.12638
0.129036
0.132618
0.137394
0.14376
0.152467
0.165607
0.192696
0.332566
0.372799
0.477128
0.46977
0.411001
0.335315
0.26844
0.218428
0.183757
0.160484
0.145064
0.134909
0.128261
0.123944
0.121165
0.119393
0.118274
0.11757
0.117127
0.11685
0.11668
0.116588
0.116563
0.116612
0.116756
0.117029
0.117484
0.11819
0.119236
0.120736
0.122834
0.125707
0.12958
0.134751
0.141668
0.151172
0.165554
0.194961
0.342915
0.495548
0.575246
0.533999
0.456369
0.365721
0.287077
0.228952
0.189149
0.162723
0.145348
0.133946
0.126475
0.121595
0.11842
0.116367
0.115044
0.114194
0.113648
0.113298
0.11308
0.112957
0.112917
0.112964
0.113119
0.113419
0.113916
0.114683
0.115813
0.117426
0.119672
0.122739
0.126869
0.132387
0.139783
0.14998
0.165444
0.196896
0.352138
0.853787
0.712546
0.604695
0.501776
0.395452
0.30527
0.23926
0.194491
0.165036
0.1458
0.133219
0.124972
0.119561
0.116014
0.113693
0.112177
0.111187
0.11054
0.110119
0.109852
0.109698
0.109642
0.109687
0.109852
0.110176
0.110712
0.111535
0.112743
0.114458
0.116838
0.12008
0.124439
0.130262
0.138078
0.14888
0.165292
0.198563
0.360455
1.52802
0.86239
0.675944
0.545195
0.422998
0.321947
0.248683
0.199378
0.167171
0.146251
0.132604
0.123654
0.117762
0.113874
0.111307
0.109612
0.108491
0.10775
0.107261
0.106947
0.106763
0.106691
0.106732
0.106907
0.107252
0.107825
0.108701
0.10998
0.11179
0.114291
0.11769
0.122253
0.128346
0.136532
0.147865
0.165114
0.200018
0.368052
0.363845
0.250006
0.22567
0.210868
0.198574
0.187809
0.17845
0.170494
0.163923
0.158689
0.154719
0.151924
0.150208
0.149468
0.14959
0.150444
0.151884
0.153735
0.155792
0.157822
0.159568
0.160771
0.161196
0.160681
0.159184
0.156842
0.154004
0.151237
0.149276
0.1489
0.150803
0.155547
0.162103
0.168242
0.214861
0.323124
0.446707
0.53982
0.586676
0.588873
0.572023
0.573784
0.631998
0.800056
1.23856
1.70723
0.37371
0.252123
0.226089
0.210536
0.197754
0.186595
0.176878
0.168578
0.161672
0.156108
0.151809
0.148682
0.146622
0.145515
0.145235
0.145639
0.146567
0.147834
0.149227
0.150512
0.151441
0.151775
0.151311
0.14993
0.147641
0.144629
0.14128
0.138177
0.136026
0.135554
0.137431
0.141798
0.147501
0.166694
0.247465
0.344343
0.417656
0.462855
0.479005
0.470503
0.45701
0.468549
0.541964
0.740017
1.18262
1.80869
0.383462
0.253444
0.225493
0.209142
0.195928
0.184493
0.174571
0.166096
0.159027
0.153299
0.14883
0.145519
0.143255
0.141915
0.141364
0.141451
0.142007
0.142841
0.14374
0.144473
0.144803
0.144511
0.143423
0.141455
0.138652
0.135234
0.131611
0.128362
0.126169
0.125737
0.127659
0.131328
0.136919
0.193135
0.285482
0.348683
0.379662
0.392114
0.390128
0.37779
0.368341
0.383322
0.452374
0.625906
0.998438
1.62281
0.393304
0.254216
0.224166
0.206948
0.193306
0.18165
0.171606
0.163061
0.15594
0.150163
0.145636
0.142249
0.139882
0.138405
0.137677
0.137541
0.137823
0.138331
0.138852
0.139163
0.139041
0.138286
0.136751
0.134384
0.131262
0.127634
0.123927
0.120722
0.118699
0.118546
0.120469
0.123493
0.151402
0.241931
0.316238
0.342876
0.343658
0.335665
0.323855
0.311003
0.305073
0.320258
0.37764
0.511629
0.782785
1.23252
0.403316
0.254664
0.222408
0.204258
0.190166
0.178294
0.168163
0.159596
0.152485
0.146726
0.142208
0.138812
0.136408
0.134861
0.13402
0.133727
0.133805
0.13406
0.134286
0.134268
0.133798
0.132697
0.130844
0.128214
0.124918
0.121231
0.117599
0.11461
0.11297
0.113274
0.115107
0.120365
0.190635
0.289906
0.332946
0.331037
0.3126
0.293087
0.276787
0.264983
0.261851
0.276149
0.3218
0.420525
0.605333
0.893923
0.413483
0.254933
0.220443
0.201322
0.18675
0.174652
0.164435
0.155861
0.148782
0.143071
0.138598
0.13523
0.132829
0.13125
0.13034
0.129935
0.129856
0.129915
0.129908
0.129632
0.128895
0.127536
0.125461
0.122675
0.119317
0.11569
0.11226
0.109645
0.108553
0.109255
0.111061
0.143801
0.251252
0.327283
0.33849
0.316377
0.286628
0.261468
0.243822
0.233639
0.232598
0.245786
0.28202
0.354488
0.479936
0.662323
0.423751
0.255112
0.218415
0.198315
0.183247
0.170906
0.160592
0.152007
0.144963
0.139307
0.134891
0.131567
0.129187
0.127599
0.126645
0.126158
0.12596
0.125864
0.125674
0.125197
0.124256
0.122711
0.120493
0.117633
0.114301
0.110827
0.107701
0.105591
0.105119
0.106141
0.110323
0.192105
0.307193
0.349196
0.335661
0.300585
0.264962
0.237771
0.22044
0.211906
0.212299
0.224338
0.253405
0.307207
0.393643
0.510594
0.434056
0.255251
0.216413
0.195351
0.179785
0.167192
0.156769
0.148161
0.141144
0.135538
0.131176
0.127898
0.125546
0.123961
0.122979
0.122431
0.122141
0.121923
0.12159
0.120958
0.119866
0.118195
0.115896
0.113029
0.109793
0.106543
0.103804
0.102268
0.10236
0.103719
0.130283
0.258621
0.348379
0.35851
0.327314
0.284646
0.246703
0.219552
0.20329
0.19617
0.197411
0.208238
0.23176
0.272241
0.332915
0.409656
0.444331
0.255376
0.214481
0.192495
0.176447
0.1636
0.15306
0.144418
0.137417
0.13185
0.127536
0.124301
0.121976
0.120397
0.119397
0.118803
0.118441
0.118128
0.117684
0.116937
0.115739
0.113988
0.111661
0.108841
0.105754
0.102782
0.1005
0.0995549
0.100083
0.102339
0.18436
0.320632
0.373483
0.358474
0.315578
0.269125
0.231078
0.205054
0.19011
0.18409
0.185711
0.195261
0.214369
0.245179
0.288504
0.339865
0.454515
0.255498
0.212642
0.189782
0.173275
0.160185
0.149527
0.140845
0.133849
0.128312
0.124036
0.120837
0.118537
0.116965
0.115951
0.115323
0.114904
0.114519
0.113992
0.113161
0.111893
0.110102
0.107787
0.105055
0.102156
0.0995022
0.0977116
0.0973373
0.0983381
0.110643
0.252624
0.36739
0.385586
0.35216
0.302056
0.254369
0.217499
0.193096
0.17947
0.174259
0.175926
0.184183
0.199705
0.223346
0.254697
0.289525
0.464555
0.25562
0.210898
0.187222
0.170291
0.156974
0.146204
0.137479
0.130482
0.124968
0.120723
0.117553
0.115273
0.113708
0.112685
0.112029
0.111568
0.111127
0.110539
0.109652
0.108342
0.106544
0.104272
0.101659
0.0989782
0.0966732
0.0953721
0.0954408
0.0967515
0.160527
0.324878
0.398916
0.388571
0.341991
0.287854
0.240561
0.205539
0.182919
0.17051
0.165879
0.167384
0.174396
0.186983
0.205238
0.228164
0.251988
0.47441
0.25574
0.209246
0.184815
0.167498
0.153977
0.143105
0.134341
0.127341
0.121844
0.117624
0.114478
0.112216
0.110658
0.109627
0.108951
0.108457
0.107976
0.107346
0.106422
0.105095
0.103312
0.101109
0.098637
0.0961935
0.094267
0.0934382
0.0939094
0.0970826
0.225427
0.378402
0.415474
0.384347
0.329333
0.2736
0.227756
0.194898
0.174051
0.162731
0.15852
0.159761
0.165632
0.175832
0.190015
0.206945
0.223341
0.484044
0.255852
0.207674
0.182551
0.16489
0.15119
0.140231
0.131434
0.124433
0.118952
0.114754
0.111629
0.109382
0.107829
0.106794
0.106104
0.105586
0.105077
0.104419
0.103476
0.102149
0.100401
0.0982826
0.0959667
0.0937715
0.092224
0.0918339
0.0928349
0.108846
0.301095
0.417454
0.422044
0.37572
0.315533
0.259795
0.215982
0.18537
0.166207
0.155853
0.151962
0.152913
0.157787
0.166066
0.177169
0.189795
0.201121
0.493436
0.255951
0.206171
0.180418
0.162455
0.148603
0.137575
0.128754
0.121757
0.116292
0.112115
0.109009
0.106775
0.105229
0.104192
0.103491
0.102958
0.102429
0.101755
0.100806
0.0994946
0.0977949
0.0957753
0.093626
0.0916891
0.0905012
0.0904604
0.0918395
0.171803
0.375507
0.44543
0.422753
0.364803
0.301516
0.246732
0.205218
0.176811
0.15921
0.149721
0.146097
0.146779
0.150813
0.157567
0.16634
0.175857
0.183687
0.502579
0.256032
0.204722
0.178398
0.160176
0.146203
0.135123
0.126291
0.119303
0.113856
0.1097
0.106613
0.104393
0.102854
0.101817
0.101109
0.100566
0.100027
0.0993457
0.0984018
0.0971156
0.0954747
0.093563
0.0915882
0.0899235
0.0890811
0.0893606
0.0917241
0.248997
0.427319
0.459702
0.417493
0.352002
0.287565
0.234483
0.195406
0.16911
0.152951
0.144247
0.140865
0.141326
0.144677
0.150232
0.157241
0.164495
0.169884
0.511488
0.25609
0.20331
0.176474
0.158037
0.143972
0.132862
0.124031
0.117059
0.111634
0.1075
0.104431
0.102225
0.100693
0.0996573
0.0989474
0.0983987
0.0978552
0.0971756
0.0962449
0.0949925
0.0934178
0.091619
0.0898216
0.0884342
0.0879268
0.0886431
0.0970343
0.322471
0.461766
0.463772
0.408068
0.338196
0.274025
0.22311
0.186489
0.162186
0.147356
0.139375
0.13623
0.136527
0.139336
0.143954
0.149624
0.155211
0.15887
0.520209
0.256125
0.20192
0.174626
0.156017
0.141893
0.130775
0.121958
0.11501
0.109611
0.1055
0.10245
0.100257
0.0987325
0.0977
0.09699
0.0964401
0.0958978
0.095226
0.0943157
0.0931043
0.0916017
0.0899194
0.0882993
0.087171
0.0869674
0.0883757
0.130928
0.402182
0.490467
0.464653
0.397518
0.324536
0.261242
0.21265
0.178413
0.155973
0.14237
0.135064
0.132159
0.132348
0.134735
0.138623
0.143267
0.147609
0.15002
0.528845
0.256145
0.200531
0.172833
0.154098
0.139949
0.128845
0.120058
0.113142
0.107773
0.103686
0.100654
0.0984737
0.0969568
0.0959277
0.095219
0.0946711
0.0941342
0.0934758
0.0925922
0.0914283
0.090004
0.0884427
0.0870032
0.0861128
0.086122
0.087544
0.244043
0.470773
0.511816
0.462487
0.386031
0.311096
0.249193
0.203031
0.1711
0.150408
0.137947
0.131277
0.128619
0.128747
0.13081
0.134126
0.137972
0.141366
0.142853
0.53758
0.25616
0.199122
0.171072
0.15226
0.138121
0.127056
0.118313
0.111439
0.106103
0.102043
0.0990289
0.0968594
0.0953484
0.0943219
0.093615
0.0930707
0.0925427
0.0919022
0.0910507
0.0899401
0.0885994
0.0871642
0.0859149
0.0852617
0.0855412
0.0883547
0.319494
0.509357
0.518516
0.454069
0.372472
0.297505
0.237727
0.194159
0.164478
0.145437
0.134047
0.127981
0.125573
0.125679
0.12749
0.13035
0.133566
0.136218
0.137004
0.546736
0.25618
0.197669
0.169322
0.150483
0.136393
0.125393
0.116711
0.109887
0.10459
0.100556
0.0975583
0.0953975
0.0938897
0.0928637
0.0921574
0.0916172
0.0911002
0.0904816
0.0896671
0.0886148
0.0873618
0.0860556
0.0850014
0.0845899
0.0852539
0.0929457
0.38556
0.530497
0.51483
0.441216
0.357643
0.284057
0.226898
0.185999
0.1585
0.141019
0.130635
0.125141
0.122983
0.123092
0.124705
0.127194
0.129895
0.131951
0.132186
0.556828
0.2562
0.196155
0.167566
0.148753
0.13475
0.123843
0.115239
0.108475
0.10322
0.099212
0.0962291
0.0940732
0.0925642
0.0915345
0.0908257
0.0902883
0.0897833
0.0891898
0.0884177
0.0874294
0.0862686
0.0850925
0.0842238
0.0840559
0.085398
0.117574
0.46258
0.553064
0.51187
0.428912
0.343447
0.271353
0.216841
0.17855
0.153131
0.137119
0.127679
0.122726
0.12081
0.120935
0.122385
0.124561
0.126829
0.128389
0.128175
0.568655
0.2562
0.194582
0.165799
0.147059
0.133182
0.122393
0.113886
0.107191
0.101982
0.0980017
0.0950299
0.0928736
0.0913571
0.0903172
0.0896004
0.0890621
0.0885683
0.0880025
0.0872786
0.0863626
0.0853019
0.0842592
0.083558
0.0835838
0.0854689
0.230211
0.544086
0.579471
0.511721
0.418026
0.33011
0.259372
0.207516
0.171787
0.148359
0.133722
0.125158
0.120707
0.119016
0.11916
0.120467
0.122365
0.124255
0.125388
0.124796
0.583445
0.256249
0.193008
0.164033
0.145398
0.131679
0.121036
0.112642
0.106029
0.100871
0.096917
0.0939524
0.091789
0.0902565
0.0891974
0.0884642
0.0879184
0.0874325
0.0868956
0.0862261
0.0853928
0.0844448
0.0835469
0.083009
0.0831821
0.0851182
0.36638
0.59692
0.593216
0.505944
0.404633
0.316018
0.247669
0.198781
0.165645
0.14415
0.130823
0.123069
0.119066
0.11757
0.117722
0.11889
0.120533
0.122079
0.122831
0.12191
0.603217
0.256917
0.191597
0.162304
0.143771
0.130236
0.119763
0.111502
0.104982
0.0998814
0.0959541
0.0929923
0.090814
0.0892552
0.0881654
0.0874043
0.0868415
0.0863572
0.0858478
0.0852378
0.0844989
0.0836798
0.0829467
0.0825914
0.0830107
0.0868836
0.42889
0.612924
0.584565
0.488142
0.386025
0.30033
0.235814
0.190436
0.160028
0.14045
0.128372
0.121374
0.117777
0.116442
0.116579
0.117602
0.118997
0.120222
0.120624
0.119407
0.630525
0.259061
0.190444
0.160645
0.142179
0.128845
0.118566
0.11046
0.104047
0.0990119
0.0951131
0.0921504
0.0899493
0.0883532
0.0872197
0.0864174
0.0858252
0.085333
0.084847
0.0842993
0.0836656
0.0829924
0.0824443
0.0822995
0.0830674
0.0919065
0.474075
0.607597
0.559854
0.461445
0.363611
0.283439
0.223953
0.182523
0.154936
0.137242
0.12635
0.120047
0.116807
0.115596
0.115693
0.116555
0.117701
0.118615
0.118689
0.117203
0.663628
0.261887
0.189116
0.158857
0.140585
0.127488
0.117436
0.10951
0.103224
0.0982643
0.0943984
0.0914335
0.0892034
0.0875605
0.0863713
0.0855146
0.0848799
0.0843689
0.0838994
0.0834137
0.0828934
0.082382
0.0820338
0.082135
0.0835326
0.114007
0.530555
0.601889
0.533025
0.433443
0.340718
0.266755
0.212644
0.175246
0.150434
0.134536
0.124744
0.119064
0.116126
0.114998
0.115025
0.115707
0.116594
0.117202
0.116964
0.11523
0.702961
0.264049
0.187072
0.156708
0.138817
0.126109
0.116346
0.108635
0.102501
0.0976352
0.0938123
0.0908495
0.08859
0.0868961
0.0856446
0.0847249
0.0840383
0.0834993
0.0830391
0.0826129
0.0822112
0.0818741
0.0817306
0.0820794
0.084346
0.22289
0.607835
0.605359
0.511909
0.408496
0.319651
0.251377
0.202366
0.168791
0.146583
0.132343
0.123543
0.118403
0.115706
0.114614
0.114539
0.115019
0.115635
0.115937
0.115399
0.113434
0.771964
0.265475
0.18375
0.154075
0.136856
0.12465
0.115273
0.107819
0.101861
0.0971102
0.093348
0.0904007
0.088122
0.0863848
0.0850769
0.0840986
0.0833632
0.082798
0.082347
0.0819786
0.0816953
0.0815368
0.0815979
0.0821404
0.0842019
0.432292
0.654863
0.599675
0.489588
0.384623
0.300117
0.237418
0.19324
0.163228
0.143407
0.130663
0.122734
0.118046
0.115521
0.114417
0.114202
0.114456
0.114788
0.114779
0.113949
0.111776
0.885463
0.271786
0.176962
0.151176
0.13488
0.123201
0.114229
0.107083
0.101327
0.0967069
0.0930231
0.0901109
0.0878338
0.0860754
0.084734
0.0837196
0.0829554
0.0823786
0.0819421
0.0816245
0.0814402
0.0814485
0.0817576
0.0829467
0.0881347
0.484318
0.628071
0.561271
0.454944
0.357412
0.280591
0.224414
0.185148
0.158528
0.140899
0.129486
0.122302
0.117971
0.115548
0.114377
0.113984
0.113986
0.11402
0.113698
0.112583
0.110217
0.871812
0.311638
0.197649
0.15295
0.134659
0.122331
0.113448
0.10652
0.100948
0.0964535
0.0928593
0.0900028
0.0877518
0.0859985
0.0846516
0.083629
0.0828614
0.0822945
0.0818874
0.0816251
0.0815343
0.0817134
0.0823671
0.0865447
0.117409
0.490649
0.552873
0.495436
0.40842
0.326424
0.260711
0.212181
0.178008
0.154658
0.139041
0.128797
0.122231
0.118158
0.115761
0.114468
0.113857
0.11358
0.113303
0.112667
0.111276
0.108734
0.856519
0.336336
0.216048
0.168816
0.143222
0.126342
0.114195
0.106775
0.101082
0.0965441
0.0929361
0.090082
0.0878437
0.0861161
0.0848125
0.0838655
0.083229
0.0828743
0.0828342
0.0831995
0.0842376
0.0855509
0.0852496
0.10818
0.306771
0.464089
0.47645
0.428441
0.360922
0.295609
0.241765
0.201092
0.171912
0.151629
0.137822
0.128578
0.122496
0.118579
0.116132
0.114661
0.113792
0.113211
0.112611
0.111662
0.110008
0.107306
0.836034
0.343933
0.225144
0.176348
0.15043
0.133608
0.121737
0.113144
0.106745
0.102069
0.0989715
0.0972993
0.096825
0.0976454
0.0997932
0.103696
0.109645
0.117182
0.12721
0.140189
0.157191
0.180301
0.214749
0.277791
0.380813
0.434549
0.42033
0.375688
0.321127
0.269016
0.225408
0.191751
0.167053
0.149486
0.137234
0.128803
0.123064
0.1192
0.116626
0.114921
0.113758
0.112851
0.11192
0.110662
0.108759
0.105918
0.821243
0.336641
0.226061
0.178338
0.152907
0.137039
0.126045
0.118082
0.11245
0.10893
0.107373
0.107658
0.109697
0.113535
0.11929
0.127236
0.137677
0.150883
0.167659
0.188937
0.216252
0.251865
0.298209
0.353035
0.399509
0.408043
0.380691
0.337642
0.291182
0.248376
0.212598
0.184586
0.163581
0.148255
0.137254
0.129429
0.123889
0.119972
0.117199
0.11521
0.11372
0.112471
0.111207
0.109649
0.107515
0.104557
0.816269
0.323894
0.221359
0.177136
0.153208
0.13849
0.128672
0.121988
0.117759
0.115733
0.115802
0.117925
0.122119
0.128466
0.137109
0.148267
0.162236
0.179435
0.200523
0.226322
0.257751
0.29514
0.336254
0.373084
0.391625
0.381875
0.350284
0.310056
0.269625
0.233473
0.203431
0.179676
0.161508
0.147899
0.13782
0.130386
0.124901
0.120835
0.117796
0.115481
0.113641
0.112042
0.110448
0.108606
0.106263
0.103212
0.822918
0.313103
0.215452
0.174588
0.152523
0.139207
0.130725
0.125398
0.122541
0.121897
0.123389
0.127036
0.132912
0.14113
0.151836
0.165217
0.181506
0.201002
0.224069
0.251001
0.281682
0.314727
0.346075
0.36816
0.372437
0.356136
0.325453
0.289451
0.254302
0.223247
0.197429
0.176787
0.160683
0.148293
0.138818
0.131573
0.126011
0.121712
0.118355
0.115685
0.113482
0.111534
0.109623
0.107517
0.104993
0.101875
0.839331
0.308267
0.211542
0.172445
0.151699
0.139538
0.132237
0.128137
0.12651
0.127075
0.12977
0.134639
0.141776
0.151302
0.163342
0.178025
0.195466
0.215754
0.238882
0.264565
0.291877
0.318622
0.340763
0.352787
0.350082
0.332525
0.304979
0.273744
0.243397
0.216468
0.193851
0.175473
0.160815
0.149227
0.140085
0.132855
0.127109
0.122515
0.118807
0.115769
0.113205
0.11092
0.108713
0.106371
0.103695
0.100541
0.858319
0.30774
0.210173
0.171621
0.151464
0.139957
0.133429
0.13021
0.129523
0.131043
0.134681
0.140468
0.148489
0.15884
0.171606
0.186828
0.204485
0.224444
0.24637
0.269559
0.292667
0.313407
0.328489
0.3343
0.328557
0.311994
0.28821
0.261582
0.2355
0.211999
0.191886
0.175181
0.161523
0.150424
0.141411
0.134072
0.128073
0.123148
0.11908
0.11568
0.112772
0.110176
0.107703
0.105159
0.102368
0.0992064
0.87295
0.3089
0.21041
0.171965
0.151972
0.140694
0.134527
0.131805
0.131711
0.133869
0.138145
0.144531
0.153076
0.163833
0.176825
0.192002
0.20921
0.228133
0.248212
0.268521
0.287624
0.303497
0.313698
0.315984
0.309311
0.294596
0.274443
0.251905
0.229498
0.208864
0.190766
0.17534
0.162388
0.151579
0.14257
0.135054
0.128775
0.123519
0.119107
0.115372
0.112153
0.109283
0.106584
0.103878
0.101008
0.0978711
0.881773
0.310314
0.211448
0.173075
0.153078
0.141778
0.135666
0.13311
0.133277
0.135752
0.140351
0.147019
0.155754
0.166555
0.179377
0.194086
0.21042
0.227941
0.245968
0.263513
0.279237
0.291489
0.298532
0.299002
0.292479
0.27981
0.262866
0.243799
0.224484
0.206253
0.189821
0.175425
0.163012
0.152393
0.143341
0.13564
0.129097
0.123544
0.11883
0.114808
0.111326
0.108229
0.105351
0.102528
0.0996184
0.0965377
0.884888
0.311221
0.212656
0.174505
0.154503
0.143081
0.136841
0.134214
0.134375
0.136885
0.141521
0.148181
0.15681
0.167353
0.179701
0.193651
0.208869
0.224848
0.240872
0.25599
0.269037
0.278714
0.283804
0.283475
0.277597
0.266873
0.252651
0.236462
0.219723
0.203515
0.188503
0.174995
0.163053
0.152607
0.143533
0.135691
0.128943
0.123159
0.118209
0.113962
0.110279
0.107012
0.104008
0.101114
0.0982055
0.095211
0.88286
0.311281
0.21362
0.175883
0.155952
0.1444
0.137952
0.135108
0.135072
0.137398
0.141836
0.148243
0.156521
0.166564
0.178211
0.191214
0.205194
0.219624
0.233804
0.246873
0.257848
0.265725
0.26964
0.26907
0.264009
0.255009
0.243047
0.229231
0.21464
0.200162
0.186406
0.173719
0.162252
0.152029
0.143007
0.135111
0.128249
0.122322
0.11722
0.112827
0.109012
0.105638
0.102562
0.0996463
0.0967782
0.0938978
0.876438
0.31041
0.214113
0.176949
0.15718
0.145539
0.138864
0.135729
0.135375
0.137362
0.141423
0.147388
0.155122
0.16448
0.175267
0.187203
0.199897
0.212829
0.225349
0.236698
0.246064
0.252663
0.255866
0.25533
0.251086
0.243556
0.233452
0.221609
0.208835
0.195871
0.18327
0.171396
0.160457
0.150547
0.141687
0.133851
0.126988
0.121023
0.115866
0.11141
0.107538
0.104122
0.101031
0.0981391
0.0953481
0.0926065
0.8664
0.30866
0.21405
0.177562
0.158027
0.146345
0.139456
0.136003
0.135263
0.13681
0.14037
0.145755
0.152803
0.161344
0.171162
0.181964
0.193363
0.204868
0.215892
0.225778
0.233855
0.239503
0.242251
0.241853
0.238346
0.232046
0.223481
0.213291
0.202087
0.190485
0.178985
0.16795
0.157621
0.148136
0.139564
0.131918
0.125175
0.119283
0.114168
0.109736
0.105882
0.102487
0.0994336
0.0966099
0.0939285
0.0913466
0.853472
0.306154
0.213431
0.177669
0.158408
0.146725
0.139646
0.135872
0.134715
0.135763
0.138744
0.143457
0.149726
0.157365
0.166147
0.175782
0.1859
0.19605
0.205711
0.214319
0.221317
0.226209
0.228626
0.228381
0.225503
0.220225
0.212948
0.204165
0.194345
0.184001
0.173579
0.163426
0.153795
0.144852
0.136694
0.129363
0.122859
0.117148
0.11217
0.107845
0.104077
0.100762
0.0977955
0.095078
0.0925339
0.0901277
0.838325
0.303036
0.212313
0.177282
0.158308
0.146646
0.139398
0.135311
0.133729
0.134252
0.136611
0.140601
0.146038
0.152728
0.160446
0.16891
0.177777
0.18664
0.195043
0.202505
0.208561
0.212807
0.214945
0.214827
0.212465
0.208038
0.201848
0.194285
0.185711
0.176551
0.167195
0.157967
0.149115
0.140817
0.133187
0.126284
0.120125
0.11469
0.109932
0.105785
0.102165
0.098982
0.0961433
0.0935637
0.0911788
0.0889593
0.82157
0.299457
0.210781
0.176457
0.157758
0.146122
0.13872
0.134335
0.132332
0.132326
0.134051
0.137299
0.141885
0.147615
0.154269
0.161583
0.169243
0.176889
0.184124
0.190539
0.195745
0.199409
0.201286
0.201252
0.199309
0.19559
0.190328
0.183831
0.1764
0.168364
0.160062
0.151787
0.143775
0.136202
0.129189
0.122803
0.117073
0.111992
0.107523
0.103613
0.100192
0.0971816
0.0945041
0.0920871
0.0898768
0.0878499
0.803742
0.295561
0.208933
0.175272
0.156821
0.145207
0.137659
0.13299
0.130581
0.130057
0.131156
0.13367
0.137416
0.142204
0.147823
0.15403
0.160543
0.167046
0.173197
0.178649
0.183076
0.186202
0.187823
0.187833
0.186227
0.183103
0.17864
0.173082
0.166701
0.159728
0.152455
0.145142
0.138003
0.131206
0.124867
0.11906
0.11382
0.109147
0.105017
0.101388
0.0982023
0.0953959
0.0929038
0.0906663
0.0886399
0.0868069
0.785304
0.29147
0.20686
0.173813
0.155578
0.143973
0.136284
0.131345
0.128551
0.127532
0.128029
0.129839
0.132779
0.136666
0.141303
0.146468
0.15191
0.157353
0.162506
0.167075
0.170789
0.173415
0.174786
0.174808
0.173474
0.170853
0.167089
0.162373
0.156935
0.150953
0.144667
0.138297
0.132033
0.126028
0.120391
0.115196
0.110478
0.106247
0.102487
0.0991662
0.09624
0.0936573
0.0913655
0.0893172
0.0874781
0.0858357
0.766657
0.287287
0.204648
0.172165
0.154112
0.142503
0.134675
0.129482
0.126327
0.124844
0.124779
0.125929
0.128116
0.131164
0.134891
0.139094
0.143555
0.148032
0.152279
0.156048
0.159113
0.161281
0.162412
0.162426
0.161312
0.159121
0.155964
0.151994
0.147394
0.14233
0.136968
0.131498
0.126083
0.120857
0.115919
0.111339
0.107153
0.103375
0.0999975
0.0969978
0.0943428
0.0919932
0.0899086
0.0880523
0.0863987
0.08494
0.74812
0.283101
0.20237
0.170405
0.152505
0.140878
0.132914
0.127484
0.123995
0.122088
0.121506
0.122052
0.123551
0.125837
0.128739
0.132076
0.135654
0.139268
0.142705
0.145761
0.148247
0.150003
0.150912
0.150906
0.149972
0.148148
0.145519
0.142205
0.13835
0.134108
0.129593
0.124957
0.120339
0.115852
0.111586
0.107601
0.103935
0.100603
0.0976043
0.0949251
0.0925417
0.0904259
0.0885478
0.0868806
0.0854065
0.0841216
0.729901
0.27898
0.200091
0.168602
0.15083
0.139175
0.131079
0.125429
0.121638
0.119346
0.118301
0.118306
0.119191
0.120798
0.122969
0.125541
0.128343
0.131198
0.133928
0.13636
0.138338
0.139731
0.140442
0.140412
0.139628
0.138116
0.135942
0.133199
0.130001
0.126474
0.122716
0.118834
0.114943
0.111139
0.107496
0.104069
0.100893
0.0979856
0.0953504
0.0929801
0.09086
0.0889712
0.0872931
0.0858076
0.0845034
0.0833802
0.712137
0.274974
0.197859
0.166811
0.149145
0.137456
0.129235
0.123383
0.11932
0.116687
0.115233
0.114763
0.115112
0.116128
0.117665
0.119575
0.121707
0.12391
0.126032
0.12793
0.129474
0.130555
0.131094
0.13104
0.130381
0.129134
0.127348
0.125096
0.122465
0.119553
0.116456
0.11324
0.109995
0.106802
0.103722
0.100803
0.0980775
0.0955625
0.0932654
0.0911848
0.089313
0.0876388
0.0861499
0.0848352
0.0836891
0.082714
0.694956
0.271117
0.195707
0.16507
0.147496
0.135768
0.12743
0.121398
0.117095
0.114164
0.112356
0.111477
0.111366
0.111877
0.112873
0.114221
0.115788
0.117441
0.119052
0.120501
0.121681
0.122501
0.122895
0.122822
0.122267
0.121242
0.119784
0.117947
0.115799
0.113416
0.110875
0.108232
0.10555
0.102891
0.100308
0.0978407
0.0955176
0.0933565
0.0913669
0.0895516
0.0879086
0.0864331
0.0851193
0.0839623
0.082961
0.0821199
0.678484
0.267431
0.193653
0.163403
0.145911
0.134146
0.1257
0.119508
0.114998
0.111812
0.109702
0.108477
0.107977
0.108065
0.10861
0.10949
0.110586
0.111784
0.112973
0.114053
0.114934
0.11554
0.115816
0.115728
0.11526
0.114421
0.113237
0.111747
0.110003
0.108063
0.105986
0.103828
0.101624
0.0994236
0.0972696
0.0951952
0.0932253
0.091377
0.0896614
0.0880843
0.0866482
0.0853533
0.0841991
0.0831855
0.0823148
0.0815936
0.662807
0.263932
0.191712
0.161828
0.144411
0.132611
0.124072
0.117741
0.113052
0.10965
0.107287
0.105773
0.104952
0.104689
0.104863
0.10536
0.106073
0.1069
0.107748
0.108529
0.109169
0.109603
0.109786
0.109687
0.109293
0.108608
0.107648
0.106444
0.105034
0.103462
0.101773
0.100011
0.0982066
0.0963926
0.0946026
0.092864
0.0911984
0.0896221
0.0881466
0.08678
0.0855281
0.084395
0.0833842
0.0824992
0.0817453
0.08113
0.647938
0.260629
0.189895
0.160357
0.143012
0.131182
0.12256
0.11611
0.111271
0.107688
0.105115
0.103362
0.102278
0.10173
0.101603
0.10179
0.102195
0.102727
0.103302
0.103846
0.104295
0.104594
0.104705
0.104601
0.104268
0.103708
0.102932
0.101961
0.100823
0.0995516
0.0981799
0.0967414
0.0952665
0.093773
0.0922871
0.0908315
0.0894247
0.0880814
0.0868136
0.0856308
0.084541
0.0835511
0.0826676
0.0818968
0.081246
0.0807235
0.633858
0.257524
0.188206
0.158999
0.141723
0.129868
0.121174
0.114623
0.109656
0.105923
0.103177
0.101231
0.0999326
0.0991553
0.0987873
0.098729
0.0988901
0.0991882
0.0995493
0.099908
0.100208
0.100404
0.10046
0.100354
0.100073
0.0996143
0.0989863
0.0982034
0.0972858
0.0962574
0.0951435
0.0939694
0.0927589
0.0915284
0.090294
0.0890742
0.0878848
0.0867394
0.0856494
0.0846254
0.0836768
0.0828124
0.082041
0.0813708
0.0808104
0.0803687
0.620551
0.254613
0.186646
0.157755
0.140545
0.12867
0.119915
0.113277
0.108204
0.104347
0.10146
0.0993563
0.097887
0.096927
0.0963686
0.0961168
0.0960868
0.0962031
0.0963983
0.096614
0.0968005
0.0969175
0.0969341
0.0968291
0.0965906
0.096215
0.095706
0.0950737
0.0943322
0.0934989
0.0925924
0.0916316
0.0906344
0.0896171
0.0885888
0.087564
0.086556
0.0855771
0.0846384
0.0837506
0.0829241
0.0821692
0.0814957
0.0809134
0.0804318
0.0800597
0.608024
0.251893
0.185211
0.156622
0.139478
0.127586
0.118779
0.112068
0.106906
0.102946
0.0999443
0.0977146
0.0961091
0.0950049
0.0942972
0.0938946
0.0937167
0.0936929
0.0937611
0.0938679
0.0939687
0.0940271
0.0940153
0.093914
0.0937112
0.0934023
0.0929885
0.0924761
0.0918749
0.0911972
0.0904568
0.0896674
0.0888429
0.0879959
0.0871358
0.0862713
0.085414
0.0845746
0.0837639
0.0829925
0.0822713
0.0816111
0.0810228
0.080517
0.0801036
0.0797914
0.596275
0.249359
0.183895
0.155595
0.138515
0.126611
0.117759
0.110985
0.105749
0.101706
0.098611
0.0962804
0.0945672
0.09335
0.0925261
0.0920069
0.0917154
0.0915846
0.0915564
0.0915813
0.0916181
0.0916336
0.0916024
0.0915061
0.0913333
0.0910783
0.0907404
0.0903233
0.0898335
0.0892796
0.0886716
0.0880196
0.087334
0.0866246
0.0859006
0.0851676
0.0844349
0.0837123
0.0830097
0.0823375
0.0817066
0.0811282
0.0806138
0.0801742
0.0798196
0.0795585
0.585288
0.247004
0.182693
0.154668
0.137651
0.125738
0.116848
0.110021
0.104723
0.100611
0.0974408
0.0950299
0.0932318
0.0919263
0.0910124
0.0904036
0.0900254
0.0898134
0.0897126
0.0896762
0.0896659
0.0896505
0.0896064
0.0895162
0.0893685
0.089157
0.0888799
0.0885385
0.0881371
0.0876816
0.0871791
0.0866371
0.0860634
0.0854656
0.0848511
0.0842261
0.0835968
0.0829717
0.0823603
0.0817725
0.081219
0.0807113
0.0802607
0.0798783
0.0795743
0.0793568
0.575033
0.244823
0.181599
0.153835
0.136878
0.124959
0.116036
0.109165
0.103815
0.0996461
0.096416
0.0939412
0.0920762
0.090702
0.0897187
0.0890412
0.088597
0.0883237
0.0881684
0.0880866
0.0880417
0.0880045
0.0879523
0.0878686
0.087742
0.0875659
0.0873373
0.0870562
0.0867251
0.0863479
0.0859297
0.0854759
0.0849925
0.0844852
0.0839602
0.0834234
0.0828796
0.0823362
0.0818018
0.0812858
0.0807988
0.0803518
0.0799563
0.0796233
0.0793626
0.079182
0.565484
0.242804
0.180606
0.15309
0.136192
0.124269
0.115318
0.108408
0.103015
0.0987993
0.0955203
0.0929946
0.0910772
0.0896496
0.0886126
0.0878826
0.0873882
0.0870687
0.0868727
0.0867573
0.0866875
0.086635
0.0865782
0.0865011
0.0863923
0.0862449
0.0860553
0.0858224
0.0855473
0.0852326
0.0848819
0.084499
0.0840885
0.0836551
0.0832034
0.0827386
0.082266
0.0817911
0.0813218
0.0808672
0.0804371
0.0800425
0.0796945
0.0794038
0.0791802
0.0790306
0.55662
0.240938
0.179707
0.152426
0.135585
0.12366
0.114684
0.107741
0.102312
0.098058
0.0947395
0.0921733
0.0902147
0.0887456
0.0876674
0.0868973
0.0863649
0.0860106
0.0857843
0.0856442
0.0855563
0.0854933
0.0854343
0.0853634
0.0852697
0.0851458
0.0849875
0.0847932
0.084563
0.0842984
0.0840018
0.0836762
0.0833249
0.0829516
0.0825602
0.0821552
0.0817416
0.0813242
0.08091
0.0805075
0.0801263
0.0797767
0.0794696
0.0792154
0.0790232
0.0788998
0.548397
0.239214
0.178894
0.151839
0.135052
0.123125
0.114128
0.107156
0.101696
0.097411
0.0940607
0.0914627
0.089472
0.0879708
0.0868611
0.0860606
0.0854995
0.0851192
0.0848703
0.0847121
0.0846112
0.0845411
0.0844813
0.0844164
0.0843352
0.0842304
0.0840975
0.0839342
0.0837399
0.0835155
0.0832625
0.0829831
0.08268
0.0823559
0.0820143
0.0816588
0.081294
0.080925
0.0805576
0.0801996
0.0798602
0.0795492
0.0792772
0.0790541
0.0788886
0.0787869
0.540748
0.237623
0.178165
0.151323
0.134587
0.122658
0.113642
0.106645
0.101159
0.0968485
0.0934733
0.0908506
0.0888356
0.0873103
0.0861769
0.0853535
0.084771
0.0843713
0.0841057
0.0839342
0.083824
0.0837492
0.0836895
0.0836298
0.083559
0.0834698
0.0833572
0.0832187
0.0830532
0.0828611
0.0826432
0.0824012
0.0821372
0.0818534
0.0815527
0.0812384
0.0809145
0.0805858
0.0802577
0.0799375
0.0796337
0.0793558
0.0791136
0.0789169
0.0787739
0.07869
0.533615
0.236167
0.177519
0.150875
0.134183
0.122252
0.113217
0.106199
0.100692
0.096362
0.0929683
0.0903277
0.0882952
0.0867526
0.0856021
0.0847622
0.0841641
0.0837501
0.0834723
0.083291
0.0831741
0.0830959
0.0830367
0.0829814
0.0829191
0.0828423
0.0827459
0.0826271
0.0824847
0.0823183
0.0821286
0.0819167
0.0816844
0.0814334
0.0811662
0.0808858
0.0805957
0.0803004
0.0800054
0.079717
0.0794433
0.0791933
0.0789763
0.0788017
0.0786771
0.0786077
0.527016
0.234863
0.176963
0.150492
0.133835
0.121897
0.112846
0.105811
0.100288
0.0959446
0.092539
0.0898874
0.0878439
0.0862902
0.0851286
0.0842774
0.0836684
0.0832443
0.0829576
0.0827692
0.0826473
0.0825667
0.0825079
0.082456
0.0824003
0.0823331
0.0822494
0.0821461
0.0820217
0.0818757
0.0817083
0.0815205
0.0813134
0.0810888
0.0808488
0.0805959
0.0803335
0.0800657
0.0797978
0.0795356
0.0792868
0.0790598
0.0788636
0.0787069
0.0785971
0.0785389
0.521118
0.233759
0.176508
0.150174
0.133536
0.121587
0.11252
0.105472
0.0999409
0.0955913
0.0921813
0.0895257
0.087478
0.0859193
0.0847519
0.0838943
0.0832785
0.0828476
0.0825547
0.082361
0.0822352
0.0821526
0.0820939
0.0820444
0.0819934
0.0819334
0.0818592
0.0817677
0.0816572
0.0815268
0.0813768
0.0812076
0.0810204
0.0808165
0.0805978
0.0803667
0.0801263
0.0798803
0.0796338
0.0793925
0.0791635
0.0789548
0.0787749
0.0786321
0.0785334
0.0784832
0.516278
0.232934
0.176175
0.149921
0.133279
0.121313
0.112233
0.105178
0.099646
0.0952991
0.0918933
0.0892417
0.087197
0.0856396
0.0844718
0.0836123
0.0829933
0.0825586
0.0822615
0.082064
0.0819351
0.0818506
0.0817913
0.0817429
0.081695
0.0816398
0.0815724
0.0814894
0.0813889
0.0812701
0.0811329
0.0809777
0.0808053
0.080617
0.0804143
0.0801996
0.0799755
0.0797458
0.0795152
0.0792893
0.0790747
0.0788792
0.0787109
0.0785777
0.0784863
0.0784407
0.513032
0.232511
0.176008
0.149747
0.133067
0.121072
0.111979
0.104925
0.0994014
0.0950676
0.0916759
0.0890375
0.0870036
0.0854544
0.0842918
0.0834348
0.0828162
0.0823803
0.0820809
0.0818806
0.0817491
0.0816624
0.0816019
0.0815535
0.0815068
0.0814543
0.081391
0.0813135
0.0812198
0.0811089
0.0809806
0.080835
0.0806728
0.0804951
0.0803033
0.0800994
0.0798861
0.0796669
0.0794463
0.0792297
0.0790238
0.0788359
0.0786739
0.0785454
0.0784568
0.0784121
0.512057
0.232664
0.176076
0.149683
0.132911
0.120867
0.111759
0.104712
0.0992077
0.0948987
0.0915326
0.0889178
0.0869039
0.0853703
0.084219
0.0833694
0.0827548
0.0823202
0.0820203
0.0818182
0.0816844
0.0815953
0.0815328
0.0814831
0.081436
0.0813841
0.0813225
0.0812477
0.0811577
0.0810514
0.0809282
0.0807882
0.0806319
0.0804601
0.080274
0.0800755
0.0798671
0.0796521
0.0794349
0.079221
0.0790169
0.0788299
0.0786678
0.0785381
0.0784472
0.0783988
0.514165
0.233651
0.176502
0.149785
0.132835
0.120707
0.111575
0.10454
0.0990669
0.0947963
0.0914694
0.0888904
0.0869068
0.0853975
0.0842644
0.0834274
0.0828207
0.0823902
0.0820916
0.0818888
0.0817529
0.0816611
0.0815959
0.0815437
0.0814946
0.0814415
0.0813794
0.0813049
0.0812158
0.0811109
0.0809896
0.0808515
0.0806969
0.0805265
0.080341
0.0801422
0.0799323
0.0797145
0.0794932
0.0792739
0.0790633
0.0788689
0.0786987
0.0785605
0.0784607
0.0784029
0.520356
0.235853
0.17747
0.150144
0.132879
0.120607
0.111433
0.104412
0.0989817
0.0947655
0.0914937
0.088965
0.0870242
0.0855492
0.0844422
0.083624
0.0830297
0.0826065
0.0823111
0.0821087
0.0819712
0.0818767
0.081808
0.0817523
0.0816999
0.0816439
0.0815794
0.081503
0.0814124
0.0813063
0.0811838
0.0810443
0.0808877
0.0807142
0.0805244
0.0803194
0.0801011
0.0798727
0.0796384
0.0794039
0.0791763
0.078964
0.0787754
0.078619
0.0785016
0.0784272
0.53201
0.239841
0.179256
0.150882
0.13309
0.12058
0.111331
0.104325
0.0989528
0.0948105
0.0916137
0.089153
0.08727
0.0858414
0.0847701
0.0839778
0.0834012
0.082989
0.0826994
0.0824989
0.0823606
0.0822633
0.0821909
0.0821309
0.0820741
0.0820138
0.0819453
0.0818652
0.0817712
0.0816617
0.0815355
0.0813918
0.08123
0.0810496
0.0808507
0.0806336
0.0803999
0.080152
0.0798941
0.0796324
0.0793746
0.0791302
0.0789094
0.0787219
0.0785755
0.0784751
0.5512
0.246458
0.18222
0.152136
0.133504
0.120623
0.111259
0.10427
0.0989755
0.0949333
0.0918368
0.0894666
0.0876598
0.0862925
0.0852682
0.0845104
0.0839579
0.0835612
0.0832805
0.0830839
0.0829458
0.0828464
0.0827702
0.0827055
0.0826436
0.0825782
0.0825046
0.0824196
0.0823208
0.0822064
0.0820749
0.0819251
0.0817556
0.0815654
0.0813534
0.081119
0.0808625
0.0805857
0.0802921
0.0799882
0.0796829
0.0793879
0.0791163
0.0788801
0.0786894
0.0785503
0.581174
0.256889
0.18678
0.154008
0.134108
0.120694
0.111176
0.104219
0.0990368
0.0951317
0.0921697
0.0899186
0.088211
0.0869229
0.0859592
0.0852462
0.0847252
0.0843495
0.0840815
0.0838913
0.0837552
0.0836546
0.0835751
0.083506
0.0834389
0.0833681
0.0832891
0.0831987
0.0830945
0.0829746
0.0828372
0.0826805
0.0825025
0.0823009
0.0820734
0.0818177
0.0815323
0.081217
0.0808743
0.0805102
0.0801353
0.0797646
0.079416
0.0791068
0.078851
0.0786566
0.627169
0.272691
0.193287
0.156462
0.134779
0.12068
0.111003
0.104125
0.0991135
0.0954002
0.0926182
0.0905224
0.0889421
0.0877544
0.0868675
0.0862111
0.0857304
0.0853819
0.0851313
0.0849509
0.0848191
0.084719
0.0846376
0.0845648
0.0844932
0.0844175
0.0843336
0.0842383
0.0841294
0.0840048
0.0838623
0.0836997
0.083514
0.0833018
0.083059
0.0827808
0.0824627
0.0821013
0.0816959
0.0812511
0.0807785
0.0802979
0.0798354
0.0794186
0.0790688
0.0787972
0.698271
0.29572
0.201759
0.159139
0.13519
0.120359
0.110609
0.103918
0.0991752
0.0957316
0.0931893
0.0912935
0.0898738
0.0888109
0.0880187
0.0874322
0.0870015
0.0866876
0.0864597
0.0862931
0.0861688
0.0860717
0.0859903
0.0859157
0.0858413
0.0857623
0.0856751
0.0855768
0.0854652
0.0853381
0.0851932
0.0850277
0.0848379
0.0846191
0.0843649
0.0840677
0.0837183
0.083308
0.0828301
0.0822839
0.0816795
0.0810418
0.0804111
0.0798358
0.0793513
0.0789738
0.811367
0.32775
0.211333
0.161096
0.134718
0.119381
0.109815
0.103518
0.0991929
0.0961245
0.0938958
0.0922519
0.0910294
0.0901178
0.0894394
0.0889367
0.0885665
0.088295
0.0880956
0.0879477
0.0878347
0.087744
0.0876656
0.087592
0.0875177
0.0874384
0.087351
0.087253
0.0871423
0.0870169
0.0868744
0.0867118
0.0865247
0.0863073
0.0860512
0.0857451
0.0853748
0.0849233
0.0843733
0.0837118
0.082939
0.0820797
0.0811958
0.0803831
0.0797057
0.079185
0.998112
0.368994
0.219227
0.160467
0.132405
0.117303
0.108436
0.10286
0.0991585
0.0965944
0.0947621
0.0934249
0.0924368
0.0917024
0.0911562
0.090751
0.0904513
0.09023
0.0900656
0.0899416
0.0898446
0.0897644
0.0896932
0.0896248
0.0895548
0.0894797
0.0893969
0.0893044
0.0892005
0.0890832
0.0889505
0.0887993
0.0886252
0.0884218
0.0881794
0.0878841
0.087516
0.0870489
0.0864497
0.0856816
0.0847141
0.0835476
0.082265
0.0810871
0.0801332
0.0794235
1.32199
0.41305
0.218927
0.154295
0.127104
0.113732
0.10637
0.101951
0.0991112
0.0971868
0.0958311
0.0948501
0.0941286
0.0935933
0.093195
0.0928989
0.0926788
0.0925149
0.0923917
0.0922971
0.0922213
0.092157
0.0920982
0.0920405
0.0919806
0.091916
0.0918446
0.091765
0.0916759
0.0915758
0.0914629
0.0913348
0.0911876
0.0910154
0.0908087
0.0905532
0.0902264
0.0897949
0.0892087
0.0883948
0.0872536
0.0856815
0.0837134
0.0819582
0.0806166
0.0796706
1.95236
0.430472
0.198115
0.13919
0.118061
0.108626
0.103744
0.100929
0.099165
0.0979887
0.0971676
0.0965761
0.0961419
0.0958196
0.0955794
0.0954002
0.0952664
0.095166
0.0950896
0.0950299
0.0949811
0.0949385
0.0948986
0.0948585
0.0948163
0.0947704
0.0947195
0.0946627
0.0945992
0.0945281
0.0944482
0.094358
0.0942548
0.0941345
0.0939902
0.0938107
0.0935773
0.0932586
0.0927997
0.0920967
0.0909421
0.0889362
0.0855938
0.0829312
0.081093
0.0798882
3.58327
0.315694
0.142505
0.114414
0.106094
0.102716
0.101045
0.100102
0.0995157
0.099126
0.0988541
0.0986581
0.0985141
0.0984072
0.0983277
0.0982684
0.0982243
0.0981914
0.0981664
0.0981468
0.0981308
0.0981165
0.0981029
0.0980888
0.0980737
0.0980568
0.0980379
0.0980166
0.0979925
0.0979654
0.097935
0.0979007
0.0978616
0.0978163
0.0977624
0.0976958
0.0976091
0.0974889
0.0973066
0.0969892
0.0963054
0.0943935
0.0875965
0.0837282
0.0814225
0.0800204
3.03108
2.45443
1.57655
1.12009
1.15572
1.44172
1.71378
2.00287
2.07766
2.10475
2.07072
1.99136
1.89298
1.75967
1.63312
1.52707
1.89357
1.95622
1.92695
1.87465
1.80837
1.73395
1.66259
1.5897
1.49861
1.67154
1.76061
1.78735
1.77508
1.73801
1.67837
1.58868
1.08839
1.23965
1.35119
1.41567
1.43635
1.41858
1.36669
1.28427
0.790564
0.889283
0.968258
1.01967
1.04098
1.03324
0.999714
0.944638
0.592509
0.651699
0.698857
0.729667
0.742259
0.73686
0.715325
0.680469
0.461553
0.496038
0.522165
0.537965
0.542701
0.536706
0.521219
0.498089
0.372479
0.39211
0.405604
0.412231
0.411922
0.405159
0.392897
0.376425
0.309744
0.320515
0.326675
0.328091
0.32501
0.317961
0.307718
0.295222
0.264244
0.269729
0.271692
0.270278
0.26585
0.258922
0.25013
0.24018
0.230475
0.232799
0.232386
0.2295
0.224533
0.217954
0.210287
0.202076
0.204952
0.20538
0.203642
0.200044
0.194968
0.188829
0.182064
0.175104
0.185375
0.184665
0.182208
0.178315
0.173342
0.167657
0.161626
0.155599
0.170172
0.16878
0.16595
0.161985
0.157212
0.151955
0.146527
0.141218
0.158234
0.156435
0.153432
0.149511
0.144971
0.140101
0.135172
0.130426
0.148763
0.146724
0.143659
0.139838
0.135534
0.131006
0.126492
0.1222
0.141172
0.138994
0.13593
0.132232
0.128152
0.123924
0.119758
0.115836
0.135025
0.132769
0.129738
0.12617
0.122296
0.11833
0.11446
0.110844
0.12999
0.127692
0.124711
0.12127
0.117584
0.113847
0.110231
0.106874
0.125816
0.123498
0.120574
0.117254
0.113738
0.110204
0.106808
0.103674
0.122307
0.119983
0.117119
0.113912
0.110551
0.107198
0.103997
0.101057
0.119316
0.116992
0.114188
0.111089
0.107869
0.104681
0.101653
0.0988853
0.116726
0.114409
0.111664
0.108666
0.105577
0.10254
0.0996698
0.0970572
0.114446
0.11214
0.109455
0.106553
0.103588
0.100691
0.0979665
0.0954958
0.112409
0.110118
0.107491
0.104684
0.101837
0.0990707
0.0964827
0.0941437
0.11056
0.108289
0.105722
0.103006
0.100273
0.0976324
0.095173
0.0929577
0.108863
0.106613
0.104108
0.101483
0.0988598
0.0963403
0.0940036
0.0919054
0.107278
0.105057
0.102618
0.100085
0.0975714
0.0951692
0.0929498
0.0909629
0.10578
0.103592
0.101222
0.0987831
0.0963792
0.0940936
0.09199
0.0901106
0.104349
0.102201
0.0999022
0.0975596
0.0952654
0.0930949
0.0911039
0.0893285
0.102971
0.100868
0.0986455
0.0964007
0.0942166
0.0921602
0.0902801
0.0886064
0.101633
0.0995816
0.0974401
0.0952955
0.0932223
0.0912796
0.089509
0.0879354
0.100326
0.0983332
0.0962771
0.0942355
0.0922744
0.090445
0.0887829
0.0873079
0.0990424
0.0971155
0.0951499
0.0932142
0.0913663
0.0896502
0.0880956
0.0867178
0.0977771
0.0959238
0.0940537
0.0922268
0.0904932
0.0888903
0.0874422
0.0861603
0.0965276
0.0947555
0.0929856
0.0912702
0.0896518
0.0881617
0.086819
0.0856315
0.0952934
0.0936096
0.0919445
0.0903427
0.0888401
0.0874621
0.0862234
0.0851285
0.0940761
0.0924871
0.0909305
0.089444
0.088057
0.08679
0.0856535
0.0846492
0.0928791
0.0913906
0.0899454
0.0885748
0.0873028
0.0861449
0.0851083
0.0841922
0.0917074
0.0903236
0.0889916
0.0877368
0.0865781
0.0855269
0.0845873
0.0837567
0.0905668
0.0892908
0.0880725
0.0869322
0.0858843
0.0849367
0.0840907
0.0833421
0.0894641
0.0882973
0.0871919
0.0861637
0.0852231
0.084375
0.0836187
0.0829484
0.0884061
0.0873483
0.0863535
0.0854338
0.0845962
0.0838431
0.0831718
0.0825757
0.0873991
0.0864484
0.0855609
0.0847451
0.0840054
0.0833419
0.0827505
0.082224
0.086449
0.0856021
0.0848171
0.0840997
0.0834519
0.0828722
0.0823553
0.0818934
0.0855602
0.0848125
0.0841243
0.083499
0.0829367
0.0824345
0.0819862
0.081584
0.0847362
0.0840819
0.0834839
0.0829438
0.0824602
0.0820289
0.0816434
0.0812954
0.0839788
0.0834112
0.0828964
0.0824342
0.0820221
0.0816551
0.0813263
0.0810275
0.0832883
0.0828004
0.0823611
0.0819694
0.0816216
0.0813123
0.0810343
0.0807794
0.0826638
0.082248
0.0818767
0.081548
0.0812576
0.0809995
0.0807664
0.0805505
0.0821031
0.0817518
0.0814411
0.0811681
0.0809282
0.080715
0.0805215
0.0803398
0.081603
0.0813089
0.0810514
0.0808272
0.0806313
0.0804573
0.0802981
0.0801462
0.0811596
0.0809155
0.0807044
0.0805226
0.0803647
0.0802244
0.0800947
0.0799686
0.0807683
0.0805677
0.0803967
0.0802512
0.0801258
0.0800143
0.0799098
0.0798057
0.0804246
0.0802613
0.0801245
0.0800099
0.0799121
0.079825
0.0797418
0.0796563
0.0801235
0.0799921
0.0798843
0.0797958
0.0797212
0.0796544
0.0795891
0.0795192
0.0798604
0.079756
0.0796726
0.0796059
0.0795506
0.0795007
0.0794503
0.0793934
0.0796308
0.0795491
0.0794861
0.0794375
0.0793981
0.0793622
0.0793239
0.0792778
0.0794307
0.0793679
0.0793218
0.0792881
0.0792617
0.0792371
0.0792088
0.0791716
0.0792562
0.0792092
0.079177
0.0791554
0.0791395
0.079124
0.0791038
0.0790738
0.0791042
0.0790701
0.0790492
0.0790374
0.0790299
0.0790218
0.0790079
0.0789837
0.0789717
0.0789482
0.0789364
0.0789324
0.0789316
0.0789292
0.0789204
0.0789008
0.0788563
0.0788414
0.0788369
0.078839
0.0788434
0.0788454
0.0788405
0.0788246
0.0787559
0.0787479
0.0787491
0.078756
0.0787642
0.0787696
0.0787676
0.0787544
0.0786691
0.0786664
0.078672
0.0786823
0.0786934
0.0787011
0.0787012
0.0786901
0.0785944
0.0785958
0.0786046
0.0786174
0.0786303
0.0786395
0.078641
0.0786314
0.0785313
0.0785354
0.0785463
0.0785605
0.0785745
0.0785845
0.0785867
0.0785779
0.0784792
0.0784849
0.0784968
0.0785116
0.0785258
0.0785358
0.0785381
0.0785295
0.0784381
0.0784443
0.0784561
0.0784704
0.078484
0.0784933
0.078495
0.0784861
0.0784087
0.0784139
0.0784244
0.0784372
0.0784491
0.0784569
0.0784573
0.0784474
0.0783917
0.0783944
0.0784021
0.0784122
0.0784214
0.0784267
0.078425
0.0784134
0.0783888
0.0783868
0.0783901
0.0783958
0.078401
0.0784027
0.0783978
0.0783836
0.0784016
0.0783926
0.0783891
0.0783886
0.0783881
0.0783847
0.0783754
0.0783577
0.0784323
0.078413
0.0784001
0.0783909
0.0783826
0.0783724
0.0783572
0.0783347
0.0784832
0.0784496
0.0784237
0.0784028
0.0783843
0.0783651
0.0783423
0.0783135
0.078556
0.0785031
0.0784599
0.0784239
0.0783921
0.0783615
0.0783292
0.0782925
0.0786517
0.0785734
0.0785081
0.0784528
0.0784044
0.0783598
0.0783159
0.0782696
0.0787697
0.0786589
0.0785657
0.0784868
0.0784186
0.0783574
0.0782998
0.0782425
0.0789064
0.0787555
0.0786288
0.0785222
0.078431
0.0783511
0.0782784
0.0782092
0.079054
0.0788558
0.0786911
0.0785537
0.0784379
0.0783383
0.07825
0.0781686
0.079198
0.0789487
0.0787442
0.0785759
0.0784359
0.0783175
0.0782147
0.0781223
0.0793154
0.0790188
0.0787793
0.0785847
0.0784248
0.0782913
0.078177
0.0780761
0.0793802
0.0790534
0.0787923
0.078582
0.0784107
0.0782686
0.078148
0.0780425
1.25015
0.931076
0.750648
0.59713
0.456612
0.342671
0.260601
0.205607
0.169854
0.146719
0.131653
0.121758
0.115209
0.110853
0.107944
0.105997
0.104691
0.103814
0.103227
0.102845
0.102617
0.102521
0.102557
0.102745
0.103123
0.103749
0.104701
0.106083
0.108028
0.110703
0.114324
0.119172
0.125641
0.134336
0.1464
0.16481
0.202036
0.379205
1.29963
1.07177
0.858818
0.657593
0.486516
0.357252
0.267696
0.208721
0.170629
0.14601
0.129939
0.119322
0.112235
0.107468
0.104244
0.102054
0.100562
0.0995447
0.0988552
0.0984001
0.098125
0.0980046
0.0980376
0.0982434
0.0986611
0.0993503
0.100393
0.101895
0.103994
0.106864
0.11073
0.115889
0.122759
0.131989
0.144811
0.164409
0.204006
0.390791
1.42078
1.17838
0.912021
0.67196
0.484789
0.352108
0.26321
0.205387
0.167996
0.143625
0.127535
0.116774
0.109499
0.10454
0.10114
0.0987985
0.0971811
0.0960637
0.0952975
0.094787
0.0944758
0.0943374
0.09437
0.0945932
0.0950472
0.0957929
0.0969138
0.0985192
0.100749
0.103782
0.107851
0.113263
0.120454
0.130108
0.143525
0.164057
0.205559
0.400441
1.37362
1.10312
0.83753
0.61314
0.444139
0.32655
0.248097
0.196435
0.16237
0.139701
0.124436
0.114039
0.10689
0.101938
0.0984917
0.0960833
0.0943969
0.0932172
0.0923995
0.0918503
0.0915137
0.0913638
0.091399
0.0916398
0.0921271
0.0929232
0.0941131
0.0958077
0.0981494
0.10132
0.105557
0.111177
0.118629
0.128622
0.142507
0.163769
0.206763
0.408096
1.09977
0.881479
0.679421
0.510743
0.382354
0.290511
0.227147
0.184044
0.15473
0.13466
0.120795
0.111135
0.104358
0.0995791
0.0961963
0.0937961
0.0920916
0.0908843
0.0900388
0.0894667
0.0891152
0.0889599
0.0890009
0.0892594
0.0897776
0.0906189
0.0918694
0.0936415
0.0960791
0.0993668
0.103745
0.109537
0.117201
0.127467
0.141721
0.163547
0.207683
0.414015
0.822265
0.672266
0.532188
0.413967
0.321723
0.253563
0.20479
0.170372
0.146135
0.129006
0.116832
0.108136
0.101899
0.0974133
0.0941814
0.0918511
0.0901721
0.0889677
0.0881157
0.0875353
0.0871785
0.087024
0.0870736
0.0873503
0.0878974
0.0887793
0.0900832
0.0919225
0.0944425
0.0978295
0.102327
0.108261
0.116099
0.126583
0.141127
0.163386
0.208382
0.418531
0.604351
0.506824
0.413888
0.333713
0.269366
0.220183
0.183669
0.15693
0.137426
0.123187
0.11277
0.105133
0.099529
0.0954149
0.0923958
0.0901825
0.0885641
0.0873884
0.0865483
0.0859726
0.0856193
0.085471
0.0855322
0.0858275
0.0864016
0.0873202
0.0886711
0.0905688
0.0931594
0.0966308
0.101228
0.10728
0.115261
0.125919
0.140689
0.163277
0.208918
0.421958
0.449731
0.386329
0.325167
0.271349
0.226975
0.191944
0.165008
0.144573
0.129153
0.117537
0.108792
0.102214
0.0972745
0.0935723
0.0908042
0.0887406
0.0872091
0.0860822
0.0852692
0.0847093
0.0843672
0.08423
0.0843051
0.0846194
0.085219
0.0861705
0.0875628
0.0895111
0.0921622
0.095705
0.100386
0.106536
0.114632
0.12543
0.140377
0.163214
0.209332
0.42456
0.343955
0.301584
0.260782
0.224433
0.193793
0.168907
0.149155
0.133676
0.121622
0.112268
0.10503
0.0994491
0.0951612
0.0918808
0.0893819
0.0874874
0.0860604
0.0849973
0.0842231
0.0836878
0.0833632
0.0832412
0.0833324
0.0836658
0.0842893
0.0852705
0.0866992
0.0886911
0.0913939
0.0949969
0.0997472
0.105979
0.114168
0.125077
0.14016
0.163185
0.209661
0.426547
0.272016
0.242525
0.214574
0.189604
0.168236
0.150481
0.136001
0.124323
0.114963
0.107497
0.101569
0.0968867
0.0932091
0.0903382
0.0881107
0.0863938
0.0850814
0.0840916
0.0833647
0.0828607
0.0825585
0.0824548
0.0825636
0.0829162
0.0835621
0.0845699
0.0860304
0.0880599
0.0908066
0.0944602
0.0992686
0.105566
0.113832
0.124829
0.140018
0.163185
0.209927
0.428083
0.222635
0.201171
0.181371
0.163807
0.148673
0.135893
0.125241
0.116435
0.109194
0.10327
0.0984503
0.0945551
0.0914301
0.088942
0.0869765
0.0854365
0.0842424
0.0833313
0.0826568
0.0821885
0.0819122
0.0818292
0.0819566
0.0823283
0.082995
0.0840268
0.0855152
0.087577
0.0903608
0.0940569
0.0989134
0.105265
0.113592
0.124659
0.139931
0.163206
0.210148
0.429287
0.188185
0.171871
0.157324
0.144626
0.133702
0.124395
0.116513
0.109862
0.104268
0.0995842
0.0956857
0.0924654
0.0898281
0.0876878
0.0859669
0.084597
0.0835199
0.0826888
0.0820692
0.0816393
0.0813911
0.0813301
0.0814768
0.081867
0.0825532
0.0836066
0.0851193
0.0872088
0.0900241
0.0937557
0.0986522
0.105049
0.113426
0.124548
0.139884
0.163241
0.210337
0.430243
0.163696
0.150799
0.139719
0.130267
0.122215
0.115345
0.109468
0.104428
0.100107
0.0964102
0.0932669
0.0906154
0.0884003
0.0865688
0.0850706
0.0838594
0.0828943
0.0821417
0.0815773
0.0811868
0.0809676
0.0809294
0.0810955
0.0815037
0.0822082
0.083281
0.084815
0.0869283
0.0897704
0.0935319
0.0984616
0.104895
0.113313
0.12448
0.139867
0.163288
0.210501
0.431011
0.145956
0.135408
0.126675
0.119431
0.113364
0.108217
0.103797
0.0999624
0.0966185
0.0937026
0.0911719
0.0889938
0.0871384
0.0855762
0.0842768
0.0832103
0.0823496
0.081672
0.0811613
0.0808099
0.0806199
0.0806046
0.0807898
0.0812154
0.0819368
0.0830272
0.0845801
0.0867141
0.089579
0.0933659
0.0983236
0.104788
0.113239
0.124443
0.139871
0.163342
0.210646
0.431632
0.132875
0.123997
0.116898
0.111186
0.106511
0.102595
0.0992384
0.0963052
0.0937115
0.0914091
0.0893716
0.0875831
0.0860305
0.0846997
0.0835746
0.0826379
0.0818726
0.0812648
0.0808053
0.0804918
0.0803303
0.0803374
0.0805414
0.0809836
0.0817209
0.0828272
0.084397
0.0865492
0.0894339
0.0932426
0.0982242
0.104715
0.113194
0.124429
0.13989
0.163402
0.210775
0.432133
0.123073
0.115419
0.109487
0.104862
0.101178
0.0981504
0.0955749
0.0933174
0.0912983
0.0894762
0.087833
0.0863626
0.0850622
0.083928
0.0829539
0.0821316
0.0814522
0.0809085
0.0804967
0.080219
0.080085
0.0801139
0.0803359
0.0807941
0.0815463
0.0826673
0.0842523
0.0864207
0.0893229
0.0931507
0.0981531
0.104666
0.11317
0.124431
0.13992
0.163464
0.21089
0.432532
0.115619
0.108887
0.103813
0.0999756
0.0970085
0.0946275
0.0926289
0.0908791
0.0892998
0.0878524
0.086523
0.0853105
0.0842184
0.0832496
0.0824049
0.0816823
0.0810792
0.0805934
0.0802255
0.0799814
0.0798735
0.0799232
0.0801625
0.0806358
0.0814021
0.0825369
0.0841358
0.0863189
0.0892369
0.0930817
0.0981028
0.104636
0.113162
0.124446
0.139959
0.163528
0.210992
0.432841
0.109873
0.103856
0.0994269
0.0961714
0.093731
0.0918263
0.0902564
0.0888888
0.0876461
0.0864905
0.0854096
0.0844051
0.0834839
0.0826532
0.0819182
0.081282
0.0807459
0.0803119
0.079984
0.0797709
0.0796875
0.0797569
0.0800128
0.0805006
0.0812802
0.082428
0.08404
0.0862367
0.0891692
0.0930297
0.0980677
0.104619
0.113165
0.124469
0.140004
0.163593
0.211084
0.433067
0.105385
0.0999349
0.0960039
0.0931881
0.0911407
0.0895904
0.0883409
0.087262
0.0862768
0.0853478
0.0844632
0.0836257
0.082844
0.0821279
0.0814857
0.0809235
0.080446
0.080058
0.0797663
0.0795817
0.079521
0.0796092
0.0798808
0.0803825
0.0811749
0.082335
0.0839594
0.0861689
0.0891151
0.0929903
0.0980443
0.104613
0.113177
0.1245
0.140053
0.163659
0.211165
0.433216
0.101835
0.0968455
0.0933075
0.0908308
0.0890814
0.0877976
0.086789
0.0859285
0.0851405
0.0843874
0.0836574
0.0829535
0.0822853
0.081664
0.0810998
0.0806009
0.0801743
0.0798269
0.0795677
0.0794092
0.0793698
0.0794755
0.0797621
0.0802772
0.0810819
0.0822539
0.0838903
0.0861122
0.0890714
0.0929607
0.0980298
0.104615
0.113196
0.124537
0.140107
0.163726
0.211235
0.433292
0.0989906
0.0943834
0.091163
0.0889532
0.0874333
0.0863521
0.0855258
0.0848312
0.084194
0.0835773
0.082969
0.0823718
0.0817957
0.0812527
0.0807538
0.080309
0.0799265
0.0796151
0.079385
0.0792503
0.0792305
0.0793527
0.0796537
0.0801816
0.0809983
0.0821819
0.08383
0.0860639
0.0890359
0.0929389
0.0980228
0.104624
0.113221
0.124579
0.140164
0.163792
0.211296
0.433298
0.0966811
0.0923981
0.0894401
0.0874447
0.0861047
0.0851791
0.0844917
0.0839232
0.0834017
0.0828907
0.0823779
0.081866
0.0813647
0.0808862
0.0804423
0.0800434
0.0796993
0.0794195
0.0792156
0.0791026
0.079101
0.0792389
0.0795536
0.0800939
0.0809223
0.0821172
0.0837767
0.0860226
0.0890072
0.0929236
0.098022
0.104638
0.113252
0.124626
0.140224
0.163858
0.211348
0.433237
0.0947805
0.090778
0.0880413
0.0862217
0.0850248
0.0842203
0.0836393
0.0831671
0.0827343
0.0823051
0.0818676
0.0814238
0.0809833
0.0805581
0.0801602
0.0798008
0.0794899
0.0792381
0.0790577
0.0789645
0.0789799
0.0791325
0.0794602
0.0800126
0.0808524
0.0820586
0.0837295
0.0859872
0.0889842
0.092914
0.0980268
0.104658
0.113288
0.124677
0.140287
0.163925
0.21139
0.433112
0.0931949
0.0894394
0.0868933
0.0852205
0.0841395
0.0834302
0.0829311
0.0825327
0.0821679
0.0818023
0.0814239
0.0810346
0.0806436
0.0802626
0.0799037
0.079578
0.0792961
0.0790691
0.0789099
0.0788349
0.0788661
0.0790326
0.0793729
0.079937
0.0807881
0.0820054
0.0836876
0.0859571
0.0889666
0.0929097
0.0980367
0.104683
0.113329
0.124732
0.140353
0.163991
0.211424
0.432926
0.0918538
0.0883199
0.0859407
0.0843929
0.0834072
0.0827735
0.082338
0.081996
0.0816834
0.0813671
0.0810354
0.0806899
0.0803394
0.0799952
0.0796692
0.0793726
0.0791162
0.0789114
0.0787713
0.078713
0.0787589
0.0789386
0.0792911
0.0798666
0.0807287
0.0819571
0.0836506
0.0859318
0.0889539
0.0929103
0.0980515
0.104713
0.113374
0.124791
0.140422
0.164058
0.21145
0.432682
0.0907047
0.0873725
0.0851418
0.0837021
0.0827958
0.0822229
0.0818369
0.0815381
0.0812656
0.0809875
0.0806927
0.0803825
0.0800653
0.079752
0.0794542
0.0791828
0.0789488
0.0787637
0.0786411
0.0785983
0.0786579
0.0788502
0.0792144
0.079801
0.0806741
0.0819135
0.0836183
0.0859113
0.0889459
0.0929157
0.0980711
0.104748
0.113423
0.124854
0.140494
0.164124
0.211468
0.432382
0.089708
0.0865617
0.0844651
0.0831201
0.0822809
0.0817572
0.0814098
0.0811442
0.0809023
0.0806539
0.0803883
0.0801067
0.079817
0.0795298
0.0792561
0.0790068
0.0787927
0.0786255
0.0785188
0.0784902
0.0785629
0.0787671
0.0791426
0.0797402
0.0806241
0.0818744
0.0835905
0.0858954
0.0889425
0.0929256
0.0980952
0.104786
0.113476
0.12492
0.140567
0.16419
0.211478
0.432031
0.0888341
0.085861
0.0838868
0.0826258
0.0818439
0.0813602
0.0810429
0.0808024
0.0805838
0.0803585
0.0801161
0.0798578
0.0795911
0.079326
0.0790733
0.0788434
0.0786471
0.0784959
0.0784039
0.0783887
0.0784736
0.0786893
0.0790758
0.079684
0.0805786
0.0818398
0.0835671
0.0858839
0.0889436
0.09294
0.0981236
0.104829
0.113533
0.12499
0.140643
0.164256
0.211482
0.431631
0.0880611
0.0852509
0.0833891
0.0822031
0.0814703
0.0810193
0.0807253
0.0805038
0.0803027
0.0800951
0.0798712
0.079632
0.0793846
0.0791385
0.078904
0.0786914
0.078511
0.0783746
0.0782961
0.0782934
0.0783899
0.0786166
0.0790137
0.0796324
0.0805375
0.0818095
0.0835482
0.0858767
0.0889489
0.0929587
0.0981563
0.104876
0.113594
0.125063
0.140721
0.164322
0.211478
0.431186
0.0873738
0.0847175
0.082959
0.0818399
0.0811492
0.0807247
0.0804486
0.080241
0.0800529
0.0798589
0.0796496
0.0794262
0.0791951
0.0789655
0.0787471
0.0785499
0.078384
0.0782611
0.0781951
0.0782041
0.0783117
0.078549
0.0789564
0.0795854
0.0805009
0.0817836
0.0835334
0.0858738
0.0889585
0.0929815
0.098193
0.104927
0.113659
0.125138
0.140801
0.164388
0.211468
0.430698
0.0867524
0.0842489
0.0825875
0.0815275
0.0808724
0.080469
0.0802061
0.0800084
0.0798296
0.0796459
0.0794484
0.0792379
0.0790208
0.0788056
0.0786015
0.0784181
0.0782655
0.078155
0.0781007
0.0781207
0.0782388
0.0784863
0.0789037
0.0795427
0.0804685
0.0817619
0.0835229
0.085875
0.0889722
0.0930083
0.0982334
0.104982
0.113727
0.125216
0.140882
0.164452
0.211452
0.430172
0.0861865
0.0838309
0.0822623
0.0812578
0.0806334
0.0802465
0.0799927
0.0798015
0.0796291
0.079453
0.0792647
0.0790652
0.0788601
0.0786575
0.0784662
0.0782954
0.0781548
0.0780559
0.0780126
0.078043
0.0781711
0.0784284
0.0788556
0.0795045
0.0804404
0.0817443
0.0835163
0.0858801
0.0889896
0.0930387
0.0982774
0.105039
0.113797
0.125297
0.140965
0.164516
0.21143
0.429611
0.0856673
0.0834549
0.0819753
0.0810223
0.0804254
0.0800517
0.0798042
0.0796167
0.0794482
0.0792776
0.0790967
0.0789063
0.0787116
0.0785202
0.0783404
0.0781811
0.0780517
0.0779635
0.0779305
0.0779708
0.0781085
0.0783753
0.0788119
0.0794704
0.0804163
0.0817306
0.0835135
0.0858889
0.0890106
0.0930726
0.0983245
0.1051
0.11387
0.125379
0.141048
0.164579
0.211402
0.429018
0.0851879
0.0831142
0.08172
0.0808153
0.0802429
0.0798801
0.0796366
0.0794508
0.0792846
0.0791177
0.0789426
0.0787599
0.0785743
0.0783929
0.0782236
0.0780747
0.0779557
0.0778775
0.0778542
0.0779039
0.0780508
0.0783267
0.0787725
0.0794404
0.0803961
0.0817206
0.0835144
0.0859012
0.0890349
0.0931095
0.0983746
0.105163
0.113945
0.125462
0.141132
0.164641
0.211369
0.428396
0.0847423
0.0828032
0.081491
0.080632
0.0800819
0.0797278
0.0794866
0.079301
0.0791356
0.0789713
0.078801
0.0786248
0.0784472
0.0782748
0.078115
0.0779758
0.0778664
0.0777976
0.0777834
0.077842
0.0779978
0.0782824
0.0787372
0.0794144
0.0803796
0.0817142
0.0835186
0.0859167
0.0890623
0.0931493
0.0984271
0.105228
0.114021
0.125547
0.141215
0.164701
0.211331
0.427749
0.0843258
0.0825173
0.0812841
0.0804683
0.0799387
0.079592
0.0793517
0.0791652
0.0789995
0.0788369
0.0786703
0.0784998
0.0783295
0.0781653
0.0780142
0.077884
0.0777835
0.0777236
0.077718
0.0777851
0.0779493
0.0782424
0.0787059
0.079392
0.0803666
0.0817111
0.083526
0.0859351
0.0890924
0.0931916
0.0984819
0.105295
0.114099
0.125632
0.141299
0.16476
0.211288
0.427079
0.0839345
0.0822527
0.0810956
0.0803212
0.0798105
0.0794699
0.0792297
0.0790415
0.0788748
0.078713
0.0785495
0.078384
0.0782202
0.0780636
0.0779207
0.0777988
0.0777067
0.077655
0.0776576
0.0777328
0.0779051
0.0782064
0.0786783
0.0793732
0.080357
0.0817112
0.0835363
0.0859562
0.089125
0.093236
0.0985384
0.105363
0.114178
0.125717
0.141382
0.164817
0.21124
0.426391
0.0835654
0.0820063
0.0809227
0.0801877
0.0796947
0.0793595
0.0791188
0.0789283
0.0787601
0.0785986
0.0784376
0.0782766
0.0781188
0.0779692
0.0778338
0.0777199
0.0776357
0.0775918
0.0776021
0.077685
0.077865
0.0781742
0.0786542
0.0793576
0.0803503
0.081714
0.0835491
0.0859797
0.0891596
0.0932822
0.0985962
0.105432
0.114257
0.125802
0.141463
0.164871
0.211188
0.425686
0.083216
0.0817756
0.0807628
0.0800655
0.0795894
0.0792589
0.0790172
0.0788242
0.0786542
0.0784927
0.0783338
0.0781768
0.0780245
0.0778814
0.0777532
0.0776467
0.07757
0.0775336
0.0775512
0.0776415
0.0778288
0.0781457
0.0786335
0.0793451
0.0803466
0.0817194
0.0835644
0.0860053
0.0891959
0.0933298
0.0986551
0.105502
0.114336
0.125887
0.141544
0.164923
0.211132
0.424968
0.0828846
0.0815586
0.0806139
0.0799529
0.0794926
0.0791665
0.0789238
0.0787281
0.0785561
0.0783945
0.0782374
0.0780841
0.0779369
0.0777999
0.0776784
0.0775789
0.0775093
0.07748
0.0775047
0.077602
0.0777965
0.0781206
0.0786159
0.0793355
0.0803454
0.0817272
0.0835816
0.0860325
0.0892337
0.0933784
0.0987146
0.105572
0.114415
0.12597
0.141623
0.164973
0.211072
0.42424
0.0825697
0.0813537
0.0804744
0.079848
0.079403
0.0790811
0.0788372
0.0786389
0.078465
0.0783031
0.0781477
0.0779978
0.0778554
0.0777242
0.0776091
0.0775162
0.0774533
0.0774308
0.0774623
0.0775664
0.0777677
0.0780989
0.0786016
0.0793288
0.0803468
0.0817372
0.0836007
0.0860613
0.0892727
0.0934278
0.0987745
0.105642
0.114493
0.126052
0.141699
0.16502
0.211009
0.423502
0.0822706
0.0811595
0.0803427
0.0797496
0.0793193
0.0790014
0.0787565
0.0785558
0.07838
0.0782179
0.078064
0.0779174
0.0777796
0.0776538
0.0775447
0.0774581
0.0774017
0.0773856
0.0774236
0.0775342
0.0777423
0.0780803
0.0785901
0.0793249
0.0803508
0.0817496
0.083622
0.0860918
0.0893128
0.0934777
0.0988342
0.105711
0.114569
0.126133
0.141774
0.165065
0.210944
0.422759
0.0819866
0.0809752
0.0802179
0.0796565
0.0792404
0.0789265
0.0786808
0.078478
0.0783006
0.0781383
0.077986
0.0778425
0.077709
0.0775884
0.077485
0.0774045
0.0773542
0.0773443
0.0773884
0.0775053
0.0777198
0.0780644
0.0785813
0.0793234
0.080357
0.081764
0.0836451
0.086124
0.0893544
0.0935289
0.0988949
0.10578
0.114646
0.126212
0.141848
0.165112
0.210896
0.422079
0.0817172
0.0808
0.0800989
0.0795679
0.0791653
0.0788556
0.0786095
0.0784048
0.0782261
0.0780638
0.0779131
0.0777726
0.0776432
0.0775276
0.0774297
0.0773548
0.0773104
0.0773063
0.0773565
0.0774794
0.0777
0.0780511
0.0785746
0.0793239
0.0803651
0.0817801
0.0836696
0.0861574
0.0893969
0.0935807
0.0989558
0.10585
0.114722
0.126291
0.141922
0.165164
0.21087
0.421489
0.0814622
0.0806332
0.0799852
0.0794829
0.0790936
0.0787881
0.0785419
0.0783357
0.078156
0.0779939
0.0778448
0.0777073
0.077582
0.0774711
0.0773784
0.077309
0.0772701
0.0772716
0.0773274
0.0774561
0.0776827
0.0780399
0.07857
0.0793261
0.0803746
0.0817974
0.0836951
0.0861915
0.0894398
0.0936326
0.0990165
0.105918
0.114797
0.126369
0.141996
0.165219
0.210857
0.420945
0.0812214
0.0804744
0.0798761
0.0794009
0.0790244
0.0787233
0.0784774
0.0782703
0.0780899
0.0779282
0.0777809
0.0776463
0.0775249
0.0774186
0.0773308
0.0772666
0.077233
0.0772399
0.077301
0.0774352
0.0776674
0.0780306
0.0785669
0.0793297
0.0803853
0.0818156
0.0837212
0.0862258
0.0894827
0.0936841
0.0990765
0.105986
0.114871
0.126446
0.14207
0.165275
0.210849
0.42042
0.0809944
0.0803233
0.0797711
0.0793216
0.0789574
0.0786608
0.0784157
0.078208
0.0780273
0.0778664
0.0777209
0.0775893
0.0774716
0.0773697
0.0772867
0.0772274
0.0771988
0.0772108
0.0772771
0.0774165
0.0776541
0.078023
0.0785653
0.0793344
0.0803968
0.0818343
0.0837475
0.0862601
0.0895251
0.0937348
0.0991352
0.106052
0.114943
0.126521
0.142142
0.165331
0.210842
0.419901
0.0807811
0.0801794
0.07967
0.0792445
0.0788921
0.0786003
0.0783563
0.0781487
0.0779681
0.0778081
0.0776646
0.0775359
0.077422
0.0773243
0.0772458
0.0771912
0.0771673
0.0771841
0.0772553
0.0773997
0.0776425
0.0780167
0.0785647
0.0793399
0.0804088
0.0818531
0.0837736
0.0862937
0.0895666
0.0937841
0.0991921
0.106116
0.115012
0.126594
0.142211
0.165384
0.210832
0.419383
0.0805811
0.0800426
0.0795725
0.0791694
0.0788284
0.0785415
0.0782991
0.0780919
0.0779118
0.077753
0.0776116
0.0774859
0.0773756
0.077282
0.0772078
0.0771577
0.0771384
0.0771597
0.0772355
0.0773845
0.0776322
0.0780116
0.078565
0.079346
0.080421
0.0818719
0.0837992
0.0863266
0.0896068
0.0938317
0.0992469
0.106177
0.115079
0.126663
0.142277
0.165434
0.210817
0.418862
0.0803939
0.0799124
0.0794782
0.079096
0.0787661
0.0784842
0.0782438
0.0780374
0.0778582
0.0777009
0.0775618
0.0774391
0.0773323
0.0772426
0.0771726
0.0771267
0.0771117
0.0771373
0.0772174
0.0773709
0.0776232
0.0780074
0.0785659
0.0793523
0.0804331
0.0818902
0.0838241
0.0863582
0.0896453
0.0938772
0.0992992
0.106236
0.115142
0.126728
0.142339
0.165479
0.210797
0.41834
0.0802191
0.0797886
0.079387
0.0790243
0.0787049
0.0784282
0.0781902
0.0779851
0.0778072
0.0776516
0.0775149
0.0773951
0.0772918
0.0772059
0.0771398
0.077098
0.077087
0.0771167
0.0772009
0.0773586
0.0776152
0.0780039
0.0785672
0.0793588
0.080445
0.0819079
0.0838479
0.0863883
0.0896819
0.0939203
0.0993484
0.106291
0.115201
0.126788
0.142396
0.165518
0.210771
0.417819
0.0800559
0.0796709
0.0792988
0.078954
0.0786448
0.0783734
0.0781382
0.0779349
0.0777585
0.0776049
0.0774707
0.0773539
0.077254
0.0771717
0.0771094
0.0770714
0.0770642
0.0770977
0.0771857
0.0773474
0.077608
0.0780009
0.0785688
0.0793651
0.0804565
0.0819248
0.0838704
0.0864167
0.0897163
0.0939607
0.0993945
0.106342
0.115256
0.126844
0.142447
0.165552
0.210739
0.417302
0.0799038
0.079559
0.0792135
0.0788853
0.0785857
0.0783199
0.0780877
0.0778865
0.0777121
0.0775606
0.0774289
0.0773152
0.0772185
0.0771398
0.0770811
0.0770467
0.0770431
0.0770802
0.0771718
0.0773371
0.0776015
0.0779984
0.0785704
0.0793712
0.0804673
0.0819405
0.0838914
0.0864432
0.0897483
0.093998
0.099437
0.106389
0.115306
0.126895
0.142493
0.16558
0.210701
0.416791
0.0797621
0.0794526
0.0791309
0.078818
0.0785278
0.0782674
0.0780387
0.0778399
0.0776677
0.0775185
0.0773896
0.0772788
0.0771854
0.07711
0.0770547
0.0770237
0.0770235
0.0770639
0.0771589
0.0773276
0.0775955
0.0779961
0.078572
0.0793768
0.0804773
0.0819551
0.0839108
0.0864675
0.0897777
0.0940323
0.0994758
0.106431
0.115351
0.12694
0.142533
0.165602
0.210658
0.416288
0.07963
0.0793513
0.079051
0.0787522
0.0784709
0.0782162
0.0779911
0.077795
0.0776252
0.0774786
0.0773524
0.0772446
0.0771543
0.0770821
0.0770301
0.0770023
0.0770053
0.0770489
0.077147
0.0773188
0.0775899
0.0779939
0.0785733
0.0793819
0.0804863
0.0819684
0.0839284
0.0864896
0.0898043
0.0940632
0.0995108
0.10647
0.115392
0.12698
0.142568
0.165618
0.21061
0.415797
0.0795069
0.079255
0.0789738
0.0786879
0.0784153
0.0781662
0.077945
0.0777518
0.0775847
0.0774407
0.0773173
0.0772124
0.0771252
0.0770561
0.0770072
0.0769824
0.0769883
0.0770348
0.0771358
0.0773105
0.0775846
0.0779916
0.0785743
0.0793863
0.0804944
0.0819802
0.0839442
0.0865094
0.089828
0.0940908
0.0995418
0.106503
0.115427
0.127014
0.142596
0.165628
0.210558
0.415319
0.0793921
0.0791634
0.0788992
0.0786253
0.0783608
0.0781174
0.0779002
0.0777103
0.077546
0.0774048
0.0772841
0.0771821
0.0770979
0.0770317
0.0769857
0.0769638
0.0769725
0.0770217
0.0771253
0.0773027
0.0775795
0.0779893
0.0785749
0.07939
0.0805013
0.0819905
0.083958
0.0865267
0.0898488
0.0941149
0.0995688
0.106533
0.115457
0.127043
0.142619
0.165633
0.210502
0.414855
0.0792851
0.0790763
0.0788272
0.0785643
0.0783077
0.0780699
0.0778569
0.0776703
0.077509
0.0773706
0.0772528
0.0771536
0.0770722
0.0770089
0.0769656
0.0769464
0.0769577
0.0770093
0.0771154
0.0772952
0.0775745
0.0779868
0.078575
0.0793929
0.080507
0.0819993
0.0839697
0.0865415
0.0898666
0.0941355
0.0995917
0.106557
0.115482
0.127067
0.142636
0.165633
0.210443
0.414408
0.0791851
0.0789935
0.0787578
0.0785052
0.0782561
0.0780239
0.0778151
0.077632
0.0774737
0.0773382
0.0772232
0.0771268
0.0770481
0.0769875
0.0769468
0.0769301
0.0769437
0.0769977
0.077106
0.077288
0.0775695
0.0779841
0.0785746
0.0793949
0.0805116
0.0820064
0.0839795
0.0865538
0.0898814
0.0941525
0.0996107
0.106577
0.115502
0.127084
0.142647
0.165627
0.21038
0.413979
0.0790918
0.0789149
0.0786912
0.0784479
0.078206
0.0779793
0.0777749
0.0775953
0.0774401
0.0773075
0.0771952
0.0771016
0.0770255
0.0769674
0.0769292
0.0769148
0.0769306
0.0769867
0.077097
0.077281
0.0775645
0.0779811
0.0785737
0.0793961
0.0805149
0.0820119
0.0839872
0.0865637
0.0898933
0.0941662
0.0996256
0.106593
0.115517
0.127097
0.142653
0.165616
0.210316
0.413568
0.0790046
0.0788404
0.0786273
0.0783926
0.0781576
0.0779363
0.0777362
0.0775602
0.0774081
0.0772784
0.0771689
0.0770778
0.0770043
0.0769486
0.0769127
0.0769004
0.0769183
0.0769763
0.0770884
0.0772742
0.0775594
0.0779777
0.0785721
0.0793963
0.0805169
0.0820157
0.0839928
0.0865711
0.0899022
0.0941764
0.0996367
0.106604
0.115527
0.127105
0.142654
0.165601
0.210249
0.413178
0.0789233
0.0787698
0.0785662
0.0783395
0.078111
0.0778949
0.0776991
0.0775267
0.0773778
0.0772509
0.077144
0.0770555
0.0769844
0.076931
0.0768971
0.0768868
0.0769066
0.0769663
0.0770802
0.0772675
0.0775542
0.077974
0.0785699
0.0793955
0.0805177
0.082018
0.0839965
0.086576
0.0899083
0.0941832
0.0996439
0.106611
0.115533
0.127107
0.14265
0.165581
0.210181
0.41281
0.0788475
0.0787031
0.0785079
0.0782886
0.0780663
0.0778552
0.0776636
0.0774948
0.077349
0.0772249
0.0771206
0.0770345
0.0769656
0.0769144
0.0768825
0.0768741
0.0768956
0.0769569
0.0770721
0.0772608
0.0775489
0.0779699
0.078567
0.0793939
0.0805172
0.0820186
0.0839982
0.0865786
0.0899115
0.0941869
0.0996475
0.106614
0.115534
0.127105
0.142641
0.165557
0.210111
0.412464
0.0787768
0.0786402
0.0784525
0.07824
0.0780235
0.0778174
0.0776298
0.0774644
0.0773217
0.0772003
0.0770985
0.0770148
0.0769481
0.0768988
0.0768688
0.0768621
0.0768851
0.0769478
0.0770644
0.0772542
0.0775434
0.0779655
0.0785635
0.0793914
0.0805155
0.0820177
0.083998
0.0865789
0.0899121
0.0941874
0.0996475
0.106613
0.115531
0.127098
0.142628
0.165529
0.210041
0.41214
0.0787112
0.0785811
0.0784001
0.0781937
0.0779827
0.0777813
0.0775977
0.0774357
0.0772959
0.0771772
0.0770778
0.0769962
0.0769316
0.0768842
0.0768559
0.0768507
0.0768751
0.0769391
0.0770568
0.0772477
0.0775377
0.0779607
0.0785595
0.0793879
0.0805127
0.0820154
0.083996
0.086577
0.0899101
0.0941849
0.0996441
0.106608
0.115524
0.127087
0.14261
0.165498
0.20997
0.411841
0.0786503
0.0785257
0.0783505
0.0781499
0.077944
0.077747
0.0775672
0.0774085
0.0772716
0.0771554
0.0770583
0.0769788
0.0769161
0.0768704
0.0768437
0.0768399
0.0768656
0.0769307
0.0770494
0.0772411
0.0775319
0.0779555
0.0785548
0.0793837
0.0805087
0.0820116
0.0839922
0.086573
0.0899056
0.0941796
0.0996374
0.106599
0.115513
0.127072
0.142589
0.165464
0.209899
0.411566
0.078594
0.0784739
0.0783039
0.0781084
0.0779073
0.0777145
0.0775384
0.0773828
0.0772486
0.0771348
0.0770399
0.0769624
0.0769015
0.0768575
0.0768322
0.0768298
0.0768566
0.0769226
0.0770421
0.0772346
0.0775259
0.0779499
0.0785495
0.0793786
0.0805037
0.0820064
0.0839867
0.086567
0.0898987
0.0941715
0.0996277
0.106587
0.115498
0.127053
0.142564
0.165427
0.209829
0.411315
0.0785422
0.0784257
0.0782602
0.0780693
0.0778725
0.0776837
0.077511
0.0773584
0.0772269
0.0771154
0.0770226
0.076947
0.0768877
0.0768452
0.0768214
0.0768201
0.0768479
0.0769148
0.077035
0.077228
0.0775198
0.077944
0.0785438
0.0793728
0.0804977
0.082
0.0839797
0.0865591
0.0898897
0.0941609
0.0996152
0.106572
0.11548
0.127031
0.142535
0.165388
0.20976
0.411088
0.0784947
0.0783809
0.0782191
0.0780324
0.0778396
0.0776544
0.077485
0.0773353
0.0772062
0.077097
0.0770062
0.0769324
0.0768747
0.0768336
0.076811
0.0768108
0.0768396
0.0769072
0.077028
0.0772214
0.0775134
0.0779378
0.0785375
0.0793663
0.0804907
0.0819924
0.0839712
0.0865495
0.0898786
0.094148
0.0996
0.106554
0.115458
0.127005
0.142504
0.165346
0.209691
0.410886
0.0784512
0.0783393
0.0781806
0.0779974
0.0778083
0.0776265
0.0774602
0.0773132
0.0771865
0.0770795
0.0769905
0.0769184
0.0768623
0.0768226
0.0768011
0.0768019
0.0768315
0.0768998
0.0770211
0.0772148
0.0775069
0.0779312
0.0785307
0.079359
0.0804828
0.0819837
0.0839613
0.0865382
0.0898656
0.0941329
0.0995823
0.106534
0.115434
0.126977
0.14247
0.165303
0.209624
0.410708
0.0784117
0.0783005
0.0781442
0.0779641
0.0777782
0.0775996
0.0774362
0.0772918
0.0771675
0.0770625
0.0769754
0.0769049
0.0768503
0.0768118
0.0767915
0.0767932
0.0768236
0.0768925
0.0770142
0.0772081
0.0775003
0.0779244
0.0785234
0.0793512
0.0804742
0.0819739
0.0839502
0.0865254
0.0898508
0.0941157
0.0995624
0.106511
0.115407
0.126946
0.142433
0.165258
0.209558
0.410553
0.0783757
0.0782643
0.0781095
0.0779319
0.0777489
0.0775732
0.0774125
0.0772707
0.0771487
0.0770458
0.0769606
0.0768917
0.0768385
0.0768013
0.0767821
0.0767847
0.0768158
0.0768852
0.0770072
0.0772013
0.0774934
0.0779172
0.0785157
0.0793427
0.0804647
0.0819632
0.083938
0.0865113
0.0898345
0.0940968
0.0995405
0.106485
0.115378
0.126912
0.142395
0.165212
0.209495
0.410419
0.0783427
0.0782298
0.0780757
0.0779001
0.0777197
0.0775467
0.0773888
0.0772495
0.0771298
0.077029
0.0769456
0.0768785
0.0768267
0.0767908
0.0767727
0.0767762
0.0768079
0.0768779
0.0770002
0.0771943
0.0774862
0.0779097
0.0785076
0.0793337
0.0804546
0.0819516
0.0839247
0.086496
0.0898167
0.0940763
0.0995168
0.106458
0.115347
0.126877
0.142355
0.165165
0.209433
0.410306
0.078312
0.0781963
0.078042
0.0778677
0.0776896
0.0775193
0.0773641
0.0772275
0.0771102
0.0770116
0.0769302
0.0768648
0.0768146
0.07678
0.076763
0.0767674
0.0767999
0.0768703
0.0769929
0.0771871
0.0774788
0.0779018
0.078499
0.0793242
0.0804438
0.0819393
0.0839105
0.0864795
0.0897977
0.0940544
0.0994917
0.106429
0.115314
0.12684
0.142314
0.165118
0.209373
0.41021
0.0782825
0.0781624
0.078007
0.0778337
0.0776577
0.0774901
0.0773378
0.0772039
0.0770893
0.076993
0.0769138
0.0768503
0.0768017
0.0767686
0.0767527
0.0767581
0.0767914
0.0768624
0.0769852
0.0771795
0.077471
0.0778936
0.07849
0.0793142
0.0804324
0.0819263
0.0838954
0.0864622
0.0897777
0.0940314
0.0994653
0.106399
0.115281
0.126802
0.142272
0.165071
0.209316
0.410128
0.0782529
0.0781267
0.0779693
0.0777966
0.0776227
0.077458
0.0773088
0.077178
0.0770663
0.0769728
0.0768959
0.0768345
0.0767878
0.0767562
0.0767417
0.0767482
0.0767823
0.0768538
0.0769771
0.0771714
0.0774628
0.0778848
0.0784806
0.0793036
0.0804205
0.0819126
0.0838798
0.0864442
0.0897569
0.0940075
0.0994381
0.106369
0.115246
0.126764
0.142229
0.165024
0.20926
0.410054
0.0782214
0.0780874
0.0779272
0.077755
0.0775834
0.0774219
0.0772762
0.0771491
0.0770407
0.0769502
0.076876
0.076817
0.0767724
0.0767426
0.0767295
0.0767373
0.0767723
0.0768446
0.0769683
0.0771627
0.077454
0.0778756
0.0784706
0.0792926
0.0804081
0.0818985
0.0838636
0.0864256
0.0897356
0.0939831
0.0994103
0.106337
0.115211
0.126726
0.142188
0.164979
0.209207
0.409983
0.0781859
0.0780427
0.0778792
0.0777075
0.0775386
0.0773809
0.0772394
0.0771164
0.0770119
0.0769248
0.0768538
0.0767975
0.0767552
0.0767274
0.0767161
0.0767252
0.0767613
0.0768345
0.0769587
0.0771534
0.0774446
0.0778659
0.0784602
0.0792812
0.0803953
0.0818841
0.0838471
0.0864067
0.089714
0.0939585
0.0993825
0.106306
0.115176
0.126688
0.142147
0.164934
0.209156
0.409904
0.0781444
0.077991
0.0778242
0.0776534
0.0774878
0.0773346
0.077198
0.0770797
0.0769796
0.0768966
0.076829
0.0767758
0.0767361
0.0767105
0.0767011
0.0767118
0.0767493
0.0768234
0.0769483
0.0771434
0.0774346
0.0778557
0.0784494
0.0792695
0.0803823
0.0818695
0.0838305
0.0863879
0.0896926
0.0939343
0.0993551
0.106275
0.115143
0.126651
0.142107
0.164892
0.209106
0.409807
0.0780956
0.0779318
0.077762
0.0775929
0.0774315
0.0772836
0.0771526
0.0770396
0.0769445
0.0768658
0.0768021
0.0767521
0.0767153
0.0766923
0.0766849
0.0766974
0.0767363
0.0768115
0.0769372
0.0771328
0.0774242
0.0778451
0.0784384
0.0792576
0.0803693
0.081855
0.0838143
0.0863695
0.0896718
0.0939108
0.0993289
0.106246
0.115111
0.126616
0.142071
0.164853
0.209058
0.409677
0.0780396
0.0778662
0.0776945
0.0775279
0.0773716
0.0772297
0.0771048
0.0769976
0.0769076
0.0768336
0.0767739
0.0767274
0.0766937
0.0766731
0.076668
0.0766823
0.0767227
0.0767991
0.0769257
0.077122
0.0774137
0.0778346
0.0784275
0.0792461
0.0803568
0.0818412
0.0837989
0.0863522
0.0896524
0.093889
0.0993045
0.106219
0.115081
0.126585
0.142038
0.164818
0.209013
0.409499
0.0779796
0.0777984
0.0776262
0.0774632
0.0773124
0.0771767
0.077058
0.0769566
0.0768718
0.0768023
0.0767465
0.0767034
0.0766725
0.0766545
0.0766515
0.0766676
0.0767095
0.0767872
0.0769147
0.0771116
0.0774037
0.0778246
0.0784173
0.0792354
0.0803454
0.0818287
0.0837851
0.0863368
0.0896352
0.0938698
0.0992832
0.106196
0.115056
0.126558
0.14201
0.164789
0.208974
0.409254
0.0779233
0.0777372
0.0775657
0.0774066
0.077261
0.077131
0.0770178
0.0769214
0.076841
0.0767754
0.076723
0.0766828
0.0766544
0.0766385
0.0766373
0.076655
0.0766982
0.0767769
0.0769052
0.0771027
0.0773952
0.0778163
0.0784089
0.0792267
0.0803361
0.0818186
0.083774
0.0863245
0.0896215
0.0938546
0.0992664
0.106178
0.115037
0.126538
0.14199
0.164769
0.20895
0.40894
0.0778844
0.0776964
0.0775263
0.0773701
0.0772282
0.0771018
0.0769921
0.0768989
0.0768214
0.0767581
0.0767078
0.0766694
0.0766426
0.0766281
0.076628
0.0766467
0.0766907
0.0767701
0.0768991
0.077097
0.0773897
0.077811
0.0784036
0.0792212
0.0803303
0.0818124
0.0837672
0.086317
0.0896132
0.0938453
0.0992562
0.106166
0.115024
0.126525
0.141976
0.164755
0.208924
0.408539
)
;

boundaryField
{
    leftWall
    {
        type            epsilonWallFunction;
        value           nonuniform List<scalar> 
100
(
0.0664706
0.0975902
0.138986
0.172935
0.201739
0.226883
0.249173
0.269016
0.286596
0.301988
0.315253
0.326521
0.33603
0.344119
0.351176
0.357564
0.363845
0.37371
0.383462
0.393304
0.403316
0.413483
0.423751
0.434056
0.444331
0.454515
0.464555
0.47441
0.484044
0.493436
0.502579
0.511488
0.520209
0.528845
0.53758
0.546736
0.556828
0.568655
0.583445
0.603217
0.630525
0.663628
0.702961
0.771964
0.885463
0.871812
0.856519
0.836034
0.821243
0.816269
0.822918
0.839331
0.858319
0.87295
0.881773
0.884888
0.88286
0.876438
0.8664
0.853472
0.838325
0.82157
0.803742
0.785304
0.766657
0.74812
0.729901
0.712137
0.694956
0.678484
0.662807
0.647938
0.633858
0.620551
0.608024
0.596275
0.585288
0.575033
0.565484
0.55662
0.548397
0.540748
0.533615
0.527016
0.521118
0.516278
0.513032
0.512057
0.514165
0.520356
0.53201
0.5512
0.581174
0.627169
0.698271
0.811367
0.998112
1.32199
1.95236
3.58327
)
;
    }
    rightWall
    {
        type            epsilonWallFunction;
        value           nonuniform List<scalar> 
100
(
0.113578
0.12636
0.15418
0.182647
0.209479
0.233923
0.25583
0.275281
0.292455
0.307571
0.320862
0.332566
0.342915
0.352138
0.360455
0.368052
0.379205
0.390791
0.400441
0.408096
0.414015
0.418531
0.421958
0.42456
0.426547
0.428083
0.429287
0.430243
0.431011
0.431632
0.432133
0.432532
0.432841
0.433067
0.433216
0.433292
0.433298
0.433237
0.433112
0.432926
0.432682
0.432382
0.432031
0.431631
0.431186
0.430698
0.430172
0.429611
0.429018
0.428396
0.427749
0.427079
0.426391
0.425686
0.424968
0.42424
0.423502
0.422759
0.422079
0.421489
0.420945
0.42042
0.419901
0.419383
0.418862
0.41834
0.417819
0.417302
0.416791
0.416288
0.415797
0.415319
0.414855
0.414408
0.413979
0.413568
0.413178
0.41281
0.412464
0.41214
0.411841
0.411566
0.411315
0.411088
0.410886
0.410708
0.410553
0.410419
0.410306
0.41021
0.410128
0.410054
0.409983
0.409904
0.409807
0.409677
0.409499
0.409254
0.40894
0.408539
)
;
    }
    lowerWall
    {
        type            epsilonWallFunction;
        value           nonuniform List<scalar> 
124
(
0.0664706
0.21996
0.376862
0.507433
0.618716
0.715779
0.802053
0.880227
0.952572
1.02107
1.08746
1.15336
1.22033
1.28991
1.36371
1.44347
1.53108
1.62859
1.73825
1.86238
2.00323
2.16265
2.34146
2.53863
2.75013
2.96767
3.17768
3.36118
3.49541
3.55803
3.53115
3.39909
3.15959
2.86458
2.53712
2.20222
1.89022
1.62496
1.41749
1.26795
1.17131
1.11254
1.07581
1.05823
1.03513
0.897951
0.897951
0.65222
0.795117
1.06385
1.25683
1.30194
1.28784
1.26037
1.23906
1.23086
1.24336
1.27958
1.34599
1.45643
1.6405
1.95422
3.03108
2.45443
1.57655
1.12009
1.15572
1.44172
1.71378
2.00287
0.124555
0.125316
0.149735
0.175839
0.201513
0.226369
0.250729
0.277597
0.306791
0.333801
0.350926
0.353371
0.372799
0.495548
0.853787
1.52802
0.124555
0.232453
0.316301
0.374437
0.413554
0.438726
0.453895
0.4625
0.467243
0.469453
0.470011
0.469335
0.468351
0.468055
0.468656
0.469573
0.470195
0.470331
0.470097
0.469674
0.469195
0.468709
0.468221
0.467699
0.467077
0.466258
0.465077
0.463295
0.460535
0.456236
0.44957
0.439306
0.423655
0.399985
0.364425
0.311313
0.232544
0.113578
)
;
    }
    atmosphere
    {
        type            inletOutlet;
        inletValue      uniform 0.1;
        value           nonuniform List<scalar> 
92
(
0.1
0.1
0.1
0.1
0.1
0.1
0.1
0.1
0.1
0.1
0.1
0.1
0.1
0.1
0.1
0.1
0.1
0.1
0.1
0.1
0.1
0.1
0.1
0.1
0.1
0.1
0.1
0.1
0.1
0.1
0.1
0.1
0.1
0.1
0.1
0.1
0.1
0.1
0.1
0.1
0.1
0.1
0.0875965
0.0837282
0.0814225
0.0800204
0.0793802
0.0790534
0.0787923
0.078582
0.0784107
0.0782686
0.078148
0.0780425
0.0778844
0.0776964
0.0775263
0.0773701
0.0772282
0.0771018
0.0769921
0.0768989
0.0768214
0.0767581
0.0767078
0.0766694
0.0766426
0.0766281
0.076628
0.0766467
0.0766907
0.0767701
0.0768991
0.077097
0.0773897
0.077811
0.0784036
0.0792212
0.0803303
0.0818124
0.0837672
0.086317
0.0896132
0.0938453
0.0992562
0.106166
0.115024
0.126525
0.141976
0.164755
0.208924
0.408539
)
;
    }
    defaultFaces
    {
        type            empty;
    }
}


// ************************************************************************* //
