/*--------------------------------*- C++ -*----------------------------------*\
  =========                 |
  \\      /  F ield         | OpenFOAM: The Open Source CFD Toolbox
   \\    /   O peration     | Website:  https://openfoam.org
    \\  /    A nd           | Version:  7
     \\/     M anipulation  |
\*---------------------------------------------------------------------------*/
FoamFile
{
    version     2.0;
    format      ascii;
    class       volScalarField;
    location    "0.15";
    object      k;
}
// * * * * * * * * * * * * * * * * * * * * * * * * * * * * * * * * * * * * * //

dimensions      [0 2 -2 0 0 0 0];

internalField   nonuniform List<scalar> 
9072
(
0.00479417
0.00872508
0.0125145
0.0152716
0.017441
0.0192316
0.0207587
0.0220976
0.0233031
0.0244175
0.0254744
0.0265024
0.0275268
0.0285706
0.0296564
0.0308066
0.032044
0.0333917
0.034873
0.0365099
0.038321
0.0403177
0.0424979
0.0448388
0.0472873
0.0497506
0.0520906
0.0541248
0.0556403
0.0564269
0.0563105
0.0551241
0.0527468
0.0495653
0.0458657
0.041847
0.0378406
0.0341882
0.0311324
0.0287832
0.0271655
0.0261362
0.0255094
0.0252147
0.0248373
0.0227186
0.00833035
0.018597
0.0256718
0.0308736
0.0348884
0.0381094
0.0407779
0.0430552
0.0450561
0.0468672
0.0485565
0.0501805
0.0517877
0.053422
0.0551246
0.0569352
0.0588926
0.0610346
0.063396
0.0660063
0.0688837
0.0720278
0.0754086
0.0789531
0.0825312
0.0859437
0.0889187
0.0911247
0.0922078
0.0918549
0.0898726
0.086273
0.0812097
0.0746844
0.06779
0.0613807
0.0558156
0.0509947
0.0467463
0.0431157
0.0402005
0.0379823
0.036183
0.0337534
0.0324227
0.029261
0.0105626
0.0234706
0.0320256
0.0383367
0.0432257
0.0471488
0.0503947
0.0531619
0.0555934
0.057797
0.0598576
0.0618446
0.0638179
0.0658308
0.0679327
0.0701706
0.0725892
0.0752308
0.0781324
0.0813222
0.0848124
0.0885901
0.0926043
0.0967515
0.100861
0.104683
0.107891
0.110102
0.110927
0.110044
0.107304
0.102838
0.097076
0.0905602
0.0837363
0.0769489
0.0703678
0.0641521
0.0585548
0.0539293
0.050542
0.0480108
0.0451415
0.041103
0.0423953
0.0326157
0.0122297
0.0269466
0.0364229
0.0433873
0.0487937
0.053138
0.0567341
0.0598015
0.0624999
0.0649503
0.0672478
0.0694703
0.0716842
0.0739481
0.0763159
0.0788375
0.0815594
0.0845236
0.0877647
0.0913049
0.0951467
0.0992625
0.103582
0.107976
0.112247
0.116116
0.119235
0.121209
0.121653
0.120277
0.116988
0.111993
0.105815
0.0991117
0.092321
0.0856232
0.0790311
0.0726792
0.0669259
0.0622142
0.0587834
0.0564481
0.0566866
0.0597406
0.063404
0.0408043
0.0135606
0.0297114
0.0398689
0.0472814
0.0530357
0.0576649
0.0615007
0.0647758
0.0676609
0.0702855
0.0727518
0.0751434
0.0775309
0.0799763
0.0825351
0.085258
0.0881905
0.0913714
0.0948297
0.0985788
0.102609
0.106878
0.111295
0.115715
0.11992
0.123621
0.126469
0.128085
0.128119
0.126329
0.122683
0.117432
0.111124
0.104414
0.0977194
0.0911526
0.0847209
0.0786054
0.073174
0.068798
0.0655346
0.0643338
0.0780405
0.0877383
0.0826775
0.0463878
0.0146721
0.0320046
0.0427142
0.0504642
0.0564688
0.0613006
0.0653081
0.0687334
0.0717546
0.0745071
0.077098
0.0796144
0.0821298
0.0847075
0.0874035
0.090267
0.0933406
0.0966577
0.100239
0.104089
0.108182
0.112463
0.116824
0.121106
0.125085
0.128475
0.130944
0.132152
0.131801
0.129714
0.125912
0.120671
0.114509
0.108014
0.101542
0.0951824
0.0890054
0.0832629
0.0783236
0.0743632
0.0716189
0.0800717
0.108737
0.115877
0.092411
0.04814
0.0156241
0.0339441
0.0451227
0.0531463
0.0593421
0.0643241
0.0684577
0.0719935
0.0751151
0.0779621
0.0806448
0.0832528
0.0858606
0.088532
0.0913218
0.0942766
0.0974341
0.100821
0.104449
0.108309
0.112366
0.116546
0.120732
0.124755
0.128394
0.131377
0.133409
0.134199
0.133518
0.13126
0.127494
0.122502
0.116744
0.110687
0.10457
0.0984756
0.0926017
0.0873096
0.0828285
0.079283
0.0815858
0.111224
0.137668
0.128594
0.0932663
0.0479967
0.0164482
0.0355989
0.0471851
0.055443
0.0617947
0.0668935
0.0711226
0.074741
0.077937
0.0808534
0.0836027
0.0862757
0.0889475
0.0916809
0.0945287
0.0975335
0.100727
0.104129
0.107739
0.111538
0.115476
0.119468
0.123389
0.127066
0.130287
0.132809
0.134378
0.134767
0.133822
0.131506
0.127937
0.123389
0.118253
0.112855
0.107234
0.10145
0.0959113
0.0909536
0.0867661
0.0867867
0.109
0.143745
0.153743
0.129055
0.0896142
0.0474345
0.0171616
0.0370126
0.0489584
0.0574256
0.0639124
0.0691079
0.0734127
0.0770945
0.080346
0.0833128
0.0861089
0.088826
0.0915386
0.0943082
0.0971844
0.100205
0.103396
0.106767
0.110309
0.113989
0.117747
0.121487
0.125078
0.128351
0.13111
0.133144
0.13425
0.134269
0.133123
0.130843
0.127587
0.123616
0.119258
0.114727
0.10981
0.104421
0.0990071
0.0940553
0.0927548
0.107477
0.142798
0.164224
0.155926
0.123669
0.0853456
0.0468583
0.017774
0.0382131
0.0504814
0.0591419
0.0657527
0.0710337
0.0754023
0.0791347
0.0824283
0.0854314
0.0882594
0.091004
0.0937392
0.0965241
0.0994049
0.102414
0.105571
0.108876
0.112311
0.115831
0.119364
0.122809
0.126031
0.128869
0.131147
0.13269
0.133351
0.133039
0.131747
0.129571
0.126697
0.12337
0.119868
0.11635
0.11242
0.107513
0.101844
0.0990213
0.109957
0.139143
0.166214
0.169106
0.150374
0.117139
0.0821487
0.0464714
0.0182935
0.0392195
0.0517824
0.0606266
0.0673562
0.0727175
0.0771432
0.0809182
0.0842449
0.0872743
0.0901229
0.0928826
0.0956261
0.0984103
0.101277
0.104255
0.107354
0.110568
0.113867
0.117198
0.12048
0.123605
0.12644
0.128834
0.130634
0.131705
0.131951
0.131349
0.129958
0.127928
0.125466
0.122794
0.120141
0.117613
0.114815
0.11103
0.108169
0.11613
0.138563
0.164675
0.17432
0.165373
0.142991
0.112065
0.080561
0.0464858
0.0187292
0.0400484
0.0528843
0.061906
0.0687525
0.0741922
0.0786719
0.0824852
0.0858392
0.088888
0.0917493
0.0945149
0.0972563
0.100028
0.102868
0.105798
0.108823
0.111928
0.115075
0.118201
0.12122
0.124018
0.126466
0.128426
0.129769
0.130398
0.13027
0.129419
0.127966
0.126102
0.124052
0.122012
0.120159
0.118479
0.11667
0.115126
0.118609
0.136514
0.161224
0.175879
0.173892
0.159259
0.136901
0.10947
0.0807692
0.0471779
0.0190934
0.0407182
0.0538075
0.0630011
0.0699634
0.0754812
0.0800141
0.0838634
0.0872415
0.0903053
0.093174
0.0959393
0.0986714
0.101422
0.104226
0.107099
0.11004
0.113027
0.116014
0.11893
0.121684
0.124161
0.126237
0.127787
0.128706
0.128934
0.128475
0.127416
0.125929
0.12424
0.122581
0.121133
0.120016
0.119043
0.117978
0.118554
0.130204
0.154127
0.174179
0.179421
0.170547
0.153661
0.133141
0.109534
0.0833145
0.0486414
0.0194011
0.0412508
0.0545715
0.0639297
0.0710056
0.0766015
0.0811872
0.0850717
0.0884722
0.0915487
0.0944217
0.0971829
0.0999014
0.102626
0.105388
0.1082
0.111052
0.113918
0.116743
0.119453
0.121952
0.124124
0.125853
0.127025
0.127562
0.127434
0.126689
0.12546
0.123958
0.122441
0.121141
0.120227
0.119759
0.119404
0.119069
0.123481
0.142265
0.166611
0.180462
0.179039
0.166416
0.149317
0.131633
0.112168
0.0891727
0.0511443
0.0196683
0.0416711
0.0551958
0.0647072
0.0718922
0.0775646
0.082203
0.0861224
0.0895448
0.092633
0.0955089
0.0982643
0.100967
0.103664
0.106382
0.10913
0.111894
0.11464
0.11731
0.119824
0.122082
0.123974
0.125385
0.12622
0.126418
0.125981
0.124992
0.123623
0.122121
0.120761
0.119778
0.119324
0.11939
0.119564
0.120437
0.130098
0.152938
0.174057
0.182142
0.176352
0.162062
0.14602
0.13181
0.117266
0.0997654
0.0552807
0.0199091
0.0420032
0.0556976
0.0653461
0.0726327
0.0783784
0.0830682
0.0870223
0.0904666
0.0935665
0.0964453
0.0991948
0.101882
0.104551
0.107226
0.109912
0.112591
0.115223
0.117746
0.120078
0.122117
0.123754
0.124883
0.125419
0.125322
0.124619
0.123423
0.121939
0.120438
0.119212
0.118494
0.118422
0.118877
0.119438
0.122697
0.137828
0.160945
0.177224
0.180564
0.172076
0.157446
0.143214
0.1329
0.124725
0.116866
0.0620879
0.0093429
0.0175133
0.0238892
0.0283076
0.0312813
0.0331964
0.0343544
0.0350138
0.0353767
0.0355462
0.0355892
0.0355394
0.0354652
0.035439
0.0354772
0.0355404
0.0355841
0.035593
0.0355747
0.0355421
0.0355051
0.0354674
0.0354295
0.0353889
0.0353404
0.0352766
0.0351849
0.0350467
0.0348334
0.0345021
0.0339899
0.0332035
0.0320074
0.0302034
0.0274998
0.023471
0.017507
0.00928135
0.0105614
0.0222818
0.0299893
0.0351789
0.0385526
0.0406537
0.0419068
0.0426251
0.0430235
0.0432192
0.0432831
0.043258
0.0431979
0.043157
0.0431543
0.0431705
0.0431771
0.043162
0.0431286
0.0430851
0.0430385
0.0429911
0.0429422
0.0428882
0.0428223
0.0427348
0.0426101
0.0424255
0.0421474
0.0417265
0.0410923
0.0401428
0.0387311
0.0366437
0.0335638
0.0290079
0.0221621
0.0106264
0.0119054
0.0261328
0.0348706
0.0406104
0.044264
0.0464981
0.0478226
0.0485909
0.0490286
0.04926
0.0493576
0.0493664
0.0493328
0.0492983
0.0492829
0.0492782
0.0492664
0.0492385
0.0491966
0.0491465
0.0490932
0.0490381
0.0489797
0.0489134
0.0488315
0.048722
0.0485674
0.0483417
0.0480077
0.0475118
0.0467778
0.0456975
0.0441157
0.0418073
0.0384357
0.0334729
0.0259378
0.0121487
0.0132623
0.0295442
0.0390759
0.0451717
0.0489722
0.0512571
0.0526011
0.0533846
0.0538385
0.0540897
0.0542099
0.0542435
0.0542306
0.0542038
0.0541828
0.0541658
0.054142
0.0541056
0.054058
0.0540032
0.053945
0.0538837
0.0538172
0.0537403
0.0536438
0.0535148
0.0533337
0.0530724
0.0526912
0.0521336
0.0513201
0.0501388
0.0484296
0.0459604
0.0423814
0.0371296
0.0290772
0.0136114
0.0145342
0.0327663
0.0429503
0.0492673
0.0531089
0.0553711
0.0566832
0.0574435
0.0578847
0.0581326
0.0582568
0.0582999
0.0582959
0.0582708
0.0582433
0.0582153
0.0581811
0.0581371
0.0580843
0.0580254
0.0579629
0.0578963
0.0578227
0.057736
0.0576264
0.0574796
0.0572746
0.056982
0.0565599
0.0559503
0.0550718
0.0538102
0.0520032
0.0494142
0.0456837
0.0402174
0.0317513
0.014921
0.0157169
0.0358922
0.0466547
0.0531065
0.0569096
0.0590869
0.0603194
0.0610188
0.0614163
0.0616354
0.0617425
0.0617773
0.0617678
0.0617354
0.0616969
0.0616562
0.0616108
0.0615585
0.0614998
0.0614365
0.0613696
0.0612978
0.0612175
0.0611217
0.061
0.0608368
0.0606102
0.0602894
0.0598316
0.0591773
0.0582443
0.0569175
0.0550329
0.0523514
0.0485048
0.0428685
0.0340526
0.0160661
0.0168474
0.038901
0.0502496
0.0567999
0.0605128
0.0625547
0.0636637
0.0642645
0.0645869
0.0647504
0.064818
0.0648257
0.0647957
0.0647455
0.0646897
0.0646328
0.064574
0.0645115
0.0644456
0.0643768
0.0643048
0.0642276
0.0641405
0.064036
0.0639027
0.0637243
0.0634779
0.0631317
0.062642
0.0619489
0.0609696
0.0595883
0.0576405
0.0548845
0.050944
0.0451647
0.0360415
0.0170594
0.0180615
0.0417005
0.0537264
0.0603996
0.0640031
0.0658725
0.0668177
0.0672829
0.0674978
0.0675787
0.0675839
0.0675459
0.0674797
0.0674008
0.0673205
0.0672429
0.0671674
0.0670924
0.0670173
0.0669414
0.0668632
0.0667798
0.0666857
0.0665725
0.066428
0.0662352
0.0659703
0.0656009
0.0650828
0.0643554
0.0633358
0.0619082
0.0599073
0.0570889
0.0530684
0.0471631
0.0377643
0.0179183
0.0193267
0.0442327
0.0570247
0.0639161
0.067431
0.0691058
0.0698509
0.0701434
0.0702187
0.0701896
0.0701101
0.0700078
0.0698909
0.0697724
0.0696602
0.0695567
0.0694608
0.0693704
0.0692838
0.0691989
0.0691132
0.0690226
0.0689208
0.0687986
0.068643
0.0684363
0.0681541
0.0677633
0.0672193
0.0664614
0.0654064
0.0639385
0.0618916
0.059019
0.0549274
0.0489076
0.0392592
0.0186608
0.0204455
0.0464154
0.0600525
0.0673324
0.0708235
0.0722975
0.0728098
0.0728935
0.072797
0.0726318
0.0724462
0.0722617
0.0720809
0.0719127
0.0717612
0.0716266
0.0715065
0.0713977
0.0712969
0.071201
0.0711062
0.0710073
0.070897
0.0707653
0.0705986
0.0703783
0.0700795
0.0696688
0.0691011
0.0683155
0.0672289
0.0657252
0.0636375
0.0607162
0.0565599
0.0504342
0.0405586
0.019303
0.0211231
0.0482094
0.0627405
0.0706278
0.0741946
0.0754734
0.0757231
0.0755627
0.0752636
0.0749376
0.0746267
0.0743443
0.0740876
0.0738606
0.0736632
0.0734927
0.0733446
0.0732142
0.0730969
0.072988
0.0728825
0.0727739
0.0726542
0.0725124
0.0723342
0.0721006
0.0717859
0.0713563
0.0707666
0.0699557
0.0688404
0.0673043
0.0651797
0.0622139
0.0579972
0.051773
0.0416904
0.0198598
0.0211935
0.0497288
0.0651462
0.0738227
0.0775598
0.0786478
0.0786043
0.0781656
0.0776357
0.0771272
0.0766745
0.0762809
0.0759384
0.0756451
0.0753961
0.0751854
0.0750061
0.0748515
0.0747154
0.0745916
0.0744737
0.0743543
0.0742241
0.0740717
0.0738817
0.0736347
0.0733046
0.072857
0.0722467
0.0714124
0.0702707
0.068705
0.0665464
0.0635392
0.059266
0.0529498
0.042679
0.0203444
0.0219128
0.051367
0.0676047
0.0770467
0.0809574
0.0818285
0.0814543
0.0807042
0.0799186
0.0792098
0.078603
0.0780878
0.0776522
0.077287
0.0769823
0.0767281
0.076515
0.076334
0.0761772
0.0760369
0.0759053
0.0757739
0.0756325
0.0754687
0.0752667
0.0750063
0.074661
0.0741963
0.0735665
0.0727103
0.0715442
0.069951
0.0677607
0.0647147
0.0603884
0.0539868
0.0435454
0.0207688
0.0264101
0.0545105
0.0708803
0.0805992
0.0844673
0.0850234
0.0842635
0.0831691
0.0821077
0.0811862
0.0804165
0.079774
0.0792411
0.0788009
0.078438
0.0781384
0.0778897
0.0776809
0.0775021
0.077344
0.0771977
0.0770533
0.0768999
0.0767243
0.0765101
0.0762363
0.0758762
0.075395
0.0747467
0.0738699
0.0726809
0.071062
0.0688421
0.0657597
0.0613836
0.0549031
0.0443078
0.021144
0.0382396
0.0615371
0.076088
0.0849154
0.0882063
0.0882405
0.0870144
0.0855422
0.0841909
0.0830504
0.0821137
0.0813431
0.0807121
0.0801963
0.0797746
0.079429
0.0791442
0.0789069
0.0787054
0.0785289
0.078367
0.0782092
0.0780434
0.0778557
0.0776289
0.0773419
0.0769673
0.0764701
0.0758042
0.074908
0.0736974
0.0720545
0.0698068
0.0666902
0.0622677
0.0557149
0.0449821
0.0214799
0.0570076
0.0733223
0.0839418
0.0903402
0.0922752
0.0914814
0.0896832
0.0878003
0.0861513
0.0847928
0.083691
0.0827954
0.0820689
0.0814793
0.081
0.0806094
0.080289
0.0800234
0.0797991
0.079604
0.0794265
0.0792549
0.0790765
0.0788765
0.0786373
0.0783372
0.0779485
0.0774359
0.0767532
0.0758386
0.0746079
0.0729423
0.0706685
0.0675199
0.0630545
0.0564362
0.0455815
0.0217848
0.0201447
0.0423118
0.0562005
0.0660298
0.0734621
0.0793205
0.0840942
0.0881082
0.0915932
0.0947177
0.0976068
0.100353
0.103021
0.105653
0.10827
0.110869
0.11343
0.115905
0.118228
0.120313
0.12206
0.123362
0.124123
0.124277
0.123806
0.12277
0.121316
0.119684
0.118174
0.11709
0.116666
0.117023
0.11781
0.118718
0.128585
0.149558
0.168654
0.177022
0.174392
0.163338
0.149372
0.13853
0.134512
0.137869
0.146193
0.0872578
0.0205131
0.0426054
0.0566395
0.0666066
0.0741581
0.0801165
0.0849703
0.0890459
0.0925754
0.0957288
0.0986317
0.101375
0.104022
0.106611
0.109158
0.111656
0.114077
0.116369
0.118462
0.120269
0.121691
0.122628
0.122998
0.122752
0.121898
0.120527
0.118818
0.117041
0.115515
0.114553
0.114402
0.115055
0.116069
0.121173
0.141332
0.161037
0.170123
0.169966
0.162813
0.151113
0.139139
0.131663
0.131996
0.141397
0.15523
0.132463
0.020874
0.0428065
0.0568896
0.0669073
0.0745071
0.0805118
0.0854078
0.0895197
0.0930781
0.0962517
0.0991641
0.101904
0.104532
0.107081
0.109564
0.11197
0.114264
0.116394
0.118285
0.119852
0.120999
0.121636
0.12169
0.121132
0.119992
0.118383
0.116511
0.114666
0.113181
0.112386
0.112499
0.113255
0.114782
0.131832
0.156292
0.168032
0.167805
0.161349
0.151479
0.140127
0.130177
0.124939
0.126855
0.136784
0.152315
0.156136
0.0212349
0.0429633
0.0570216
0.0670147
0.0745974
0.0805949
0.0854915
0.0896086
0.0931736
0.0963516
0.0992628
0.101992
0.104596
0.107104
0.109524
0.11184
0.114015
0.115995
0.117704
0.119058
0.119967
0.12035
0.120147
0.119345
0.117995
0.116232
0.114285
0.11246
0.111112
0.110579
0.110923
0.11172
0.121151
0.149503
0.169214
0.171521
0.164245
0.153694
0.142508
0.132018
0.123895
0.120119
0.122215
0.130586
0.144112
0.156146
0.0215988
0.0431074
0.0570914
0.0670011
0.0745112
0.0804524
0.0853083
0.0893969
0.0929416
0.096103
0.0989968
0.101703
0.104274
0.106734
0.109087
0.111313
0.113373
0.11521
0.116751
0.117913
0.118614
0.118781
0.118368
0.117378
0.115883
0.114041
0.112099
0.110386
0.109285
0.109089
0.109592
0.111367
0.135662
0.166874
0.177617
0.172334
0.160476
0.14771
0.13627
0.126923
0.120406
0.1177
0.119622
0.126351
0.137274
0.150054
0.0219651
0.0432568
0.0571365
0.0669204
0.0743144
0.0801584
0.0849366
0.0889645
0.0924612
0.0955829
0.0984402
0.101108
0.103633
0.106036
0.108316
0.11045
0.112397
0.114098
0.115483
0.116472
0.11699
0.116974
0.116392
0.115264
0.11368
0.111822
0.109958
0.108445
0.107678
0.107797
0.108415
0.120212
0.15681
0.180722
0.182194
0.171432
0.156916
0.143311
0.132321
0.124217
0.119091
0.117269
0.11912
0.124759
0.133895
0.145558
0.022332
0.0434208
0.0571797
0.06681
0.074057
0.0797725
0.0844428
0.0883819
0.0918055
0.0948651
0.0976665
0.10028
0.102746
0.105082
0.107282
0.109322
0.111156
0.112728
0.113969
0.114803
0.115162
0.114993
0.114278
0.113054
0.111432
0.109613
0.10789
0.106657
0.106269
0.10663
0.108096
0.137448
0.176063
0.189512
0.183753
0.169444
0.153677
0.140138
0.12998
0.123083
0.119133
0.118064
0.119988
0.124982
0.132898
0.143021
0.0226973
0.043603
0.057234
0.0666942
0.0737746
0.0793401
0.0838804
0.0877088
0.0910382
0.0940164
0.0967447
0.0992883
0.101684
0.103944
0.106059
0.108001
0.109727
0.111177
0.112285
0.112981
0.113204
0.11291
0.112095
0.110812
0.109193
0.107459
0.105931
0.105024
0.104989
0.105539
0.115047
0.159981
0.190367
0.194162
0.18319
0.166806
0.150746
0.137801
0.128623
0.12281
0.119819
0.119367
0.121417
0.125993
0.13295
0.14153
0.0230586
0.043804
0.0573054
0.0665879
0.0734915
0.0788944
0.0832903
0.0869926
0.0902123
0.0930942
0.0957354
0.0981973
0.100512
0.102689
0.104715
0.10656
0.108179
0.109515
0.110503
0.111078
0.111185
0.110791
0.109905
0.108597
0.107016
0.105406
0.104121
0.103558
0.103786
0.104607
0.134195
0.180701
0.199511
0.195693
0.181197
0.163806
0.148063
0.135976
0.127782
0.122893
0.120656
0.120681
0.122836
0.127077
0.133188
0.140306
0.0234141
0.0440227
0.0573959
0.0664997
0.0732235
0.0784585
0.0827026
0.0862697
0.0893698
0.092145
0.0946893
0.0970606
0.0992877
0.101376
0.10331
0.105059
0.106577
0.107807
0.108687
0.109156
0.109167
0.108696
0.107765
0.106459
0.104945
0.103487
0.102473
0.102245
0.102693
0.106956
0.156718
0.196151
0.204466
0.19504
0.178305
0.160639
0.145566
0.134432
0.127149
0.123024
0.121364
0.121734
0.123936
0.12785
0.133167
0.138945
0.0237619
0.0442575
0.0575053
0.0664333
0.0729797
0.0780473
0.0821377
0.0855661
0.0885416
0.0912044
0.0936461
0.0959214
0.0980564
0.100054
0.101897
0.103552
0.104974
0.106106
0.10689
0.107269
0.107201
0.106673
0.105718
0.104437
0.103012
0.101732
0.100992
0.101025
0.101569
0.124242
0.180166
0.206828
0.206494
0.192956
0.174893
0.157429
0.143205
0.13302
0.126549
0.123046
0.12182
0.122421
0.124605
0.128179
0.132753
0.137348
0.024101
0.0445061
0.0576321
0.0663903
0.0727652
0.0776698
0.0816093
0.0848998
0.0877498
0.0902985
0.0926351
0.0948123
0.0968538
0.0987602
0.100513
0.102078
0.10341
0.104453
0.105152
0.105454
0.105323
0.104755
0.103795
0.102556
0.101238
0.100158
0.0996865
0.0999192
0.101017
0.145665
0.197211
0.212775
0.206135
0.189856
0.171188
0.154244
0.140943
0.131656
0.125894
0.122896
0.121993
0.122736
0.124848
0.128078
0.131972
0.135555
0.0244302
0.0447669
0.0577744
0.0663703
0.072582
0.0773311
0.0811254
0.0842819
0.0870091
0.0894448
0.0916769
0.0937564
0.095705
0.097522
0.0991877
0.100668
0.101916
0.102879
0.103503
0.103739
0.103559
0.102966
0.102014
0.100831
0.0996319
0.0987571
0.0985334
0.0989669
0.104311
0.1691
0.209485
0.215544
0.204235
0.186166
0.16738
0.151138
0.138763
0.130302
0.125156
0.12257
0.121908
0.122729
0.124734
0.127625
0.130912
0.133648
0.0247493
0.0450385
0.0579304
0.0663724
0.0724308
0.0770334
0.0806903
0.0837191
0.0863281
0.0886543
0.0907846
0.0927685
0.0946267
0.0963571
0.0979395
0.099339
0.10051
0.101401
0.10196
0.102142
0.101925
0.101318
0.100387
0.0992706
0.0981997
0.0975224
0.0974951
0.0980384
0.125135
0.192043
0.218504
0.216482
0.201471
0.182208
0.1636
0.148142
0.136661
0.128949
0.124338
0.122093
0.121612
0.122468
0.124344
0.126914
0.129668
0.131704
0.0250582
0.0453203
0.0580987
0.0663957
0.072311
0.0767774
0.0803059
0.0832146
0.0857116
0.0879332
0.0899656
0.0918573
0.0936283
0.0952758
0.0967793
0.0981038
0.0992045
0.100031
0.100533
0.100671
0.100425
0.099815
0.0989147
0.0978744
0.0969433
0.0964558
0.096582
0.0973939
0.149848
0.207913
0.223418
0.215525
0.197964
0.178085
0.159898
0.145272
0.134636
0.127602
0.12346
0.121502
0.121161
0.122022
0.123761
0.126033
0.128322
0.129781
0.0253577
0.0456126
0.0582789
0.0664395
0.0722225
0.0765631
0.0799728
0.0827697
0.0851614
0.0872839
0.0892229
0.0910264
0.092714
0.0942826
0.0957116
0.0969664
0.0980028
0.0987717
0.0992255
0.099327
0.0990621
0.0984561
0.0975931
0.096634
0.095849
0.0955419
0.0958308
0.098551
0.171224
0.218139
0.225154
0.213157
0.193973
0.173925
0.156325
0.142541
0.132698
0.126276
0.122549
0.120837
0.120604
0.121452
0.123053
0.12505
0.126937
0.127917
0.02565
0.0459174
0.0584717
0.0665042
0.0721653
0.0763906
0.0796913
0.0823845
0.0846778
0.0867068
0.0885569
0.0902761
0.091884
0.0933774
0.0947361
0.095926
0.0969038
0.0976217
0.0980341
0.098107
0.0978303
0.0972358
0.0964155
0.0955403
0.0948937
0.0947474
0.0952639
0.108695
0.193893
0.226623
0.225854
0.210318
0.189885
0.16987
0.152922
0.139959
0.130855
0.12499
0.121633
0.120134
0.119988
0.12081
0.122274
0.124021
0.125554
0.126136
0.025939
0.0462394
0.0586797
0.0665914
0.0721405
0.0762608
0.0794614
0.0820589
0.0842601
0.0862006
0.087966
0.0896044
0.0911356
0.0925571
0.0938491
0.0949783
0.0959024
0.0965751
0.0969526
0.0970037
0.0967225
0.0961462
0.095374
0.0945868
0.0940682
0.0940388
0.0945363
0.144337
0.214148
0.233314
0.225706
0.207126
0.185757
0.165941
0.149692
0.13753
0.129115
0.12376
0.120737
0.119426
0.119348
0.120135
0.121465
0.122981
0.124204
0.124448
0.0262315
0.046587
0.0589085
0.0667053
0.0721511
0.0761754
0.0792843
0.0817928
0.0839074
0.0857637
0.0874475
0.0890077
0.0904645
0.0918164
0.0930442
0.094116
0.0949905
0.0956229
0.0959713
0.0960068
0.0957274
0.0951756
0.0944571
0.0937647
0.0933704
0.0934588
0.0943797
0.166227
0.225413
0.235841
0.223708
0.20322
0.181475
0.162103
0.146626
0.135251
0.127488
0.122603
0.119883
0.118737
0.118713
0.119458
0.120656
0.121957
0.122903
0.122857
0.0265392
0.0469752
0.0591681
0.0668533
0.0722026
0.0761382
0.0791619
0.0815869
0.083619
0.085394
0.0869984
0.0884817
0.0898652
0.0911484
0.0923136
0.0933299
0.0941579
0.0947541
0.0950783
0.095104
0.0948322
0.0943097
0.093649
0.093056
0.0927827
0.0930096
0.095439
0.183549
0.231316
0.235246
0.22027
0.198795
0.177127
0.158388
0.143732
0.133131
0.125984
0.121535
0.11909
0.118088
0.118104
0.118798
0.119866
0.120965
0.12166
0.121362
0.02688
0.047429
0.0594757
0.0670475
0.0723035
0.0761547
0.0790975
0.0814424
0.0833945
0.0850899
0.0866155
0.088022
0.0893318
0.090546
0.0916483
0.0926098
0.0933928
0.0939559
0.0942606
0.094282
0.0940235
0.0935354
0.0929354
0.0924383
0.0922827
0.0927252
0.102332
0.203138
0.237275
0.234598
0.216808
0.194431
0.172922
0.154863
0.141031
0.131179
0.124614
0.120569
0.118373
0.117496
0.117536
0.118172
0.119108
0.120015
0.120478
0.119956
0.0272813
0.0479845
0.0598554
0.0673047
0.0724653
0.0762325
0.0790954
0.0813613
0.0832341
0.0848498
0.086296
0.0876243
0.0888587
0.0900016
0.0910392
0.0919447
0.0926829
0.0932147
0.0935038
0.0935269
0.0932886
0.0928412
0.0923055
0.0918973
0.0918409
0.0924434
0.134402
0.224734
0.244471
0.234694
0.213673
0.190244
0.168881
0.151534
0.138534
0.12941
0.123394
0.119721
0.117747
0.116973
0.117023
0.11759
0.118392
0.119112
0.119358
0.118634
0.0277848
0.0486846
0.0603366
0.0676443
0.0727006
0.0763792
0.0791599
0.0813455
0.083138
0.0846728
0.0860377
0.0872853
0.0884408
0.0895089
0.090478
0.0913245
0.0920161
0.0925169
0.0927933
0.0928239
0.0926142
0.0922163
0.0917519
0.09143
0.0914495
0.0920472
0.173001
0.239647
0.248722
0.233385
0.209822
0.185779
0.16487
0.148363
0.136231
0.127828
0.122338
0.119007
0.117224
0.11653
0.11657
0.117057
0.117719
0.118255
0.118296
0.117388
0.0284597
0.0495573
0.0609423
0.0680835
0.0730208
0.0766012
0.0792938
0.0813956
0.0831056
0.0845574
0.0858387
0.0870022
0.0880749
0.0890632
0.0899587
0.0907412
0.0913825
0.0918507
0.0921159
0.0921593
0.091987
0.0916495
0.0912676
0.0910377
0.0911575
0.0923504
0.189167
0.244641
0.247236
0.228878
0.204429
0.180745
0.160755
0.145301
0.134108
0.126432
0.121446
0.118429
0.116813
0.116173
0.116183
0.116576
0.117092
0.117445
0.117289
0.11621
0.0293581
0.0506245
0.0616938
0.0686288
0.0734311
0.0769004
0.0794967
0.0815102
0.0831351
0.0845022
0.0856976
0.0867742
0.0877598
0.0886634
0.0894795
0.090192
0.0907779
0.0912102
0.0914641
0.0915243
0.0913978
0.091132
0.0908441
0.0907153
0.0909603
0.0936675
0.199724
0.243847
0.241444
0.221797
0.197788
0.175247
0.156596
0.14238
0.132184
0.125232
0.120725
0.117991
0.116513
0.115903
0.115863
0.116146
0.116509
0.116678
0.116332
0.115094
0.0304093
0.0519576
0.0626363
0.0693041
0.0739235
0.0772676
0.0797605
0.0816826
0.0832216
0.0845039
0.0856132
0.0866017
0.0874979
0.0883132
0.0890453
0.089683
0.0902083
0.0906009
0.0908419
0.0909213
0.0908479
0.0906647
0.0904792
0.0904629
0.0909049
0.0998307
0.212596
0.242619
0.234726
0.214039
0.190813
0.16972
0.152593
0.139692
0.1305
0.124245
0.120181
0.117696
0.116324
0.115717
0.115608
0.115766
0.115965
0.115949
0.115418
0.114031
0.0316802
0.0536357
0.063796
0.0701193
0.0745018
0.0776833
0.0800638
0.0818951
0.0833516
0.0845534
0.0855806
0.0864841
0.0872932
0.088021
0.0886691
0.0892306
0.0896937
0.0900448
0.0902722
0.0903724
0.0903576
0.0902656
0.0901858
0.0902788
0.0909684
0.129144
0.231058
0.243506
0.229103
0.206832
0.184212
0.164541
0.148936
0.137326
0.129096
0.123489
0.11982
0.117542
0.116243
0.115612
0.115411
0.115429
0.115456
0.115253
0.114542
0.113016
0.0345437
0.0562093
0.0652653
0.0711271
0.0751864
0.0781526
0.0803892
0.0821236
0.0835026
0.0846323
0.0855872
0.0864158
0.0871476
0.0877976
0.0883706
0.0888644
0.0892728
0.0895888
0.0898076
0.0899321
0.0899793
0.0899816
0.0900034
0.0901788
0.0907857
0.183186
0.243997
0.242545
0.223134
0.199811
0.178002
0.159813
0.145711
0.135336
0.127999
0.122976
0.119647
0.117531
0.116266
0.115583
0.115268
0.11513
0.114975
0.114581
0.113695
0.112042
0.0365604
0.0574819
0.0670645
0.0722589
0.0759913
0.0787251
0.0807824
0.0823878
0.0836788
0.0847399
0.0856331
0.0864017
0.0870743
0.0876667
0.0881859
0.0886334
0.0890066
0.0893033
0.0895229
0.0896727
0.0897743
0.089863
0.089994
0.0903972
0.0919844
0.197534
0.240583
0.234378
0.214301
0.191994
0.171885
0.155488
0.14294
0.13375
0.127228
0.122715
0.119663
0.117658
0.116388
0.115621
0.115169
0.11486
0.114514
0.113927
0.11287
0.1111
0.0361927
0.0578596
0.0672348
0.0723454
0.07612
0.0791523
0.0811795
0.0826894
0.083899
0.0848975
0.0857378
0.0864599
0.0870914
0.0876477
0.0881371
0.0885626
0.0889244
0.0892222
0.0894572
0.0896377
0.0897894
0.089958
0.0902232
0.0917217
0.101736
0.20396
0.227473
0.220436
0.202914
0.183469
0.165922
0.151623
0.140666
0.132595
0.1268
0.122712
0.119868
0.117918
0.116601
0.115718
0.115106
0.11461
0.114066
0.113286
0.112061
0.110183
0.0357076
0.0577446
0.0664771
0.073232
0.0775835
0.0801511
0.0814231
0.082803
0.0839712
0.0849526
0.0857871
0.0865101
0.0871485
0.0877169
0.0882279
0.0886904
0.0891144
0.0895096
0.089906
0.0903516
0.0909622
0.0915496
0.0913521
0.099732
0.165907
0.207929
0.215213
0.206836
0.19183
0.175478
0.160639
0.148438
0.138982
0.13191
0.126726
0.122967
0.120255
0.118302
0.116893
0.115862
0.115067
0.11437
0.11362
0.112647
0.111263
0.109287
0.0351293
0.0565432
0.0655962
0.0729146
0.0783064
0.081952
0.0844285
0.0862614
0.0876744
0.0888836
0.0901524
0.0916054
0.0932438
0.0952116
0.0975476
0.100486
0.104143
0.108208
0.113008
0.118659
0.125455
0.134012
0.145844
0.165634
0.195506
0.210057
0.207623
0.197106
0.183302
0.169216
0.156602
0.146178
0.137983
0.131724
0.127009
0.12347
0.120808
0.118791
0.117246
0.116035
0.115036
0.114126
0.113167
0.112004
0.110468
0.108406
0.0347605
0.0549846
0.0652065
0.0727585
0.0786535
0.0831693
0.0865939
0.0892463
0.0914569
0.0935719
0.0958499
0.0984452
0.101441
0.104936
0.109018
0.113825
0.119454
0.125917
0.133445
0.142252
0.152677
0.165202
0.180185
0.196474
0.209365
0.211144
0.203301
0.191104
0.177772
0.165115
0.154072
0.144962
0.137706
0.132034
0.127626
0.124192
0.121496
0.119356
0.117634
0.116216
0.114996
0.113864
0.112695
0.111346
0.10967
0.107533
0.0346883
0.0542445
0.0654019
0.0732176
0.0794002
0.0844273
0.0885535
0.0920431
0.0951927
0.0982968
0.101588
0.105246
0.109399
0.114153
0.119595
0.125817
0.132901
0.14093
0.150058
0.160436
0.172176
0.185131
0.198331
0.209241
0.214039
0.210304
0.200192
0.187468
0.174624
0.16295
0.152965
0.144738
0.138099
0.132784
0.128524
0.125084
0.122276
0.11996
0.118025
0.116376
0.114923
0.113565
0.112189
0.110665
0.108861
0.106665
0.0349364
0.0544729
0.0661372
0.0741415
0.0805307
0.0859382
0.0906298
0.0948271
0.0987649
0.102684
0.106808
0.111319
0.116357
0.122033
0.128429
0.135611
0.143631
0.152537
0.162369
0.173109
0.184562
0.19611
0.206354
0.212999
0.213686
0.207828
0.197387
0.185128
0.173052
0.16221
0.15297
0.145307
0.139023
0.13387
0.129617
0.126073
0.123089
0.120554
0.118379
0.116486
0.114794
0.113214
0.111639
0.109952
0.108035
0.105796
0.0354345
0.0553247
0.0672533
0.0753561
0.0818634
0.0875251
0.0926303
0.0973674
0.101926
0.106502
0.11129
0.116457
0.122143
0.128453
0.135457
0.143197
0.151683
0.160892
0.170747
0.181059
0.191412
0.201
0.208498
0.212229
0.210886
0.204536
0.194725
0.183483
0.172394
0.162353
0.153691
0.146389
0.140276
0.135141
0.13079
0.12707
0.123863
0.121081
0.118653
0.116511
0.114585
0.112791
0.111031
0.109198
0.107188
0.104922
0.0359673
0.0564801
0.0685938
0.0767487
0.0832987
0.089083
0.0944364
0.0995393
0.104545
0.10961
0.114892
0.120537
0.126669
0.133379
0.140717
0.148698
0.157285
0.166387
0.175832
0.185313
0.194316
0.202043
0.207421
0.209331
0.207101
0.201002
0.192203
0.18218
0.172158
0.1629
0.154731
0.147679
0.141629
0.136423
0.131911
0.127974
0.124521
0.121483
0.118802
0.11642
0.114272
0.112281
0.110356
0.108398
0.106315
0.104041
0.0363656
0.057653
0.0699898
0.0782154
0.0847772
0.0905953
0.0960578
0.101359
0.106635
0.112012
0.117617
0.123569
0.129967
0.13688
0.144339
0.152323
0.160759
0.169501
0.178314
0.186838
0.194549
0.200753
0.204643
0.205503
0.203012
0.197481
0.189773
0.180958
0.171976
0.163463
0.15574
0.148887
0.142854
0.137541
0.132846
0.128683
0.124985
0.121702
0.118784
0.116182
0.113835
0.111671
0.109605
0.107547
0.105414
0.103154
0.0366009
0.0586865
0.0712976
0.0796393
0.0862221
0.0920298
0.0975053
0.10287
0.108261
0.113788
0.119553
0.12565
0.132152
0.139106
0.146516
0.154335
0.162457
0.170704
0.17881
0.186406
0.193013
0.198062
0.200967
0.201278
0.198859
0.193991
0.187313
0.179598
0.171565
0.163742
0.156436
0.149768
0.143749
0.138336
0.133471
0.129103
0.125187
0.121687
0.118564
0.115773
0.113259
0.110952
0.108775
0.106644
0.104487
0.102259
0.0366794
0.0595102
0.0724194
0.0809164
0.0875441
0.0933293
0.0987619
0.104096
0.109481
0.115023
0.120807
0.126906
0.133373
0.140231
0.147461
0.154995
0.162707
0.1704
0.177805
0.184572
0.190284
0.19449
0.196768
0.196835
0.194642
0.190427
0.184659
0.177902
0.170708
0.163513
0.156604
0.150132
0.144154
0.138678
0.133687
0.129159
0.125072
0.121401
0.118116
0.115178
0.112534
0.11012
0.107865
0.105692
0.103536
0.10136
0.0366174
0.060099
0.0732969
0.0819676
0.0886609
0.0944264
0.0997891
0.105034
0.110327
0.115779
0.121468
0.127452
0.133768
0.140418
0.147368
0.154536
0.161781
0.168906
0.175651
0.1817
0.1867
0.190296
0.192182
0.192174
0.190262
0.186638
0.181649
0.17571
0.169247
0.162622
0.156101
0.149849
0.143961
0.13848
0.133426
0.128802
0.124604
0.12082
0.117426
0.114388
0.111659
0.109178
0.10688
0.104695
0.102565
0.10046
0.0364347
0.0604538
0.073904
0.0827436
0.0895109
0.0952618
0.100543
0.105665
0.11081
0.116098
0.121605
0.127382
0.133453
0.13981
0.146406
0.153149
0.159898
0.16646
0.172594
0.178022
0.18245
0.185594
0.187228
0.187227
0.185596
0.182483
0.178149
0.172907
0.167084
0.160985
0.154851
0.148855
0.143113
0.137698
0.132655
0.128009
0.123771
0.119938
0.116494
0.113409
0.11064
0.108134
0.105828
0.103661
0.101582
0.0995655
0.0361515
0.0605901
0.0742392
0.0832237
0.0900594
0.0957958
0.10099
0.105969
0.110932
0.116004
0.121268
0.12677
0.132527
0.138525
0.144711
0.15099
0.157226
0.163236
0.168804
0.173687
0.177637
0.180429
0.18189
0.181926
0.180547
0.177867
0.174082
0.169438
0.164184
0.158578
0.152839
0.147138
0.141605
0.13633
0.131377
0.126787
0.122581
0.118767
0.115332
0.112254
0.109492
0.107
0.104721
0.102601
0.100595
0.0986816
0.0357864
0.0605319
0.0743185
0.0834114
0.0902976
0.0960122
0.101114
0.105938
0.110696
0.115521
0.120499
0.125678
0.131072
0.136665
0.142402
0.148192
0.153906
0.159377
0.164412
0.168802
0.172338
0.174837
0.176159
0.176234
0.17507
0.172754
0.169436
0.165311
0.160572
0.155438
0.150106
0.144742
0.139477
0.134414
0.129627
0.125167
0.121065
0.117333
0.113966
0.110944
0.108235
0.105794
0.103574
0.101527
0.0996129
0.0978154
0.0353567
0.0603074
0.0741692
0.0833278
0.0902383
0.095917
0.100918
0.105579
0.110118
0.114675
0.119342
0.124166
0.129165
0.134322
0.139586
0.144873
0.150063
0.155007
0.159536
0.163469
0.166629
0.168865
0.170064
0.170168
0.16918
0.167169
0.164252
0.160587
0.156325
0.151651
0.146741
0.14175
0.136808
0.13202
0.127467
0.123204
0.119269
0.115678
0.11243
0.109511
0.106893
0.104539
0.102405
0.100452
0.0986465
0.0969739
0.0348786
0.059947
0.0738258
0.0830065
0.0899109
0.0955353
0.100424
0.104915
0.109227
0.113506
0.117846
0.122299
0.126886
0.131591
0.136371
0.141149
0.145819
0.150249
0.154293
0.157794
0.160604
0.162595
0.163674
0.16379
0.162947
0.161194
0.158627
0.155373
0.151563
0.147341
0.142865
0.138277
0.133701
0.129241
0.124977
0.120967
0.117252
0.11385
0.110766
0.107989
0.105496
0.103255
0.101232
0.0993909
0.0977054
0.0961638
0.0343663
0.0594807
0.0733261
0.082488
0.089356
0.094906
0.0996712
0.103984
0.108066
0.112063
0.116072
0.120149
0.124317
0.128568
0.132863
0.137137
0.141297
0.145231
0.148809
0.151901
0.154379
0.156137
0.157094
0.15721
0.156483
0.154953
0.152697
0.149817
0.146434
0.142656
0.13862
0.134456
0.130278
0.126183
0.122249
0.118535
0.11508
0.111906
0.10902
0.106415
0.104072
0.101968
0.100072
0.0983564
0.096799
0.0953912
0.0338326
0.0589363
0.0727071
0.0818149
0.0886191
0.0940758
0.0987067
0.102838
0.106688
0.110405
0.114086
0.117791
0.121546
0.125349
0.129171
0.132956
0.136624
0.140081
0.143217
0.14592
0.148084
0.149618
0.150456
0.15056
0.14993
0.148596
0.146619
0.144088
0.141104
0.137756
0.134159
0.130427
0.126663
0.122956
0.119379
0.115988
0.112821
0.109901
0.107236
0.104824
0.102652
0.100699
0.0989427
0.0973607
0.0959356
0.0946615
0.0332887
0.0583385
0.0720031
0.0810286
0.0877462
0.0930943
0.0975823
0.10153
0.105152
0.108595
0.111958
0.115302
0.11866
0.122033
0.125402
0.128719
0.131922
0.134929
0.137648
0.139987
0.141855
0.143178
0.143898
0.143985
0.143436
0.142276
0.140554
0.138343
0.135729
0.132796
0.129628
0.126325
0.122979
0.119668
0.116459
0.113404
0.110539
0.107887
0.105458
0.103252
0.10126
0.0994682
0.0978586
0.0964141
0.0951221
0.0939787
0.0327436
0.0577087
0.0712448
0.0801674
0.0867817
0.0920098
0.0963503
0.100115
0.103516
0.106696
0.109756
0.11276
0.115742
0.118711
0.121653
0.124535
0.127303
0.129891
0.132225
0.134226
0.135821
0.136947
0.137556
0.137623
0.137144
0.13614
0.13465
0.132735
0.130465
0.12792
0.125161
0.122273
0.119334
0.116414
0.113572
0.110854
0.108294
0.105913
0.103724
0.101728
0.0999214
0.0982934
0.0968321
0.095525
0.0943635
0.0933458
0.0322033
0.0570643
0.0704585
0.0792651
0.0857653
0.090867
0.0950587
0.0986458
0.101834
0.104768
0.107545
0.110232
0.112866
0.115462
0.118013
0.120494
0.122865
0.125072
0.127054
0.128748
0.130095
0.131041
0.131548
0.131595
0.131178
0.130313
0.129034
0.127389
0.125437
0.123246
0.12087
0.118373
0.115822
0.113276
0.110788
0.108396
0.106133
0.104019
0.102066
0.100278
0.0986536
0.0971878
0.0958724
0.0946994
0.0936633
0.0927642
0.0316722
0.0564187
0.0696654
0.0783494
0.08473
0.0897032
0.0937487
0.0971656
0.100156
0.102861
0.105378
0.107776
0.110095
0.112353
0.114551
0.116672
0.118686
0.120551
0.122219
0.123639
0.124763
0.125549
0.125965
0.125994
0.125632
0.124893
0.123803
0.122402
0.120739
0.118866
0.116841
0.114705
0.112513
0.110317
0.108159
0.106076
0.104095
0.102234
0.100507
0.0989185
0.0974707
0.0961612
0.094986
0.0939408
0.0930231
0.0922343
0.0311546
0.055782
0.0688812
0.0774409
0.0837015
0.0885481
0.0924532
0.0957105
0.0985182
0.101015
0.103299
0.105439
0.107476
0.109434
0.111319
0.113122
0.114821
0.116386
0.117778
0.118959
0.119888
0.120534
0.120871
0.120885
0.120573
0.119946
0.119025
0.117841
0.116435
0.11485
0.113134
0.111323
0.109458
0.107579
0.105726
0.103926
0.102206
0.100581
0.0990645
0.0976635
0.0963815
0.0952194
0.0941762
0.0932507
0.0924429
0.0917554
0.0306545
0.0551622
0.0681173
0.0765551
0.0826984
0.0874237
0.0911971
0.0943077
0.0969503
0.0992618
0.101339
0.103251
0.105042
0.106739
0.108352
0.10988
0.111307
0.112612
0.113766
0.11474
0.115503
0.11603
0.1163
0.116302
0.116035
0.115506
0.114733
0.113741
0.112562
0.111231
0.109785
0.108261
0.106685
0.105091
0.10351
0.101966
0.100481
0.0990716
0.0977483
0.0965196
0.0953907
0.0943649
0.0934437
0.0926285
0.0919213
0.0913256
0.0301749
0.0545652
0.0673821
0.0757029
0.0817347
0.0863463
0.0899985
0.0929767
0.0954726
0.0976212
0.099519
0.101234
0.102813
0.104286
0.105667
0.10696
0.108155
0.10924
0.110194
0.110993
0.111616
0.112043
0.112258
0.112253
0.112025
0.111583
0.110938
0.110112
0.109129
0.108018
0.106809
0.105531
0.104208
0.102863
0.101521
0.100204
0.0989292
0.0977114
0.0965617
0.0954887
0.0944989
0.0935971
0.0927871
0.0920722
0.0914559
0.0909424
0.0297167
0.0539951
0.0666816
0.0748923
0.0808199
0.0853269
0.0888696
0.09173
0.0940974
0.0961051
0.0978486
0.0993965
0.100797
0.102081
0.103267
0.104362
0.105365
0.106266
0.107052
0.107708
0.108215
0.10856
0.108731
0.10872
0.108529
0.108161
0.107626
0.106942
0.106128
0.105205
0.104198
0.10313
0.102023
0.100893
0.0997585
0.0986385
0.0975477
0.0964991
0.0955032
0.0945689
0.0937035
0.0929131
0.0922032
0.0915783
0.0910433
0.0906026
0.0292797
0.0534537
0.0660195
0.0741284
0.0799603
0.0843723
0.0878173
0.0905743
0.0928306
0.0947179
0.096331
0.0977384
0.098989
0.100116
0.101141
0.102074
0.102918
0.10367
0.104319
0.104857
0.105271
0.10555
0.105686
0.105674
0.105514
0.10521
0.104769
0.104205
0.103532
0.102769
0.101933
0.101043
0.100117
0.0991693
0.0982127
0.097262
0.0963302
0.0954286
0.0945673
0.093755
0.0929997
0.0923083
0.0916874
0.0911426
0.0906795
0.0903029
0.0288639
0.0529418
0.0653972
0.0734132
0.0791584
0.0834854
0.0868442
0.0895114
0.0916726
0.0934582
0.0949623
0.0962535
0.0973812
0.0983802
0.0992738
0.100076
0.100791
0.101422
0.101962
0.102406
0.102745
0.102973
0.103083
0.103071
0.102939
0.102688
0.102326
0.101863
0.101309
0.100678
0.0999849
0.0992442
0.0984699
0.097675
0.0968683
0.0960615
0.0952656
0.0944906
0.0937459
0.09304
0.0923811
0.0917768
0.0912344
0.0907602
0.0903603
0.0900395
0.0284699
0.0524595
0.0648148
0.0727469
0.0784145
0.0826661
0.0859494
0.0885394
0.09062
0.0923207
0.0937348
0.094931
0.095959
0.0968548
0.0976432
0.09834
0.098954
0.0994884
0.0999423
0.100312
0.100594
0.100782
0.100872
0.100863
0.100755
0.10055
0.100254
0.0998728
0.0994168
0.098896
0.0983216
0.0977048
0.0970568
0.0963881
0.095707
0.0950214
0.0943407
0.0936738
0.0930292
0.0924154
0.0918404
0.0913122
0.0908385
0.0904261
0.0900813
0.0898089
0.0280981
0.0520069
0.0642718
0.0721289
0.0777273
0.0819126
0.0851304
0.0876544
0.0896674
0.0912978
0.0926386
0.0937581
0.0947064
0.0955201
0.0962254
0.0968396
0.0973738
0.0978333
0.0982201
0.0985332
0.0987702
0.0989284
0.0990055
0.0990003
0.0989132
0.0987464
0.0985039
0.0981914
0.0978159
0.0973854
0.0969085
0.0963939
0.0958503
0.095286
0.094709
0.0941248
0.0935412
0.0929659
0.0924069
0.0918722
0.0913698
0.0909078
0.0904939
0.0901353
0.0898382
0.0896075
0.0277484
0.0515841
0.0637678
0.0715579
0.0770951
0.0812223
0.0843838
0.0868518
0.0888085
0.0903814
0.0916629
0.0927212
0.0936065
0.094356
0.0949964
0.0955466
0.096019
0.0964211
0.0967564
0.0970262
0.0972298
0.0973663
0.0974344
0.0974339
0.0973652
0.0972303
0.0970324
0.0967759
0.0964662
0.0961094
0.0957122
0.0952814
0.0948237
0.0943458
0.0938543
0.0933547
0.0928526
0.0923548
0.0918687
0.0914018
0.0909619
0.0905571
0.090195
0.0898829
0.089627
0.089432
0.0274201
0.0511905
0.0633018
0.0710326
0.0765159
0.0805927
0.0837058
0.0861268
0.0880369
0.0895631
0.0907974
0.0918074
0.0926435
0.0933431
0.0939336
0.0944348
0.0948602
0.0952186
0.0955152
0.0957526
0.0959317
0.0960527
0.0961154
0.09612
0.0960673
0.0959591
0.0957978
0.095587
0.0953308
0.095034
0.0947018
0.0943395
0.0939523
0.0935457
0.0931249
0.0926953
0.0922613
0.0918288
0.0914045
0.0909955
0.0906094
0.0902538
0.0899365
0.0896646
0.0894441
0.0892794
0.0271129
0.0508256
0.0628729
0.0705516
0.075988
0.0800212
0.0830932
0.0854749
0.0873468
0.0888354
0.0900322
0.0910045
0.0918026
0.092464
0.0930166
0.0934808
0.0938708
0.0941965
0.0944643
0.0946779
0.0948393
0.0949497
0.0950095
0.0950196
0.0949808
0.0948947
0.0947635
0.0945899
0.0943772
0.0941293
0.0938499
0.0935435
0.0932141
0.0928661
0.0925038
0.0921319
0.091755
0.0913774
0.0910055
0.0906459
0.0903058
0.0899925
0.0897138
0.0894763
0.0892861
0.0891471
0.0268263
0.0504886
0.0624801
0.0701138
0.0755099
0.0795059
0.0825432
0.0848923
0.0867331
0.0881917
0.0893589
0.090302
0.0910711
0.0917036
0.0922278
0.0926642
0.093028
0.0933296
0.0935763
0.0937727
0.0939216
0.094025
0.0940839
0.0940993
0.0940725
0.0940049
0.0938983
0.093755
0.0935777
0.0933693
0.093133
0.0928721
0.0925899
0.0922901
0.0919763
0.0916525
0.0913228
0.0909914
0.0906638
0.0903462
0.0900453
0.0897684
0.0895226
0.0893146
0.0891501
0.0890327
0.0265591
0.0501791
0.0621231
0.069719
0.0750811
0.0790457
0.0820541
0.0843762
0.0861918
0.0876264
0.0887707
0.0896914
0.0904385
0.0910494
0.0915524
0.0919684
0.0923129
0.092597
0.0928284
0.0930126
0.093153
0.0932519
0.093311
0.0933317
0.0933151
0.0932629
0.0931764
0.0930578
0.0929091
0.0927328
0.0925314
0.0923075
0.092064
0.0918038
0.09153
0.091246
0.0909555
0.0906629
0.0903727
0.0900906
0.0898232
0.0895772
0.0893595
0.0891766
0.0890337
0.0889342
0.0263095
0.0498971
0.0618027
0.069368
0.0747022
0.0786409
0.0816251
0.0839251
0.0857203
0.087136
0.0882625
0.0891661
0.0898967
0.0904917
0.0909791
0.0913802
0.0917107
0.0919821
0.0922026
0.0923782
0.0925127
0.092609
0.0926691
0.0926945
0.0926867
0.0926471
0.0925771
0.0924784
0.0923529
0.0922025
0.0920293
0.0918356
0.0916236
0.0913958
0.0911549
0.0909039
0.0906461
0.0903857
0.0901268
0.0898747
0.0896355
0.0894156
0.0892217
0.0890598
0.088935
0.0888503
0.0260761
0.0496443
0.0615219
0.0690639
0.0743758
0.0782931
0.0812576
0.0835394
0.0853181
0.0867188
0.0878314
0.0887222
0.0894404
0.0900235
0.0904995
0.0908898
0.0912101
0.0914723
0.0916851
0.0918545
0.0919851
0.0920798
0.0921411
0.0921708
0.0921702
0.0921409
0.0920841
0.0920015
0.0918946
0.0917651
0.0916147
0.0914453
0.0912588
0.0910574
0.0908434
0.0906195
0.0903888
0.0901548
0.089922
0.0896949
0.0894793
0.0892813
0.0891071
0.0889626
0.0888525
0.0887796
0.0258599
0.0494252
0.0612861
0.0688121
0.0741069
0.0780069
0.0809549
0.0832217
0.0849869
0.0863756
0.0874773
0.088358
0.089067
0.0896411
0.0901086
0.0904907
0.0908035
0.091059
0.0912659
0.0914309
0.0915585
0.0916523
0.0917148
0.0917478
0.0917531
0.0917319
0.0916858
0.0916159
0.0915238
0.0914109
0.0912787
0.0911287
0.0909628
0.0907826
0.0905904
0.0903885
0.0901797
0.0899674
0.0897557
0.089549
0.0893527
0.0891725
0.0890144
0.0888838
0.0887853
0.0887214
0.025667
0.0492497
0.0611054
0.0686221
0.0739039
0.0777897
0.0807237
0.0829777
0.0847315
0.0861099
0.0872026
0.0880751
0.0887765
0.0893435
0.0898042
0.0901798
0.0904865
0.0907365
0.0909388
0.0911001
0.0912253
0.0913182
0.0913814
0.091417
0.0914266
0.0914118
0.0913738
0.0913139
0.0912334
0.0911335
0.0910155
0.0908809
0.0907311
0.0905678
0.0903927
0.0902082
0.0900168
0.0898217
0.0896267
0.0894361
0.0892549
0.0890886
0.0889428
0.0888229
0.0887329
0.0886753
0.0255098
0.0491346
0.0609961
0.0685086
0.0737806
0.0776539
0.0805751
0.082817
0.0845599
0.0859288
0.0870129
0.0878777
0.0885719
0.0891323
0.0895867
0.0899564
0.0902576
0.0905026
0.0907005
0.0908584
0.0909812
0.0910728
0.0911361
0.0911732
0.0911859
0.0911756
0.0911437
0.0910913
0.0910195
0.0909296
0.0908225
0.0906996
0.0905622
0.0904117
0.0902498
0.0900784
0.0899002
0.0897179
0.0895353
0.0893565
0.0891863
0.0890299
0.0888928
0.0887799
0.0886953
0.0886412
0.0254064
0.049105
0.0609828
0.0684946
0.0737573
0.0776178
0.0805252
0.0827539
0.0844847
0.0858426
0.086917
0.0877729
0.0884591
0.089012
0.0894595
0.0898227
0.090118
0.0903576
0.0905508
0.0907048
0.0908246
0.0909143
0.0909768
0.0910144
0.0910288
0.0910215
0.0909938
0.0909467
0.0908813
0.0907986
0.0906995
0.0905852
0.0904568
0.0903155
0.0901629
0.0900009
0.0898316
0.089658
0.0894835
0.0893121
0.0891486
0.0889979
0.0888653
0.0887558
0.0886732
0.0886196
0.02538
0.049196
0.0611005
0.0686125
0.0738634
0.0777072
0.0805966
0.0828077
0.0845223
0.0858655
0.0869266
0.0877707
0.0884461
0.0889893
0.0894279
0.0897831
0.0900711
0.0903042
0.0904918
0.090641
0.090757
0.0908438
0.0909046
0.0909415
0.0909563
0.0909505
0.0909253
0.0908816
0.0908205
0.0907427
0.0906491
0.0905406
0.0904182
0.090283
0.0901362
0.0899796
0.0898153
0.089646
0.089475
0.0893064
0.0891447
0.0889951
0.0888625
0.0887521
0.0886675
0.0886111
0.0254577
0.049454
0.0613972
0.0689068
0.0741384
0.0779563
0.0808183
0.0830031
0.0846933
0.0860147
0.0870563
0.087883
0.0885431
0.0890727
0.0894993
0.0898439
0.0901224
0.0903473
0.0905277
0.0906708
0.0907818
0.0908647
0.0909226
0.0909577
0.0909717
0.090966
0.0909418
0.0909
0.0908413
0.0907665
0.0906762
0.0905712
0.0904522
0.09032
0.0901757
0.0900209
0.0898575
0.089688
0.0895158
0.0893447
0.0891795
0.0890254
0.0888876
0.0887712
0.0886801
0.0886167
0.0256723
0.0499393
0.0619353
0.0694348
0.0746319
0.0784068
0.081225
0.0833685
0.0850214
0.0863096
0.0873222
0.0881237
0.0887618
0.0892723
0.0896824
0.0900127
0.0902789
0.0904932
0.0906645
0.0907999
0.0909046
0.0909824
0.0910362
0.0910683
0.0910804
0.0910738
0.0910493
0.091008
0.0909503
0.0908769
0.0907882
0.0906847
0.0905668
0.0904351
0.0902904
0.0901339
0.0899673
0.0897929
0.089614
0.0894346
0.0892596
0.0890944
0.0889448
0.0888162
0.088713
0.0886377
0.0260673
0.0507298
0.0627938
0.0702663
0.0754022
0.0791063
0.081855
0.0839348
0.0855312
0.0867704
0.0877408
0.0885063
0.0891139
0.0895984
0.0899865
0.0902981
0.0905485
0.0907494
0.0909095
0.0910355
0.0911323
0.0912037
0.0912525
0.0912807
0.0912898
0.0912812
0.0912556
0.0912137
0.091156
0.0910828
0.0909944
0.0908909
0.0907724
0.0906392
0.0904915
0.0903301
0.0901564
0.0899723
0.0897809
0.0895863
0.0893937
0.0892094
0.0890399
0.0888913
0.0887689
0.0886757
0.026706
0.0519257
0.064068
0.0714814
0.076513
0.0801042
0.0827462
0.0847311
0.0862457
0.0874153
0.0883272
0.0890438
0.0896105
0.090061
0.0904207
0.0907088
0.0909396
0.0911242
0.0912708
0.0913855
0.0914731
0.0915369
0.0915796
0.091603
0.0916086
0.0915973
0.0915698
0.0915268
0.0914684
0.0913948
0.0913059
0.0912017
0.0910816
0.0909455
0.090793
0.0906242
0.0904398
0.0902411
0.0900308
0.0898132
0.0895939
0.0893802
0.0891802
0.0890016
0.0888508
0.0887321
0.0276825
0.0536546
0.0658689
0.0731652
0.0780265
0.0814449
0.0839305
0.0857807
0.0871821
0.088258
0.0890926
0.0897458
0.0902605
0.0906685
0.0909934
0.0912529
0.0914604
0.0916257
0.0917565
0.0918584
0.0919355
0.0919908
0.0920267
0.0920447
0.0920462
0.0920319
0.0920023
0.0919579
0.0918988
0.0918247
0.0917354
0.0916304
0.0915087
0.0913694
0.0912114
0.0910337
0.0908359
0.0906183
0.0903828
0.0901333
0.089876
0.0896199
0.0893754
0.0891531
0.0889622
0.0888082
0.0291415
0.0560772
0.0683184
0.075399
0.0799935
0.0831593
0.0854265
0.0870953
0.0883486
0.0893045
0.0900424
0.0906176
0.0910695
0.0914269
0.0917109
0.0919374
0.092118
0.0922617
0.0923749
0.0924625
0.0925281
0.0925743
0.0926029
0.0926154
0.0926126
0.0925954
0.0925639
0.0925185
0.092459
0.0923852
0.0922963
0.0921914
0.0920692
0.0919278
0.0917652
0.091579
0.0913671
0.0911279
0.0908615
0.0905708
0.0902622
0.0899464
0.0896383
0.0893538
0.0891066
0.0889047
0.0313194
0.0593988
0.0715427
0.0782466
0.08244
0.0852538
0.0872321
0.0886696
0.0897398
0.090551
0.0911746
0.0916592
0.0920391
0.0923392
0.0925775
0.0927673
0.0929186
0.0930387
0.093133
0.0932055
0.0932591
0.0932958
0.0933171
0.0933242
0.0933176
0.0932979
0.0932653
0.0932197
0.0931611
0.0930888
0.0930021
0.0928996
0.0927794
0.0926389
0.0924749
0.0922833
0.0920595
0.0917993
0.0914993
0.0911592
0.090784
0.0903861
0.0899868
0.0896132
0.0892876
0.0890218
0.0346247
0.0638899
0.0756576
0.0817323
0.0853494
0.0876984
0.0893163
0.0904772
0.0913351
0.0919825
0.0924789
0.0928642
0.0931662
0.0934049
0.0935945
0.0937456
0.0938662
0.0939618
0.0940366
0.0940937
0.0941352
0.0941627
0.0941771
0.0941793
0.0941698
0.0941487
0.0941161
0.0940721
0.0940162
0.0939478
0.093866
0.0937692
0.0936552
0.0935206
0.0933612
0.093171
0.0929429
0.0926681
0.092338
0.0919452
0.0914885
0.0909785
0.0904463
0.0899431
0.0895079
0.0891577
0.0397484
0.0699044
0.0807318
0.085805
0.0886397
0.0904153
0.0916157
0.0924698
0.093099
0.0935736
0.0939379
0.0942211
0.0944437
0.09462
0.0947605
0.0948728
0.0949626
0.0950338
0.0950894
0.0951315
0.0951616
0.0951805
0.095189
0.0951875
0.0951763
0.0951554
0.0951249
0.0950845
0.095034
0.0949727
0.0948996
0.0948131
0.094711
0.0945896
0.0944439
0.0942667
0.094048
0.0937747
0.0934298
0.0929935
0.0924472
0.0917869
0.0910512
0.0903544
0.0897662
0.089307
0.0479169
0.0778455
0.0866887
0.090278
0.0921405
0.0932744
0.0940367
0.0945813
0.0949852
0.095292
0.095529
0.0957145
0.0958611
0.0959779
0.0960715
0.0961468
0.0962073
0.0962554
0.0962929
0.0963211
0.0963408
0.0963524
0.0963563
0.0963528
0.0963418
0.0963233
0.0962973
0.0962637
0.096222
0.0961717
0.0961121
0.0960417
0.0959585
0.0958593
0.0957392
0.0955908
0.095403
0.0951593
0.0948342
0.0943895
0.0937703
0.0929173
0.0918407
0.0908464
0.0900498
0.0894576
0.0621
0.0879015
0.0930627
0.0947499
0.0955849
0.0961055
0.0964699
0.0967395
0.0969448
0.0971039
0.0972287
0.0973275
0.0974065
0.09747
0.0975215
0.0975634
0.0975973
0.0976245
0.0976457
0.0976617
0.0976725
0.0976786
0.0976798
0.0976762
0.0976678
0.0976546
0.0976364
0.0976131
0.0975845
0.0975501
0.0975096
0.0974619
0.0974057
0.0973388
0.0972575
0.0971563
0.097026
0.0968513
0.0966045
0.0962321
0.0956253
0.0945753
0.0928264
0.0913765
0.0903206
0.0895868
0.0930369
0.098343
0.0985176
0.0985821
0.0986587
0.0987419
0.0988182
0.098883
0.0989364
0.0989797
0.0990148
0.0990434
0.0990668
0.0990861
0.0991021
0.0991155
0.0991266
0.0991358
0.0991432
0.0991489
0.0991529
0.0991553
0.099156
0.0991549
0.0991521
0.0991474
0.0991408
0.0991323
0.0991218
0.0991091
0.0990941
0.0990765
0.0990559
0.0990313
0.0990017
0.098965
0.0989176
0.0988529
0.0987569
0.0985924
0.0982417
0.0972698
0.0938401
0.0917957
0.0905021
0.0896632
0.0837153
0.0723657
0.0529339
0.0428148
0.044356
0.0516101
0.0579353
0.0645879
0.115268
0.107234
0.10486
0.104446
0.105153
0.104996
0.10693
0.110558
0.152142
0.144816
0.138923
0.136285
0.136025
0.137328
0.139388
0.142163
0.162808
0.166286
0.167749
0.168666
0.169951
0.171698
0.173179
0.173122
0.159405
0.166582
0.172261
0.176344
0.178979
0.18014
0.179607
0.177193
0.154359
0.16094
0.166372
0.170286
0.172508
0.172971
0.171709
0.168868
0.150366
0.155392
0.159325
0.161908
0.163026
0.162674
0.160954
0.158078
0.1473
0.150815
0.15325
0.154483
0.154502
0.153371
0.151238
0.148325
0.1446
0.146851
0.148065
0.148221
0.147378
0.145652
0.143211
0.140275
0.141955
0.143215
0.14351
0.142884
0.141439
0.139316
0.136691
0.13377
0.139299
0.139812
0.139442
0.138275
0.136437
0.134077
0.131369
0.128504
0.136664
0.136624
0.135786
0.134258
0.132177
0.129695
0.126977
0.124194
0.1341
0.133656
0.132494
0.130734
0.128515
0.125987
0.123303
0.12062
0.131647
0.130911
0.129528
0.127624
0.125338
0.122812
0.120191
0.117614
0.129331
0.128383
0.126852
0.124865
0.122557
0.120065
0.11752
0.115051
0.127163
0.126061
0.124433
0.122404
0.120105
0.117663
0.115203
0.112839
0.125143
0.123931
0.122241
0.120197
0.117925
0.115545
0.113172
0.110909
0.123267
0.121974
0.120248
0.118208
0.115974
0.113661
0.111375
0.109209
0.121525
0.120173
0.118428
0.116404
0.114216
0.111973
0.109771
0.107697
0.119905
0.118511
0.116759
0.114759
0.112622
0.110449
0.10833
0.106343
0.118397
0.116972
0.115221
0.113252
0.111168
0.109064
0.107025
0.105122
0.116988
0.115542
0.1138
0.111864
0.109835
0.1078
0.105838
0.104014
0.115669
0.114207
0.112478
0.11058
0.108606
0.106639
0.104752
0.103004
0.114429
0.112958
0.111246
0.109387
0.107468
0.105568
0.103755
0.10208
0.113258
0.111782
0.110091
0.108273
0.106411
0.104577
0.102835
0.101231
0.112149
0.110673
0.109006
0.10723
0.105424
0.103656
0.101983
0.100449
0.111095
0.109623
0.107981
0.10625
0.104501
0.102798
0.101194
0.0997256
0.110091
0.108625
0.107012
0.105326
0.103634
0.101996
0.100459
0.099056
0.109127
0.107672
0.106091
0.104452
0.10282
0.101246
0.0997738
0.0984346
0.108195
0.106755
0.105209
0.10362
0.102047
0.100539
0.0991327
0.0978559
0.107292
0.10587
0.104361
0.102824
0.101312
0.099869
0.098528
0.0973126
0.106411
0.105011
0.103543
0.10206
0.10061
0.099232
0.0979559
0.0968012
0.105547
0.104174
0.10275
0.101323
0.0999357
0.0986238
0.0974125
0.0963182
0.104696
0.103354
0.101977
0.100608
0.099286
0.0980406
0.0968942
0.0958601
0.103854
0.102548
0.101222
0.0999136
0.0986573
0.0974792
0.0963978
0.0954236
0.103017
0.101753
0.100481
0.0992359
0.0980471
0.096937
0.0959206
0.0950061
0.102184
0.100966
0.0997524
0.0985731
0.0974532
0.0964116
0.0954603
0.0946052
0.101355
0.100188
0.0990357
0.0979243
0.0968744
0.0959016
0.0950154
0.0942192
0.100528
0.0994177
0.0983306
0.0972889
0.0963099
0.0954062
0.0945845
0.0938467
0.0997073
0.0986573
0.0976379
0.0966674
0.0957599
0.0949249
0.0941672
0.0934869
0.0988946
0.0979089
0.0969595
0.0960611
0.095225
0.0944581
0.0937633
0.0931395
0.0980939
0.0971756
0.0962975
0.0954716
0.0947062
0.0940064
0.0933732
0.0928043
0.09731
0.096461
0.0956549
0.094901
0.0942053
0.0935709
0.0929974
0.0924817
0.0965478
0.0957692
0.0950348
0.0943516
0.0937238
0.0931527
0.0926367
0.0921721
0.0958124
0.0951041
0.0944404
0.093826
0.0932636
0.0927531
0.092292
0.0918761
0.0951086
0.0944696
0.0938745
0.0933264
0.0928264
0.0923734
0.0919643
0.0915942
0.0944408
0.0938691
0.0933398
0.0928546
0.0924136
0.0920147
0.0916542
0.0913272
0.0938126
0.0933053
0.0928383
0.0924124
0.0920265
0.0916779
0.0913625
0.0910752
0.0932268
0.0927803
0.0923716
0.0920007
0.0916657
0.0913635
0.0910895
0.0908388
0.092685
0.0922951
0.0919405
0.0916201
0.0913317
0.0910716
0.0908354
0.0906179
0.092188
0.0918503
0.091545
0.0912705
0.0910242
0.0908022
0.0906
0.0904124
0.0917356
0.0914453
0.0911846
0.0909514
0.0907428
0.0905549
0.0903829
0.090222
0.0913268
0.0910791
0.0908582
0.0906618
0.0904866
0.0903288
0.0901835
0.0900463
0.0909597
0.0907499
0.0905643
0.0904002
0.0902544
0.0901229
0.0900011
0.0898846
0.090632
0.0904556
0.0903008
0.090165
0.0900448
0.0899361
0.0898347
0.0897362
0.090341
0.0901937
0.0900657
0.0899543
0.0898561
0.0897671
0.0896832
0.0896002
0.0900836
0.0899615
0.0898566
0.0897662
0.0896867
0.0896145
0.0895455
0.0894758
0.0898568
0.0897563
0.0896711
0.0895985
0.089535
0.0894769
0.0894206
0.0893622
0.0896575
0.0895754
0.0895069
0.0894493
0.0893991
0.089353
0.0893073
0.0892583
0.0894827
0.0894163
0.0893618
0.0893167
0.0892777
0.0892415
0.0892046
0.0891636
0.0893298
0.0892764
0.0892337
0.089199
0.0891692
0.0891412
0.0891115
0.0890771
0.0891961
0.0891537
0.0891207
0.0890945
0.0890723
0.089051
0.0890272
0.0889982
0.0890796
0.0890462
0.0890211
0.089002
0.0889859
0.0889699
0.088951
0.0889264
0.0889782
0.0889522
0.0889336
0.0889201
0.0889089
0.0888971
0.0888821
0.088861
0.0888905
0.0888705
0.088857
0.0888479
0.0888405
0.0888321
0.08882
0.0888017
0.0888151
0.0887998
0.0887903
0.0887846
0.08878
0.0887741
0.0887642
0.088748
0.088751
0.0887393
0.0887328
0.0887295
0.0887269
0.0887227
0.0887144
0.0886997
0.0886976
0.0886884
0.0886839
0.0886821
0.0886808
0.0886776
0.0886702
0.0886565
0.0886545
0.0886468
0.0886434
0.0886424
0.0886415
0.0886387
0.0886316
0.0886183
0.0886218
0.0886145
0.0886112
0.08861
0.0886088
0.0886056
0.0885983
0.0885848
0.0885995
0.0885915
0.0885873
0.088585
0.0885828
0.0885785
0.0885701
0.0885559
0.0885881
0.0885782
0.0885719
0.0885676
0.0885632
0.088557
0.088547
0.0885314
0.0885884
0.088575
0.0885654
0.0885577
0.0885503
0.0885413
0.0885287
0.088511
0.0886011
0.0885825
0.0885679
0.0885555
0.0885438
0.0885308
0.0885149
0.0884942
0.088627
0.0886012
0.0885796
0.088561
0.0885434
0.0885253
0.0885048
0.0884803
0.0886669
0.0886311
0.0886005
0.0885736
0.0885486
0.0885239
0.0884976
0.0884683
0.0887209
0.0886722
0.0886299
0.0885925
0.0885582
0.0885254
0.0884921
0.0884569
0.0887888
0.0887237
0.0886667
0.0886163
0.0885708
0.0885282
0.0884867
0.0884445
0.0888694
0.0887836
0.0887088
0.0886429
0.0885841
0.0885303
0.0884793
0.0884294
0.0889597
0.0888491
0.0887531
0.0886695
0.0885958
0.0885295
0.0884684
0.0884102
0.0890546
0.0889152
0.0887956
0.0886926
0.0886031
0.0885241
0.0884526
0.0883861
0.0891448
0.0889748
0.0888311
0.0887089
0.0886042
0.0885131
0.0884321
0.0883583
0.0892166
0.0890189
0.0888542
0.0887159
0.0885988
0.0884981
0.0884097
0.0883303
0.0892553
0.0890402
0.0888627
0.0887151
0.0885909
0.0884848
0.0883924
0.08831
0.0856252
0.0913681
0.0965576
0.0990286
0.0985092
0.0962723
0.0935663
0.091069
0.0889859
0.0873105
0.0859632
0.0848829
0.0840152
0.0833163
0.0827517
0.0822937
0.0819199
0.0816115
0.0813526
0.0811289
0.0809272
0.0807343
0.0805362
0.0803172
0.0800588
0.0797387
0.0793287
0.0787932
0.0780855
0.0771437
0.0758832
0.0741844
0.0718723
0.0686771
0.0641501
0.0574402
0.0464196
0.0222291
0.116834
0.11954
0.118401
0.113858
0.108098
0.10274
0.0983308
0.0948794
0.0922117
0.0901299
0.088497
0.0872059
0.0861774
0.0853533
0.0846896
0.0841525
0.083715
0.0833548
0.0830533
0.0827939
0.0825614
0.0823411
0.0821176
0.081874
0.081591
0.0812454
0.0808086
0.0802443
0.0795056
0.0785301
0.0772325
0.0754923
0.0731325
0.0698795
0.0652779
0.0584616
0.0472607
0.0226863
0.146693
0.144901
0.136763
0.125961
0.11589
0.107965
0.102148
0.0979088
0.0947658
0.0923849
0.0905438
0.0890968
0.0879464
0.0870246
0.0862816
0.0856794
0.0851882
0.0847834
0.0844442
0.0841527
0.083892
0.0836461
0.0833987
0.083132
0.0828259
0.0824564
0.0819946
0.0814039
0.0806368
0.0796307
0.0782997
0.0765222
0.0741198
0.0708165
0.0661518
0.0592499
0.0479116
0.0230644
0.16912
0.159048
0.145608
0.131801
0.120021
0.111079
0.104635
0.100023
0.0966517
0.0941144
0.0921542
0.0906102
0.0893782
0.0883866
0.0875839
0.0869307
0.0863957
0.0859533
0.0855817
0.0852616
0.0849754
0.0847062
0.0844367
0.0841484
0.0838207
0.0834291
0.0829442
0.082329
0.0815359
0.0805018
0.0791403
0.0773291
0.0748886
0.0715409
0.0668222
0.0598496
0.0484037
0.0233628
0.17011
0.158366
0.144829
0.131668
0.120556
0.112032
0.105798
0.101268
0.0979156
0.0953643
0.0933733
0.0917904
0.0905161
0.0894825
0.0886396
0.0879493
0.0873806
0.086908
0.0865092
0.0861646
0.0858559
0.0855657
0.085276
0.084968
0.0846203
0.0842083
0.0837021
0.0830645
0.0822475
0.0811878
0.0797984
0.0779567
0.075482
0.0720949
0.0673294
0.0602977
0.0487663
0.0235928
0.161857
0.151186
0.139508
0.128386
0.118944
0.11154
0.105968
0.101805
0.0986471
0.0961945
0.0942474
0.0926765
0.0913962
0.0903462
0.089482
0.0887683
0.0881761
0.0876807
0.0872604
0.0868955
0.0865677
0.0862591
0.0859516
0.0856258
0.08526
0.0848294
0.0843038
0.0836456
0.0828069
0.0817238
0.0803092
0.0784398
0.0759343
0.0725124
0.0677063
0.0606248
0.0490257
0.0237678
0.151758
0.14266
0.133078
0.124089
0.11641
0.110259
0.105492
0.101821
0.0989549
0.0966738
0.0948248
0.0933066
0.0920504
0.091007
0.0901387
0.0894146
0.0888088
0.0882982
0.0878622
0.0874815
0.0871381
0.0868141
0.0864911
0.0861496
0.0857678
0.0853205
0.0847773
0.0841006
0.0832421
0.0821379
0.0807005
0.0788063
0.0762735
0.072821
0.0679798
0.0608567
0.0492046
0.0239004
0.142555
0.134782
0.12697
0.119785
0.113637
0.108626
0.104642
0.101481
0.0989438
0.0968718
0.0951546
0.0937176
0.092509
0.091491
0.0906335
0.089911
0.0893008
0.0887823
0.0883363
0.0879444
0.0875891
0.0872527
0.0869168
0.0865619
0.0861661
0.085704
0.0851453
0.084452
0.0835759
0.0824527
0.080995
0.0790788
0.076522
0.0730428
0.0681717
0.0610144
0.0493218
0.0240008
0.134901
0.128126
0.121671
0.115887
0.110959
0.106897
0.103599
0.100915
0.0987034
0.0968521
0.0952836
0.0939454
0.0928008
0.0918227
0.0909884
0.0902775
0.0896713
0.0891517
0.0887011
0.0883025
0.087939
0.0875932
0.0872471
0.0868811
0.0864734
0.0859986
0.0854262
0.0847183
0.0838266
0.0826868
0.0812112
0.0792758
0.0766981
0.0731962
0.0683001
0.0611151
0.0493926
0.0240774
0.128713
0.122687
0.117239
0.112503
0.108511
0.105205
0.10248
0.100216
0.0983054
0.0966697
0.0952543
0.0940235
0.0929533
0.0920252
0.0912234
0.0905325
0.0899374
0.0894226
0.0889726
0.0885715
0.0882032
0.087851
0.0874972
0.0871225
0.086705
0.0862194
0.0856352
0.0849148
0.0840095
0.0828552
0.0813642
0.0794122
0.0768168
0.0732958
0.0683792
0.0611726
0.0494289
0.0241364
0.123726
0.118274
0.113573
0.109614
0.106329
0.103613
0.101354
0.0994461
0.0978047
0.09637
0.0951037
0.0939825
0.0929917
0.0921201
0.0913575
0.090693
0.0901147
0.0896099
0.0891647
0.0887648
0.088395
0.0880393
0.0876802
0.0872989
0.0868736
0.0863791
0.0857852
0.085054
0.0841372
0.0829705
0.0814664
0.0795005
0.0768903
0.0733537
0.0684208
0.0611976
0.04944
0.0241824
0.119674
0.114678
0.110538
0.107157
0.104404
0.102145
0.10026
0.0986502
0.0972426
0.0959897
0.0948636
0.0938493
0.0929391
0.0921272
0.0914079
0.0907743
0.0902173
0.0897265
0.08929
0.0888946
0.0885262
0.0881693
0.0878073
0.0874213
0.0869901
0.0864886
0.0858866
0.0851466
0.0842201
0.0830432
0.0815281
0.0795507
0.0769286
0.0733795
0.0684339
0.0611985
0.0494327
0.0242188
0.116339
0.111715
0.108007
0.105061
0.102712
0.100807
0.0992207
0.097857
0.0966495
0.0955577
0.0945601
0.0936472
0.0928157
0.0920643
0.0913907
0.0907908
0.0902582
0.0897846
0.0893596
0.0889714
0.0886067
0.088251
0.087888
0.0874993
0.0870639
0.0865571
0.0859487
0.0852014
0.0842671
0.0830818
0.0815578
0.0795713
0.0769396
0.0733809
0.0684257
0.0611818
0.0494121
0.0242479
0.113556
0.109244
0.105873
0.103261
0.101222
0.0995939
0.0982465
0.0970853
0.0960476
0.0950967
0.0942147
0.0933957
0.0926394
0.0919473
0.0913198
0.0907551
0.090249
0.0897947
0.0893835
0.0890046
0.0886458
0.0882931
0.0879308
0.0875409
0.0871029
0.0865922
0.085979
0.0852261
0.0842855
0.0830935
0.0815626
0.0795688
0.0769298
0.0733638
0.0684017
0.0611521
0.0493819
0.0242713
0.1112
0.107155
0.104057
0.101706
0.0999093
0.0984981
0.097342
0.0963472
0.0954526
0.0946237
0.0938445
0.0931111
0.0924251
0.0917899
0.0912077
0.0906786
0.0901999
0.0897664
0.0893705
0.0890025
0.0886511
0.0883029
0.0879427
0.0875532
0.0871139
0.0866007
0.085984
0.0852268
0.0842815
0.0830843
0.081548
0.0795488
0.0769044
0.0733331
0.0683662
0.0611131
0.0493448
0.02429
0.10918
0.105368
0.102494
0.100354
0.0987482
0.0975098
0.096508
0.09565
0.0948757
0.0941516
0.093463
0.0928067
0.0921855
0.0916038
0.0910652
0.0905711
0.0901201
0.089708
0.0893283
0.0889724
0.0886295
0.088287
0.0879302
0.0875421
0.0871027
0.0865881
0.0859691
0.0852089
0.08426
0.083059
0.0815188
0.0795156
0.0768672
0.0732923
0.0683222
0.0610673
0.0493025
0.0243048
0.107428
0.103822
0.101138
0.0991697
0.0977188
0.0966195
0.095743
0.0949975
0.0943241
0.0936899
0.0930804
0.0924929
0.0919306
0.0913986
0.0909014
0.090441
0.0900172
0.0896266
0.0892637
0.0889205
0.088587
0.088251
0.0878985
0.0875127
0.0870741
0.0865592
0.0859388
0.0851767
0.0842254
0.0830217
0.0814786
0.0794726
0.0768216
0.0732442
0.0682722
0.0610167
0.0492565
0.0243162
0.105892
0.102472
0.0999523
0.0981275
0.0968038
0.0958179
0.0950438
0.0943914
0.0938027
0.0932451
0.0927044
0.0921778
0.0916686
0.0911823
0.0907236
0.0902954
0.0898978
0.0895285
0.0891824
0.0888522
0.0885285
0.0881996
0.087852
0.0874694
0.0870324
0.0865179
0.0858971
0.0851338
0.084181
0.0829755
0.0814306
0.0794227
0.07677
0.0731911
0.0682179
0.0609625
0.0492076
0.0243243
0.104534
0.101283
0.0989075
0.0972059
0.0959885
0.0950965
0.0944068
0.0938316
0.093314
0.0928217
0.0923405
0.0918675
0.0914059
0.0909611
0.0905381
0.09014
0.0897675
0.0894187
0.089089
0.0887719
0.0884582
0.0881369
0.0877947
0.0874157
0.0869809
0.0864674
0.0858469
0.0850832
0.0841295
0.082923
0.081377
0.079368
0.0767143
0.0731345
0.0681608
0.0609058
0.0491565
0.0243296
0.103324
0.100227
0.0979818
0.0963875
0.0952607
0.0944473
0.0938279
0.093317
0.0928591
0.0924224
0.0919926
0.0915666
0.0911473
0.09074
0.0903496
0.0899795
0.0896306
0.0893013
0.0889877
0.0886834
0.0883797
0.0880661
0.0877296
0.0873546
0.0869225
0.0864106
0.0857908
0.0850272
0.0840733
0.0828663
0.0813197
0.0793102
0.0766559
0.0730756
0.0681017
0.0608475
0.0491037
0.024332
0.102238
0.0992859
0.0971576
0.0956584
0.0946099
0.0938631
0.0933027
0.0928457
0.092438
0.0920485
0.091663
0.091278
0.0908962
0.0905225
0.0901618
0.0898175
0.0894906
0.0891799
0.0888815
0.0885896
0.0882959
0.08799
0.0876594
0.0872886
0.0868595
0.0863495
0.0857308
0.0849679
0.0840141
0.0828071
0.0812603
0.0792506
0.076596
0.0730155
0.0680415
0.060788
0.0490496
0.0243318
0.101258
0.0984415
0.096421
0.0950071
0.0940272
0.0933376
0.092827
0.0924152
0.0920499
0.0917005
0.091353
0.0910037
0.090655
0.0903113
0.0899775
0.0896568
0.0893503
0.089057
0.0887732
0.0884932
0.0882091
0.0879108
0.087586
0.0872197
0.0867937
0.0862859
0.0856687
0.0849066
0.0839534
0.0827467
0.0812
0.0791902
0.0765356
0.0729549
0.0679807
0.0607278
0.0489946
0.0243291
0.10037
0.0976811
0.0957605
0.094424
0.0935049
0.0928649
0.0923967
0.0920231
0.0916934
0.0913781
0.0910632
0.0907449
0.0904252
0.0901084
0.0897988
0.0894996
0.0892119
0.0889347
0.0886645
0.0883959
0.0881211
0.0878302
0.0875112
0.0871493
0.0867267
0.0862213
0.0856057
0.0848448
0.0838923
0.082686
0.0811396
0.0791299
0.0764752
0.0728943
0.0679199
0.0606674
0.0489389
0.0243239
0.0995627
0.0969942
0.0951669
0.0939013
0.0930366
0.0924398
0.0920077
0.0916664
0.0913668
0.0910804
0.0907935
0.0905021
0.0902079
0.0899148
0.089627
0.0893473
0.0890769
0.0888146
0.0885572
0.0882993
0.0880333
0.0877496
0.0874364
0.0870789
0.0866596
0.0861568
0.085543
0.0847833
0.0838317
0.0826259
0.0810798
0.0790703
0.0764156
0.0728343
0.0678595
0.060607
0.0488827
0.0243165
0.0988253
0.0963721
0.0946324
0.0934322
0.0926165
0.0920576
0.0916566
0.0913424
0.0910682
0.0908062
0.0905432
0.0902751
0.0900033
0.0897313
0.0894629
0.089201
0.0889463
0.0886978
0.0884523
0.0882045
0.0879469
0.0876702
0.0873624
0.0870093
0.0865934
0.0860931
0.0854812
0.0847229
0.0837722
0.0825671
0.0810213
0.0790119
0.076357
0.0727753
0.0677997
0.0605468
0.0488262
0.0243068
0.0981505
0.0958076
0.0941506
0.093011
0.0922396
0.091714
0.0913397
0.0910485
0.0907956
0.0905543
0.0903117
0.0900637
0.0898114
0.0895581
0.0893072
0.0890612
0.088821
0.0885852
0.0883508
0.0881124
0.0878628
0.0875926
0.0872902
0.0869414
0.0865289
0.0860311
0.0854211
0.0846642
0.0837144
0.08251
0.0809645
0.0789551
0.0762999
0.0727174
0.0677408
0.0604872
0.0487698
0.024295
0.0975316
0.0952947
0.093716
0.0926326
0.0919014
0.0914053
0.0910538
0.0907821
0.0905469
0.090323
0.0900978
0.0898672
0.089632
0.0893952
0.08916
0.0889285
0.0887013
0.0884773
0.0882531
0.0880236
0.0877815
0.0875176
0.0872203
0.0868757
0.0864664
0.0859712
0.0853631
0.0846076
0.0836588
0.0824549
0.0809098
0.0789003
0.0762445
0.0726611
0.0676831
0.0604284
0.0487135
0.0242813
0.096963
0.0948281
0.0933237
0.0922928
0.0915982
0.0911281
0.0907961
0.0905406
0.0903203
0.090111
0.0899005
0.0896848
0.0894646
0.0892425
0.0890213
0.0888029
0.0885877
0.0883744
0.0881598
0.0879385
0.0877035
0.0874455
0.0871532
0.0868126
0.0864065
0.0859138
0.0853076
0.0845535
0.0836057
0.0824023
0.0808573
0.0788476
0.0761911
0.0726064
0.0676267
0.0603704
0.0486575
0.0242657
0.0964399
0.0944037
0.0929699
0.0919879
0.0913265
0.0908792
0.0905639
0.0903218
0.0901137
0.0899165
0.0897186
0.0895158
0.0893087
0.0890996
0.0888909
0.0886844
0.0884802
0.0882768
0.088071
0.0878575
0.0876291
0.0873768
0.0870892
0.0867524
0.0863495
0.0858592
0.0852549
0.0845021
0.0835552
0.0823524
0.0808074
0.0787972
0.0761398
0.0725536
0.0675719
0.0603136
0.0486021
0.0242484
0.0959588
0.0940182
0.0926513
0.0917147
0.0910833
0.0906559
0.0903546
0.0901235
0.0899255
0.0897383
0.0895509
0.0893593
0.0891637
0.0889661
0.0887687
0.0885729
0.0883787
0.0881846
0.0879869
0.0877806
0.0875585
0.0873116
0.0870285
0.0866954
0.0862955
0.0858076
0.0852051
0.0844537
0.0835076
0.0823051
0.0807601
0.0787493
0.0760907
0.0725028
0.0675187
0.0602579
0.0485473
0.0242295
0.0955119
0.0936677
0.0923655
0.0914706
0.090866
0.0904559
0.0901662
0.0899439
0.0897538
0.0895749
0.0893964
0.0892144
0.0890288
0.0888415
0.0886543
0.0884683
0.0882833
0.0880976
0.0879076
0.087708
0.0874918
0.08725
0.0869712
0.0866417
0.0862447
0.0857591
0.0851584
0.0844082
0.083463
0.0822608
0.0807155
0.078704
0.076044
0.072454
0.0674672
0.0602037
0.0484933
0.0242092
0.0950954
0.0933459
0.0921068
0.0912522
0.0906723
0.0902768
0.0899964
0.0897811
0.0895974
0.0894251
0.089254
0.0890802
0.0889035
0.0887254
0.0885474
0.0883703
0.0881938
0.0880158
0.0878329
0.0876397
0.0874291
0.087192
0.0869174
0.0865914
0.0861972
0.0857139
0.0851149
0.0843659
0.0834213
0.0822193
0.0806737
0.0786613
0.0759997
0.0724074
0.0674176
0.0601509
0.0484403
0.0241875
0.0947058
0.0930492
0.0918715
0.0910555
0.0904985
0.0901162
0.0898436
0.0896336
0.0894546
0.0892876
0.0891227
0.088956
0.0887872
0.0886172
0.0884475
0.0882786
0.0881099
0.0879392
0.0877629
0.0875757
0.0873703
0.0871378
0.0868671
0.0865444
0.0861529
0.0856718
0.0850745
0.0843266
0.0833827
0.0821808
0.0806348
0.0786212
0.0759579
0.072363
0.0673699
0.0600997
0.0483883
0.0241645
0.0943398
0.0927743
0.0916565
0.0908776
0.0903421
0.0899716
0.0897054
0.0894995
0.0893242
0.0891614
0.0890016
0.0888411
0.0886791
0.0885166
0.0883545
0.088193
0.0880315
0.0878676
0.0876975
0.0875158
0.0873154
0.0870873
0.0868203
0.0865008
0.086112
0.0856329
0.0850372
0.0842904
0.0833471
0.0821452
0.0805986
0.0785838
0.0759185
0.0723209
0.0673242
0.0600501
0.0483375
0.0241405
0.0939942
0.0925182
0.0914589
0.0907157
0.0902005
0.0898407
0.0895801
0.0893773
0.0892048
0.0890454
0.08889
0.0887347
0.0885788
0.088423
0.0882678
0.0881132
0.0879583
0.0878007
0.0876364
0.08746
0.0872643
0.0870404
0.086777
0.0864605
0.0860742
0.0855972
0.085003
0.0842573
0.0833144
0.0821125
0.0805652
0.0785491
0.0758816
0.0722809
0.0672805
0.0600023
0.048288
0.0241156
0.0936664
0.0922783
0.0912761
0.0905676
0.0900718
0.0897219
0.0894659
0.0892656
0.0890951
0.0889384
0.0887866
0.0886361
0.0884858
0.088336
0.0881871
0.0880389
0.0878902
0.0877384
0.0875796
0.0874081
0.0872169
0.0869969
0.0867369
0.0864234
0.0860396
0.0855646
0.0849718
0.084227
0.0832846
0.0820825
0.0805345
0.0785168
0.0758471
0.0722432
0.0672388
0.0599562
0.0482398
0.0240898
0.0933541
0.0920523
0.091106
0.0904312
0.089954
0.0896134
0.0893615
0.0891631
0.0889941
0.0888395
0.088691
0.0885446
0.0883993
0.0882551
0.0881121
0.0879699
0.0878269
0.0876806
0.0875268
0.0873601
0.0871731
0.0869568
0.0867002
0.0863895
0.086008
0.0855349
0.0849436
0.0841997
0.0832576
0.0820553
0.0805064
0.0784871
0.0758149
0.0722077
0.0671991
0.0599119
0.0481931
0.0240632
0.0930553
0.0918383
0.0909467
0.0903047
0.0898456
0.0895137
0.0892655
0.0890687
0.0889009
0.0887481
0.0886022
0.0884596
0.0883189
0.0881799
0.0880423
0.0879056
0.0877681
0.0876269
0.087478
0.0873157
0.0871327
0.08692
0.0866665
0.0863585
0.0859793
0.085508
0.0849181
0.084175
0.0832333
0.0820307
0.0804808
0.0784598
0.075785
0.0721744
0.0671614
0.0598694
0.0481478
0.0240361
0.0927685
0.0916346
0.0907966
0.0901867
0.089745
0.0894216
0.089177
0.0889815
0.0888146
0.0886633
0.0885198
0.0883806
0.0882442
0.0881099
0.0879775
0.0878459
0.0877135
0.0875772
0.0874329
0.0872747
0.0870956
0.0868863
0.0866358
0.0863304
0.0859534
0.0854839
0.0848952
0.084153
0.0832115
0.0820085
0.0804576
0.0784348
0.0757574
0.0721432
0.0671257
0.0598288
0.0481041
0.0240084
0.0924927
0.09144
0.0906543
0.0900757
0.0896512
0.089336
0.0890948
0.0889005
0.0887345
0.0885844
0.0884432
0.0883072
0.0881746
0.0880448
0.0879171
0.0877905
0.0876628
0.0875312
0.0873911
0.087237
0.0870615
0.0868555
0.0866079
0.086305
0.0859301
0.0854623
0.0848748
0.0841334
0.083192
0.0819887
0.0804367
0.078412
0.0757319
0.072114
0.067092
0.05979
0.0480619
0.0239803
0.0922271
0.0912534
0.0905188
0.0899708
0.089563
0.089256
0.0890181
0.0888251
0.0886598
0.088511
0.0883718
0.0882387
0.0881098
0.0879842
0.0878611
0.087739
0.0876159
0.0874885
0.0873526
0.0872022
0.0870302
0.0868273
0.0865825
0.0862821
0.0859092
0.085443
0.0848568
0.084116
0.0831748
0.081971
0.0804178
0.0783913
0.0757084
0.0720868
0.0670601
0.059753
0.0480214
0.0239519
0.0919713
0.0910743
0.0903891
0.0898709
0.0894796
0.0891807
0.0889462
0.0887545
0.0885901
0.0884425
0.0883053
0.0881749
0.0880495
0.0879279
0.087809
0.0876912
0.0875724
0.0874492
0.0873171
0.0871703
0.0870016
0.0868017
0.0865595
0.0862614
0.0858905
0.0854259
0.0848408
0.0841007
0.0831597
0.0819554
0.080401
0.0783725
0.0756867
0.0720614
0.0670301
0.0597178
0.0479823
0.0239233
0.0917252
0.0909021
0.0902648
0.0897755
0.0894003
0.0891095
0.0888785
0.0886883
0.0885248
0.0883784
0.0882431
0.0881154
0.0879933
0.0878755
0.0877606
0.087647
0.0875322
0.0874128
0.0872844
0.0871411
0.0869754
0.0867784
0.0865387
0.0862428
0.0858738
0.0854106
0.0848266
0.0840871
0.0831461
0.0819413
0.0803856
0.0783551
0.0756665
0.0720375
0.0670016
0.0596841
0.0479445
0.0238974
0.0914888
0.0907365
0.0901452
0.089684
0.0893245
0.0890417
0.0888144
0.0886258
0.0884633
0.0883183
0.0881849
0.0880598
0.0879409
0.0878267
0.0877156
0.0876059
0.087495
0.0873794
0.0872544
0.0871143
0.0869517
0.0867573
0.08652
0.0862262
0.085859
0.0853972
0.0848142
0.0840752
0.0831342
0.0819287
0.0803717
0.0783391
0.0756476
0.0720148
0.0669743
0.0596517
0.0479078
0.0238748
0.0912623
0.0905773
0.09003
0.0895958
0.0892518
0.088977
0.0887535
0.0885667
0.0884055
0.0882618
0.0881304
0.0880079
0.0878921
0.0877813
0.0876739
0.0875679
0.0874606
0.0873485
0.0872269
0.0870899
0.08693
0.0867382
0.0865033
0.0862115
0.0858459
0.0853854
0.0848033
0.0840648
0.0831237
0.0819175
0.0803592
0.0783244
0.0756299
0.0719933
0.0669482
0.0596205
0.0478725
0.0238538
0.091046
0.0904246
0.0899191
0.0895108
0.0891817
0.0889149
0.0886954
0.0885107
0.0883508
0.0882087
0.0880793
0.0879593
0.0878465
0.087739
0.0876351
0.0875327
0.0874289
0.0873201
0.0872016
0.0870675
0.0869104
0.086721
0.0864883
0.0861984
0.0858344
0.0853752
0.084794
0.0840558
0.0831146
0.0819077
0.0803479
0.078311
0.0756136
0.0719731
0.0669235
0.0595907
0.0478388
0.0238335
0.09084
0.0902783
0.0898123
0.0894287
0.089114
0.0888551
0.0886398
0.0884573
0.0882991
0.0881586
0.0880313
0.0879138
0.0878039
0.0876997
0.0875991
0.0875
0.0873995
0.0872939
0.0871785
0.0870472
0.0868926
0.0867055
0.0864749
0.0861868
0.0858244
0.0853664
0.0847859
0.0840482
0.0831068
0.0818991
0.0803379
0.0782988
0.0755984
0.0719542
0.0669
0.0595624
0.0478066
0.0238135
0.0906448
0.0901385
0.0897095
0.0893493
0.0890485
0.0887975
0.0885864
0.0884064
0.08825
0.0881114
0.0879861
0.0878712
0.0877641
0.087663
0.0875657
0.0874698
0.0873725
0.0872699
0.0871573
0.0870286
0.0868765
0.0866917
0.086463
0.0861766
0.0858157
0.0853588
0.0847791
0.0840417
0.0831001
0.0818917
0.0803291
0.0782878
0.0755845
0.0719366
0.066878
0.0595355
0.047776
0.0237934
0.0904603
0.0900053
0.0896107
0.0892725
0.0889851
0.0887418
0.0885351
0.0883578
0.0882034
0.0880667
0.0879437
0.0878312
0.087727
0.0876288
0.0875346
0.0874418
0.0873475
0.0872478
0.0871379
0.0870117
0.0868619
0.0866792
0.0864524
0.0861678
0.0858082
0.0853524
0.0847735
0.0840363
0.0830946
0.0818853
0.0803213
0.078278
0.0755717
0.0719202
0.0668573
0.0595102
0.0477471
0.0237733
0.0902867
0.0898786
0.0895158
0.0891982
0.0889236
0.0886879
0.0884858
0.0883113
0.0881591
0.0880245
0.0879037
0.0877937
0.0876922
0.087597
0.0875057
0.0874159
0.0873244
0.0872275
0.0871201
0.0869963
0.0868487
0.0866681
0.0864431
0.08616
0.0858018
0.085347
0.0847688
0.0840319
0.08309
0.08188
0.0803146
0.0782692
0.0755602
0.0719051
0.0668381
0.0594865
0.0477199
0.0237531
0.0901239
0.0897583
0.0894248
0.0891265
0.088864
0.0886358
0.0884381
0.0882667
0.0881168
0.0879844
0.0878659
0.0877585
0.0876597
0.0875673
0.0874789
0.0873919
0.0873031
0.0872087
0.0871038
0.0869824
0.0868368
0.0866581
0.0864348
0.0861533
0.0857963
0.0853426
0.084765
0.0840284
0.0830863
0.0818756
0.0803088
0.0782614
0.0755498
0.0718914
0.0668204
0.0594644
0.0476944
0.023733
0.0899717
0.0896445
0.0893377
0.0890572
0.0888063
0.0885852
0.0883922
0.0882239
0.0880766
0.0879464
0.0878303
0.0877254
0.0876293
0.0875396
0.0874539
0.0873696
0.0872835
0.0871915
0.0870889
0.0869696
0.0868261
0.0866492
0.0864276
0.0861475
0.0857917
0.085339
0.084762
0.0840257
0.0830834
0.081872
0.080304
0.0782547
0.0755405
0.0718789
0.0668041
0.059444
0.0476708
0.023713
0.0898297
0.089537
0.0892545
0.0889904
0.0887503
0.0885363
0.0883479
0.0881829
0.0880381
0.0879104
0.0877967
0.0876943
0.0876008
0.0875137
0.0874307
0.087349
0.0872653
0.0871757
0.0870753
0.086958
0.0868164
0.0866412
0.0864212
0.0861424
0.0857879
0.0853361
0.0847598
0.0840237
0.0830812
0.0818692
0.0803
0.0782489
0.0755323
0.0718676
0.0667893
0.0594254
0.047649
0.0236933
0.0896978
0.0894356
0.0891749
0.088926
0.0886961
0.0884889
0.0883051
0.0881435
0.0880015
0.0878762
0.087765
0.0876651
0.0875741
0.0874896
0.0874091
0.0873298
0.0872484
0.0871611
0.0870628
0.0869474
0.0868076
0.0866341
0.0864155
0.0861382
0.0857847
0.0853338
0.0847581
0.0840223
0.0830797
0.0818671
0.0802968
0.078244
0.0755251
0.0718577
0.066776
0.0594085
0.0476291
0.0236739
0.0895753
0.0893401
0.0890991
0.0888641
0.0886437
0.0884431
0.0882639
0.0881056
0.0879664
0.0878438
0.087735
0.0876376
0.087549
0.087467
0.0873889
0.087312
0.0872329
0.0871476
0.0870512
0.0869378
0.0867996
0.0866277
0.0864106
0.0861345
0.0857822
0.0853321
0.084757
0.0840215
0.0830788
0.0818656
0.0802943
0.07824
0.075519
0.0718489
0.0667642
0.0593933
0.0476111
0.0236549
0.0894617
0.0892503
0.0890269
0.0888045
0.0885931
0.0883988
0.0882241
0.0880694
0.087933
0.0878129
0.0877066
0.0876116
0.0875255
0.0874459
0.0873701
0.0872954
0.0872184
0.0871351
0.0870407
0.0869289
0.0867924
0.086622
0.0864062
0.0861314
0.0857801
0.0853309
0.0847564
0.0840212
0.0830784
0.0818648
0.0802925
0.0782368
0.0755139
0.0718414
0.0667538
0.0593799
0.0475951
0.0236364
0.0893566
0.0891659
0.0889581
0.0887473
0.0885443
0.088356
0.0881859
0.0880346
0.0879012
0.0877837
0.0876798
0.0875872
0.0875035
0.0874261
0.0873526
0.08728
0.087205
0.0871236
0.0870309
0.0869208
0.0867859
0.0866168
0.0864024
0.0861287
0.0857784
0.0853301
0.0847562
0.0840213
0.0830785
0.0818645
0.0802914
0.0782344
0.0755097
0.071835
0.0667449
0.0593682
0.0475809
0.0236185
0.0892594
0.0890867
0.0888928
0.0886925
0.0884973
0.0883148
0.0881491
0.0880013
0.0878708
0.0877559
0.0876545
0.0875643
0.0874828
0.0874076
0.0873362
0.0872656
0.0871926
0.087113
0.0870219
0.0869134
0.0867799
0.0866122
0.086399
0.0861265
0.0857772
0.0853296
0.0847563
0.0840217
0.083079
0.0818646
0.0802908
0.0782327
0.0755064
0.0718297
0.0667373
0.0593581
0.0475686
0.0236012
0.0891695
0.0890123
0.0888308
0.0886401
0.0884522
0.0882752
0.0881138
0.0879694
0.0878418
0.0877295
0.0876306
0.0875426
0.0874634
0.0873903
0.0873209
0.0872522
0.087181
0.0871031
0.0870136
0.0869066
0.0867744
0.0866081
0.0863961
0.0861246
0.0857762
0.0853295
0.0847568
0.0840225
0.0830799
0.0818652
0.0802908
0.0782317
0.075504
0.0718256
0.0667311
0.0593498
0.0475582
0.0235846
0.0890865
0.0889427
0.0887721
0.0885901
0.0884089
0.0882372
0.0880799
0.087939
0.0878143
0.0877046
0.087608
0.0875223
0.0874451
0.0873741
0.0873066
0.0872398
0.0871702
0.0870939
0.0870059
0.0869003
0.0867695
0.0866043
0.0863935
0.086123
0.0857756
0.0853296
0.0847575
0.0840236
0.0830811
0.0818663
0.0802913
0.0782313
0.0755025
0.0718225
0.0667263
0.059343
0.0475495
0.0235688
0.0890099
0.0888776
0.0887166
0.0885424
0.0883675
0.0882009
0.0880476
0.0879099
0.0877881
0.0876809
0.0875866
0.0875031
0.087428
0.0873589
0.0872933
0.0872281
0.0871602
0.0870853
0.0869988
0.0868945
0.0867649
0.0866009
0.0863911
0.0861217
0.0857751
0.0853299
0.0847584
0.084025
0.0830825
0.0818676
0.0802923
0.0782316
0.0755017
0.0718205
0.0667227
0.0593378
0.0475427
0.0235537
0.0889392
0.0888167
0.0886642
0.0884971
0.0883281
0.0881661
0.0880167
0.0878823
0.0877632
0.0876585
0.0875665
0.0874851
0.0874119
0.0873447
0.0872808
0.0872172
0.0871508
0.0870774
0.0869922
0.0868891
0.0867607
0.0865978
0.0863891
0.0861206
0.0857749
0.0853304
0.0847595
0.0840265
0.0830843
0.0818694
0.0802937
0.0782324
0.0755017
0.0718194
0.0667204
0.0593342
0.0475376
0.0235395
0.088874
0.0887599
0.0886148
0.0884541
0.0882905
0.088133
0.0879873
0.087856
0.0877397
0.0876374
0.0875475
0.0874681
0.0873969
0.0873314
0.0872691
0.0872071
0.0871421
0.08707
0.086986
0.0868841
0.0867568
0.086595
0.0863872
0.0861196
0.0857748
0.0853311
0.0847608
0.0840282
0.0830863
0.0818714
0.0802956
0.0782338
0.0755025
0.0718193
0.0667193
0.0593321
0.0475342
0.0235261
0.0888141
0.088707
0.0885685
0.0884136
0.0882549
0.0881016
0.0879595
0.0878312
0.0877174
0.0876174
0.0875297
0.0874522
0.0873827
0.0873189
0.0872581
0.0871976
0.0871339
0.0870631
0.0869803
0.0868795
0.0867532
0.0865924
0.0863856
0.0861189
0.0857749
0.0853319
0.0847622
0.0840301
0.0830885
0.0818737
0.0802978
0.0782358
0.075504
0.0718202
0.0667194
0.0593314
0.0475324
0.0235136
0.0887591
0.0886579
0.0885251
0.0883753
0.0882212
0.0880718
0.087933
0.0878076
0.0876963
0.0875986
0.0875128
0.0874372
0.0873694
0.0873072
0.0872479
0.0871887
0.0871263
0.0870566
0.0869749
0.0868752
0.0867499
0.08659
0.0863841
0.0861183
0.0857751
0.0853328
0.0847638
0.0840322
0.0830909
0.0818763
0.0803004
0.0782382
0.0755061
0.0718219
0.0667206
0.059332
0.0475322
0.0235021
0.0887089
0.0886125
0.0884845
0.0883394
0.0881894
0.0880437
0.087908
0.0877853
0.0876765
0.0875808
0.087497
0.0874231
0.0873569
0.0872962
0.0872383
0.0871803
0.0871191
0.0870506
0.0869699
0.0868711
0.0867468
0.0865879
0.0863829
0.0861178
0.0857754
0.0853339
0.0847654
0.0840344
0.0830935
0.0818791
0.0803034
0.0782411
0.0755088
0.0718244
0.0667229
0.059334
0.0475335
0.0234915
0.0886631
0.0885706
0.0884468
0.0883057
0.0881595
0.0880171
0.0878844
0.0877643
0.0876577
0.0875641
0.0874821
0.0874098
0.0873452
0.0872858
0.0872292
0.0871725
0.0871124
0.0870449
0.0869652
0.0868674
0.086744
0.0865859
0.0863817
0.0861175
0.0857758
0.085335
0.0847672
0.0840367
0.0830962
0.0818822
0.0803066
0.0782445
0.0755122
0.0718277
0.0667262
0.0593373
0.0475362
0.0234818
0.0886216
0.0885321
0.0884117
0.0882742
0.0881313
0.087992
0.087862
0.0877443
0.0876399
0.0875482
0.087468
0.0873973
0.0873341
0.0872761
0.0872207
0.0871651
0.0871061
0.0870396
0.0869608
0.0868639
0.0867413
0.086584
0.0863807
0.0861172
0.0857763
0.0853362
0.084769
0.084039
0.0830991
0.0818854
0.0803101
0.0782482
0.0755161
0.0718318
0.0667304
0.0593417
0.0475403
0.023473
0.0885842
0.0884968
0.0883792
0.0882446
0.0881048
0.0879683
0.0878408
0.0877254
0.087623
0.0875331
0.0874545
0.0873854
0.0873236
0.0872669
0.0872126
0.0871581
0.0871001
0.0870345
0.0869567
0.0868606
0.0867388
0.0865823
0.0863797
0.086117
0.0857769
0.0853374
0.0847709
0.0840415
0.0831021
0.0818889
0.0803139
0.0782523
0.0755205
0.0718365
0.0667355
0.0593472
0.0475457
0.0234653
0.0885508
0.0884646
0.0883491
0.088217
0.0880797
0.0879457
0.0878205
0.0877073
0.0876068
0.0875187
0.0874417
0.087374
0.0873136
0.087258
0.0872049
0.0871515
0.0870944
0.0870297
0.0869527
0.0868574
0.0867364
0.0865807
0.0863789
0.0861169
0.0857775
0.0853387
0.0847728
0.084044
0.0831051
0.0818924
0.0803179
0.0782567
0.0755253
0.0718418
0.0667414
0.0593537
0.0475522
0.0234584
0.0885211
0.0884352
0.088321
0.0881908
0.0880557
0.0879239
0.087801
0.0876897
0.0875911
0.0875047
0.0874293
0.087363
0.0873038
0.0872495
0.0871975
0.087145
0.0870888
0.087025
0.0869489
0.0868543
0.0867342
0.0865792
0.086378
0.0861168
0.0857781
0.08534
0.0847748
0.0840466
0.0831082
0.0818961
0.0803221
0.0782613
0.0755305
0.0718476
0.0667479
0.059361
0.0475597
0.0234524
0.0884948
0.0884082
0.0882946
0.0881658
0.0880325
0.0879027
0.0877818
0.0876724
0.0875756
0.0874909
0.087417
0.0873522
0.0872943
0.0872411
0.0871902
0.0871387
0.0870834
0.0870205
0.0869451
0.0868514
0.0867319
0.0865776
0.0863772
0.0861167
0.0857787
0.0853412
0.0847767
0.0840491
0.0831114
0.0818998
0.0803263
0.0782662
0.0755359
0.0718538
0.066755
0.0593691
0.047568
0.0234473
0.0884716
0.0883831
0.0882693
0.0881414
0.0880095
0.0878816
0.0877625
0.0876551
0.0875601
0.087477
0.0874047
0.0873413
0.0872847
0.0872327
0.0871828
0.0871323
0.087078
0.0870159
0.0869413
0.0868483
0.0867296
0.0865761
0.0863764
0.0861166
0.0857792
0.0853425
0.0847786
0.0840516
0.0831145
0.0819034
0.0803306
0.0782711
0.0755416
0.0718603
0.0667625
0.0593777
0.047577
0.023443
0.0884507
0.0883593
0.0882444
0.0881169
0.0879862
0.0878599
0.0877427
0.0876372
0.087544
0.0874627
0.087392
0.08733
0.0872748
0.087224
0.0871753
0.0871258
0.0870724
0.0870112
0.0869374
0.0868452
0.0867273
0.0865744
0.0863755
0.0861163
0.0857797
0.0853436
0.0847803
0.084054
0.0831175
0.0819071
0.0803348
0.078276
0.0755472
0.0718668
0.0667702
0.0593866
0.0475865
0.0234393
0.0884315
0.0883358
0.0882191
0.0880915
0.0879618
0.0878371
0.0877218
0.0876182
0.087527
0.0874476
0.0873786
0.0873182
0.0872644
0.087215
0.0871674
0.087119
0.0870666
0.0870062
0.0869333
0.0868419
0.0867247
0.0865726
0.0863743
0.0861159
0.0857799
0.0853445
0.0847819
0.0840563
0.0831204
0.0819105
0.0803389
0.0782808
0.0755528
0.0718733
0.0667778
0.0593955
0.047596
0.0234362
0.0884127
0.0883115
0.0881923
0.0880642
0.0879354
0.0878124
0.0876991
0.0875977
0.0875087
0.0874313
0.0873642
0.0873055
0.0872533
0.0872052
0.0871589
0.0871117
0.0870603
0.0870009
0.0869289
0.0868383
0.0867218
0.0865705
0.086373
0.0861153
0.08578
0.0853452
0.0847833
0.0840583
0.083123
0.0819137
0.0803427
0.0782852
0.075558
0.0718795
0.0667851
0.0594041
0.0476052
0.0234334
0.0883932
0.0882853
0.088163
0.0880342
0.0879063
0.0877851
0.0876741
0.0875751
0.0874885
0.0874134
0.0873484
0.0872916
0.0872411
0.0871946
0.0871497
0.0871037
0.0870534
0.086995
0.0869239
0.0868342
0.0867186
0.0865681
0.0863713
0.0861143
0.0857797
0.0853456
0.0847843
0.0840599
0.0831252
0.0819166
0.0803462
0.0782893
0.0755628
0.0718851
0.0667918
0.0594119
0.0476136
0.0234307
0.0883713
0.0882558
0.08813
0.0880006
0.0878738
0.0877547
0.0876464
0.0875502
0.0874663
0.0873938
0.0873311
0.0872765
0.0872278
0.087183
0.0871396
0.0870949
0.0870458
0.0869886
0.0869185
0.0868297
0.0867149
0.0865652
0.0863691
0.0861129
0.085779
0.0853456
0.0847849
0.0840611
0.083127
0.081919
0.0803491
0.0782928
0.0755669
0.0718899
0.0667974
0.0594185
0.0476206
0.0234277
0.0883457
0.088222
0.0880927
0.0879629
0.0878377
0.0877211
0.0876159
0.0875229
0.087442
0.0873723
0.0873123
0.0872599
0.0872133
0.0871703
0.0871285
0.0870853
0.0870375
0.0869814
0.0869124
0.0868246
0.0867107
0.0865618
0.0863665
0.086111
0.0857778
0.0853451
0.084785
0.0840618
0.0831283
0.0819208
0.0803514
0.0782956
0.0755702
0.0718937
0.0668017
0.0594234
0.0476255
0.023424
0.0883154
0.0881836
0.0880512
0.0879215
0.0877983
0.0876849
0.0875831
0.0874936
0.0874162
0.0873495
0.0872922
0.0872424
0.087198
0.0871569
0.0871168
0.0870751
0.0870287
0.0869738
0.0869058
0.086819
0.086706
0.0865579
0.0863635
0.0861087
0.0857761
0.085344
0.0847846
0.084062
0.083129
0.0819219
0.080353
0.0782976
0.0755725
0.0718962
0.0668043
0.0594259
0.0476273
0.0234191
0.0882807
0.0881414
0.0880066
0.0878777
0.0877572
0.0876473
0.0875493
0.0874636
0.0873897
0.0873262
0.0872718
0.0872244
0.0871823
0.0871431
0.0871048
0.0870646
0.0870195
0.0869658
0.086899
0.0868131
0.086701
0.0865537
0.08636
0.0861059
0.085774
0.0853425
0.0847836
0.0840615
0.083129
0.0819224
0.0803539
0.0782988
0.0755738
0.0718974
0.0668051
0.0594256
0.0476252
0.0234123
0.0882434
0.0880982
0.0879621
0.0878348
0.0877173
0.087611
0.0875169
0.087435
0.0873644
0.0873041
0.0872523
0.0872074
0.0871673
0.08713
0.0870933
0.0870545
0.0870107
0.0869582
0.0868923
0.0868073
0.0866961
0.0865495
0.0863565
0.0861029
0.0857716
0.0853406
0.0847821
0.0840605
0.0831284
0.0819222
0.0803541
0.0782992
0.0755742
0.0718975
0.0668041
0.0594225
0.0476184
0.023403
0.0882086
0.0880594
0.0879232
0.0877977
0.0876832
0.0875804
0.0874896
0.0874109
0.0873432
0.0872855
0.087236
0.087193
0.0871547
0.0871189
0.0870835
0.087046
0.0870032
0.0869516
0.0868866
0.0868024
0.0866918
0.0865458
0.0863532
0.0861002
0.0857692
0.0853386
0.0847805
0.0840592
0.0831275
0.0819216
0.0803537
0.078299
0.075574
0.0718968
0.0668021
0.0594173
0.047607
0.023391
0.0881846
0.0880339
0.0878982
0.0877742
0.0876618
0.0875611
0.0874726
0.0873958
0.08733
0.0872738
0.0872258
0.087184
0.0871468
0.0871119
0.0870774
0.0870405
0.0869984
0.0869474
0.0868829
0.0867991
0.0866889
0.0865433
0.086351
0.0860982
0.0857675
0.0853371
0.0847793
0.0840581
0.0831265
0.0819208
0.0803531
0.0782985
0.0755735
0.071896
0.0668003
0.0594128
0.047596
0.0233755
)
;

boundaryField
{
    leftWall
    {
        type            kqRWallFunction;
        value           nonuniform List<scalar> 
100
(
0.00479417
0.00833035
0.0105626
0.0122297
0.0135606
0.0146721
0.0156241
0.0164482
0.0171616
0.017774
0.0182935
0.0187292
0.0190934
0.0194011
0.0196683
0.0199091
0.0201447
0.0205131
0.020874
0.0212349
0.0215988
0.0219651
0.022332
0.0226973
0.0230586
0.0234141
0.0237619
0.024101
0.0244302
0.0247493
0.0250582
0.0253577
0.02565
0.025939
0.0262315
0.0265392
0.02688
0.0272813
0.0277848
0.0284597
0.0293581
0.0304093
0.0316802
0.0345437
0.0365604
0.0361927
0.0357076
0.0351293
0.0347605
0.0346883
0.0349364
0.0354345
0.0359673
0.0363656
0.0366009
0.0366794
0.0366174
0.0364347
0.0361515
0.0357864
0.0353567
0.0348786
0.0343663
0.0338326
0.0332887
0.0327436
0.0322033
0.0316722
0.0311546
0.0306545
0.0301749
0.0297167
0.0292797
0.0288639
0.0284699
0.0280981
0.0277484
0.0274201
0.0271129
0.0268263
0.0265591
0.0263095
0.0260761
0.0258599
0.025667
0.0255098
0.0254064
0.02538
0.0254577
0.0256723
0.0260673
0.026706
0.0276825
0.0291415
0.0313194
0.0346247
0.0397484
0.0479169
0.0621
0.0930369
)
;
    }
    rightWall
    {
        type            kqRWallFunction;
        value           nonuniform List<scalar> 
100
(
0.00928135
0.0106264
0.0121487
0.0136114
0.014921
0.0160661
0.0170594
0.0179183
0.0186608
0.019303
0.0198598
0.0203444
0.0207688
0.021144
0.0214799
0.0217848
0.0222291
0.0226863
0.0230644
0.0233628
0.0235928
0.0237678
0.0239004
0.0240008
0.0240774
0.0241364
0.0241824
0.0242188
0.0242479
0.0242713
0.02429
0.0243048
0.0243162
0.0243243
0.0243296
0.024332
0.0243318
0.0243291
0.0243239
0.0243165
0.0243068
0.024295
0.0242813
0.0242657
0.0242484
0.0242295
0.0242092
0.0241875
0.0241645
0.0241405
0.0241156
0.0240898
0.0240632
0.0240361
0.0240084
0.0239803
0.0239519
0.0239233
0.0238974
0.0238748
0.0238538
0.0238335
0.0238135
0.0237934
0.0237733
0.0237531
0.023733
0.023713
0.0236933
0.0236739
0.0236549
0.0236364
0.0236185
0.0236012
0.0235846
0.0235688
0.0235537
0.0235395
0.0235261
0.0235136
0.0235021
0.0234915
0.0234818
0.023473
0.0234653
0.0234584
0.0234524
0.0234473
0.023443
0.0234393
0.0234362
0.0234334
0.0234307
0.0234277
0.023424
0.0234191
0.0234123
0.023403
0.023391
0.0233755
)
;
    }
    lowerWall
    {
        type            kqRWallFunction;
        value           nonuniform List<scalar> 
124
(
0.00479417
0.00872508
0.0125145
0.0152716
0.017441
0.0192316
0.0207587
0.0220976
0.0233031
0.0244175
0.0254744
0.0265024
0.0275268
0.0285706
0.0296564
0.0308066
0.032044
0.0333917
0.034873
0.0365099
0.038321
0.0403177
0.0424979
0.0448388
0.0472873
0.0497506
0.0520906
0.0541248
0.0556403
0.0564269
0.0563105
0.0551241
0.0527468
0.0495653
0.0458657
0.041847
0.0378406
0.0341882
0.0311324
0.0287832
0.0271655
0.0261362
0.0255094
0.0252147
0.0248373
0.0227186
0.0227186
0.029261
0.0326157
0.0408043
0.0463878
0.04814
0.0479967
0.0474345
0.0468583
0.0464714
0.0464858
0.0471779
0.0486414
0.0511443
0.0552807
0.0620879
0.0837153
0.0723657
0.0529339
0.0428148
0.044356
0.0516101
0.0579353
0.0645879
0.0093429
0.0105614
0.0119054
0.0132623
0.0145342
0.0157169
0.0168474
0.0180615
0.0193267
0.0204455
0.0211231
0.0211935
0.0219128
0.0264101
0.0382396
0.0570076
0.0093429
0.0175133
0.0238892
0.0283076
0.0312813
0.0331964
0.0343544
0.0350138
0.0353767
0.0355462
0.0355892
0.0355394
0.0354652
0.035439
0.0354772
0.0355404
0.0355841
0.035593
0.0355747
0.0355421
0.0355051
0.0354674
0.0354295
0.0353889
0.0353404
0.0352766
0.0351849
0.0350467
0.0348334
0.0345021
0.0339899
0.0332035
0.0320074
0.0302034
0.0274998
0.023471
0.017507
0.00928135
)
;
    }
    atmosphere
    {
        type            inletOutlet;
        inletValue      uniform 0.1;
        value           nonuniform List<scalar> 
92
(
0.1
0.1
0.1
0.1
0.1
0.1
0.1
0.1
0.1
0.1
0.1
0.1
0.1
0.1
0.1
0.1
0.1
0.1
0.1
0.1
0.1
0.1
0.1
0.1
0.1
0.1
0.1
0.1
0.1
0.1
0.1
0.1
0.1
0.1
0.1
0.1
0.1
0.1
0.1
0.1
0.1
0.1
0.0938401
0.0917957
0.0905021
0.0896632
0.0892553
0.0890402
0.0888627
0.0887151
0.0885909
0.0884848
0.0883924
0.08831
0.0881846
0.0880339
0.0878982
0.0877742
0.0876618
0.0875611
0.0874726
0.0873958
0.08733
0.0872738
0.0872258
0.087184
0.0871468
0.0871119
0.0870774
0.0870405
0.0869984
0.0869474
0.0868829
0.0867991
0.0866889
0.0865433
0.086351
0.0860982
0.0857675
0.0853371
0.0847793
0.0840581
0.0831265
0.0819208
0.0803531
0.0782985
0.0755735
0.071896
0.0668003
0.0594128
0.047596
0.0233755
)
;
    }
    defaultFaces
    {
        type            empty;
    }
}


// ************************************************************************* //
