/*--------------------------------*- C++ -*----------------------------------*\
  =========                 |
  \\      /  F ield         | OpenFOAM: The Open Source CFD Toolbox
   \\    /   O peration     | Website:  https://openfoam.org
    \\  /    A nd           | Version:  7
     \\/     M anipulation  |
\*---------------------------------------------------------------------------*/
FoamFile
{
    version     2.0;
    format      ascii;
    class       volScalarField;
    location    "0.15";
    object      p;
}
// * * * * * * * * * * * * * * * * * * * * * * * * * * * * * * * * * * * * * //

dimensions      [1 -1 -2 0 0 0 0];

internalField   nonuniform List<scalar> 
9072
(
1985.48
1989.41
1992.57
1993.61
1991.55
1986.33
1978.21
1967.34
1953.83
1937.75
1919.15
1898.02
1874.33
1848.05
1819.08
1787.31
1752.59
1714.72
1673.47
1628.52
1579.47
1525.84
1467.06
1402.44
1331.23
1252.61
1165.89
1070.63
967.077
856.558
741.98
628.146
523.334
434.68
361.23
299.556
247.375
202.495
162.782
126.852
94.0527
63.6249
35.0486
15.028
9.71503
11.1307
1955.38
1958.33
1960.1
1960.14
1957.52
1951.99
1943.66
1932.65
1919.02
1902.83
1884.11
1862.85
1839.01
1812.55
1783.36
1751.33
1716.3
1678.07
1636.38
1590.9
1541.23
1486.87
1427.25
1361.69
1289.45
1209.79
1122.11
1026.12
922.27
812.086
698.537
586.414
481.796
391.343
321.736
266.795
221.285
180.107
140.723
102.554
64.9092
29.9796
9.44419
4.01226
6.6602
9.42831
1925.18
1927.87
1928.32
1927.08
1923.54
1917.36
1908.56
1897.17
1883.23
1866.75
1847.75
1826.2
1802.06
1775.25
1745.68
1713.21
1677.66
1638.83
1596.44
1550.14
1499.53
1444.11
1383.31
1316.47
1242.93
1162.05
1073.37
976.843
873.136
763.999
652.524
543.479
442.969
358
289.04
236.171
192.726
152.825
113.493
74.3759
37.1684
12.5721
4.71721
3.23984
5.15571
7.36385
1894.74
1897.68
1897.35
1895.06
1890.6
1883.68
1874.27
1862.38
1848.01
1831.15
1811.77
1789.84
1765.31
1738.08
1708.04
1675.04
1638.91
1599.41
1556.25
1509.1
1457.52
1401.03
1339.08
1271.06
1196.37
1114.49
1025.1
928.344
825.069
717.171
607.841
501.751
404.469
321.637
254.913
203.547
161.522
122.664
83.8053
45.6535
15.3812
5.54516
3.7898
3.49254
4.43101
5.82531
1864.06
1867.37
1866.67
1863.67
1858.48
1850.9
1840.92
1828.53
1813.7
1796.42
1776.64
1754.32
1729.37
1701.7
1671.19
1637.68
1600.97
1560.83
1516.96
1469.01
1416.58
1359.17
1296.26
1227.3
1151.75
1069.17
979.397
882.675
779.979
673.275
565.75
461.916
366.932
285.699
220.103
169.243
127.873
89.5489
51.8891
20.3042
5.46843
3.23162
3.2209
3.37588
3.90112
4.8206
1833.19
1836.79
1835.94
1832.51
1826.78
1818.66
1808.18
1795.33
1780.08
1762.4
1742.23
1719.51
1694.16
1666.07
1635.1
1601.09
1563.84
1523.1
1478.58
1429.93
1376.74
1318.55
1254.86
1185.16
1108.98
1025.96
936.031
839.538
737.519
631.949
525.933
423.785
330.298
249.763
183.919
132.565
91.36
54.1714
22.7578
6.27542
2.90794
2.63749
2.88805
3.11376
3.49906
4.17789
1802.14
1805.96
1805.09
1801.41
1795.31
1786.78
1775.88
1762.63
1747
1728.95
1708.41
1685.31
1659.57
1631.07
1599.66
1565.18
1527.42
1486.13
1441.01
1391.72
1337.86
1279
1214.66
1144.37
1067.73
984.469
894.576
798.471
697.227
592.779
488.086
387.216
294.473
213.366
145.515
92.5429
52.5494
22.2193
6.23399
2.54607
2.26951
2.41473
2.67418
2.90302
3.19925
3.72165
1770.97
1774.94
1774.13
1770.34
1764
1755.16
1743.94
1730.35
1714.39
1695.99
1675.11
1651.67
1625.56
1596.66
1564.84
1529.91
1491.67
1449.86
1404.18
1354.31
1299.86
1240.41
1175.52
1104.78
1027.83
944.481
854.783
759.211
658.846
555.551
452.088
352.231
259.54
176.288
104.4
50.1937
18.6361
5.05616
2.20472
2.04594
2.08857
2.27302
2.51719
2.74123
2.98172
3.34552
1739.71
1743.79
1743.11
1739.33
1732.84
1723.79
1712.31
1698.46
1682.2
1663.51
1642.32
1618.55
1592.1
1562.84
1530.62
1495.28
1456.58
1414.27
1368.08
1317.68
1262.69
1202.73
1137.39
1066.3
989.166
905.861
816.501
721.595
622.226
520.153
417.924
319.002
225.818
138.812
63.0367
15.6352
2.68141
1.63289
1.82289
1.88295
1.97884
2.16466
2.38424
2.58929
2.78517
3.0168
1708.42
1712.61
1712.1
1708.38
1701.82
1692.64
1680.99
1666.91
1650.42
1631.48
1610.01
1585.95
1559.18
1529.58
1497
1461.26
1422.13
1379.37
1332.7
1281.8
1226.34
1165.93
1100.21
1028.86
951.648
868.508
779.61
685.501
587.254
486.517
385.638
287.806
193.855
102.855
30.3645
1.74273
0.931323
1.51649
1.67669
1.75312
1.8945
2.07022
2.26113
2.43497
2.58699
2.72099
1677.14
1681.45
1681.13
1677.53
1670.98
1661.72
1649.95
1635.72
1619.04
1599.88
1578.17
1553.85
1526.79
1496.88
1463.96
1427.85
1388.32
1345.13
1298.02
1246.68
1190.77
1129.97
1063.94
992.408
915.214
832.342
744.019
650.83
553.84
454.588
355.289
258.886
164.19
71.8142
12.6713
1.16653
1.34443
1.51454
1.57679
1.67389
1.82141
1.97942
2.13898
2.27714
2.383
2.44929
1645.91
1650.38
1650.26
1646.8
1640.3
1631.03
1619.19
1604.85
1588.03
1568.69
1546.79
1522.24
1494.93
1464.73
1431.5
1395.05
1355.15
1311.57
1264.04
1212.29
1155.99
1094.85
1028.56
956.923
879.822
797.303
709.653
617.499
521.898
424.303
326.902
232.311
136.868
47.5691
6.35406
1.76822
1.43246
1.46898
1.52542
1.62499
1.75388
1.88619
2.01374
2.11565
2.17665
2.1859
1614.76
1619.43
1619.51
1616.22
1609.8
1600.56
1588.69
1574.3
1557.38
1537.92
1515.85
1491.11
1463.57
1433.13
1399.62
1362.85
1322.61
1278.67
1230.77
1178.64
1122
1060.55
994.07
922.384
845.441
763.348
676.456
585.436
491.347
395.594
300.486
207.955
111.831
30.1412
4.14798
1.69465
1.39635
1.42944
1.48974
1.57656
1.68145
1.7874
1.88404
1.94973
1.96819
1.91559
1583.71
1588.63
1588.9
1585.79
1579.49
1570.31
1558.48
1544.06
1527.09
1507.55
1485.36
1460.46
1432.75
1402.09
1368.33
1331.28
1290.74
1246.46
1198.23
1145.76
1088.8
1027.1
960.467
888.781
812.047
730.441
644.382
554.591
462.138
368.457
276.097
185.44
88.6693
18.3423
3.11021
1.46679
1.34006
1.38937
1.44545
1.51713
1.60081
1.68229
1.74976
1.77902
1.75634
1.62326
1552.76
1557.96
1558.43
1555.49
1549.33
1540.27
1528.5
1514.12
1497.14
1477.55
1455.29
1430.28
1402.42
1371.58
1337.6
1300.31
1259.5
1214.94
1166.4
1113.63
1056.39
994.476
927.724
856.074
779.589
698.513
613.339
524.838
434.116
342.737
253.345
163.256
66.1238
10.7172
2.25173
1.27047
1.2807
1.33788
1.3873
1.44703
1.51253
1.57168
1.61166
1.60392
1.53922
1.28523
1521.92
1527.29
1527.99
1525.21
1519.22
1510.28
1498.6
1484.28
1467.32
1447.72
1425.42
1400.33
1372.36
1341.37
1307.23
1269.74
1228.71
1183.91
1135.13
1082.13
1024.69
962.627
895.824
824.261
748.05
667.498
583.15
495.824
406.705
317.523
230.089
137.821
43.9655
6.12065
1.57731
1.13916
1.21593
1.27297
1.31788
1.36808
1.41804
1.45722
1.47149
1.42704
1.31662
0.878955
0.534664
0.540783
0.549023
0.557698
0.564417
0.568536
0.570215
0.569895
0.568038
0.56506
0.561282
0.556964
0.55228
0.547368
0.542341
0.537292
0.532289
0.52737
0.522576
0.517934
0.513477
0.509235
0.505233
0.501504
0.498059
0.494915
0.492093
0.489594
0.487438
0.485646
0.484214
0.483195
0.482573
0.482381
0.48259
0.48316
0.48393
0.484899
0.504372
0.510103
0.517365
0.525527
0.532148
0.536491
0.538584
0.538752
0.537377
0.534836
0.531424
0.527405
0.522966
0.518264
0.513409
0.508482
0.503563
0.498704
0.493958
0.489354
0.484927
0.480708
0.476722
0.473005
0.469572
0.466434
0.463617
0.461119
0.458957
0.457156
0.455704
0.454655
0.453987
0.453727
0.453834
0.454254
0.454813
0.455575
0.473411
0.479097
0.485996
0.493876
0.500458
0.504997
0.507444
0.508018
0.507042
0.50486
0.501748
0.497975
0.49373
0.489179
0.48444
0.479599
0.474745
0.469933
0.46522
0.460643
0.456235
0.452029
0.448053
0.444342
0.440914
0.437778
0.434961
0.432461
0.430289
0.428475
0.427001
0.425919
0.425204
0.424872
0.424878
0.425158
0.425577
0.426284
0.441655
0.447643
0.454743
0.462726
0.469422
0.474154
0.476869
0.477743
0.477056
0.47514
0.472252
0.468662
0.464561
0.460117
0.455459
0.450678
0.445867
0.441084
0.436391
0.431828
0.427429
0.423229
0.419254
0.415542
0.412113
0.408974
0.40615
0.40364
0.401452
0.399616
0.398115
0.396993
0.396226
0.395821
0.395734
0.395904
0.396266
0.39702
0.40904
0.415528
0.423355
0.431889
0.43892
0.443893
0.446821
0.447906
0.447414
0.445676
0.44294
0.439472
0.435468
0.431093
0.426485
0.421739
0.416949
0.412176
0.407487
0.402929
0.39853
0.394326
0.390346
0.386628
0.383192
0.380044
0.377206
0.374681
0.372471
0.37061
0.369078
0.367914
0.367096
0.366622
0.366459
0.366554
0.36692
0.367761
0.375487
0.382597
0.391732
0.401284
0.408889
0.414175
0.417282
0.4185
0.418114
0.416471
0.413815
0.410412
0.406456
0.402111
0.397521
0.392782
0.38799
0.38321
0.378512
0.373944
0.369535
0.365321
0.361331
0.357601
0.354154
0.350991
0.348134
0.345588
0.343354
0.341466
0.339904
0.338701
0.337837
0.337307
0.337087
0.337142
0.33755
0.338487
0.340937
0.348664
0.359911
0.370948
0.379353
0.385012
0.38826
0.389531
0.389162
0.387529
0.384882
0.381482
0.377526
0.373171
0.368564
0.363806
0.358989
0.354185
0.349462
0.344873
0.340445
0.336213
0.332207
0.328461
0.324996
0.321813
0.318933
0.316364
0.314106
0.312192
0.310602
0.309365
0.308464
0.307892
0.307637
0.307682
0.308154
0.30918
0.305101
0.313791
0.328029
0.340996
0.350385
0.356445
0.359777
0.361009
0.360564
0.358853
0.356141
0.352685
0.348678
0.344271
0.339615
0.334809
0.329947
0.3251
0.320339
0.315717
0.311261
0.307006
0.302978
0.299209
0.295721
0.292514
0.289609
0.287015
0.284733
0.282794
0.281182
0.279918
0.278989
0.278391
0.27812
0.278178
0.278723
0.279829
0.268223
0.277956
0.296271
0.311588
0.322092
0.328538
0.331869
0.332954
0.332328
0.330447
0.327592
0.324017
0.319908
0.31541
0.310672
0.305793
0.300863
0.295957
0.291144
0.286478
0.281987
0.277702
0.273647
0.26985
0.266334
0.263099
0.260165
0.257546
0.255241
0.253281
0.251651
0.250367
0.249422
0.24881
0.248542
0.248631
0.249252
0.250424
0.229458
0.241144
0.264848
0.282921
0.294599
0.301364
0.304576
0.305387
0.304466
0.302315
0.299237
0.295477
0.291213
0.286585
0.281732
0.276754
0.271736
0.266755
0.261878
0.25716
0.252625
0.248303
0.244216
0.240385
0.236836
0.23357
0.230606
0.227963
0.225637
0.223659
0.222015
0.220718
0.219766
0.219156
0.218905
0.219037
0.219734
0.220959
0.189262
0.203477
0.233976
0.255209
0.268029
0.274992
0.277934
0.278325
0.276984
0.274459
0.271074
0.267061
0.26259
0.257789
0.252791
0.247689
0.242564
0.237493
0.232542
0.227762
0.223176
0.218811
0.214685
0.210816
0.20723
0.203931
0.200937
0.198268
0.195924
0.193931
0.192279
0.190977
0.190027
0.18943
0.189207
0.189393
0.190163
0.19143
0.148066
0.165441
0.20394
0.228679
0.242491
0.249467
0.251964
0.251777
0.249885
0.246878
0.243099
0.238765
0.234031
0.229017
0.223842
0.218593
0.213344
0.208171
0.203135
0.198284
0.19364
0.189225
0.185055
0.181144
0.177517
0.174183
0.171158
0.168466
0.166105
0.1641
0.162445
0.161144
0.160206
0.159631
0.159446
0.159692
0.160533
0.161833
0.106547
0.128956
0.175314
0.203515
0.218051
0.224806
0.226668
0.22574
0.223161
0.219564
0.215303
0.210578
0.205528
0.20026
0.194879
0.18946
0.184072
0.178784
0.173653
0.168724
0.164015
0.159544
0.155323
0.151366
0.147697
0.144327
0.141272
0.138557
0.136182
0.134168
0.132513
0.13122
0.1303
0.129757
0.129618
0.129927
0.130838
0.132167
0.0646015
0.0971053
0.148763
0.179643
0.194653
0.20098
0.20203
0.200204
0.196805
0.192511
0.187681
0.182496
0.177076
0.171513
0.165894
0.160284
0.154741
0.149327
0.144093
0.139078
0.134296
0.129761
0.125486
0.121478
0.117765
0.114359
0.111275
0.108538
0.10615
0.104131
0.10248
0.101202
0.100307
0.0998035
0.0997171
0.100093
0.101073
0.102428
0.0275857
0.0685891
0.123211
0.156397
0.172014
0.177853
0.177975
0.175122
0.170786
0.165697
0.160216
0.154506
0.148666
0.14277
0.136886
0.131064
0.125353
0.119802
0.114455
0.109345
0.104484
0.0998804
0.0955442
0.091485
0.087726
0.0842834
0.0811714
0.078413
0.0760143
0.0739911
0.0723483
0.0710895
0.0702264
0.0697686
0.0697391
0.0701853
0.0712334
0.0726135
-0.0328765
0.0322947
0.0955141
0.132977
0.149754
0.155152
0.154296
0.150336
0.144981
0.139029
0.13284
0.126563
0.120273
0.114023
0.107857
0.101814
0.0959271
0.0902352
0.084772
0.0795636
0.0746185
0.0699421
0.0655429
0.0614305
0.0576256
0.054146
0.0510054
0.0482248
0.0458137
0.0437859
0.0421494
0.040909
0.040076
0.0396611
0.0396857
0.0402021
0.0413162
0.0427203
1473.89
1479.17
1480.26
1477.69
1471.87
1463.1
1451.55
1437.31
1420.4
1400.81
1378.47
1353.31
1325.23
1294.1
1259.79
1222.1
1180.86
1135.86
1086.89
1033.73
976.197
914.133
847.46
776.194
700.49
620.691
537.366
451.394
364.116
277.008
188.172
91.2973
19.3997
2.54566
1.05347
1.00531
1.1009
1.15357
1.19396
1.23265
1.26337
1.27664
1.25535
1.15837
0.929247
0.116884
1408.78
1413.97
1415.22
1412.84
1407.22
1398.65
1387.28
1373.21
1356.44
1336.96
1314.7
1289.6
1261.55
1230.43
1196.1
1158.4
1117.16
1072.18
1023.27
970.243
912.922
851.183
784.965
714.299
639.345
560.433
478.13
393.359
307.378
219.8
124.826
37.3514
4.56466
1.11514
0.757899
0.838206
0.919113
0.968376
1.00814
1.03899
1.05561
1.05038
1.00724
0.88944
0.665081
0.254462
1343.96
1348.95
1350.23
1348.01
1342.61
1334.28
1323.19
1309.38
1292.87
1273.64
1251.62
1226.73
1198.89
1167.97
1133.83
1096.34
1055.31
1010.58
961.959
909.277
852.381
791.158
725.56
655.624
581.507
503.529
422.275
338.696
253.27
162.182
66.0535
10.8508
1.40219
0.580396
0.579158
0.671181
0.735992
0.785215
0.825213
0.852683
0.864759
0.857134
0.821242
0.741319
0.609414
0.457536
1279.47
1284.19
1285.42
1283.33
1278.16
1270.12
1259.34
1245.88
1229.73
1210.86
1189.2
1164.69
1137.21
1106.66
1072.91
1035.81
995.197
950.913
902.785
850.651
794.368
733.837
669.013
599.936
526.756
449.801
369.705
287.243
200.894
104.911
24.9403
2.58065
0.59616
0.372275
0.439297
0.509024
0.56429
0.613568
0.653067
0.679638
0.69214
0.688712
0.66588
0.618189
0.539272
0.445644
1215.42
1219.8
1220.95
1218.98
1214.03
1206.29
1195.87
1182.81
1167.09
1148.68
1127.5
1103.48
1076.51
1046.48
1013.27
976.73
936.714
893.061
845.61
794.207
738.72
679.05
615.158
547.079
474.961
399.17
320.383
238.613
149.127
54.894
7.28693
0.829448
0.23826
0.232567
0.298295
0.351868
0.40377
0.452302
0.491224
0.518248
0.53279
0.533969
0.519988
0.488127
0.434357
0.364323
1151.89
1155.92
1156.99
1155.13
1150.4
1142.97
1132.95
1120.33
1105.11
1087.22
1066.61
1043.18
1016.83
987.459
954.927
919.103
879.839
836.981
790.373
739.871
685.346
626.707
563.91
496.984
426.093
351.668
274.273
192.128
99.0653
21.5987
1.85008
0.228369
0.0521174
0.105458
0.156006
0.202184
0.25236
0.299452
0.33795
0.366011
0.383124
0.38884
0.382219
0.361966
0.326955
0.280119
1089.02
1092.69
1093.69
1091.92
1087.42
1080.33
1070.71
1058.58
1043.9
1026.61
1006.64
983.893
958.271
929.657
897.927
862.948
824.576
782.66
737.05
687.605
634.205
576.761
515.225
449.628
380.171
307.367
231.228
147.07
55.3159
6.97663
0.564453
-0.0601279
-0.0769966
-0.0241047
0.0153495
0.0593576
0.107937
0.153454
0.19166
0.22092
0.240732
0.25091
0.251051
0.240529
0.218975
0.1874
1026.9
1030.22
1031.16
1029.51
1025.24
1018.49
1009.31
997.696
983.599
966.957
947.689
925.701
900.888
873.132
842.312
808.295
770.942
730.105
685.634
637.395
585.274
529.182
469.073
404.988
337.199
266.221
190.837
104.231
24.591
1.80748
-0.0588217
-0.245475
-0.198932
-0.15779
-0.122201
-0.0782632
-0.0311773
0.0129391
0.0509089
0.0812591
0.103501
0.117525
0.123081
0.119663
0.10684
0.0846446
965.651
968.633
969.527
967.991
963.967
957.575
948.853
937.78
924.304
908.355
889.846
868.682
844.753
817.943
788.127
755.179
718.961
679.327
636.129
589.236
538.536
483.946
425.422
363.039
297.16
228.051
152.287
65.1688
9.29521
0.481388
-0.33865
-0.377985
-0.324003
-0.291433
-0.255699
-0.211801
-0.166138
-0.123205
-0.085473
-0.0542564
-0.0300382
-0.0129673
-0.0033184
-0.00160707
-0.00830154
-0.0237025
905.347
908.013
908.879
907.465
903.696
897.677
889.431
878.926
866.104
850.887
833.186
812.903
789.926
764.137
735.412
703.628
668.65
630.332
588.53
543.112
493.971
441.024
384.241
323.757
260.026
192.679
115.541
34.1097
2.7543
-0.260176
-0.527047
-0.493313
-0.453261
-0.42369
-0.386027
-0.34226
-0.297804
-0.255827
-0.218322
-0.186447
-0.160688
-0.141268
-0.128521
-0.122968
-0.125071
-0.135281
846.065
848.435
849.286
848.004
844.5
838.869
831.118
821.205
809.066
794.619
777.77
758.418
736.452
711.754
684.2
653.666
620.021
583.121
542.825
499.004
451.552
400.388
345.503
287.108
225.636
159.459
81.2901
14.9925
0.454895
-0.59321
-0.665843
-0.612017
-0.581954
-0.552382
-0.513444
-0.470157
-0.426698
-0.385477
-0.348169
-0.315799
-0.288865
-0.267667
-0.252581
-0.244117
-0.242711
-0.248863
787.86
789.952
790.801
789.658
786.432
781.205
773.968
764.671
753.243
739.599
723.642
705.269
684.37
660.826
634.514
605.311
573.083
537.694
499.006
456.895
411.257
362.018
309.202
253.108
193.923
127.979
50.9121
5.78345
-0.16059
-0.766559
-0.777599
-0.735048
-0.710024
-0.678591
-0.638802
-0.595953
-0.553202
-0.512517
-0.475343
-0.442594
-0.414773
-0.392233
-0.375369
-0.364654
-0.360483
-0.363329
730.77
732.599
733.457
732.461
729.526
724.718
718.015
709.357
698.669
685.862
670.837
653.487
633.705
611.374
586.371
558.572
527.845
494.056
457.072
416.777
373.073
325.896
275.323
221.74
164.863
98.8019
27.6138
1.55094
-0.757735
-0.937336
-0.897205
-0.864584
-0.838364
-0.803505
-0.762663
-0.719927
-0.677553
-0.637179
-0.600054
-0.566992
-0.538488
-0.514914
-0.496654
-0.484129
-0.477683
-0.477724
674.815
676.394
677.269
676.428
673.799
669.428
663.28
655.286
645.366
633.429
619.372
603.089
584.472
563.406
539.773
513.449
484.301
452.2
417.018
378.644
336.984
291.991
243.798
192.804
137.866
71.9529
12.8708
-0.196152
-1.06006
-1.07622
-1.01967
-0.991899
-0.963421
-0.926265
-0.88476
-0.842015
-0.799816
-0.759594
-0.722447
-0.689104
-0.660039
-0.635621
-0.616203
-0.602148
-0.593747
-0.591334
619.995
621.333
622.233
621.557
619.249
615.337
609.769
602.465
593.343
582.307
569.254
554.077
536.668
516.917
494.708
469.922
442.43
412.104
378.821
342.472
302.965
260.275
214.596
166.187
112.538
47.8103
5.31176
-0.623142
-1.18853
-1.18346
-1.1403
-1.11607
-1.08557
-1.04704
-1.00506
-0.962204
-0.920033
-0.879842
-0.842605
-0.808978
-0.779408
-0.754244
-0.7338
-0.718382
-0.708242
-0.703639
566.296
567.396
568.328
567.83
565.866
562.438
557.477
550.894
542.598
532.493
520.477
506.443
490.283
471.892
451.159
427.969
402.202
373.733
342.44
308.216
270.974
230.721
187.725
141.993
89.2912
28.3754
1.58053
-1.01521
-1.31555
-1.29702
-1.26627
-1.24067
-1.20664
-1.16642
-1.12373
-1.08054
-1.03823
-0.997947
-0.960539
-0.926593
-0.896527
-0.870657
-0.849258
-0.832589
-0.820869
-0.814297
513.682
514.542
515.518
515.215
513.624
510.713
506.392
500.562
493.125
483.98
473.029
460.168
445.296
428.309
409.102
387.567
363.589
337.048
307.826
275.816
240.94
203.244
163.058
120
68.5318
15.0338
-0.390337
-1.50107
-1.48228
-1.42529
-1.39476
-1.36414
-1.32622
-1.28423
-1.24066
-1.19698
-1.15439
-1.1139
-1.07623
-1.04191
-1.01132
-0.984754
-0.962442
-0.944605
-0.931441
-0.923092
462.102
462.71
463.746
463.664
462.486
460.134
456.494
451.453
444.907
436.753
426.893
415.234
401.681
386.137
368.504
348.678
326.55
302.005
274.927
245.212
212.791
177.747
140.388
99.6929
49.7448
6.84606
-1.13804
-1.65939
-1.60365
-1.54504
-1.51566
-1.48295
-1.4432
-1.40008
-1.35573
-1.3115
-1.26852
-1.22769
-1.18965
-1.15489
-1.12375
-1.09648
-1.07328
-1.05435
-1.03986
-1.0299
411.486
411.809
412.936
413.113
412.402
410.663
407.753
403.543
397.921
390.786
382.045
371.612
359.404
345.334
329.314
311.246
291.025
268.54
243.682
216.35
186.483
154.191
119.659
80.9315
33.2085
2.51155
-1.31158
-1.70871
-1.69256
-1.65801
-1.63273
-1.59912
-1.55827
-1.51419
-1.46901
-1.42411
-1.38059
-1.33929
-1.30079
-1.26553
-1.23379
-1.20582
-1.18176
-1.16179
-1.14607
-1.13465
361.736
361.697
362.986
363.485
363.316
362.26
360.136
356.803
352.141
346.051
338.451
329.265
318.424
305.853
291.474
275.201
256.936
236.576
214.017
189.164
161.968
132.575
101.006
64.2446
20.2613
0.302576
-1.54951
-1.81312
-1.80529
-1.78007
-1.75228
-1.71531
-1.67238
-1.62684
-1.58052
-1.53474
-1.49053
-1.44865
-1.40961
-1.37378
-1.34144
-1.31276
-1.28788
-1.26693
-1.25008
-1.23731
312.737
312.159
313.732
314.672
315.164
314.887
313.619
311.208
307.539
302.518
296.075
288.15
278.688
267.631
254.915
240.464
224.196
206.017
185.834
163.552
139.14
112.78
84.3134
49.8696
11.2478
-1.07684
-1.99337
-1.97908
-1.93685
-1.90724
-1.87259
-1.83084
-1.78516
-1.73778
-1.6901
-1.64329
-1.59826
-1.55569
-1.51604
-1.47962
-1.44666
-1.41729
-1.39163
-1.36978
-1.35188
-1.33791
264.239
262.971
264.946
266.527
267.857
268.497
268.18
266.749
264.101
260.161
254.88
248.218
240.136
230.595
219.549
206.94
192.702
176.755
159.011
139.379
117.843
94.5977
69.2241
37.3287
5.38343
-1.76929
-2.24182
-2.12774
-2.06336
-2.02772
-1.98866
-1.94377
-1.89578
-1.84663
-1.79752
-1.74958
-1.70365
-1.66033
-1.62004
-1.58302
-1.54944
-1.51942
-1.49303
-1.47035
-1.45151
-1.43647
215.407
214.03
216.518
218.976
221.32
223.025
223.77
223.391
221.801
218.956
214.831
209.416
202.698
194.659
185.277
174.517
162.33
148.654
133.408
116.503
97.931
77.8403
55.4219
26.3579
1.92816
-1.96435
-2.29552
-2.22235
-2.17279
-2.14006
-2.10042
-2.05396
-2.00418
-1.95325
-1.90264
-1.85348
-1.80658
-1.76248
-1.72153
-1.68392
-1.64977
-1.61914
-1.59209
-1.56867
-1.549
-1.53302
165.293
165.132
168.258
172.059
175.616
178.495
180.371
181.09
180.584
178.838
175.861
171.672
166.289
159.724
151.983
143.059
132.929
121.551
108.857
94.7685
79.284
62.4688
43.0163
17.2886
0.0344488
-2.04827
-2.32449
-2.30932
-2.28283
-2.25292
-2.21166
-2.16287
-2.11072
-2.05768
-2.00537
-1.95489
-1.90698
-1.86208
-1.82048
-1.78231
-1.74763
-1.71647
-1.68884
-1.66478
-1.6444
-1.62761
114.449
115.811
119.656
125.565
130.807
135.057
138.11
139.91
140.458
139.775
137.905
134.898
130.802
125.664
119.519
112.395
104.299
95.2193
85.1147
73.9263
61.684
48.4289
32.3395
10.5074
-1.0517
-2.22168
-2.43126
-2.4293
-2.40634
-2.37095
-2.32411
-2.27097
-2.21543
-2.1598
-2.10556
-2.05366
-2.00471
-1.95905
-1.91686
-1.87818
-1.84304
-1.81142
-1.78332
-1.75873
-1.73774
-1.72026
60.5098
68.1745
72.3217
79.9108
86.7758
92.5535
96.9003
99.8028
101.364
101.683
100.85
98.9472
96.0553
92.2544
87.615
82.2005
76.0603
69.2247
61.6955
53.4546
44.6137
35.3128
23.2892
5.82462
-1.88067
-2.62389
-2.60484
-2.57247
-2.53827
-2.49133
-2.43604
-2.37718
-2.31761
-2.25911
-2.20285
-2.14955
-2.09964
-2.0533
-2.01061
-1.97153
-1.93602
-1.90405
-1.87557
-1.85054
-1.82907
-1.81101
12.3893
29.2262
31.5189
38.7926
45.692
51.8292
56.759
60.4268
62.8457
64.0661
64.1831
63.2955
61.5091
58.9435
55.7093
51.9229
47.6968
43.1311
38.2919
33.2225
28.1347
23.214
15.5561
2.40353
-2.43251
-2.95534
-2.77204
-2.7117
-2.66451
-2.60691
-2.54385
-2.47954
-2.41612
-2.35491
-2.29681
-2.24228
-2.19156
-2.14471
-2.10166
-2.06232
-2.02659
-1.99439
-1.96564
-1.94029
-1.91842
-1.89991
-3.07013
2.30107
6.13257
11.426
15.247
18.9502
22.2234
25.0482
27.1991
28.5691
29.1697
29.0273
28.2219
26.8903
25.1691
23.2324
21.2631
19.4107
17.7677
16.3498
15.3956
15.2178
11.103
-0.230998
-2.57729
-3.00767
-2.88363
-2.82973
-2.77711
-2.71343
-2.64506
-2.57653
-2.50996
-2.44656
-2.38701
-2.33157
-2.28033
-2.23318
-2.18998
-2.15055
-2.11475
-2.08246
-2.05357
-2.02802
-2.00588
-1.98701
-3.06351
-2.78034
-3.04109
-1.5882
1.56262
4.14039
5.0497
5.17035
5.04547
5.01083
5.04121
4.99511
4.84189
4.66736
4.56061
4.66213
5.11722
5.96222
7.11102
8.3094
9.49816
11.4885
10.7624
-1.62669
-2.83926
-3.03421
-2.99415
-2.94651
-2.88478
-2.81355
-2.73996
-2.66773
-2.59864
-2.53365
-2.47315
-2.41724
-2.36581
-2.31865
-2.27553
-2.23621
-2.20052
-2.1683
-2.13942
-2.11378
-2.09149
-2.07238
-3.11917
-3.11646
-3.13681
-3.18146
-3.38359
-3.3852
-2.67704
-1.7313
-0.712826
0.162733
0.81406
1.18358
1.26337
1.18204
0.926508
0.556912
0.144575
-0.257952
-0.645596
-1.00817
-1.33006
-1.11024
0.842484
-2.79507
-3.54562
-3.21849
-3.13576
-3.07044
-2.99058
-2.9081
-2.82835
-2.75271
-2.68178
-2.61588
-2.55505
-2.49915
-2.44794
-2.40109
-2.35831
-2.31933
-2.28393
-2.25194
-2.22321
-2.19763
-2.17532
-2.15608
-3.17848
-3.16314
-3.19065
-3.221
-3.25463
-3.26818
-3.34318
-3.5089
-3.57902
-3.60469
-3.62016
-3.63249
-3.64501
-3.66112
-3.6774
-3.695
-3.71315
-3.73121
-3.74844
-3.77053
-3.79361
-3.86021
-3.9603
-3.7774
-3.67386
-3.42831
-3.28429
-3.17937
-3.08252
-2.99188
-2.90801
-2.83047
-2.75888
-2.693
-2.63257
-2.57726
-2.5267
-2.48051
-2.43836
-2.39994
-2.36503
-2.33343
-2.305
-2.27962
-2.2574
-2.23816
-3.23382
-3.22423
-3.24123
-3.26555
-3.29315
-3.31458
-3.33567
-3.37717
-3.40903
-3.4317
-3.4512
-3.47059
-3.49162
-3.5152
-3.5417
-3.57145
-3.60436
-3.64039
-3.68004
-3.72369
-3.77079
-3.82458
-3.86953
-3.84609
-3.68882
-3.50197
-3.36368
-3.25247
-3.15268
-3.06118
-2.97731
-2.90034
-2.82971
-2.76497
-2.70574
-2.6516
-2.60215
-2.55698
-2.51573
-2.47811
-2.44387
-2.41284
-2.38484
-2.35979
-2.33779
-2.31865
-3.28771
-3.28497
-3.29357
-3.31057
-3.33435
-3.35982
-3.38708
-3.41956
-3.44929
-3.47414
-3.49577
-3.51607
-3.53664
-3.55836
-3.58167
-3.60662
-3.63324
-3.6615
-3.69133
-3.72203
-3.75167
-3.77708
-3.78736
-3.75475
-3.64673
-3.51622
-3.40161
-3.29943
-3.20511
-3.11773
-3.03711
-2.96287
-2.89464
-2.83206
-2.77477
-2.72236
-2.67444
-2.63062
-2.59055
-2.55394
-2.52056
-2.49024
-2.46283
-2.43823
-2.41655
-2.39762
-3.33902
-3.34207
-3.34704
-3.3584
-3.37603
-3.39782
-3.42315
-3.45123
-3.47817
-3.50223
-3.52381
-3.54389
-3.56341
-3.58312
-3.60328
-3.62401
-3.64527
-3.66696
-3.68882
-3.70961
-3.72654
-3.73558
-3.72837
-3.69038
-3.6136
-3.51825
-3.42362
-3.3328
-3.24643
-3.16522
-3.0895
-3.0193
-2.95448
-2.89482
-2.84005
-2.78983
-2.74381
-2.70162
-2.66296
-2.62756
-2.59521
-2.56575
-2.53905
-2.51501
-2.49377
-2.47513
-3.38776
-3.39339
-3.39812
-3.40686
-3.42024
-3.43747
-3.45785
-3.48032
-3.50271
-3.52376
-3.54328
-3.56168
-3.57947
-3.59701
-3.61442
-3.63173
-3.6489
-3.66571
-3.68167
-3.6954
-3.70419
-3.70419
-3.68981
-3.65373
-3.59383
-3.51878
-3.43904
-3.35898
-3.28099
-3.20657
-3.13647
-3.07098
-3.01016
-2.95392
-2.90208
-2.8544
-2.81055
-2.77024
-2.73318
-2.69914
-2.66795
-2.63948
-2.6136
-2.59024
-2.56952
-2.55125
-3.43265
-3.43873
-3.44459
-3.45273
-3.46389
-3.47796
-3.49446
-3.5125
-3.53083
-3.54854
-3.56539
-3.58151
-3.59711
-3.61222
-3.62684
-3.64094
-3.65442
-3.667
-3.67797
-3.68591
-3.68853
-3.68278
-3.665
-3.63157
-3.58159
-3.51952
-3.45138
-3.38107
-3.31128
-3.24377
-3.17953
-3.11905
-3.06254
-3.01002
-2.9614
-2.91648
-2.87501
-2.83673
-2.80142
-2.76888
-2.73897
-2.71158
-2.68662
-2.66401
-2.64388
-2.62605
-3.47301
-3.47953
-3.48657
-3.49487
-3.50499
-3.51709
-3.53087
-3.54569
-3.56071
-3.57541
-3.58962
-3.60335
-3.61654
-3.62906
-3.64085
-3.65187
-3.66198
-3.67077
-3.67743
-3.68064
-3.67854
-3.66891
-3.6494
-3.6181
-3.57471
-3.52174
-3.46288
-3.40119
-3.33909
-3.27831
-3.21991
-3.16452
-3.11244
-3.06379
-3.01852
-2.9765
-2.93753
-2.90139
-2.86792
-2.83696
-2.80842
-2.7822
-2.75823
-2.73644
-2.71695
-2.6996
-3.50995
-3.51701
-3.52496
-3.53361
-3.5432
-3.554
-3.5658
-3.57813
-3.59052
-3.60268
-3.61453
-3.62592
-3.63665
-3.64655
-3.65556
-3.66366
-3.67067
-3.67609
-3.67909
-3.67851
-3.67291
-3.66071
-3.64044
-3.61104
-3.57252
-3.52643
-3.47515
-3.42096
-3.36586
-3.3114
-3.25865
-3.20826
-3.1606
-3.11583
-3.07396
-3.03488
-2.99844
-2.9645
-2.93292
-2.9036
-2.87648
-2.85149
-2.82855
-2.80761
-2.78882
-2.77199
-3.5447
-3.55215
-3.56079
-3.56976
-3.57905
-3.58889
-3.59915
-3.60954
-3.61985
-3.62995
-3.63969
-3.64886
-3.65721
-3.66459
-3.67102
-3.67647
-3.68068
-3.68313
-3.68304
-3.67944
-3.67126
-3.65743
-3.63702
-3.60946
-3.57486
-3.53426
-3.48924
-3.44151
-3.39267
-3.34404
-3.29661
-3.25102
-3.20766
-3.1667
-3.12816
-3.09199
-3.05808
-3.02633
-2.99666
-2.969
-2.94333
-2.91958
-2.89771
-2.87766
-2.85957
-2.84331
-3.57806
-3.58579
-3.59489
-3.6041
-3.61315
-3.62222
-3.63128
-3.6402
-3.6489
-3.65728
-3.66513
-3.67222
-3.67836
-3.68351
-3.68767
-3.69077
-3.69251
-3.69238
-3.68969
-3.68369
-3.67364
-3.65885
-3.63872
-3.61294
-3.58166
-3.54558
-3.50582
-3.46366
-3.42035
-3.37702
-3.33452
-3.29346
-3.25419
-3.21687
-3.18154
-3.14818
-3.11673
-3.08713
-3.05934
-3.03335
-3.00912
-2.98663
-2.96583
-2.94668
-2.92933
-2.91365
-3.6107
-3.61862
-3.62799
-3.63732
-3.6461
-3.65453
-3.66266
-3.67048
-3.67791
-3.6848
-3.69094
-3.69616
-3.70039
-3.70364
-3.70588
-3.70696
-3.70655
-3.70419
-3.69936
-3.69152
-3.68019
-3.66493
-3.64536
-3.62131
-3.59289
-3.56062
-3.52531
-3.48794
-3.44951
-3.41094
-3.37297
-3.3361
-3.30064
-3.26673
-3.23443
-3.20374
-3.17465
-3.14713
-3.12119
-3.09681
-3.07401
-3.05276
-3.03303
-3.01479
-2.99819
-2.98311
-3.64327
-3.65124
-3.66077
-3.67007
-3.67857
-3.68648
-3.6939
-3.70085
-3.70719
-3.71275
-3.71737
-3.72101
-3.72366
-3.72535
-3.72598
-3.72532
-3.72305
-3.71883
-3.71229
-3.70312
-3.691
-3.67565
-3.65682
-3.63439
-3.60847
-3.57944
-3.54794
-3.51471
-3.48058
-3.44628
-3.41239
-3.37934
-3.34736
-3.3166
-3.28711
-3.25893
-3.23207
-3.20654
-3.18236
-3.15956
-3.13814
-3.11812
-3.09944
-3.0821
-3.06626
-3.05179
-3.67627
-3.68422
-3.69376
-3.70294
-3.71115
-3.71864
-3.7255
-3.73169
-3.73704
-3.74141
-3.74477
-3.74714
-3.74853
-3.74892
-3.74816
-3.74599
-3.74216
-3.73645
-3.72866
-3.71861
-3.7061
-3.69093
-3.67293
-3.652
-3.62827
-3.60204
-3.57381
-3.5442
-3.51385
-3.48332
-3.45308
-3.42344
-3.39461
-3.36671
-3.33981
-3.31395
-3.28917
-3.26552
-3.24302
-3.22172
-3.20165
-3.1828
-3.16517
-3.14873
-3.13365
-3.11979
-3.71003
-3.71791
-3.72733
-3.73632
-3.74425
-3.75137
-3.75773
-3.76321
-3.76766
-3.77104
-3.77341
-3.77481
-3.77521
-3.77451
-3.77254
-3.7691
-3.76401
-3.75719
-3.74855
-3.738
-3.72539
-3.71058
-3.69343
-3.6739
-3.6521
-3.62831
-3.60295
-3.57649
-3.54944
-3.52223
-3.4952
-3.46859
-3.44258
-3.41726
-3.3927
-3.36897
-3.34612
-3.32421
-3.30329
-3.28342
-3.26463
-3.24694
-3.23032
-3.21478
-3.20044
-3.1872
-3.74484
-3.75258
-3.7618
-3.77052
-3.77816
-3.7849
-3.79074
-3.79555
-3.79926
-3.80189
-3.80354
-3.80421
-3.80381
-3.80217
-3.79917
-3.79468
-3.78865
-3.78106
-3.77192
-3.76115
-3.74866
-3.73432
-3.71803
-3.6998
-3.67975
-3.65812
-3.63525
-3.61155
-3.58737
-3.56305
-3.53882
-3.51489
-3.49136
-3.46834
-3.4459
-3.4241
-3.40302
-3.38272
-3.36329
-3.34477
-3.32721
-3.31062
-3.295
-3.28032
-3.26672
-3.25409
-3.7809
-3.78842
-3.79738
-3.80583
-3.81313
-3.81945
-3.82476
-3.82899
-3.83213
-3.83424
-3.83536
-3.83544
-3.83432
-3.83187
-3.828
-3.82271
-3.81603
-3.808
-3.79863
-3.78789
-3.77566
-3.76187
-3.74645
-3.72943
-3.71094
-3.69122
-3.67056
-3.64925
-3.62756
-3.60574
-3.58396
-3.56235
-3.54102
-3.52003
-3.49947
-3.47941
-3.45994
-3.44114
-3.42309
-3.40585
-3.38946
-3.37395
-3.35928
-3.34544
-3.33255
-3.32051
-3.8183
-3.82557
-3.83425
-3.84238
-3.84932
-3.85519
-3.86002
-3.86378
-3.86651
-3.86823
-3.8689
-3.86842
-3.86664
-3.86349
-3.85896
-3.85313
-3.84608
-3.83788
-3.82853
-3.81797
-3.80612
-3.79291
-3.77833
-3.76244
-3.74538
-3.72736
-3.70862
-3.68939
-3.66987
-3.65022
-3.63056
-3.61097
-3.59154
-3.57235
-3.55345
-3.53496
-3.51695
-3.49953
-3.48277
-3.46674
-3.45147
-3.43698
-3.42322
-3.41019
-3.39799
-3.38651
-3.85705
-3.86406
-3.87243
-3.8802
-3.88676
-3.89222
-3.89664
-3.90004
-3.90245
-3.90382
-3.90405
-3.90303
-3.90067
-3.89697
-3.89201
-3.88591
-3.87877
-3.87061
-3.86143
-3.85115
-3.83972
-3.8271
-3.81332
-3.79847
-3.78271
-3.76622
-3.74918
-3.73178
-3.71414
-3.69636
-3.67851
-3.66067
-3.6429
-3.62526
-3.60785
-3.59076
-3.57409
-3.55795
-3.5424
-3.52751
-3.5133
-3.49977
-3.48688
-3.47461
-3.46306
-3.45212
-3.89718
-3.90392
-3.91191
-3.9193
-3.92548
-3.93058
-3.93467
-3.93779
-3.9399
-3.9409
-3.94069
-3.93918
-3.93638
-3.93235
-3.9272
-3.92106
-3.914
-3.90601
-3.89706
-3.88711
-3.8761
-3.86406
-3.85104
-3.83718
-3.82261
-3.80751
-3.79199
-3.77618
-3.76016
-3.74399
-3.7277
-3.71135
-3.695
-3.67873
-3.66263
-3.64682
-3.63139
-3.61644
-3.60203
-3.58821
-3.575
-3.56238
-3.5503
-3.53874
-3.5278
-3.51738
-3.93868
-3.94513
-3.95271
-3.95969
-3.96553
-3.97033
-3.97415
-3.97698
-3.97877
-3.9794
-3.97878
-3.9769
-3.97383
-3.96966
-3.96451
-3.95848
-3.95158
-3.9438
-3.93511
-3.92547
-3.91489
-3.90342
-3.89116
-3.87825
-3.86481
-3.85096
-3.8368
-3.82238
-3.80775
-3.79293
-3.77797
-3.76289
-3.74778
-3.73272
-3.71781
-3.70316
-3.68888
-3.67504
-3.6617
-3.64888
-3.6366
-3.62482
-3.6135
-3.6026
-3.59223
-3.5823
-3.9815
-3.98762
-3.9948
-4.0014
-4.00692
-4.01145
-4.015
-4.01753
-4.01898
-4.01925
-4.01831
-4.0162
-4.013
-4.00885
-4.00381
-3.99794
-3.99123
-3.98367
-3.97523
-3.96591
-3.95577
-3.9449
-3.93341
-3.92142
-3.90903
-3.89632
-3.88334
-3.87012
-3.85666
-3.843
-3.82916
-3.81518
-3.80116
-3.78718
-3.77336
-3.75979
-3.74658
-3.73378
-3.72143
-3.70955
-3.69813
-3.68713
-3.6765
-3.66622
-3.65638
-3.64692
-4.02549
-4.03129
-4.0381
-4.04435
-4.04956
-4.0538
-4.05706
-4.05927
-4.06038
-4.06036
-4.0592
-4.05699
-4.05381
-4.04975
-4.04487
-4.03917
-4.03265
-4.0253
-4.01712
-4.00817
-3.99852
-3.98828
-3.97756
-3.96646
-3.95504
-3.94334
-3.93138
-3.91917
-3.9067
-3.89401
-3.88113
-3.86813
-3.85508
-3.8421
-3.82929
-3.81674
-3.80452
-3.79268
-3.78125
-3.77023
-3.75959
-3.7493
-3.73931
-3.7296
-3.72027
-3.71125
-4.07055
-4.07604
-4.08248
-4.08838
-4.09326
-4.09718
-4.10011
-4.10202
-4.10286
-4.10264
-4.10139
-4.09918
-4.0961
-4.09218
-4.08747
-4.08194
-4.07561
-4.06848
-4.06061
-4.05207
-4.04295
-4.03337
-4.0234
-4.01313
-4.00257
-3.99174
-3.98065
-3.96929
-3.95767
-3.94582
-3.93379
-3.92166
-3.90953
-3.89748
-3.88561
-3.874
-3.8627
-3.85176
-3.84117
-3.83092
-3.821
-3.81136
-3.80195
-3.79278
-3.78392
-3.77531
-4.1166
-4.12178
-4.12784
-4.13335
-4.13787
-4.14144
-4.14407
-4.14572
-4.14639
-4.14607
-4.14483
-4.1427
-4.13975
-4.13599
-4.13142
-4.12607
-4.11993
-4.11307
-4.10554
-4.09745
-4.08889
-4.07996
-4.07071
-4.06117
-4.05137
-4.04129
-4.03094
-4.02031
-4.00942
-3.99832
-3.98707
-3.97576
-3.96447
-3.9533
-3.94231
-3.93157
-3.92113
-3.911
-3.90117
-3.89163
-3.88235
-3.8733
-3.86444
-3.85576
-3.84734
-3.83912
-4.16359
-4.16847
-4.17411
-4.1792
-4.18334
-4.1866
-4.18897
-4.19045
-4.19102
-4.1907
-4.18951
-4.18749
-4.18465
-4.18102
-4.1766
-4.17141
-4.16549
-4.15892
-4.15178
-4.14417
-4.13617
-4.12785
-4.11924
-4.11036
-4.10121
-4.09178
-4.08207
-4.07208
-4.06186
-4.05145
-4.04094
-4.0304
-4.01991
-4.00955
-3.99938
-3.98945
-3.97979
-3.97039
-3.96125
-3.95235
-3.94366
-3.93515
-3.92679
-3.91856
-3.91055
-3.90271
-4.21146
-4.21602
-4.22123
-4.22591
-4.22971
-4.23271
-4.2349
-4.23627
-4.2368
-4.23649
-4.23536
-4.23342
-4.23067
-4.22715
-4.22285
-4.21784
-4.21217
-4.20592
-4.19919
-4.19206
-4.1846
-4.17684
-4.16881
-4.16051
-4.15193
-4.14306
-4.13392
-4.12453
-4.11493
-4.10518
-4.09536
-4.08555
-4.07581
-4.06622
-4.05681
-4.04762
-4.03866
-4.02993
-4.02141
-4.01309
-4.00493
-3.99692
-3.98901
-3.9812
-3.97357
-3.96607
-4.26014
-4.26437
-4.26918
-4.2735
-4.27702
-4.27981
-4.28187
-4.28316
-4.28365
-4.28334
-4.28223
-4.28033
-4.27764
-4.2742
-4.27004
-4.26523
-4.25983
-4.25394
-4.24763
-4.24097
-4.23401
-4.22677
-4.21925
-4.21146
-4.20338
-4.19503
-4.18642
-4.17758
-4.16858
-4.15946
-4.15031
-4.14119
-4.13216
-4.12327
-4.11456
-4.10604
-4.09772
-4.0896
-4.08165
-4.07385
-4.06618
-4.05861
-4.05111
-4.04368
-4.03641
-4.02922
-4.30954
-4.31346
-4.31791
-4.32192
-4.32522
-4.32785
-4.32978
-4.33098
-4.33141
-4.33106
-4.32994
-4.32805
-4.32542
-4.32208
-4.31808
-4.3135
-4.30841
-4.30289
-4.297
-4.29079
-4.28429
-4.27752
-4.27046
-4.26312
-4.25551
-4.24763
-4.23951
-4.23121
-4.22277
-4.21426
-4.20574
-4.19728
-4.18891
-4.18068
-4.17261
-4.16471
-4.15698
-4.1494
-4.14195
-4.13462
-4.12739
-4.12023
-4.1131
-4.10602
-4.09906
-4.09216
-4.35964
-4.36327
-4.3674
-4.37115
-4.37425
-4.37671
-4.3785
-4.37958
-4.37992
-4.37951
-4.37836
-4.37649
-4.37393
-4.37073
-4.36693
-4.36262
-4.35787
-4.35272
-4.34724
-4.34145
-4.33536
-4.329
-4.32235
-4.31542
-4.30823
-4.30079
-4.29315
-4.28536
-4.27747
-4.26954
-4.26163
-4.25378
-4.24604
-4.23842
-4.23094
-4.2236
-4.2164
-4.20931
-4.20233
-4.19542
-4.18858
-4.18177
-4.17498
-4.16821
-4.16153
-4.1549
-4.41042
-4.4138
-4.41765
-4.42115
-4.42404
-4.42631
-4.42793
-4.42886
-4.4291
-4.42864
-4.42748
-4.42566
-4.42321
-4.42018
-4.41662
-4.4126
-4.40818
-4.40339
-4.39827
-4.39285
-4.38713
-4.38113
-4.37484
-4.36828
-4.36148
-4.35447
-4.3473
-4.34
-4.33265
-4.32528
-4.31794
-4.31068
-4.30351
-4.29646
-4.28952
-4.2827
-4.27597
-4.26933
-4.26276
-4.25623
-4.24973
-4.24324
-4.23675
-4.23025
-4.22384
-4.21745
-4.46188
-4.46503
-4.46862
-4.47187
-4.47452
-4.47658
-4.47802
-4.47882
-4.47897
-4.47847
-4.47734
-4.47561
-4.4733
-4.47046
-4.46716
-4.46342
-4.4593
-4.45483
-4.45003
-4.44492
-4.43951
-4.43382
-4.42785
-4.42164
-4.41522
-4.40862
-4.4019
-4.39509
-4.38825
-4.38143
-4.37465
-4.36794
-4.36131
-4.35478
-4.34834
-4.34198
-4.33569
-4.32944
-4.32323
-4.31703
-4.31083
-4.30462
-4.29839
-4.29215
-4.28598
-4.27982
-4.51397
-4.51691
-4.52024
-4.52323
-4.52565
-4.52751
-4.52878
-4.52947
-4.52956
-4.52906
-4.52799
-4.52636
-4.52421
-4.52157
-4.51849
-4.515
-4.51113
-4.50691
-4.50237
-4.49753
-4.49239
-4.48697
-4.48131
-4.47544
-4.46939
-4.4632
-4.45693
-4.45061
-4.44428
-4.43798
-4.43172
-4.42553
-4.41941
-4.41336
-4.40737
-4.40142
-4.39551
-4.38961
-4.38371
-4.3778
-4.37187
-4.36591
-4.35992
-4.35391
-4.34797
-4.34204
-4.5666
-4.56934
-4.57242
-4.57517
-4.57737
-4.57905
-4.5802
-4.58081
-4.58088
-4.58041
-4.57941
-4.57788
-4.57587
-4.5734
-4.5705
-4.5672
-4.56353
-4.55952
-4.55519
-4.55057
-4.54567
-4.54052
-4.53517
-4.52963
-4.52396
-4.5182
-4.51238
-4.50654
-4.50071
-4.49491
-4.48915
-4.48344
-4.47778
-4.47216
-4.46656
-4.46098
-4.4554
-4.4498
-4.44417
-4.43851
-4.43282
-4.42709
-4.42132
-4.41554
-4.40982
-4.40412
-4.61968
-4.62222
-4.62507
-4.6276
-4.62962
-4.63117
-4.63223
-4.6328
-4.63287
-4.63243
-4.63149
-4.63005
-4.62814
-4.62579
-4.62302
-4.61987
-4.61636
-4.61252
-4.60838
-4.60396
-4.5993
-4.59444
-4.5894
-4.58422
-4.57895
-4.57362
-4.56825
-4.56289
-4.55753
-4.5522
-4.5469
-4.54163
-4.53638
-4.53113
-4.52588
-4.52061
-4.51531
-4.50997
-4.50459
-4.49915
-4.49367
-4.48815
-4.48261
-4.47705
-4.47156
-4.4661
-4.67313
-4.67549
-4.67812
-4.68046
-4.68234
-4.68379
-4.6848
-4.68535
-4.68542
-4.68499
-4.68408
-4.6827
-4.68085
-4.67858
-4.67591
-4.67287
-4.6695
-4.66582
-4.66187
-4.65768
-4.65328
-4.64872
-4.64402
-4.63923
-4.63437
-4.62946
-4.62455
-4.61963
-4.61472
-4.60983
-4.60494
-4.60005
-4.59515
-4.59023
-4.58527
-4.58026
-4.57521
-4.57009
-4.56492
-4.55969
-4.55442
-4.54911
-4.54379
-4.53846
-4.53322
-4.528
-4.72692
-4.7291
-4.73154
-4.73372
-4.73549
-4.73687
-4.73783
-4.73834
-4.73839
-4.73796
-4.73705
-4.73568
-4.73388
-4.73166
-4.72907
-4.72615
-4.72292
-4.71941
-4.71568
-4.71174
-4.70764
-4.7034
-4.69907
-4.69467
-4.69022
-4.68574
-4.68125
-4.67675
-4.67224
-4.66773
-4.6632
-4.65863
-4.65403
-4.64938
-4.64467
-4.63989
-4.63504
-4.63013
-4.62516
-4.62013
-4.61506
-4.60998
-4.60488
-4.5998
-4.5948
-4.58985
-4.78103
-4.78305
-4.78532
-4.78736
-4.78904
-4.79034
-4.79123
-4.79169
-4.79169
-4.79121
-4.79028
-4.78891
-4.78713
-4.78498
-4.78248
-4.77968
-4.77662
-4.77332
-4.76983
-4.76618
-4.7624
-4.75852
-4.75456
-4.75055
-4.74649
-4.74241
-4.73831
-4.73418
-4.73003
-4.72584
-4.7216
-4.71731
-4.71296
-4.70853
-4.70403
-4.69945
-4.6948
-4.69007
-4.68529
-4.68047
-4.67562
-4.67076
-4.6659
-4.66108
-4.65635
-4.65167
-4.83546
-4.83732
-4.83945
-4.84137
-4.84295
-4.84416
-4.84496
-4.84533
-4.84524
-4.84471
-4.84374
-4.84237
-4.84062
-4.83854
-4.83616
-4.83352
-4.83066
-4.8276
-4.82439
-4.82105
-4.8176
-4.81407
-4.81048
-4.80684
-4.80315
-4.79943
-4.79566
-4.79185
-4.78799
-4.78407
-4.78008
-4.77602
-4.77187
-4.76763
-4.76331
-4.75892
-4.75444
-4.74991
-4.74533
-4.74072
-4.73609
-4.73147
-4.72687
-4.72232
-4.71787
-4.71347
-4.89019
-4.89191
-4.8939
-4.89571
-4.89718
-4.89827
-4.89895
-4.89921
-4.89903
-4.89842
-4.89742
-4.89605
-4.89436
-4.89238
-4.89015
-4.8877
-4.88507
-4.88228
-4.87936
-4.87634
-4.87323
-4.87004
-4.86679
-4.86348
-4.86012
-4.8567
-4.85322
-4.84967
-4.84605
-4.84235
-4.83856
-4.83468
-4.83071
-4.82665
-4.8225
-4.81828
-4.81399
-4.80965
-4.80528
-4.8009
-4.79651
-4.79215
-4.78781
-4.78354
-4.77937
-4.77527
-4.94518
-4.94677
-4.94863
-4.95033
-4.95167
-4.95262
-4.95317
-4.9533
-4.95302
-4.95235
-4.95133
-4.95
-4.94839
-4.94655
-4.94449
-4.94226
-4.93988
-4.93737
-4.93475
-4.93203
-4.92923
-4.92635
-4.92341
-4.92039
-4.9173
-4.91413
-4.91088
-4.90755
-4.90412
-4.90061
-4.89699
-4.89327
-4.88946
-4.88556
-4.88159
-4.87754
-4.87345
-4.86932
-4.86517
-4.86102
-4.85689
-4.85279
-4.84873
-4.84475
-4.84087
-4.83705
-5.00037
-5.00186
-5.0036
-5.00516
-5.00636
-5.00716
-5.00757
-5.00757
-5.0072
-5.0065
-5.00549
-5.00423
-5.00273
-5.00105
-4.99919
-4.99719
-4.99506
-4.99282
-4.99048
-4.98805
-4.98553
-4.98292
-4.98023
-4.97746
-4.97459
-4.97163
-4.96857
-4.96541
-4.96215
-4.95879
-4.95533
-4.95176
-4.94811
-4.94438
-4.94058
-4.93672
-4.93284
-4.92892
-4.92501
-4.92111
-4.91724
-4.91341
-4.90964
-4.90594
-4.90235
-4.89883
-5.05573
-5.05714
-5.05875
-5.06018
-5.06122
-5.06187
-5.06212
-5.06202
-5.06159
-5.06087
-5.0599
-5.05873
-5.05738
-5.05586
-5.05421
-5.05244
-5.05056
-5.04858
-5.04649
-5.0443
-5.04202
-5.03964
-5.03717
-5.03459
-5.0319
-5.02911
-5.02621
-5.02321
-5.02009
-5.01687
-5.01356
-5.01015
-5.00666
-5.0031
-4.99949
-4.99584
-4.99217
-4.98849
-4.98482
-4.98117
-4.97757
-4.97402
-4.97053
-4.96712
-4.96382
-4.96058
-5.11124
-5.1126
-5.11409
-5.11536
-5.11624
-5.11672
-5.11684
-5.11664
-5.11617
-5.11546
-5.11456
-5.1135
-5.11229
-5.11096
-5.10951
-5.10796
-5.1063
-5.10454
-5.10267
-5.10069
-5.09861
-5.09642
-5.09411
-5.0917
-5.08916
-5.08652
-5.08376
-5.08089
-5.07791
-5.07484
-5.07167
-5.06843
-5.06512
-5.06175
-5.05834
-5.05491
-5.05146
-5.04802
-5.04461
-5.04122
-5.03789
-5.03461
-5.0314
-5.02827
-5.02525
-5.02229
-5.16689
-5.16823
-5.1696
-5.17072
-5.17143
-5.17175
-5.17174
-5.17146
-5.17096
-5.17028
-5.16945
-5.1685
-5.16745
-5.16628
-5.16502
-5.16366
-5.16219
-5.16061
-5.15892
-5.15712
-5.1552
-5.15316
-5.151
-5.14872
-5.14632
-5.14381
-5.14118
-5.13845
-5.13561
-5.13269
-5.12969
-5.12662
-5.1235
-5.12033
-5.11714
-5.11393
-5.11073
-5.10753
-5.10437
-5.10125
-5.09817
-5.09517
-5.09223
-5.08938
-5.08663
-5.08394
-5.22268
-5.22405
-5.22533
-5.22629
-5.22682
-5.22698
-5.22685
-5.22649
-5.22596
-5.22531
-5.22456
-5.22372
-5.22279
-5.22178
-5.22067
-5.21946
-5.21815
-5.21672
-5.21518
-5.21352
-5.21173
-5.20982
-5.20778
-5.20562
-5.20334
-5.20096
-5.19846
-5.19587
-5.19319
-5.19043
-5.1876
-5.18472
-5.18181
-5.17886
-5.17589
-5.17292
-5.16996
-5.16702
-5.1641
-5.16124
-5.15843
-5.15568
-5.15301
-5.15043
-5.14795
-5.14553
-5.27866
-5.28009
-5.28129
-5.28211
-5.28245
-5.28244
-5.28217
-5.28173
-5.28117
-5.28054
-5.27985
-5.27909
-5.27827
-5.27738
-5.27639
-5.27531
-5.27411
-5.2728
-5.27137
-5.26982
-5.26814
-5.26633
-5.26441
-5.26237
-5.26021
-5.25795
-5.25559
-5.25315
-5.25063
-5.24805
-5.24542
-5.24275
-5.24005
-5.23733
-5.2346
-5.23187
-5.22915
-5.22646
-5.2238
-5.22118
-5.21862
-5.21613
-5.21372
-5.2114
-5.20919
-5.20704
-5.33489
-5.33637
-5.33752
-5.33818
-5.33833
-5.33812
-5.33769
-5.33715
-5.33655
-5.33592
-5.33527
-5.33457
-5.33383
-5.33301
-5.33211
-5.33112
-5.33001
-5.32879
-5.32744
-5.32598
-5.32439
-5.32269
-5.32087
-5.31894
-5.31691
-5.31478
-5.31258
-5.3103
-5.30796
-5.30557
-5.30314
-5.30069
-5.29822
-5.29573
-5.29325
-5.29077
-5.2883
-5.28586
-5.28344
-5.28106
-5.27874
-5.27649
-5.27433
-5.27227
-5.27033
-5.26847
-5.39139
-5.39294
-5.39402
-5.39451
-5.39441
-5.39396
-5.39335
-5.3927
-5.39204
-5.3914
-5.39075
-5.39009
-5.38939
-5.38862
-5.38777
-5.38683
-5.38578
-5.38462
-5.38335
-5.38196
-5.38046
-5.37884
-5.37713
-5.37532
-5.37342
-5.37145
-5.3694
-5.3673
-5.36516
-5.36297
-5.36077
-5.35854
-5.3563
-5.35407
-5.35183
-5.3496
-5.34739
-5.34519
-5.34301
-5.34087
-5.33876
-5.33674
-5.33482
-5.33304
-5.33138
-5.3298
-5.44787
-5.44983
-5.4508
-5.45105
-5.45062
-5.44988
-5.44906
-5.44828
-5.44756
-5.44689
-5.44624
-5.44558
-5.44489
-5.44414
-5.44331
-5.4424
-5.44139
-5.44027
-5.43905
-5.43773
-5.43631
-5.4348
-5.43319
-5.43151
-5.42976
-5.42794
-5.42607
-5.42416
-5.42222
-5.42026
-5.41828
-5.41629
-5.4143
-5.41232
-5.41034
-5.40837
-5.40641
-5.40446
-5.40251
-5.40058
-5.39868
-5.39684
-5.39517
-5.39368
-5.39233
-5.39105
-5.50404
-5.50718
-5.50792
-5.5077
-5.50681
-5.50573
-5.5047
-5.50381
-5.50302
-5.50231
-5.50164
-5.50096
-5.50026
-5.4995
-5.49868
-5.49777
-5.49678
-5.4957
-5.49454
-5.49328
-5.49194
-5.49053
-5.48905
-5.4875
-5.4859
-5.48426
-5.48258
-5.48088
-5.47915
-5.47742
-5.47568
-5.47394
-5.47221
-5.47049
-5.46878
-5.46707
-5.46537
-5.46367
-5.46195
-5.46022
-5.45848
-5.45679
-5.45534
-5.45417
-5.45316
-5.45223
-5.56081
-5.56543
-5.56554
-5.56435
-5.56281
-5.56138
-5.5602
-5.55923
-5.5584
-5.55765
-5.55693
-5.55622
-5.55548
-5.55469
-5.55385
-5.55295
-5.55197
-5.55092
-5.54981
-5.54862
-5.54737
-5.54607
-5.54471
-5.54332
-5.54189
-5.54043
-5.53895
-5.53746
-5.53596
-5.53447
-5.53298
-5.5315
-5.53004
-5.52859
-5.52715
-5.52572
-5.52429
-5.52283
-5.52135
-5.5198
-5.51818
-5.51654
-5.51529
-5.51452
-5.51391
-5.51335
-5.62027
-5.62606
-5.62452
-5.62085
-5.61843
-5.61685
-5.61566
-5.61467
-5.61381
-5.61301
-5.61224
-5.61146
-5.61066
-5.60982
-5.60895
-5.60802
-5.60705
-5.60603
-5.60496
-5.60385
-5.6027
-5.60151
-5.60029
-5.59905
-5.59779
-5.59652
-5.59525
-5.59398
-5.59271
-5.59146
-5.59023
-5.58901
-5.58782
-5.58665
-5.5855
-5.58435
-5.5832
-5.58202
-5.58079
-5.57943
-5.5778
-5.57583
-5.57464
-5.57453
-5.5745
-5.57441
-5.67848
-5.69496
-5.68707
-5.67723
-5.67378
-5.67236
-5.67127
-5.67028
-5.66936
-5.66846
-5.66758
-5.66671
-5.66582
-5.66491
-5.66399
-5.66305
-5.66207
-5.66108
-5.66006
-5.65902
-5.65796
-5.65689
-5.65581
-5.65473
-5.65365
-5.65258
-5.65151
-5.65047
-5.64944
-5.64844
-5.64746
-5.64651
-5.6456
-5.64471
-5.64385
-5.64301
-5.64216
-5.6413
-5.64035
-5.63918
-5.63722
-5.63382
-5.63235
-5.63372
-5.63472
-5.63532
-5.71371
-5.77875
-5.74918
-5.7326
-5.72869
-5.72697
-5.7256
-5.72439
-5.72326
-5.7222
-5.72117
-5.72018
-5.71921
-5.71825
-5.71731
-5.71637
-5.71544
-5.71452
-5.71359
-5.71268
-5.71177
-5.71087
-5.70999
-5.70912
-5.70828
-5.70746
-5.70666
-5.7059
-5.70517
-5.70448
-5.70382
-5.7032
-5.70262
-5.70208
-5.70157
-5.7011
-5.70063
-5.70015
-5.69958
-5.69869
-5.69656
-5.69119
-5.6911
-5.69418
-5.69588
-5.69675
-1.06399
-0.938516
-0.808883
-0.767272
-0.689582
-0.583738
-0.460004
-0.33281
-0.285023
-0.519542
-0.663183
-0.704774
-0.654449
-0.555336
-0.444179
-0.33657
0.241651
0.0672101
-0.0678013
-0.140696
-0.167029
-0.165416
-0.153793
-0.126576
0.338325
0.260843
0.192144
0.133928
0.0846837
0.0464491
0.0203954
0.00630665
0.297386
0.253281
0.21051
0.169494
0.13156
0.098205
0.0700068
0.0470079
0.235705
0.203965
0.170815
0.138213
0.107036
0.0776185
0.0503153
0.0259539
0.154259
0.12905
0.101765
0.0743501
0.0474398
0.0212519
-0.00385306
-0.0269356
0.0585965
0.0380438
0.0153583
-0.00779787
-0.0309171
-0.0538282
-0.076217
-0.0970837
-0.0441932
-0.0610784
-0.080072
-0.0996908
-0.119521
-0.139431
-0.159127
-0.17755
-0.151383
-0.165256
-0.181108
-0.197631
-0.214489
-0.231587
-0.248652
-0.264607
-0.261325
-0.272557
-0.285584
-0.29928
-0.31338
-0.327816
-0.342345
-0.355915
-0.372626
-0.38147
-0.391912
-0.403003
-0.414537
-0.42647
-0.438593
-0.449916
-0.484193
-0.490844
-0.498904
-0.507601
-0.516772
-0.526389
-0.536275
-0.54552
-0.595246
-0.599885
-0.605765
-0.61228
-0.619298
-0.626798
-0.634622
-0.641956
-0.705243
-0.708056
-0.711962
-0.716504
-0.721573
-0.727143
-0.733074
-0.738654
-0.813837
-0.81501
-0.817142
-0.819906
-0.823211
-0.827022
-0.831214
-0.835184
-0.92078
-0.920481
-0.921015
-0.922177
-0.923887
-0.926103
-0.928711
-0.931216
-1.02592
-1.02429
-1.02338
-1.02309
-1.02336
-1.02414
-1.02532
-1.0265
-1.12916
-1.12633
-1.12412
-1.12253
-1.12152
-1.121
-1.12089
-1.12089
-1.23046
-1.22655
-1.22318
-1.22044
-1.21828
-1.21662
-1.21536
-1.2143
-1.32985
-1.32498
-1.32058
-1.31682
-1.31365
-1.31096
-1.30867
-1.30665
-1.42735
-1.42164
-1.41634
-1.41168
-1.40761
-1.40401
-1.40079
-1.39791
-1.52297
-1.51654
-1.51044
-1.50499
-1.50013
-1.49572
-1.49168
-1.48802
-1.61675
-1.60968
-1.6029
-1.59675
-1.59119
-1.58606
-1.58128
-1.57692
-1.70871
-1.70109
-1.6937
-1.68695
-1.68077
-1.67501
-1.66957
-1.6646
-1.79887
-1.79077
-1.78286
-1.77558
-1.76887
-1.76255
-1.75654
-1.75103
-1.88727
-1.87876
-1.87041
-1.86268
-1.8555
-1.8487
-1.84219
-1.83622
-1.97395
-1.9651
-1.95638
-1.94826
-1.94069
-1.93347
-1.92654
-1.92017
-2.059
-2.04987
-2.04082
-2.03238
-2.02447
-2.0169
-2.00961
-2.00291
-2.14247
-2.13312
-2.12383
-2.11511
-2.10692
-2.09906
-2.09147
-2.08449
-2.22441
-2.21491
-2.20542
-2.19651
-2.1881
-2.18001
-2.17217
-2.16497
-2.30484
-2.29526
-2.28566
-2.2766
-2.26803
-2.25977
-2.25174
-2.24437
-2.38384
-2.37423
-2.36457
-2.35544
-2.34677
-2.33838
-2.33023
-2.32272
-2.46146
-2.45187
-2.44222
-2.43306
-2.42435
-2.41589
-2.40765
-2.40005
-2.53775
-2.52825
-2.51864
-2.50951
-2.5008
-2.49232
-2.48403
-2.47638
-2.61277
-2.60339
-2.59389
-2.58482
-2.57616
-2.5677
-2.55941
-2.55174
-2.6866
-2.67738
-2.66801
-2.65905
-2.65046
-2.64206
-2.63381
-2.62616
-2.7593
-2.75026
-2.74106
-2.73225
-2.72377
-2.71546
-2.70727
-2.69967
-2.83095
-2.82212
-2.81312
-2.80447
-2.79614
-2.78794
-2.77985
-2.77233
-2.90164
-2.89305
-2.88426
-2.8758
-2.86763
-2.85957
-2.8516
-2.84418
-2.97148
-2.96314
-2.95458
-2.94633
-2.93833
-2.93042
-2.92259
-2.91529
-3.04056
-3.03248
-3.02416
-3.01612
-3.0083
-3.00056
-2.99288
-2.98572
-3.10897
-3.10115
-3.09309
-3.08526
-3.07763
-3.07006
-3.06254
-3.05552
-3.17679
-3.16924
-3.16142
-3.15381
-3.14638
-3.13898
-3.13162
-3.12474
-3.24409
-3.23679
-3.22922
-3.22183
-3.21458
-3.20737
-3.20017
-3.19345
-3.3109
-3.30387
-3.29654
-3.28936
-3.28231
-3.27527
-3.26824
-3.26167
-3.37729
-3.37051
-3.36341
-3.35644
-3.34958
-3.34272
-3.33586
-3.32945
-3.44327
-3.43674
-3.42987
-3.42311
-3.41644
-3.40976
-3.40307
-3.39682
-3.50889
-3.50259
-3.49595
-3.4894
-3.48292
-3.47642
-3.4699
-3.46379
-3.57416
-3.56809
-3.56168
-3.55532
-3.54903
-3.54271
-3.53636
-3.5304
-3.6391
-3.63326
-3.62707
-3.62092
-3.61481
-3.60866
-3.60248
-3.59667
-3.70375
-3.69812
-3.69214
-3.68619
-3.68026
-3.67428
-3.66826
-3.6626
-3.76812
-3.7627
-3.75692
-3.75116
-3.74541
-3.73959
-3.73373
-3.72821
-3.83222
-3.827
-3.82142
-3.81583
-3.81024
-3.80459
-3.79888
-3.79351
-3.89608
-3.89103
-3.88563
-3.88021
-3.87479
-3.8693
-3.86375
-3.85853
-3.95969
-3.95481
-3.94958
-3.94432
-3.93906
-3.93372
-3.92834
-3.92327
-4.02306
-4.01834
-4.01327
-4.00817
-4.00306
-3.99788
-3.99267
-3.98777
-4.08621
-4.08163
-4.07671
-4.07176
-4.06681
-4.0618
-4.05677
-4.05205
-4.14914
-4.14469
-4.13992
-4.13513
-4.13034
-4.12551
-4.12066
-4.11614
-4.21187
-4.20755
-4.20293
-4.1983
-4.19368
-4.18903
-4.18439
-4.18007
-4.27442
-4.27024
-4.26577
-4.2613
-4.25686
-4.25242
-4.24799
-4.24388
-4.33682
-4.33277
-4.32847
-4.32418
-4.31993
-4.31569
-4.31149
-4.30759
-4.39909
-4.39519
-4.39106
-4.38697
-4.38292
-4.3789
-4.37491
-4.37123
-4.46127
-4.45754
-4.45359
-4.4497
-4.44586
-4.44205
-4.43829
-4.43482
-4.52339
-4.51983
-4.51609
-4.51239
-4.50877
-4.50518
-4.50163
-4.49837
-4.58547
-4.5821
-4.57856
-4.57508
-4.57167
-4.56829
-4.56495
-4.56188
-4.64754
-4.64436
-4.64104
-4.63777
-4.63456
-4.63138
-4.62825
-4.62536
-4.7096
-4.70662
-4.70351
-4.70045
-4.69744
-4.69446
-4.69151
-4.68879
-4.77166
-4.76888
-4.76598
-4.76311
-4.7603
-4.75751
-4.75474
-4.75218
-4.83371
-4.83113
-4.82843
-4.82576
-4.82313
-4.82051
-4.81792
-4.81551
-4.89574
-4.89336
-4.89085
-4.88836
-4.88591
-4.88347
-4.88103
-4.87878
-4.95774
-4.95554
-4.95322
-4.95092
-4.94864
-4.94636
-4.94408
-4.94197
-5.01969
-5.01767
-5.01553
-5.0134
-5.01129
-5.00917
-5.00706
-5.0051
-5.08158
-5.07973
-5.07777
-5.07581
-5.07387
-5.07191
-5.06996
-5.06814
-5.1434
-5.14172
-5.13993
-5.13814
-5.13636
-5.13457
-5.13278
-5.13112
-5.20513
-5.20363
-5.20201
-5.20039
-5.19878
-5.19716
-5.19554
-5.19404
-5.26679
-5.26545
-5.26401
-5.26257
-5.26114
-5.25969
-5.25825
-5.25691
-5.32837
-5.3272
-5.32595
-5.32469
-5.32344
-5.32217
-5.32091
-5.31975
-5.38987
-5.38889
-5.38783
-5.38676
-5.3857
-5.38462
-5.38355
-5.38256
-5.45131
-5.45053
-5.44967
-5.44881
-5.44794
-5.44707
-5.44618
-5.44538
-5.51273
-5.51215
-5.51151
-5.51086
-5.5102
-5.50953
-5.50884
-5.50822
-5.57414
-5.5738
-5.57338
-5.57295
-5.5725
-5.57204
-5.57155
-5.57111
-5.63556
-5.63551
-5.63534
-5.63515
-5.63492
-5.63466
-5.63437
-5.6341
-5.69705
-5.69717
-5.69725
-5.6973
-5.69732
-5.69729
-5.69723
-5.69719
-0.162131
-0.029364
0.0541809
0.0986871
0.116361
0.120354
0.117609
0.111739
0.104684
0.0973258
0.0900017
0.0828279
0.0758367
0.069038
0.0624413
0.0560579
0.0499025
0.0439947
0.0383535
0.0329933
0.0279182
0.0231296
0.0186333
0.0144388
0.0105629
0.00702316
0.00383376
0.00101239
-0.00142788
-0.00347374
-0.00511494
-0.00634344
-0.00714786
-0.00751593
-0.0074242
-0.00680515
-0.00559596
-0.00414687
-0.174214
-0.0392803
0.0323273
0.0655441
0.0760177
0.0749198
0.068273
0.0592757
0.0496968
0.0403219
0.0314164
0.0230145
0.0150731
0.00753724
0.000365419
-0.00646977
-0.0129833
-0.0191785
-0.0250542
-0.0306101
-0.0358517
-0.0407842
-0.0454052
-0.0497069
-0.0536758
-0.0572964
-0.0605548
-0.0634344
-0.0659204
-0.0679993
-0.069659
-0.0708887
-0.0716749
-0.0720026
-0.0718453
-0.0711284
-0.0698035
-0.0682476
-0.0713105
-0.00812138
0.0257387
0.0377759
0.0369916
0.029371
0.018383
0.00618975
-0.00588026
-0.0172187
-0.0276683
-0.0372786
-0.046163
-0.0544345
-0.0621829
-0.0694724
-0.0763453
-0.0828266
-0.0889333
-0.0946803
-0.100083
-0.105153
-0.109892
-0.114294
-0.118349
-0.122042
-0.125359
-0.128286
-0.130805
-0.132903
-0.134568
-0.135787
-0.136545
-0.136825
-0.136601
-0.135795
-0.134362
-0.1327
-0.00182402
0.00588703
0.0099924
0.00527314
-0.00517878
-0.0186772
-0.033579
-0.0485912
-0.0628186
-0.0758589
-0.0876638
-0.0983531
-0.108094
-0.117045
-0.125332
-0.133049
-0.140261
-0.14701
-0.153333
-0.159257
-0.164808
-0.170002
-0.174846
-0.179336
-0.183463
-0.187215
-0.190578
-0.193534
-0.19607
-0.198172
-0.199826
-0.201021
-0.201739
-0.201966
-0.201673
-0.200783
-0.199256
-0.19751
0.016255
-0.00518503
-0.019666
-0.0355556
-0.0529172
-0.0708485
-0.0887381
-0.105882
-0.121732
-0.13607
-0.148934
-0.160489
-0.170936
-0.180459
-0.189207
-0.197292
-0.204796
-0.211777
-0.218284
-0.224359
-0.230034
-0.235332
-0.240261
-0.24482
-0.249002
-0.252795
-0.256185
-0.259154
-0.26169
-0.263779
-0.265409
-0.266568
-0.26724
-0.26741
-0.267051
-0.266088
-0.264488
-0.262682
-0.00931558
-0.0407237
-0.0639124
-0.0858647
-0.107272
-0.127912
-0.147634
-0.166087
-0.182953
-0.198131
-0.21171
-0.223876
-0.23484
-0.244796
-0.253901
-0.262275
-0.270007
-0.277168
-0.283818
-0.290007
-0.295776
-0.301149
-0.306137
-0.310743
-0.314959
-0.318773
-0.322169
-0.325133
-0.327651
-0.329712
-0.331306
-0.332421
-0.333042
-0.333155
-0.332736
-0.331712
-0.33006
-0.328219
-0.060889
-0.0940137
-0.12035
-0.144824
-0.167957
-0.189774
-0.210285
-0.229289
-0.246594
-0.262167
-0.276116
-0.288628
-0.299908
-0.310142
-0.319484
-0.32805
-0.335934
-0.343212
-0.349954
-0.356215
-0.36204
-0.367456
-0.372477
-0.377104
-0.381331
-0.385142
-0.388524
-0.391462
-0.393945
-0.395966
-0.397513
-0.398576
-0.399143
-0.399202
-0.39873
-0.397659
-0.395976
-0.39412
-0.127735
-0.159266
-0.185856
-0.210721
-0.234064
-0.25596
-0.276442
-0.295371
-0.312622
-0.328191
-0.342191
-0.354795
-0.36619
-0.376543
-0.385992
-0.394647
-0.402597
-0.409924
-0.4167
-0.422986
-0.428827
-0.434252
-0.439275
-0.443896
-0.448106
-0.451892
-0.455237
-0.458132
-0.460565
-0.462532
-0.464023
-0.465031
-0.465543
-0.46555
-0.465034
-0.46393
-0.462233
-0.460381
-0.204361
-0.232931
-0.258196
-0.282154
-0.304716
-0.325914
-0.345752
-0.364113
-0.380903
-0.396133
-0.409906
-0.422374
-0.433695
-0.444011
-0.453439
-0.462074
-0.470002
-0.477305
-0.484056
-0.490316
-0.49613
-0.501529
-0.506522
-0.511108
-0.515275
-0.51901
-0.522299
-0.525132
-0.527502
-0.529404
-0.530833
-0.53178
-0.532239
-0.532199
-0.531647
-0.530523
-0.528828
-0.526993
-0.287561
-0.312649
-0.335735
-0.357996
-0.379123
-0.399078
-0.417822
-0.435238
-0.451249
-0.465868
-0.479183
-0.491317
-0.502396
-0.512528
-0.521808
-0.530318
-0.538138
-0.545344
-0.552009
-0.558193
-0.56394
-0.569275
-0.574206
-0.578727
-0.582825
-0.586486
-0.589698
-0.592452
-0.594746
-0.596574
-0.597934
-0.598821
-0.599227
-0.599147
-0.598567
-0.597433
-0.595752
-0.593946
-0.375212
-0.39671
-0.417194
-0.437299
-0.456577
-0.474921
-0.492252
-0.50845
-0.523444
-0.537243
-0.549915
-0.561549
-0.572234
-0.582051
-0.591067
-0.599352
-0.606979
-0.614019
-0.620542
-0.626603
-0.632241
-0.637477
-0.642313
-0.646739
-0.650742
-0.654307
-0.657422
-0.660083
-0.662287
-0.664035
-0.665323
-0.666147
-0.666504
-0.666388
-0.665787
-0.664653
-0.662997
-0.661227
-0.465837
-0.483842
-0.501556
-0.519267
-0.536451
-0.552951
-0.568658
-0.58345
-0.59726
-0.610086
-0.621971
-0.632968
-0.643133
-0.652515
-0.661163
-0.669135
-0.676492
-0.683303
-0.68963
-0.695523
-0.701014
-0.706116
-0.710826
-0.715129
-0.719011
-0.722457
-0.725458
-0.728012
-0.730118
-0.731777
-0.73299
-0.733753
-0.734062
-0.733914
-0.7333
-0.732174
-0.73055
-0.728822
-0.55837
-0.573079
-0.588009
-0.60323
-0.618197
-0.632724
-0.646684
-0.659957
-0.672474
-0.684221
-0.695209
-0.705461
-0.714998
-0.723845
-0.732035
-0.739614
-0.746636
-0.753161
-0.759245
-0.76493
-0.770237
-0.775172
-0.779725
-0.783879
-0.787615
-0.790922
-0.793793
-0.796227
-0.798226
-0.799792
-0.800927
-0.801628
-0.801893
-0.801718
-0.801096
-0.799983
-0.798397
-0.796716
-0.652026
-0.663673
-0.675893
-0.688626
-0.701343
-0.713848
-0.726008
-0.737707
-0.748873
-0.75947
-0.769483
-0.778903
-0.787725
-0.795955
-0.803611
-0.810731
-0.817362
-0.823554
-0.829354
-0.834794
-0.839884
-0.844622
-0.848989
-0.852967
-0.856537
-0.859687
-0.862413
-0.864716
-0.8666
-0.868069
-0.869124
-0.869764
-0.869986
-0.869788
-0.869162
-0.868068
-0.866525
-0.864893
-0.746205
-0.755035
-0.764672
-0.774984
-0.785485
-0.795983
-0.806347
-0.816464
-0.826253
-0.835659
-0.844641
-0.853165
-0.861205
-0.868752
-0.875817
-0.882427
-0.888621
-0.894441
-0.899922
-0.905084
-0.909927
-0.914438
-0.918594
-0.922372
-0.925755
-0.928732
-0.931301
-0.933464
-0.935228
-0.936595
-0.93757
-0.938149
-0.938331
-0.938112
-0.937486
-0.936415
-0.934917
-0.933337
-0.840453
-0.846706
-0.853917
-0.861922
-0.87029
-0.878842
-0.887454
-0.896011
-0.904424
-0.912619
-0.920535
-0.928118
-0.935328
-0.942147
-0.948576
-0.954637
-0.960361
-0.965779
-0.970913
-0.975768
-0.980336
-0.984594
-0.988514
-0.992072
-0.99525
-0.99804
-1.00044
-1.00246
-1.00409
-1.00536
-1.00625
-1.00677
-1.00691
-1.00668
-1.00605
-1.00501
-1.00356
-1.00203
-0.934427
-0.938334
-0.943295
-0.949134
-0.955485
-0.962185
-0.969112
-0.976152
-0.983207
-0.99019
-0.997022
-1.00364
-1.00999
-1.01605
-1.02181
-1.0273
-1.03253
-1.03752
-1.04229
-1.04681
-1.05108
-1.05506
-1.05872
-1.06204
-1.065
-1.06759
-1.06982
-1.07168
-1.07319
-1.07435
-1.07516
-1.07562
-1.07572
-1.07547
-1.07485
-1.07383
-1.07243
-1.07096
-1.02787
-1.02966
-1.03255
-1.03639
-1.04085
-1.04581
-1.05113
-1.05671
-1.06244
-1.06822
-1.07397
-1.07961
-1.08508
-1.09037
-1.09546
-1.10036
-1.10509
-1.10963
-1.114
-1.11818
-1.12212
-1.1258
-1.12919
-1.13225
-1.13498
-1.13736
-1.13941
-1.14111
-1.14249
-1.14354
-1.14427
-1.14467
-1.14474
-1.14447
-1.14386
-1.14287
-1.14152
-1.14011
-1.12062
-1.12049
-1.1215
-1.12349
-1.12621
-1.12953
-1.13333
-1.13751
-1.14196
-1.14657
-1.15124
-1.15591
-1.16052
-1.16504
-1.16945
-1.17376
-1.17797
-1.18206
-1.18602
-1.18982
-1.19343
-1.1968
-1.19989
-1.20269
-1.20517
-1.20734
-1.20919
-1.21074
-1.21198
-1.21293
-1.21358
-1.21392
-1.21395
-1.21367
-1.21307
-1.21211
-1.21081
-1.20945
-1.21255
-1.2107
-1.20999
-1.21029
-1.21139
-1.21319
-1.21557
-1.21843
-1.22164
-1.22511
-1.22874
-1.23246
-1.23622
-1.23998
-1.24373
-1.24745
-1.25113
-1.25476
-1.2583
-1.26172
-1.26497
-1.26801
-1.2708
-1.27331
-1.27555
-1.2775
-1.27916
-1.28054
-1.28166
-1.2825
-1.28306
-1.28335
-1.28335
-1.28305
-1.28246
-1.28153
-1.28028
-1.27898
-1.30358
-1.30017
-1.2979
-1.29666
-1.29628
-1.29667
-1.29772
-1.29931
-1.30135
-1.30373
-1.30636
-1.30917
-1.3121
-1.31513
-1.31822
-1.32136
-1.32453
-1.32769
-1.3308
-1.33382
-1.3367
-1.3394
-1.34187
-1.34411
-1.34609
-1.34781
-1.34929
-1.35051
-1.35149
-1.35222
-1.35271
-1.35294
-1.35291
-1.3526
-1.35201
-1.35111
-1.34992
-1.34868
-1.39364
-1.38882
-1.38514
-1.38249
-1.38076
-1.37985
-1.37965
-1.38007
-1.381
-1.38234
-1.38402
-1.38596
-1.3881
-1.39042
-1.39288
-1.39545
-1.39811
-1.40079
-1.40347
-1.40609
-1.40859
-1.41094
-1.4131
-1.41505
-1.41677
-1.41827
-1.41955
-1.42062
-1.42146
-1.4221
-1.4225
-1.42268
-1.42261
-1.42229
-1.42172
-1.42085
-1.41971
-1.41853
-1.48267
-1.47658
-1.47163
-1.4677
-1.46473
-1.46262
-1.46127
-1.4606
-1.46049
-1.46087
-1.46165
-1.46276
-1.46416
-1.46581
-1.46766
-1.46968
-1.47182
-1.47404
-1.47628
-1.47849
-1.48061
-1.48261
-1.48445
-1.4861
-1.48757
-1.48885
-1.48995
-1.49085
-1.49157
-1.4921
-1.49243
-1.49255
-1.49245
-1.49212
-1.49156
-1.49072
-1.48964
-1.48852
-1.57061
-1.5634
-1.55729
-1.55222
-1.54812
-1.54492
-1.54252
-1.54083
-1.53976
-1.53924
-1.53919
-1.53953
-1.54023
-1.54123
-1.5425
-1.54398
-1.54562
-1.54738
-1.54918
-1.55098
-1.55272
-1.55437
-1.55589
-1.55726
-1.55848
-1.55954
-1.56044
-1.56119
-1.56179
-1.56222
-1.56247
-1.56254
-1.56241
-1.56207
-1.56151
-1.56071
-1.55968
-1.55862
-1.65744
-1.64922
-1.64209
-1.63598
-1.63087
-1.62668
-1.62332
-1.62071
-1.61876
-1.61741
-1.61659
-1.61622
-1.61626
-1.61665
-1.61736
-1.61831
-1.61947
-1.62076
-1.62213
-1.62353
-1.62489
-1.62619
-1.62739
-1.62849
-1.62946
-1.63031
-1.63103
-1.63163
-1.6321
-1.63243
-1.63261
-1.63263
-1.63247
-1.63212
-1.63157
-1.63081
-1.62983
-1.62883
-1.74313
-1.73402
-1.72598
-1.71896
-1.71295
-1.70787
-1.70364
-1.70019
-1.69745
-1.69534
-1.6938
-1.69277
-1.6922
-1.69202
-1.69219
-1.69264
-1.69332
-1.69416
-1.6951
-1.6961
-1.69709
-1.69805
-1.69895
-1.69977
-1.70051
-1.70115
-1.7017
-1.70215
-1.7025
-1.70274
-1.70284
-1.70281
-1.70262
-1.70226
-1.70172
-1.70099
-1.70007
-1.69913
-1.82768
-1.8178
-1.80897
-1.80114
-1.79432
-1.78845
-1.78345
-1.77925
-1.77578
-1.77299
-1.7708
-1.76916
-1.76801
-1.76729
-1.76694
-1.76691
-1.76712
-1.76752
-1.76805
-1.76866
-1.7693
-1.76993
-1.77053
-1.77109
-1.7716
-1.77204
-1.77242
-1.77273
-1.77297
-1.77311
-1.77315
-1.77306
-1.77284
-1.77247
-1.77195
-1.77124
-1.77037
-1.76949
-1.91109
-1.90055
-1.89104
-1.88251
-1.87499
-1.86842
-1.86273
-1.85786
-1.85374
-1.85032
-1.84754
-1.84534
-1.84365
-1.84242
-1.84158
-1.84108
-1.84085
-1.84083
-1.84096
-1.84119
-1.84148
-1.8418
-1.84212
-1.84243
-1.84272
-1.84297
-1.84319
-1.84337
-1.84349
-1.84354
-1.84351
-1.84338
-1.84313
-1.84275
-1.84223
-1.84156
-1.84074
-1.83992
-1.99338
-1.98229
-1.97219
-1.96306
-1.95493
-1.94775
-1.94146
-1.93599
-1.93129
-1.92731
-1.92399
-1.92127
-1.91908
-1.91737
-1.91607
-1.91512
-1.91447
-1.91404
-1.91379
-1.91366
-1.91363
-1.91365
-1.9137
-1.91377
-1.91385
-1.91393
-1.91399
-1.91404
-1.91405
-1.91402
-1.91392
-1.91373
-1.91346
-1.91307
-1.91256
-1.91192
-1.91115
-1.91039
-2.07459
-2.06305
-2.05246
-2.04281
-2.03416
-2.02645
-2.01962
-2.01363
-2.00842
-2.00393
-2.00012
-1.99692
-1.99427
-1.9921
-1.99037
-1.989
-1.98794
-1.98713
-1.98652
-1.98606
-1.98571
-1.98545
-1.98525
-1.9851
-1.98499
-1.98489
-1.98481
-1.98473
-1.98464
-1.98452
-1.98436
-1.98413
-1.98382
-1.98342
-1.98292
-1.98231
-1.9816
-1.98089
-2.15476
-2.14284
-2.13184
-2.12177
-2.11267
-2.1045
-2.09722
-2.09076
-2.08509
-2.08016
-2.0759
-2.07226
-2.06918
-2.0666
-2.06446
-2.06269
-2.06125
-2.06008
-2.05913
-2.05836
-2.05772
-2.0572
-2.05677
-2.05641
-2.05611
-2.05586
-2.05564
-2.05544
-2.05525
-2.05505
-2.05482
-2.05454
-2.0542
-2.0538
-2.05331
-2.05273
-2.05206
-2.05141
-2.23392
-2.2217
-2.21037
-2.19994
-2.19046
-2.18191
-2.17423
-2.16737
-2.1613
-2.15597
-2.15131
-2.14727
-2.1438
-2.14083
-2.13831
-2.13618
-2.13438
-2.13288
-2.13161
-2.13054
-2.12964
-2.12888
-2.12823
-2.12768
-2.12721
-2.12681
-2.12646
-2.12615
-2.12586
-2.12558
-2.12528
-2.12496
-2.1246
-2.12418
-2.1237
-2.12315
-2.12253
-2.12194
-2.31209
-2.29964
-2.28806
-2.27733
-2.26755
-2.25867
-2.25065
-2.24345
-2.23703
-2.23133
-2.22632
-2.22192
-2.21809
-2.21476
-2.2119
-2.20943
-2.20731
-2.2055
-2.20394
-2.20261
-2.20147
-2.20048
-2.19964
-2.19891
-2.19828
-2.19773
-2.19726
-2.19684
-2.19646
-2.1961
-2.19575
-2.19538
-2.19499
-2.19456
-2.19409
-2.19357
-2.193
-2.19246
-2.3893
-2.37669
-2.36491
-2.35396
-2.34393
-2.33478
-2.32648
-2.31898
-2.31226
-2.30625
-2.30092
-2.2962
-2.29205
-2.2884
-2.28522
-2.28244
-2.28003
-2.27794
-2.27613
-2.27455
-2.27319
-2.272
-2.27097
-2.27008
-2.2693
-2.26862
-2.26803
-2.26751
-2.26704
-2.26661
-2.26619
-2.26579
-2.26537
-2.26493
-2.26447
-2.26398
-2.26345
-2.26296
-2.46556
-2.45286
-2.44094
-2.42983
-2.41961
-2.41025
-2.40171
-2.39397
-2.38699
-2.38071
-2.3751
-2.3701
-2.36565
-2.36172
-2.35826
-2.35521
-2.35254
-2.3502
-2.34815
-2.34636
-2.34479
-2.34342
-2.34223
-2.34118
-2.34026
-2.33946
-2.33876
-2.33814
-2.33759
-2.33708
-2.33662
-2.33617
-2.33572
-2.33528
-2.33483
-2.33436
-2.33388
-2.33344
-2.5409
-2.52816
-2.51617
-2.50495
-2.49459
-2.48507
-2.47636
-2.46842
-2.46122
-2.45472
-2.44886
-2.44361
-2.43891
-2.43473
-2.43101
-2.42773
-2.42482
-2.42226
-2.42001
-2.41802
-2.41628
-2.41475
-2.4134
-2.41221
-2.41117
-2.41025
-2.40944
-2.40873
-2.4081
-2.40752
-2.407
-2.40651
-2.40605
-2.40559
-2.40515
-2.40471
-2.40428
-2.40389
-2.61534
-2.60262
-2.59061
-2.57934
-2.56889
-2.55927
-2.55042
-2.54233
-2.53495
-2.52826
-2.5222
-2.51673
-2.51182
-2.50742
-2.50349
-2.49999
-2.49689
-2.49414
-2.4917
-2.48955
-2.48764
-2.48596
-2.48447
-2.48316
-2.48199
-2.48097
-2.48006
-2.47926
-2.47855
-2.47792
-2.47734
-2.47681
-2.47633
-2.47587
-2.47544
-2.47502
-2.47463
-2.47429
-2.68893
-2.67628
-2.6643
-2.65301
-2.64254
-2.63285
-2.62391
-2.61571
-2.6082
-2.60135
-2.59512
-2.58948
-2.58438
-2.5798
-2.57569
-2.57201
-2.56874
-2.56582
-2.56323
-2.56092
-2.55888
-2.55706
-2.55545
-2.55401
-2.55274
-2.55161
-2.55062
-2.54973
-2.54895
-2.54825
-2.54763
-2.54706
-2.54656
-2.54609
-2.54567
-2.54528
-2.54494
-2.54464
-2.7617
-2.74916
-2.73725
-2.72601
-2.71554
-2.70583
-2.69685
-2.68857
-2.68096
-2.67399
-2.66764
-2.66185
-2.65661
-2.65187
-2.64761
-2.64379
-2.64037
-2.63731
-2.63459
-2.63215
-2.62998
-2.62805
-2.62632
-2.62477
-2.6234
-2.62217
-2.62109
-2.62013
-2.61927
-2.61852
-2.61785
-2.61725
-2.61673
-2.61626
-2.61585
-2.61549
-2.61518
-2.61493
-2.83369
-2.82131
-2.80952
-2.79836
-2.78794
-2.77825
-2.76925
-2.76093
-2.75326
-2.74621
-2.73975
-2.73386
-2.7285
-2.72365
-2.71927
-2.71533
-2.71179
-2.70862
-2.70578
-2.70323
-2.70095
-2.6989
-2.69707
-2.69543
-2.69396
-2.69264
-2.69148
-2.69044
-2.68952
-2.68871
-2.688
-2.68738
-2.68684
-2.68637
-2.68597
-2.68563
-2.68537
-2.68516
-2.90497
-2.89278
-2.88114
-2.8701
-2.85976
-2.85012
-2.84114
-2.83281
-2.82511
-2.81801
-2.81149
-2.80552
-2.80008
-2.79514
-2.79067
-2.78664
-2.78301
-2.77974
-2.7768
-2.77415
-2.77178
-2.76963
-2.7677
-2.76597
-2.76441
-2.76301
-2.76177
-2.76066
-2.75969
-2.75883
-2.75808
-2.75743
-2.75688
-2.75641
-2.75602
-2.75571
-2.75548
-2.75531
-2.97559
-2.96361
-2.95216
-2.94126
-2.93104
-2.92147
-2.91254
-2.90423
-2.89653
-2.88941
-2.88286
-2.87684
-2.87135
-2.86635
-2.86182
-2.85772
-2.85401
-2.85067
-2.84765
-2.84492
-2.84246
-2.84023
-2.83821
-2.83639
-2.83475
-2.83328
-2.83196
-2.8308
-2.82976
-2.82886
-2.82808
-2.82741
-2.82684
-2.82637
-2.826
-2.82572
-2.82553
-2.82538
-3.04559
-3.03386
-3.02261
-3.01189
-3.0018
-2.99234
-2.98348
-2.97522
-2.96755
-2.96043
-2.95387
-2.94785
-2.94233
-2.9373
-2.93272
-2.92857
-2.92482
-2.92141
-2.91832
-2.91553
-2.91299
-2.91068
-2.90858
-2.90669
-2.90497
-2.90343
-2.90205
-2.90083
-2.89975
-2.8988
-2.89799
-2.8973
-2.89673
-2.89626
-2.8959
-2.89564
-2.89548
-2.89538
-3.11504
-3.10356
-3.09254
-3.08201
-3.07208
-3.06274
-3.05399
-3.0458
-3.03817
-3.0311
-3.02456
-3.01854
-3.01302
-3.00798
-3.00339
-2.99921
-2.99541
-2.99196
-2.98882
-2.98597
-2.98336
-2.98099
-2.97882
-2.97685
-2.97507
-2.97347
-2.97203
-2.97075
-2.96963
-2.96865
-2.96782
-2.96711
-2.96653
-2.96607
-2.96572
-2.96549
-2.96536
-2.96529
-3.18396
-3.17276
-3.16198
-3.15166
-3.1419
-3.13271
-3.12407
-3.11598
-3.10843
-3.10141
-3.09492
-3.08893
-3.08344
-3.07841
-3.07382
-3.06963
-3.06581
-3.06233
-3.05915
-3.05624
-3.05358
-3.05114
-3.04892
-3.04689
-3.04505
-3.04338
-3.0419
-3.04057
-3.03941
-3.03841
-3.03755
-3.03683
-3.03625
-3.03579
-3.03546
-3.03525
-3.03516
-3.03512
-3.25241
-3.24149
-3.23096
-3.22086
-3.2113
-3.20227
-3.19377
-3.18579
-3.17833
-3.1714
-3.16497
-3.15905
-3.15359
-3.14859
-3.14402
-3.13983
-3.136
-3.1325
-3.12929
-3.12634
-3.12363
-3.12114
-3.11886
-3.11678
-3.11489
-3.11318
-3.11165
-3.11029
-3.10909
-3.10806
-3.10719
-3.10646
-3.10588
-3.10543
-3.10511
-3.10492
-3.10486
-3.10486
-3.32042
-3.30978
-3.29952
-3.28965
-3.28029
-3.27144
-3.26309
-3.25524
-3.24791
-3.24107
-3.23474
-3.22888
-3.22349
-3.21854
-3.21399
-3.20982
-3.206
-3.20248
-3.19924
-3.19626
-3.19351
-3.19098
-3.18866
-3.18653
-3.1846
-3.18285
-3.18128
-3.17989
-3.17867
-3.17762
-3.17673
-3.17599
-3.17541
-3.17497
-3.17467
-3.17451
-3.17448
-3.1745
-3.38801
-3.37766
-3.36766
-3.35804
-3.34889
-3.34023
-3.33205
-3.32436
-3.31716
-3.31045
-3.30422
-3.29846
-3.29314
-3.28825
-3.28374
-3.2796
-3.27579
-3.27227
-3.26901
-3.26601
-3.26323
-3.26067
-3.25831
-3.25615
-3.25417
-3.25239
-3.25079
-3.24937
-3.24813
-3.24707
-3.24617
-3.24544
-3.24486
-3.24443
-3.24415
-3.244
-3.244
-3.24406
-3.45521
-3.44515
-3.43543
-3.42605
-3.41713
-3.40867
-3.40067
-3.39315
-3.38611
-3.37954
-3.37343
-3.36778
-3.36255
-3.35773
-3.35328
-3.34917
-3.34537
-3.34186
-3.3386
-3.33558
-3.33278
-3.33019
-3.3278
-3.32561
-3.32362
-3.32181
-3.32019
-3.31875
-3.3175
-3.31642
-3.31552
-3.31479
-3.31421
-3.3138
-3.31353
-3.31341
-3.31343
-3.31352
-3.52205
-3.51228
-3.50282
-3.4937
-3.48501
-3.47677
-3.46898
-3.46164
-3.45477
-3.44835
-3.44239
-3.43685
-3.43173
-3.42699
-3.4226
-3.41853
-3.41476
-3.41126
-3.408
-3.40497
-3.40216
-3.39956
-3.39715
-3.39494
-3.39292
-3.3911
-3.38946
-3.38801
-3.38675
-3.38567
-3.38477
-3.38404
-3.38348
-3.38307
-3.38282
-3.38272
-3.38276
-3.38288
-3.58853
-3.57905
-3.56987
-3.56101
-3.55257
-3.54455
-3.53698
-3.52984
-3.52316
-3.51691
-3.5111
-3.50569
-3.50068
-3.49603
-3.49171
-3.48769
-3.48395
-3.48047
-3.47722
-3.47419
-3.47138
-3.46876
-3.46635
-3.46412
-3.4621
-3.46026
-3.45862
-3.45717
-3.4559
-3.45482
-3.45392
-3.4532
-3.45265
-3.45225
-3.45202
-3.45194
-3.45201
-3.45214
-3.65467
-3.64548
-3.63659
-3.628
-3.61981
-3.61204
-3.60469
-3.59778
-3.59129
-3.58522
-3.57957
-3.5743
-3.56941
-3.56485
-3.5606
-3.55665
-3.55295
-3.54949
-3.54626
-3.54324
-3.54043
-3.53781
-3.53539
-3.53317
-3.53114
-3.5293
-3.52766
-3.52621
-3.52495
-3.52387
-3.52298
-3.52227
-3.52172
-3.52135
-3.52113
-3.52106
-3.52115
-3.52131
-3.7205
-3.71161
-3.703
-3.69469
-3.68677
-3.67925
-3.67215
-3.66545
-3.65917
-3.6533
-3.64781
-3.64269
-3.63792
-3.63346
-3.6293
-3.6254
-3.62175
-3.61833
-3.61512
-3.61212
-3.60932
-3.60671
-3.6043
-3.60208
-3.60006
-3.59823
-3.59659
-3.59515
-3.59389
-3.59283
-3.59194
-3.59124
-3.59071
-3.59035
-3.59014
-3.5901
-3.59021
-3.59039
-3.78603
-3.77743
-3.76912
-3.7611
-3.75346
-3.74621
-3.73935
-3.7329
-3.72684
-3.72116
-3.71584
-3.71087
-3.70622
-3.70187
-3.69779
-3.69396
-3.69036
-3.68698
-3.68381
-3.68083
-3.67805
-3.67546
-3.67307
-3.67086
-3.66885
-3.66703
-3.66541
-3.66398
-3.66273
-3.66168
-3.66081
-3.66012
-3.65961
-3.65926
-3.65907
-3.65904
-3.65917
-3.65937
-3.85127
-3.84298
-3.83497
-3.82725
-3.8199
-3.81293
-3.80634
-3.80012
-3.79428
-3.7888
-3.78366
-3.77885
-3.77433
-3.77008
-3.76609
-3.76233
-3.75879
-3.75546
-3.75232
-3.74938
-3.74663
-3.74407
-3.7417
-3.73951
-3.73752
-3.73572
-3.73412
-3.7327
-3.73148
-3.73044
-3.72959
-3.72892
-3.72841
-3.72808
-3.72791
-3.72789
-3.72804
-3.72825
-3.91626
-3.90828
-3.90059
-3.89318
-3.88612
-3.87943
-3.87311
-3.86714
-3.86153
-3.85625
-3.85129
-3.84662
-3.84224
-3.8381
-3.8342
-3.83052
-3.82705
-3.82377
-3.82068
-3.81778
-3.81507
-3.81254
-3.8102
-3.80804
-3.80608
-3.80431
-3.80272
-3.80133
-3.80013
-3.79911
-3.79827
-3.79762
-3.79713
-3.79682
-3.79666
-3.79666
-3.79681
-3.79705
-3.98101
-3.97336
-3.96599
-3.95889
-3.95214
-3.94574
-3.93969
-3.93397
-3.92858
-3.92351
-3.91872
-3.91421
-3.90996
-3.90593
-3.90213
-3.89853
-3.89513
-3.89191
-3.88888
-3.88603
-3.88336
-3.88087
-3.87857
-3.87645
-3.87452
-3.87278
-3.87123
-3.86986
-3.86868
-3.86769
-3.86687
-3.86623
-3.86577
-3.86546
-3.86532
-3.86533
-3.8655
-3.86575
-4.04556
-4.03824
-4.0312
-4.02443
-4.01798
-4.01188
-4.00609
-4.00062
-3.99546
-3.99058
-3.98598
-3.98162
-3.9775
-3.97359
-3.96988
-3.96637
-3.96304
-3.9599
-3.95693
-3.95414
-3.95152
-3.94908
-3.94683
-3.94475
-3.94286
-3.94116
-3.93963
-3.9383
-3.93715
-3.93618
-3.93538
-3.93477
-3.93432
-3.93403
-3.9339
-3.93392
-3.9341
-3.93436
-4.10993
-4.10296
-4.09625
-4.0898
-4.08367
-4.07785
-4.07233
-4.06711
-4.06217
-4.05749
-4.05306
-4.04885
-4.04486
-4.04107
-4.03747
-4.03405
-4.0308
-4.02773
-4.02483
-4.02211
-4.01955
-4.01717
-4.01497
-4.01294
-4.0111
-4.00943
-4.00795
-4.00664
-4.00552
-4.00458
-4.00381
-4.00321
-4.00278
-4.00251
-4.00239
-4.00243
-4.00262
-4.00288
-4.17416
-4.16753
-4.16116
-4.15504
-4.14921
-4.14368
-4.13842
-4.13344
-4.12872
-4.12423
-4.11997
-4.11592
-4.11206
-4.10839
-4.10489
-4.10157
-4.09841
-4.09543
-4.0926
-4.08995
-4.08746
-4.08515
-4.083
-4.08103
-4.07923
-4.07761
-4.07617
-4.0749
-4.07382
-4.0729
-4.07216
-4.07158
-4.07117
-4.07091
-4.0708
-4.07085
-4.07105
-4.07132
-4.23827
-4.23199
-4.22595
-4.22015
-4.21462
-4.20937
-4.20437
-4.19963
-4.19511
-4.19081
-4.18672
-4.18282
-4.1791
-4.17554
-4.17216
-4.16894
-4.16588
-4.16298
-4.16025
-4.15767
-4.15526
-4.15301
-4.15093
-4.14902
-4.14728
-4.14571
-4.14431
-4.14308
-4.14203
-4.14114
-4.14043
-4.13987
-4.13948
-4.13923
-4.13914
-4.1392
-4.1394
-4.13968
-4.30229
-4.29635
-4.29064
-4.28515
-4.27992
-4.27493
-4.27019
-4.26567
-4.26136
-4.25725
-4.25332
-4.24957
-4.24598
-4.24256
-4.23929
-4.23618
-4.23322
-4.23042
-4.22777
-4.22528
-4.22295
-4.22077
-4.21876
-4.21692
-4.21523
-4.21371
-4.21236
-4.21118
-4.21016
-4.20931
-4.20862
-4.20809
-4.20771
-4.20748
-4.2074
-4.20746
-4.20767
-4.20796
-4.36623
-4.36062
-4.35524
-4.35005
-4.3451
-4.34038
-4.33588
-4.33158
-4.32747
-4.32353
-4.31977
-4.31617
-4.31272
-4.30943
-4.30628
-4.30328
-4.30043
-4.29773
-4.29518
-4.29278
-4.29053
-4.28844
-4.2865
-4.28472
-4.2831
-4.28164
-4.28034
-4.2792
-4.27822
-4.2774
-4.27674
-4.27623
-4.27587
-4.27565
-4.27558
-4.27566
-4.27587
-4.27615
-4.4301
-4.42483
-4.41975
-4.41486
-4.41018
-4.40571
-4.40144
-4.39735
-4.39344
-4.38968
-4.38608
-4.38263
-4.37933
-4.37617
-4.37315
-4.37027
-4.36753
-4.36493
-4.36248
-4.36018
-4.35802
-4.35602
-4.35416
-4.35245
-4.35089
-4.34949
-4.34824
-4.34715
-4.34621
-4.34542
-4.34479
-4.3443
-4.34396
-4.34376
-4.3437
-4.34378
-4.34399
-4.34428
-4.49393
-4.48896
-4.48418
-4.47957
-4.47516
-4.47093
-4.46689
-4.463
-4.45927
-4.4557
-4.45226
-4.44897
-4.44581
-4.44278
-4.43989
-4.43714
-4.43452
-4.43204
-4.42969
-4.42749
-4.42543
-4.42351
-4.42173
-4.42009
-4.41861
-4.41726
-4.41607
-4.41502
-4.41412
-4.41337
-4.41277
-4.4123
-4.41198
-4.4118
-4.41174
-4.41183
-4.41205
-4.41233
-4.55771
-4.55304
-4.54854
-4.5442
-4.54004
-4.53605
-4.53221
-4.52853
-4.52499
-4.52159
-4.51832
-4.51518
-4.51217
-4.50929
-4.50653
-4.50391
-4.50141
-4.49904
-4.49681
-4.49471
-4.49275
-4.49092
-4.48922
-4.48767
-4.48625
-4.48497
-4.48383
-4.48283
-4.48198
-4.48126
-4.48068
-4.48024
-4.47994
-4.47977
-4.47973
-4.47982
-4.48003
-4.48031
-4.62143
-4.61705
-4.61282
-4.60874
-4.60482
-4.60105
-4.59743
-4.59395
-4.59059
-4.58736
-4.58426
-4.58128
-4.57842
-4.57569
-4.57307
-4.57058
-4.56821
-4.56597
-4.56385
-4.56186
-4.55999
-4.55826
-4.55665
-4.55517
-4.55383
-4.55261
-4.55153
-4.55058
-4.54977
-4.54909
-4.54854
-4.54812
-4.54784
-4.54768
-4.54764
-4.54774
-4.54795
-4.54823
-4.6851
-4.68099
-4.67702
-4.67319
-4.6695
-4.66596
-4.66254
-4.65925
-4.65608
-4.65304
-4.6501
-4.64729
-4.64458
-4.64199
-4.63952
-4.63717
-4.63493
-4.63281
-4.63081
-4.62893
-4.62717
-4.62553
-4.62401
-4.62261
-4.62134
-4.62019
-4.61917
-4.61827
-4.6175
-4.61686
-4.61634
-4.61595
-4.61568
-4.61553
-4.6155
-4.6156
-4.61581
-4.61609
-4.74871
-4.74486
-4.74115
-4.73755
-4.73409
-4.73076
-4.72755
-4.72446
-4.72148
-4.71861
-4.71585
-4.7132
-4.71065
-4.70822
-4.70589
-4.70368
-4.70158
-4.69958
-4.6977
-4.69593
-4.69428
-4.69273
-4.69131
-4.68999
-4.6888
-4.68771
-4.68675
-4.68591
-4.68518
-4.68457
-4.68408
-4.68371
-4.68346
-4.68333
-4.68331
-4.68341
-4.68362
-4.68388
-4.81225
-4.80865
-4.80519
-4.80183
-4.79859
-4.79548
-4.79247
-4.78958
-4.78679
-4.7841
-4.78151
-4.77903
-4.77665
-4.77437
-4.77219
-4.77012
-4.76815
-4.76629
-4.76453
-4.76288
-4.76133
-4.75989
-4.75855
-4.75732
-4.7562
-4.75518
-4.75428
-4.75349
-4.7528
-4.75223
-4.75177
-4.75143
-4.7512
-4.75107
-4.75106
-4.75116
-4.75136
-4.75162
-4.87573
-4.87237
-4.86915
-4.86602
-4.86301
-4.86011
-4.85731
-4.85462
-4.85202
-4.84951
-4.8471
-4.84479
-4.84257
-4.84045
-4.83843
-4.83651
-4.83468
-4.83294
-4.83131
-4.82977
-4.82833
-4.82698
-4.82574
-4.82459
-4.82355
-4.8226
-4.82176
-4.82102
-4.82038
-4.81985
-4.81942
-4.8191
-4.81888
-4.81877
-4.81876
-4.81886
-4.81906
-4.81931
-4.93913
-4.93602
-4.93303
-4.93014
-4.92735
-4.92467
-4.92208
-4.91958
-4.91718
-4.91486
-4.91263
-4.91049
-4.90844
-4.90648
-4.90461
-4.90284
-4.90115
-4.89955
-4.89803
-4.89661
-4.89528
-4.89403
-4.89288
-4.89182
-4.89085
-4.88998
-4.88919
-4.8885
-4.88791
-4.88742
-4.88702
-4.88672
-4.88652
-4.88642
-4.88642
-4.88652
-4.88671
-4.88695
-5.00246
-4.9996
-4.99685
-4.99419
-4.99163
-4.98917
-4.98679
-4.98449
-4.98228
-4.98016
-4.97811
-4.97615
-4.97427
-4.97247
-4.97075
-4.96912
-4.96757
-4.9661
-4.96471
-4.96341
-4.96218
-4.96104
-4.95998
-4.95901
-4.95811
-4.95731
-4.95658
-4.95595
-4.9554
-4.95494
-4.95458
-4.9543
-4.95412
-4.95403
-4.95403
-4.95412
-4.95431
-4.95454
-5.06571
-5.06311
-5.06061
-5.05819
-5.05586
-5.05361
-5.05145
-5.04936
-5.04735
-5.04541
-5.04355
-5.04176
-5.04005
-5.03841
-5.03685
-5.03537
-5.03396
-5.03262
-5.03136
-5.03017
-5.02905
-5.02801
-5.02704
-5.02615
-5.02534
-5.0246
-5.02394
-5.02335
-5.02285
-5.02243
-5.0221
-5.02185
-5.02168
-5.0216
-5.0216
-5.02169
-5.02187
-5.02209
-5.12891
-5.12656
-5.12431
-5.12213
-5.12004
-5.11802
-5.11607
-5.11419
-5.11237
-5.11063
-5.10895
-5.10734
-5.1058
-5.10432
-5.10292
-5.10158
-5.10031
-5.0991
-5.09796
-5.09689
-5.09588
-5.09494
-5.09407
-5.09326
-5.09253
-5.09186
-5.09125
-5.09073
-5.09027
-5.08989
-5.08958
-5.08935
-5.0892
-5.08913
-5.08913
-5.08922
-5.08939
-5.08959
-5.19206
-5.18997
-5.18798
-5.18605
-5.18419
-5.18239
-5.18066
-5.17899
-5.17737
-5.17582
-5.17433
-5.1729
-5.17152
-5.17021
-5.16896
-5.16777
-5.16663
-5.16556
-5.16454
-5.16359
-5.16269
-5.16185
-5.16107
-5.16034
-5.15968
-5.15908
-5.15854
-5.15806
-5.15765
-5.15731
-5.15703
-5.15683
-5.15669
-5.15663
-5.15663
-5.15671
-5.15687
-5.15706
-5.25516
-5.25335
-5.25162
-5.24994
-5.24831
-5.24675
-5.24523
-5.24377
-5.24236
-5.241
-5.23969
-5.23844
-5.23723
-5.23608
-5.23498
-5.23393
-5.23294
-5.23199
-5.2311
-5.23026
-5.22947
-5.22872
-5.22803
-5.2274
-5.22681
-5.22628
-5.2258
-5.22537
-5.22501
-5.2247
-5.22446
-5.22427
-5.22415
-5.22409
-5.2241
-5.22417
-5.22432
-5.2245
-5.31825
-5.31672
-5.31525
-5.31382
-5.31243
-5.3111
-5.3098
-5.30855
-5.30734
-5.30617
-5.30505
-5.30396
-5.30293
-5.30193
-5.30099
-5.30008
-5.29922
-5.29841
-5.29763
-5.29691
-5.29622
-5.29558
-5.29498
-5.29442
-5.29391
-5.29345
-5.29303
-5.29266
-5.29234
-5.29207
-5.29185
-5.29169
-5.29158
-5.29152
-5.29153
-5.2916
-5.29173
-5.2919
-5.38132
-5.38008
-5.37887
-5.3777
-5.37656
-5.37545
-5.37437
-5.37333
-5.37231
-5.37134
-5.37039
-5.36949
-5.36862
-5.36778
-5.36698
-5.36622
-5.36549
-5.3648
-5.36415
-5.36354
-5.36296
-5.36241
-5.3619
-5.36143
-5.36099
-5.3606
-5.36024
-5.35992
-5.35965
-5.35941
-5.35922
-5.35908
-5.35898
-5.35893
-5.35893
-5.35899
-5.35912
-5.35927
-5.4444
-5.44344
-5.44251
-5.44159
-5.44068
-5.4398
-5.43894
-5.43811
-5.43729
-5.4365
-5.43574
-5.435
-5.4343
-5.43362
-5.43296
-5.43234
-5.43175
-5.43119
-5.43065
-5.43015
-5.42967
-5.42922
-5.4288
-5.42841
-5.42805
-5.42772
-5.42743
-5.42716
-5.42693
-5.42673
-5.42657
-5.42644
-5.42635
-5.42631
-5.4263
-5.42636
-5.42647
-5.42661
-5.5075
-5.50684
-5.50617
-5.5055
-5.50483
-5.50417
-5.50352
-5.50289
-5.50227
-5.50167
-5.50109
-5.50052
-5.49997
-5.49945
-5.49894
-5.49846
-5.498
-5.49756
-5.49714
-5.49675
-5.49637
-5.49602
-5.49569
-5.49538
-5.4951
-5.49483
-5.4946
-5.49438
-5.49419
-5.49403
-5.49389
-5.49379
-5.49371
-5.49366
-5.49365
-5.49369
-5.49379
-5.49392
-5.57065
-5.57028
-5.56988
-5.56945
-5.56902
-5.56859
-5.56816
-5.56773
-5.5673
-5.56688
-5.56648
-5.56608
-5.56569
-5.56532
-5.56495
-5.56461
-5.56428
-5.56396
-5.56366
-5.56337
-5.56309
-5.56283
-5.56259
-5.56236
-5.56215
-5.56195
-5.56177
-5.56161
-5.56146
-5.56133
-5.56122
-5.56112
-5.56105
-5.561
-5.56097
-5.56099
-5.56108
-5.56119
-5.63387
-5.63379
-5.63367
-5.63351
-5.63333
-5.63312
-5.63291
-5.63268
-5.63245
-5.63222
-5.63199
-5.63175
-5.63152
-5.6313
-5.63107
-5.63086
-5.63065
-5.63045
-5.63026
-5.63007
-5.62989
-5.62972
-5.62956
-5.6294
-5.62926
-5.62912
-5.62899
-5.62887
-5.62876
-5.62866
-5.62856
-5.62848
-5.6284
-5.62834
-5.6283
-5.62828
-5.62833
-5.6284
-5.69725
-5.69738
-5.69746
-5.69749
-5.6975
-5.69749
-5.69746
-5.69742
-5.69736
-5.69729
-5.69722
-5.69715
-5.69707
-5.69698
-5.6969
-5.69682
-5.69673
-5.69665
-5.69657
-5.69649
-5.69641
-5.69634
-5.69626
-5.69619
-5.69612
-5.69605
-5.69599
-5.69593
-5.69587
-5.69582
-5.69576
-5.69572
-5.69567
-5.69563
-5.69559
-5.69556
-5.69556
-5.69559
)
;

boundaryField
{
    leftWall
    {
        type            calculated;
        value           nonuniform List<scalar> 
100
(
1985.48
1955.38
1925.18
1894.74
1864.06
1833.19
1802.14
1770.97
1739.71
1708.42
1677.14
1645.91
1614.76
1583.71
1552.76
1521.92
1473.89
1408.78
1343.96
1279.47
1215.42
1151.89
1089.02
1026.9
965.651
905.347
846.065
787.86
730.77
674.815
619.995
566.296
513.682
462.102
411.486
361.736
312.737
264.239
215.407
165.293
114.449
60.5098
12.3893
-3.07013
-3.06351
-3.11917
-3.17848
-3.23382
-3.28771
-3.33902
-3.38776
-3.43265
-3.47301
-3.50995
-3.5447
-3.57806
-3.6107
-3.64327
-3.67627
-3.71003
-3.74484
-3.7809
-3.8183
-3.85705
-3.89718
-3.93868
-3.9815
-4.02549
-4.07055
-4.1166
-4.16359
-4.21146
-4.26014
-4.30954
-4.35964
-4.41042
-4.46188
-4.51397
-4.5666
-4.61968
-4.67313
-4.72692
-4.78103
-4.83546
-4.89019
-4.94518
-5.00037
-5.05573
-5.11124
-5.16689
-5.22268
-5.27866
-5.33489
-5.39139
-5.44787
-5.50404
-5.56081
-5.62027
-5.67848
-5.71371
)
;
    }
    rightWall
    {
        type            calculated;
        value           nonuniform List<scalar> 
100
(
0.484899
0.455575
0.426284
0.39702
0.367761
0.338487
0.30918
0.279829
0.250424
0.220959
0.19143
0.161833
0.132167
0.102428
0.0726135
0.0427203
-0.00414687
-0.0682476
-0.1327
-0.19751
-0.262682
-0.328219
-0.39412
-0.460381
-0.526993
-0.593946
-0.661227
-0.728822
-0.796716
-0.864893
-0.933337
-1.00203
-1.07096
-1.14011
-1.20945
-1.27898
-1.34868
-1.41853
-1.48852
-1.55862
-1.62883
-1.69913
-1.76949
-1.83992
-1.91039
-1.98089
-2.05141
-2.12194
-2.19246
-2.26296
-2.33344
-2.40389
-2.47429
-2.54464
-2.61493
-2.68516
-2.75531
-2.82538
-2.89538
-2.96529
-3.03512
-3.10486
-3.1745
-3.24406
-3.31352
-3.38288
-3.45214
-3.52131
-3.59039
-3.65937
-3.72825
-3.79705
-3.86575
-3.93436
-4.00288
-4.07132
-4.13968
-4.20796
-4.27615
-4.34428
-4.41233
-4.48031
-4.54823
-4.61609
-4.68388
-4.75162
-4.81931
-4.88695
-4.95454
-5.02209
-5.08959
-5.15706
-5.2245
-5.2919
-5.35927
-5.42661
-5.49392
-5.56119
-5.6284
-5.69559
)
;
    }
    lowerWall
    {
        type            calculated;
        value           nonuniform List<scalar> 
124
(
2000.2
2004.12
2007.29
2008.32
2006.26
2001.05
1992.92
1982.05
1968.54
1952.47
1933.86
1912.73
1889.05
1862.76
1833.79
1802.02
1767.3
1729.44
1688.19
1643.23
1594.18
1540.56
1481.77
1417.16
1345.94
1267.33
1180.6
1085.35
981.792
871.273
756.695
642.861
538.049
449.395
375.944
314.271
262.09
217.21
177.495
141.564
108.765
78.3365
45.2294
16.1149
9.82983
11.2229
11.1307
9.42831
7.36385
5.82531
4.8206
4.17789
3.72165
3.34552
3.0168
2.72099
2.44929
2.1859
1.91559
1.62326
1.28523
0.878955
-1.03269
-0.907217
-0.777584
-0.735973
-0.658284
-0.552439
-0.428705
-0.301511
0.534664
0.504372
0.473411
0.441655
0.40904
0.375487
0.340937
0.305101
0.268223
0.229458
0.189262
0.148066
0.106547
0.0646015
0.0275857
-0.0328765
0.549379
0.555498
0.563738
0.572413
0.579132
0.58325
0.58493
0.584609
0.582753
0.579775
0.575997
0.571679
0.566995
0.562082
0.557055
0.552007
0.547004
0.542084
0.53729
0.532648
0.528192
0.52395
0.519948
0.516218
0.512774
0.50963
0.506808
0.504308
0.502152
0.50036
0.498928
0.49791
0.497288
0.497096
0.497304
0.497875
0.498645
0.499614
)
;
    }
    atmosphere
    {
        type            calculated;
        value           nonuniform List<scalar> 
92
(
-5.74111
-5.76615
-5.76116
-5.75757
-5.75508
-5.75311
-5.75147
-5.75003
-5.74873
-5.74754
-5.74643
-5.74539
-5.7444
-5.74344
-5.74252
-5.74163
-5.74076
-5.7399
-5.73907
-5.73826
-5.73746
-5.73669
-5.73595
-5.73524
-5.73456
-5.73391
-5.7333
-5.73273
-5.7322
-5.73171
-5.73126
-5.73086
-5.7305
-5.73018
-5.7299
-5.72967
-5.72947
-5.72931
-5.72919
-5.72911
-5.72906
-5.72904
-5.72904
-5.72904
-5.72904
-5.72904
-5.72904
-5.72904
-5.72904
-5.72904
-5.72904
-5.72904
-5.72904
-5.72904
-5.72904
-5.72904
-5.72904
-5.72904
-5.72904
-5.72904
-5.72904
-5.72904
-5.72904
-5.72904
-5.72904
-5.72904
-5.72904
-5.72904
-5.72904
-5.72904
-5.72904
-5.72904
-5.72904
-5.72904
-5.72904
-5.72904
-5.72904
-5.72904
-5.72904
-5.72904
-5.72904
-5.72904
-5.72904
-5.72904
-5.72904
-5.72904
-5.72904
-5.72904
-5.72904
-5.72904
-5.72904
-5.72904
)
;
    }
    defaultFaces
    {
        type            empty;
    }
}


// ************************************************************************* //
