/*--------------------------------*- C++ -*----------------------------------*\
  =========                 |
  \\      /  F ield         | OpenFOAM: The Open Source CFD Toolbox
   \\    /   O peration     | Website:  https://openfoam.org
    \\  /    A nd           | Version:  7
     \\/     M anipulation  |
\*---------------------------------------------------------------------------*/
FoamFile
{
    version     2.0;
    format      ascii;
    class       volScalarField;
    location    "0.15";
    object      p_rgh;
}
// * * * * * * * * * * * * * * * * * * * * * * * * * * * * * * * * * * * * * //

dimensions      [1 -1 -2 0 0 0 0];

internalField   nonuniform List<scalar> 
9072
(
2000.2
2004.12
2007.29
2008.32
2006.26
2001.05
1992.92
1982.05
1968.54
1952.47
1933.86
1912.73
1889.05
1862.76
1833.79
1802.02
1767.3
1729.44
1688.19
1643.23
1594.18
1540.56
1481.77
1417.16
1345.94
1267.33
1180.6
1085.35
981.792
871.273
756.695
642.861
538.049
449.395
375.944
314.271
262.09
217.21
177.495
141.564
108.765
78.3365
45.2294
16.1149
9.82983
11.2229
1999.53
2002.48
2004.25
2004.29
2001.67
1996.14
1987.81
1976.79
1963.17
1946.98
1928.25
1906.99
1883.16
1856.69
1827.5
1795.48
1760.45
1722.22
1680.53
1635.05
1585.37
1531.02
1471.4
1405.83
1333.59
1253.94
1166.25
1070.27
966.414
856.23
742.681
630.558
525.94
435.487
365.88
310.939
265.429
224.251
184.867
146.698
108.418
67.3497
28.8068
6.18752
6.93571
9.60052
1998.76
2001.44
2001.89
2000.65
1997.12
1990.94
1982.13
1970.74
1956.8
1940.33
1921.33
1899.78
1875.63
1848.83
1819.25
1786.78
1751.24
1712.4
1670.01
1623.72
1573.11
1517.69
1456.88
1390.04
1316.5
1235.62
1146.94
1050.42
946.71
837.572
726.098
617.052
516.542
431.573
362.614
309.744
266.298
226.397
187.065
147.949
104.873
49.1037
11.5866
4.99194
5.56738
7.54718
1997.74
2000.69
2000.36
1998.06
1993.6
1986.68
1977.27
1965.39
1951.01
1934.15
1914.77
1892.85
1868.31
1841.08
1811.04
1778.04
1741.91
1702.41
1659.26
1612.1
1560.52
1504.03
1442.08
1374.06
1299.37
1217.49
1128.1
1031.35
928.071
820.174
710.844
604.754
507.471
424.639
357.916
306.55
264.522
225.662
186.807
146.433
89.5109
25.6777
5.36526
4.32077
4.99018
6.01355
1996.5
1999.8
1999.1
1996.1
1990.91
1983.33
1973.35
1960.96
1946.13
1928.85
1909.07
1886.75
1861.8
1834.13
1803.62
1770.11
1733.4
1693.26
1649.39
1601.45
1549.01
1491.6
1428.7
1359.73
1284.18
1201.61
1111.83
1015.11
912.412
805.707
698.182
594.348
499.364
418.129
352.532
301.671
260.291
221.955
182.846
127.976
50.3016
7.85412
3.92815
3.73459
4.2122
5.00607
1995.05
1998.65
1997.8
1994.37
1988.64
1980.52
1970.04
1957.19
1941.95
1924.26
1904.09
1881.38
1856.02
1827.93
1796.96
1762.95
1725.7
1684.96
1640.44
1591.79
1538.6
1480.41
1416.72
1347.02
1270.84
1187.82
1097.89
1001.4
899.382
793.812
687.795
585.647
492.16
411.609
345.733
294.384
253.157
214.698
161.201
74.445
14.0307
3.62865
3.31288
3.37638
3.71347
4.3654
1993.43
1997.25
1996.38
1992.7
1986.6
1978.07
1967.17
1953.92
1938.29
1920.24
1899.7
1876.6
1850.86
1822.36
1790.95
1756.47
1718.71
1677.42
1632.3
1583.01
1529.15
1470.29
1405.95
1335.66
1259.02
1175.76
1085.87
989.763
888.519
784.071
679.378
578.508
485.764
404.554
336.682
283.698
241.64
185.698
90.8679
19.6494
3.90516
2.95518
2.98609
3.13991
3.41644
3.92712
1991.69
1995.66
1994.85
1991.06
1984.72
1975.88
1964.66
1951.07
1935.11
1916.71
1895.83
1872.39
1846.28
1817.38
1785.56
1750.63
1712.39
1670.58
1624.9
1575.03
1520.58
1461.13
1396.24
1325.5
1248.55
1165.2
1075.51
979.933
879.569
776.273
672.81
572.952
480.26
396.812
324.177
264.008
195.117
92.3967
20.9363
4.79869
2.717
2.61828
2.7852
2.98211
3.21522
3.57384
1989.86
1993.94
1993.26
1989.47
1982.99
1973.94
1962.46
1948.6
1932.35
1913.66
1892.47
1868.7
1842.25
1812.99
1780.77
1745.43
1706.73
1664.42
1618.23
1567.83
1512.84
1452.88
1387.54
1316.45
1239.32
1156.01
1066.65
971.747
872.378
770.305
668.076
569.152
475.968
388.135
297.674
189.872
76.1967
16.0656
4.70431
2.7821
2.35616
2.45686
2.65259
2.84845
3.04164
3.27092
1988
1992.18
1991.67
1987.96
1981.4
1972.22
1960.56
1946.49
1930
1911.06
1889.59
1865.53
1838.76
1809.16
1776.58
1740.83
1701.71
1658.95
1612.28
1561.38
1505.92
1445.51
1379.79
1308.43
1231.23
1148.09
1059.19
965.082
866.834
766.098
665.218
567.386
473.434
376.524
226.022
64.8119
8.0148
3.14967
2.49115
2.16651
2.21466
2.36541
2.54805
2.71867
2.86971
3.00262
1986.15
1990.46
1990.14
1986.54
1979.98
1970.73
1958.95
1944.72
1928.05
1908.88
1887.18
1862.86
1835.8
1805.89
1772.97
1736.86
1697.33
1654.14
1607.03
1555.68
1499.78
1438.98
1372.95
1301.42
1224.22
1141.35
1053.03
959.84
862.849
763.598
664.298
567.894
473.199
359.088
146.561
11.2529
2.87914
2.23219
2.015
2.02798
2.14515
2.29434
2.45109
2.58808
2.69357
2.75936
1984.35
1988.82
1988.7
1985.24
1978.74
1969.47
1957.62
1943.28
1926.46
1907.13
1885.23
1860.67
1833.36
1803.17
1769.94
1733.48
1693.59
1650
1602.48
1550.73
1494.43
1433.28
1367
1295.36
1218.26
1135.74
1048.09
955.937
860.336
762.741
665.339
570.749
475.305
324.839
83.6931
4.68078
2.36666
1.9651
1.90833
1.97948
2.09845
2.22711
2.35354
2.45501
2.51587
2.5249
1982.63
1987.3
1987.38
1984.09
1977.67
1968.42
1956.56
1942.16
1925.24
1905.78
1883.72
1858.97
1831.44
1801
1767.49
1730.72
1690.48
1646.54
1598.64
1546.51
1489.87
1428.42
1361.94
1290.25
1213.31
1131.22
1044.32
953.303
859.214
763.461
668.353
575.822
474.091
248.307
31.231
3.48268
2.07513
1.87249
1.87636
1.95071
2.05205
2.15637
2.25252
2.31805
2.33645
2.28376
1981.01
1985.93
1986.2
1983.08
1976.78
1967.61
1955.77
1941.36
1924.39
1904.84
1882.66
1857.76
1830.04
1799.38
1765.62
1728.58
1688.03
1643.76
1595.52
1543.06
1486.1
1424.4
1357.76
1286.08
1209.34
1127.74
1041.68
951.887
859.435
765.753
673.394
582.736
446.379
151.695
8.45266
2.64384
1.92414
1.82522
1.85155
1.91721
1.99932
2.0801
2.14733
2.17654
2.15382
2.02072
1979.49
1984.69
1985.15
1982.21
1976.06
1967
1955.23
1940.85
1923.87
1904.28
1882.02
1857.01
1829.14
1798.3
1764.33
1727.04
1686.22
1641.66
1593.12
1540.36
1483.12
1421.2
1354.45
1282.8
1206.31
1125.24
1040.06
951.564
860.842
769.463
680.071
589.978
390.506
72.3633
4.74269
2.13867
1.80962
1.78507
1.81844
1.87506
1.93979
1.99862
2.0385
2.03074
1.96603
1.71203
1978.08
1983.45
1984.15
1981.37
1975.37
1966.43
1954.76
1940.43
1923.48
1903.88
1881.57
1856.48
1828.51
1797.53
1763.38
1725.9
1684.86
1640.07
1591.29
1538.29
1480.85
1418.78
1351.98
1280.42
1204.21
1123.65
1039.31
951.98
862.86
773.678
686.244
593.94
301.341
25.9492
3.27113
1.85854
1.7301
1.74042
1.77634
1.82484
1.87439
1.91343
1.92767
1.88321
1.7728
1.33514
0.549379
0.555498
0.563738
0.572413
0.579132
0.58325
0.58493
0.584609
0.582753
0.579775
0.575997
0.571679
0.566995
0.562082
0.557055
0.552007
0.547004
0.542084
0.53729
0.532648
0.528192
0.52395
0.519948
0.516218
0.512774
0.50963
0.506808
0.504308
0.502152
0.50036
0.498928
0.49791
0.497288
0.497096
0.497304
0.497875
0.498645
0.499614
0.548516
0.554247
0.561509
0.569671
0.576292
0.580635
0.582728
0.582896
0.581521
0.57898
0.575568
0.57155
0.56711
0.562408
0.557553
0.552626
0.547707
0.542848
0.538102
0.533498
0.529071
0.524852
0.520866
0.517149
0.513716
0.510578
0.507761
0.505263
0.503101
0.5013
0.499848
0.498799
0.498131
0.497871
0.497978
0.498398
0.498957
0.499719
0.546984
0.552671
0.55957
0.56745
0.574031
0.578571
0.581017
0.581592
0.580615
0.578433
0.575322
0.571548
0.567304
0.562753
0.558013
0.553173
0.548318
0.543506
0.538794
0.534217
0.529808
0.525603
0.521627
0.517915
0.514487
0.511352
0.508535
0.506035
0.503863
0.502048
0.500574
0.499493
0.498778
0.498445
0.498452
0.498731
0.499151
0.499858
0.544658
0.550646
0.557746
0.565728
0.572425
0.577157
0.579872
0.580746
0.580059
0.578143
0.575255
0.571665
0.567564
0.56312
0.558461
0.553681
0.54887
0.544087
0.539393
0.534831
0.530432
0.526231
0.522257
0.518545
0.515116
0.511977
0.509152
0.506643
0.504454
0.502619
0.501117
0.499996
0.499229
0.498824
0.498737
0.498907
0.499269
0.500022
0.541473
0.54796
0.555787
0.564321
0.571352
0.576325
0.579253
0.580338
0.579846
0.578108
0.575372
0.571904
0.5679
0.563525
0.558917
0.554172
0.549381
0.544608
0.53992
0.535361
0.530962
0.526758
0.522778
0.51906
0.515625
0.512476
0.509638
0.507113
0.504903
0.503042
0.50151
0.500346
0.499528
0.499055
0.498891
0.498986
0.499352
0.500193
0.537349
0.544458
0.553594
0.563145
0.570751
0.576036
0.579144
0.580362
0.579976
0.578333
0.575677
0.572273
0.568317
0.563973
0.559382
0.554644
0.549851
0.545072
0.540373
0.535805
0.531397
0.527182
0.523192
0.519462
0.516015
0.512852
0.509995
0.507449
0.505216
0.503328
0.501765
0.500563
0.499698
0.499169
0.498948
0.499004
0.499412
0.500348
0.532228
0.539955
0.551202
0.562239
0.570644
0.576303
0.579551
0.580822
0.580453
0.57882
0.576173
0.572773
0.568817
0.564462
0.559855
0.555096
0.55028
0.545476
0.540753
0.536164
0.531736
0.527504
0.523498
0.519751
0.516286
0.513104
0.510224
0.507655
0.505397
0.503483
0.501893
0.500656
0.499755
0.499183
0.498928
0.498973
0.499444
0.500471
0.525821
0.534511
0.548749
0.561716
0.571105
0.577165
0.580498
0.581729
0.581284
0.579574
0.576861
0.573405
0.569398
0.564991
0.560335
0.555529
0.550667
0.54582
0.541059
0.536437
0.531981
0.527726
0.523699
0.51993
0.516441
0.513235
0.510329
0.507735
0.505453
0.503514
0.501902
0.500638
0.49971
0.499111
0.49884
0.498898
0.499443
0.500549
0.518373
0.528105
0.54642
0.561738
0.572242
0.578688
0.582019
0.583104
0.582478
0.580597
0.577742
0.574166
0.570057
0.56556
0.560821
0.555942
0.551012
0.546106
0.541293
0.536628
0.532137
0.527851
0.523797
0.52
0.516484
0.513249
0.510314
0.507696
0.505391
0.503431
0.5018
0.500516
0.499571
0.49896
0.498692
0.49878
0.499402
0.500574
0.509037
0.520723
0.544427
0.5625
0.574178
0.580943
0.584155
0.584965
0.584045
0.581894
0.578816
0.575056
0.570792
0.566164
0.561311
0.556332
0.551315
0.546334
0.541457
0.536739
0.532204
0.527882
0.523795
0.519964
0.516415
0.513149
0.510185
0.507541
0.505216
0.503238
0.501594
0.500297
0.499345
0.498735
0.498484
0.498616
0.499313
0.500538
0.49827
0.512485
0.542984
0.564217
0.577037
0.584
0.586942
0.587333
0.585993
0.583467
0.580082
0.57607
0.571598
0.566797
0.561799
0.556697
0.551572
0.546502
0.54155
0.53677
0.532184
0.527819
0.523693
0.519825
0.516239
0.512939
0.509945
0.507276
0.504932
0.502939
0.501287
0.499985
0.499036
0.498438
0.498215
0.498401
0.499171
0.500438
0.486504
0.503878
0.542378
0.567117
0.580929
0.587905
0.590402
0.590215
0.588322
0.585316
0.581536
0.577202
0.572468
0.567454
0.56228
0.557031
0.551782
0.546609
0.541572
0.536722
0.532078
0.527663
0.523492
0.519581
0.515955
0.512621
0.509596
0.506904
0.504543
0.502538
0.500883
0.499582
0.498643
0.498069
0.497884
0.498129
0.49897
0.500271
0.474414
0.496823
0.543181
0.571382
0.585918
0.592673
0.594535
0.593607
0.591028
0.587431
0.58317
0.578445
0.573395
0.568127
0.562746
0.557327
0.551939
0.546651
0.54152
0.536592
0.531882
0.527411
0.52319
0.519233
0.515564
0.512194
0.509139
0.506424
0.504049
0.502035
0.50038
0.499087
0.498167
0.497624
0.497485
0.497794
0.498705
0.500034
0.461898
0.494402
0.54606
0.57694
0.59195
0.598276
0.599327
0.5975
0.594101
0.589807
0.584977
0.579792
0.574372
0.568809
0.56319
0.557581
0.552038
0.546624
0.541389
0.536374
0.531592
0.527058
0.522782
0.518775
0.515062
0.511656
0.508572
0.505835
0.503447
0.501427
0.499776
0.498498
0.497603
0.4971
0.497013
0.49739
0.498369
0.499724
0.454311
0.495315
0.549936
0.583123
0.59874
0.604578
0.604701
0.601848
0.597512
0.592422
0.586942
0.581232
0.575392
0.569496
0.563611
0.55779
0.552078
0.546528
0.541181
0.536071
0.53121
0.526606
0.52227
0.518211
0.514452
0.511009
0.507897
0.505139
0.50274
0.500717
0.499074
0.497815
0.496952
0.496494
0.496465
0.496911
0.497959
0.499339
0.423279
0.48845
0.551669
0.589132
0.605909
0.611307
0.610451
0.606491
0.601136
0.595184
0.588995
0.582718
0.576429
0.570178
0.564013
0.557969
0.552082
0.54639
0.540927
0.535719
0.530774
0.526097
0.521698
0.517586
0.513781
0.510301
0.507161
0.50438
0.501969
0.499941
0.498305
0.497064
0.496231
0.495816
0.495841
0.496357
0.497471
0.498875
1976.06
1981.34
1982.43
1979.86
1974.04
1965.27
1953.72
1939.48
1922.57
1902.98
1880.64
1855.48
1827.4
1796.27
1761.95
1724.27
1683.03
1638.03
1589.06
1535.9
1478.37
1416.3
1349.63
1278.36
1202.66
1122.86
1039.53
953.562
866.284
779.176
690.347
540.816
156.564
6.22107
2.18565
1.64203
1.62913
1.66059
1.69705
1.73504
1.76561
1.77883
1.75753
1.66055
1.43142
0.619061
1973.55
1978.73
1979.99
1977.61
1971.99
1963.41
1952.05
1937.98
1921.21
1901.73
1879.47
1854.36
1826.31
1795.19
1760.86
1723.17
1681.92
1636.95
1588.04
1535.01
1477.69
1415.95
1349.73
1279.06
1204.11
1125.2
1042.9
958.125
872.144
784.566
689.542
345.56
22.7111
2.82735
1.56808
1.45664
1.49433
1.53506
1.57326
1.60383
1.6204
1.61516
1.57201
1.45421
1.22985
0.81923
1971.32
1976.31
1977.59
1975.37
1969.97
1961.65
1950.55
1936.74
1920.23
1901
1878.98
1854.09
1826.25
1795.33
1761.2
1723.7
1682.67
1637.94
1589.32
1536.64
1479.74
1418.52
1352.92
1282.99
1208.87
1130.89
1049.64
966.059
880.633
789.554
587.928
112.79
4.32094
1.62923
1.29819
1.31787
1.36732
1.41335
1.45272
1.48008
1.49213
1.4845
1.44861
1.36868
1.23678
1.0849
1969.43
1974.15
1975.38
1973.29
1968.12
1960.08
1949.3
1935.84
1919.69
1900.82
1879.16
1854.65
1827.17
1796.62
1762.87
1725.77
1685.16
1640.87
1592.75
1540.61
1484.33
1423.8
1358.97
1289.9
1216.72
1139.76
1059.66
977.203
890.854
794.834
337.747
12.0373
2.09859
1.21596
1.16044
1.20553
1.25563
1.30381
1.34308
1.36961
1.3821
1.37867
1.35584
1.30815
1.22923
1.1356
1967.97
1972.36
1973.51
1971.54
1966.59
1958.85
1948.43
1935.37
1919.65
1901.24
1880.06
1856.03
1829.06
1799.04
1765.83
1729.29
1689.27
1645.62
1598.17
1546.76
1491.28
1431.61
1367.72
1299.64
1227.52
1151.73
1072.94
991.17
901.704
666.387
105.579
3.4766
1.28975
1.03836
1.0611
1.10654
1.15679
1.20496
1.2438
1.27081
1.28535
1.28653
1.27255
1.24068
1.18691
1.11688
1967.05
1971.07
1972.15
1970.28
1965.55
1958.13
1948.1
1935.49
1920.26
1902.38
1881.77
1858.34
1831.99
1802.61
1770.08
1734.26
1694.99
1652.14
1605.53
1555.03
1500.5
1441.86
1379.06
1312.14
1241.25
1166.82
1089.43
1007.28
914.192
397.283
11.6035
1.73134
0.968572
0.938368
0.974433
1.018
1.06766
1.11464
1.15311
1.18117
1.19828
1.204
1.19737
1.17712
1.14211
1.09527
1966.77
1970.44
1971.44
1969.68
1965.17
1958.08
1948.47
1936.33
1921.65
1904.36
1884.39
1861.65
1836.02
1807.41
1775.68
1740.7
1702.33
1660.41
1614.8
1565.36
1511.96
1454.51
1392.98
1327.38
1257.92
1185.12
1108.98
1024.83
810.127
139.933
3.33636
1.07531
0.836888
0.859416
0.894111
0.937309
0.985734
1.03122
1.06942
1.09867
1.11849
1.12866
1.1288
1.11828
1.09673
1.06515
1967.25
1970.57
1971.51
1969.86
1965.59
1958.84
1949.66
1938.04
1923.95
1907.31
1888.04
1866.05
1841.24
1813.48
1782.66
1748.64
1711.29
1670.45
1625.98
1577.74
1525.62
1469.53
1409.42
1345.34
1277.55
1206.57
1131.19
1044.58
552.132
22.1798
1.59429
0.782988
0.753539
0.784378
0.818451
0.862145
0.909186
0.953293
0.99126
1.02161
1.04385
1.05787
1.06343
1.06001
1.04719
1.02499
1968.6
1971.58
1972.47
1970.94
1966.91
1960.52
1951.8
1940.73
1927.25
1911.3
1892.79
1871.63
1847.7
1820.89
1791.07
1758.13
1721.91
1682.27
1639.08
1592.18
1541.48
1486.89
1428.37
1365.99
1300.11
1231
1155.23
1023
251.295
3.83392
0.948779
0.657468
0.682995
0.712075
0.747337
0.791163
0.836813
0.879743
0.917475
0.948691
0.972909
0.98998
0.999628
1.00134
0.994645
0.979244
1970.89
1973.56
1974.42
1973.01
1969.24
1963.22
1954.97
1944.47
1931.65
1916.43
1898.73
1878.45
1855.47
1829.68
1800.96
1769.17
1734.19
1695.88
1654.07
1608.66
1559.51
1506.57
1449.78
1389.3
1325.57
1258.22
1181.09
810.106
70.7775
1.72143
0.633717
0.582753
0.613574
0.642023
0.679543
0.723289
0.767742
0.809718
0.847223
0.879098
0.904856
0.924276
0.937023
0.942576
0.940473
0.930262
1974.21
1976.58
1977.43
1976.14
1972.64
1967.01
1959.26
1949.35
1937.21
1922.76
1905.91
1886.56
1864.59
1839.89
1812.34
1781.81
1748.16
1711.26
1670.97
1627.14
1579.69
1528.53
1473.64
1415.25
1353.78
1287.6
1209.42
510.757
7.93577
0.897424
0.49748
0.519653
0.546582
0.575808
0.614705
0.657987
0.701445
0.742665
0.779973
0.812343
0.839276
0.860474
0.87556
0.884024
0.88543
0.879278
1978.6
1980.69
1981.54
1980.4
1977.17
1971.94
1964.71
1955.41
1943.98
1930.34
1914.38
1896.01
1875.11
1851.56
1825.25
1796.05
1763.82
1728.43
1689.74
1647.63
1601.99
1552.76
1499.94
1443.85
1384.66
1318.72
1155
230.208
2.5675
0.566665
0.426257
0.456877
0.480836
0.512162
0.551939
0.594787
0.637537
0.678222
0.715396
0.748145
0.775966
0.798505
0.81537
0.826084
0.830255
0.82741
1984.11
1985.93
1986.79
1985.8
1982.86
1978.05
1971.35
1962.69
1952
1939.2
1924.17
1906.82
1887.04
1864.71
1839.71
1811.91
1781.18
1747.39
1710.41
1670.11
1626.41
1579.23
1528.66
1475.08
1418.2
1352.14
933.175
71.0277
1.1116
0.363586
0.36028
0.389121
0.415007
0.449835
0.490674
0.53341
0.575784
0.616158
0.653282
0.686344
0.714847
0.738421
0.756682
0.769206
0.775653
0.775611
1990.75
1992.33
1993.2
1992.36
1989.73
1985.36
1979.21
1971.22
1961.3
1949.36
1935.31
1919.02
1900.4
1879.34
1855.71
1829.38
1800.23
1768.13
1732.95
1694.58
1652.92
1607.92
1559.73
1508.74
1453.8
1387.88
633.195
8.77796
0.499524
0.257791
0.297571
0.324142
0.352522
0.389669
0.431174
0.473919
0.516118
0.55634
0.593486
0.626829
0.655894
0.680312
0.69973
0.713785
0.722186
0.724599
1998.53
1999.86
2000.76
2000.09
1997.78
1993.87
1988.3
1981
1971.87
1960.84
1947.78
1932.61
1915.2
1895.45
1873.24
1848.45
1820.96
1790.63
1757.35
1721
1681.5
1638.81
1593.13
1544.72
1491.07
1389.88
333.349
2.12322
0.283897
0.202017
0.238665
0.262489
0.29296
0.331496
0.373466
0.416327
0.458498
0.498689
0.535925
0.569553
0.599122
0.624286
0.64473
0.660148
0.670288
0.674891
2007.42
2008.52
2009.46
2008.96
2006.99
2003.57
1998.6
1992.02
1983.73
1973.62
1961.6
1947.57
1931.41
1913.02
1892.29
1869.1
1843.33
1814.86
1783.57
1749.34
1712.1
1671.85
1628.85
1583.12
1530.42
1210.36
139.412
1.01303
0.156636
0.146344
0.174992
0.200469
0.23449
0.274712
0.3174
0.360591
0.402899
0.443181
0.480588
0.514534
0.544601
0.57047
0.591869
0.608539
0.620258
0.62683
2017.41
2018.27
2019.24
2018.94
2017.35
2014.44
2010.12
2004.29
1996.85
1987.7
1976.75
1963.89
1949.02
1932.03
1912.83
1891.29
1867.31
1840.77
1811.55
1779.54
1744.67
1706.97
1666.78
1623.73
1572.26
957.249
36.0783
0.219444
0.0329755
0.0790459
0.108997
0.139583
0.177501
0.219498
0.263063
0.306743
0.349331
0.389828
0.427498
0.461817
0.492403
0.51897
0.541283
0.559119
0.572283
0.580632
2028.42
2029.03
2030.07
2029.99
2028.81
2026.46
2022.82
2017.78
2011.23
2003.07
1993.22
1981.56
1968
1952.46
1934.83
1915
1892.87
1868.33
1841.25
1811.53
1779.11
1744.07
1706.71
1666.01
1616.07
644.74
2.83657
-0.0167291
-0.0333547
0.0214627
0.0506688
0.0833696
0.123126
0.166245
0.210588
0.254819
0.297802
0.338636
0.37667
0.41143
0.442572
0.469842
0.493039
0.511971
0.526463
0.536421
2040.4
2040.73
2041.86
2042.03
2041.32
2039.58
2036.67
2032.46
2026.84
2019.71
2010.96
2000.53
1988.32
1974.25
1958.23
1940.16
1919.94
1897.46
1872.6
1845.27
1815.4
1783.11
1748.58
1709.85
1615.77
364.215
1.06801
-0.0533591
-0.0621151
-0.0290376
-0.00380373
0.0297978
0.0706461
0.114727
0.15991
0.204814
0.248332
0.289632
0.328126
0.363392
0.395124
0.423103
0.447157
0.467125
0.482845
0.49427
2053.25
2053.21
2054.5
2055
2054.83
2053.78
2051.65
2048.32
2043.66
2037.57
2029.97
2020.78
2009.94
1997.37
1982.99
1966.72
1948.45
1928.09
1905.53
1880.68
1853.48
1824.09
1792.52
1755.76
1448.24
176.617
0.468567
-0.113648
-0.113324
-0.0885418
-0.0607649
-0.0237901
0.0191398
0.064681
0.110996
0.156774
0.200982
0.242869
0.28191
0.317734
0.350079
0.378761
0.403639
0.424582
0.441439
0.454204
2066.85
2066.27
2067.85
2068.79
2069.28
2069
2067.73
2065.32
2061.65
2056.63
2050.19
2042.26
2032.8
2021.75
2009.03
1994.58
1978.31
1960.13
1939.95
1917.67
1893.25
1866.89
1838.43
1803.98
1221.48
59.9449
-0.130754
-0.221939
-0.18265
-0.153125
-0.118475
-0.0767227
-0.0310421
0.0163309
0.0640092
0.110826
0.155851
0.19842
0.238073
0.274489
0.307454
0.336824
0.362485
0.384335
0.402232
0.416202
2080.94
2079.68
2081.65
2083.24
2084.57
2085.21
2084.89
2083.46
2080.81
2076.87
2071.59
2064.93
2056.85
2047.31
2036.26
2023.65
2009.41
1993.47
1975.72
1956.09
1934.55
1911.31
1885.94
1854.04
927.991
9.07274
-0.401085
-0.310398
-0.24663
-0.211014
-0.171944
-0.127055
-0.0790681
-0.0299205
0.0191886
0.0671352
0.113063
0.156376
0.196674
0.233692
0.267268
0.297293
0.323685
0.346365
0.3652
0.380241
2094.64
2093.3
2095.81
2098.28
2100.63
2102.33
2103.08
2102.7
2101.11
2098.26
2094.14
2088.72
2082.01
2073.97
2064.59
2053.82
2041.64
2027.96
2012.72
1995.81
1977.24
1957.15
1934.73
1905.66
623.774
0.411678
-0.411505
-0.342847
-0.293478
-0.260752
-0.221112
-0.174654
-0.124876
-0.073944
-0.0233293
0.0258294
0.0727264
0.116824
0.157778
0.195386
0.229538
0.260166
0.287218
0.31064
0.330305
0.346286
2106.76
2106.79
2110.06
2113.92
2117.5
2120.39
2122.27
2122.99
2122.49
2120.74
2117.77
2113.58
2108.19
2101.63
2093.89
2084.96
2074.83
2063.45
2050.76
2036.67
2021.19
2004.37
1984.92
1890.77
377.932
0.127802
-0.384395
-0.367355
-0.340924
-0.311012
-0.269758
-0.220962
-0.168812
-0.115778
-0.0634665
-0.0129868
0.0349301
0.0798237
0.121424
0.159594
0.194275
0.225436
0.253061
0.277122
0.297502
0.314295
2116.32
2118.83
2123.56
2129.81
2135.2
2139.51
2142.58
2144.39
2144.95
2144.27
2142.4
2139.39
2135.3
2130.16
2124.01
2116.89
2108.79
2099.71
2089.6
2078.41
2066.16
2052.9
2036.82
1730.23
199.006
-0.124619
-0.426756
-0.424796
-0.401836
-0.366442
-0.319608
-0.266466
-0.210926
-0.155298
-0.101056
-0.0491607
-0.000210632
0.0454479
0.0876439
0.126318
0.161462
0.193078
0.221181
0.245776
0.266759
0.28424
2089.57
2126.28
2135.73
2145.37
2153.17
2159.3
2163.79
2166.77
2168.38
2168.72
2167.9
2166
2163.11
2159.3
2154.66
2149.24
2143.08
2136.23
2128.67
2120.41
2111.53
2102.22
2090.25
1485.4
76.0198
-0.544301
-0.537796
-0.505374
-0.471174
-0.424231
-0.368945
-0.310082
-0.25051
-0.192012
-0.135752
-0.0824547
-0.0325362
0.0137991
0.0564937
0.0955705
0.131075
0.163048
0.191532
0.216558
0.238033
0.256087
1046.37
1613.53
2035.76
2158.12
2170.79
2179.21
2185.05
2189.23
2191.93
2193.3
2193.49
2192.64
2190.86
2188.28
2185.01
2181.16
2176.85
2172.16
2167.17
2161.92
2156.64
2151.65
2144.36
1135.52
14.9313
-0.829304
-0.642363
-0.582001
-0.534812
-0.477214
-0.414148
-0.349847
-0.286418
-0.225216
-0.167109
-0.112582
-0.0618648
-0.0150109
0.0280351
0.0673746
0.103106
0.135308
0.164059
0.189412
0.211276
0.229785
2.04856
233.583
769.62
1499.73
1981.4
2170.26
2205.1
2211.25
2215.25
2217.61
2218.73
2218.84
2218.08
2216.66
2214.69
2212.36
2209.82
2207.17
2204.56
2201.99
2199.82
2199.26
2197.66
760.72
-0.265866
-0.817712
-0.691339
-0.637434
-0.584818
-0.521139
-0.45277
-0.384238
-0.317666
-0.25427
-0.194711
-0.139279
-0.0880316
-0.0408861
0.00231548
0.0417439
0.0775445
0.109834
0.138721
0.164278
0.186416
0.205286
-0.808619
-0.525447
-0.78618
148.578
552.915
1107.33
1554.25
1847.21
2016.45
2108.11
2155.43
2177.1
2180.48
2173.39
2151.69
2116.74
2067.17
1997.55
1914.49
1818.07
1713.69
1688.95
1950.98
399.552
-0.556829
-0.780686
-0.739259
-0.691618
-0.629891
-0.558656
-0.485068
-0.412834
-0.343753
-0.278759
-0.218261
-0.162347
-0.110916
-0.0637608
-0.0206387
0.0186772
0.054372
0.086594
0.115476
0.141109
0.163399
0.18251
-0.80168
-0.79897
-0.819318
-0.863972
-1.06611
1.88114
131.903
314.405
503.144
666.128
787.682
856.94
871.118
842.914
777.077
684.654
577.915
469.952
367.762
280.289
203.674
184.437
396.522
93.5918
-1.22664
-0.901159
-0.818272
-0.752949
-0.673092
-0.590614
-0.510863
-0.435224
-0.364294
-0.29839
-0.237559
-0.181663
-0.130447
-0.0836041
-0.0408254
-0.00184278
0.0335584
0.06555
0.0942827
0.119855
0.142172
0.161405
-0.798393
-0.783058
-0.810562
-0.840909
-0.874548
-0.888089
-0.963092
-1.12881
-1.19893
-1.22461
-1.24007
-1.25241
-1.26492
-1.28103
-1.29731
-1.31492
-1.33306
-1.35112
-1.36835
-1.39045
-1.41353
-1.48012
-1.58022
-1.39731
-1.28306
-1.04827
-0.904199
-0.799287
-0.702435
-0.611796
-0.527927
-0.450382
-0.378794
-0.312916
-0.252483
-0.19717
-0.14661
-0.100427
-0.0582727
-0.019855
0.0150591
0.0466545
0.0750906
0.100469
0.122689
0.14193
-0.791134
-0.781543
-0.798541
-0.822864
-0.850464
-0.871896
-0.892984
-0.934485
-0.966345
-0.989016
-1.00852
-1.02792
-1.04895
-1.07252
-1.09902
-1.12877
-1.16168
-1.19771
-1.23736
-1.281
-1.32811
-1.3819
-1.42685
-1.40342
-1.24614
-1.05929
-0.920992
-0.809787
-0.71
-0.618498
-0.534627
-0.457661
-0.387024
-0.322287
-0.263053
-0.208916
-0.159464
-0.114294
-0.0730482
-0.0354261
-0.00119075
0.0298448
0.0578391
0.0828919
0.104897
0.124036
-0.782424
-0.779688
-0.788287
-0.805286
-0.829069
-0.854542
-0.881795
-0.914277
-0.94401
-0.968864
-0.990492
-1.01081
-1.03137
-1.05308
-1.07639
-1.10134
-1.12796
-1.15621
-1.18605
-1.21675
-1.24639
-1.2718
-1.2821
-1.24949
-1.14147
-1.01094
-0.896333
-0.794147
-0.699825
-0.61245
-0.531826
-0.457587
-0.389359
-0.326782
-0.269485
-0.217078
-0.169158
-0.125336
-0.0852654
-0.0486563
-0.0152807
0.0150385
0.0424513
0.0670517
0.0887275
0.107666
-0.771145
-0.77419
-0.779159
-0.790527
-0.808154
-0.829945
-0.855269
-0.883353
-0.910294
-0.934349
-0.955935
-0.976017
-0.995539
-1.01524
-1.03541
-1.05613
-1.07739
-1.09908
-1.12094
-1.14173
-1.15866
-1.16771
-1.16051
-1.12254
-1.04575
-0.95037
-0.855737
-0.764919
-0.678556
-0.597342
-0.521626
-0.451425
-0.386604
-0.326947
-0.272173
-0.221953
-0.175928
-0.133745
-0.0950841
-0.0596808
-0.0273288
0.00213012
0.0288323
0.0528639
0.0741078
0.0927524
-0.757286
-0.762912
-0.767642
-0.776387
-0.789763
-0.806998
-0.827375
-0.849849
-0.872235
-0.893285
-0.912809
-0.931203
-0.948996
-0.966537
-0.983949
-1.00126
-1.01842
-1.03524
-1.05119
-1.06493
-1.07372
-1.07372
-1.05935
-1.02328
-0.963376
-0.888306
-0.808569
-0.728508
-0.650517
-0.576098
-0.505997
-0.440504
-0.37968
-0.323443
-0.27161
-0.223921
-0.180075
-0.139762
-0.102703
-0.0686664
-0.037479
-0.00900662
0.0168714
0.0402332
0.0609568
0.0792291
-0.739576
-0.745657
-0.751516
-0.759654
-0.770816
-0.784887
-0.801384
-0.819428
-0.837759
-0.855472
-0.872319
-0.888442
-0.904034
-0.919153
-0.933769
-0.947865
-0.961351
-0.973932
-0.984898
-0.992842
-0.995463
-0.989705
-0.971933
-0.938506
-0.88852
-0.826447
-0.758312
-0.688
-0.618205
-0.550699
-0.486461
-0.425981
-0.369466
-0.316947
-0.268325
-0.223404
-0.181935
-0.14366
-0.108345
-0.0758025
-0.0458941
-0.0185122
0.00644833
0.0290578
0.0491896
0.0670252
-0.717338
-0.723861
-0.730896
-0.739205
-0.749319
-0.761421
-0.775203
-0.790017
-0.805045
-0.819741
-0.83395
-0.84768
-0.860868
-0.873395
-0.88518
-0.896199
-0.90631
-0.915096
-0.92176
-0.924974
-0.922875
-0.91324
-0.893736
-0.862434
-0.819037
-0.766068
-0.70721
-0.645524
-0.583422
-0.522638
-0.464245
-0.408851
-0.35677
-0.308116
-0.26285
-0.22083
-0.181857
-0.145724
-0.112249
-0.0812906
-0.0527467
-0.026534
-0.00256139
0.0192335
0.0387183
0.0560665
-0.691686
-0.698738
-0.706696
-0.71534
-0.724933
-0.735735
-0.747534
-0.759865
-0.772248
-0.784416
-0.796259
-0.807656
-0.818385
-0.828281
-0.837292
-0.845394
-0.852401
-0.857818
-0.86082
-0.860246
-0.854644
-0.842444
-0.822171
-0.792775
-0.754257
-0.708165
-0.656879
-0.602689
-0.54759
-0.493135
-0.440381
-0.389988
-0.342328
-0.297561
-0.255688
-0.21661
-0.180177
-0.146235
-0.114653
-0.0853355
-0.0582119
-0.0332207
-0.0102835
0.0106533
0.029451
0.0462726
-0.66384
-0.671285
-0.679923
-0.688893
-0.698182
-0.708026
-0.718286
-0.728678
-0.738987
-0.749083
-0.75883
-0.768
-0.776342
-0.783726
-0.790157
-0.795601
-0.799813
-0.802265
-0.802172
-0.798572
-0.790394
-0.776564
-0.756153
-0.728593
-0.693998
-0.653391
-0.608372
-0.560647
-0.511804
-0.463178
-0.415745
-0.370156
-0.326793
-0.285832
-0.247298
-0.211127
-0.177217
-0.145465
-0.115791
-0.0881372
-0.0624608
-0.0387183
-0.0168433
0.00320803
0.0212902
0.0375548
-0.634593
-0.642332
-0.651425
-0.660638
-0.669684
-0.678759
-0.687814
-0.696735
-0.70544
-0.713815
-0.721671
-0.728757
-0.734901
-0.740045
-0.744207
-0.747308
-0.749051
-0.748917
-0.746224
-0.740226
-0.730181
-0.715384
-0.695255
-0.669481
-0.638201
-0.602119
-0.562358
-0.520195
-0.476888
-0.433556
-0.391062
-0.35
-0.310725
-0.273404
-0.238079
-0.204719
-0.173267
-0.143668
-0.115883
-0.0898853
-0.0656567
-0.0431681
-0.0223651
-0.00321452
0.014132
0.0298158
-0.60464
-0.612557
-0.621931
-0.631257
-0.64004
-0.648474
-0.656604
-0.66442
-0.671851
-0.678739
-0.684881
-0.690099
-0.69433
-0.697578
-0.699824
-0.700905
-0.700494
-0.698136
-0.6933
-0.685459
-0.674131
-0.658867
-0.6393
-0.615247
-0.586831
-0.554559
-0.519249
-0.481878
-0.44345
-0.404886
-0.366914
-0.330043
-0.294577
-0.260669
-0.228371
-0.197684
-0.168589
-0.141073
-0.115128
-0.0907547
-0.0679522
-0.0467054
-0.0269718
-0.00872837
0.00786908
0.0229536
-0.574615
-0.582588
-0.59211
-0.601416
-0.609912
-0.617821
-0.625248
-0.632192
-0.638531
-0.64409
-0.648717
-0.652356
-0.655008
-0.656692
-0.657321
-0.65666
-0.654392
-0.65017
-0.643637
-0.634462
-0.622345
-0.606995
-0.588165
-0.565736
-0.539815
-0.510786
-0.479279
-0.446057
-0.411925
-0.377621
-0.343736
-0.31068
-0.278703
-0.247941
-0.218455
-0.190274
-0.163411
-0.137882
-0.113705
-0.0909027
-0.069488
-0.0494589
-0.0307833
-0.0134469
0.00239385
0.0168665
-0.545015
-0.552963
-0.562503
-0.571685
-0.579896
-0.587382
-0.594251
-0.600436
-0.605783
-0.610156
-0.613515
-0.615886
-0.617281
-0.617669
-0.616905
-0.614738
-0.610909
-0.605198
-0.597409
-0.587356
-0.574847
-0.559679
-0.541673
-0.520751
-0.497016
-0.470784
-0.442558
-0.412949
-0.382593
-0.352065
-0.321823
-0.292188
-0.26336
-0.23546
-0.208557
-0.182699
-0.157921
-0.134264
-0.111768
-0.0904682
-0.0703927
-0.0515493
-0.0339145
-0.017479
-0.00239598
0.0114588
-0.51618
-0.524055
-0.533484
-0.542467
-0.550401
-0.55752
-0.56388
-0.569354
-0.573805
-0.577186
-0.579557
-0.580959
-0.581361
-0.580661
-0.57869
-0.575245
-0.570163
-0.563341
-0.554701
-0.544145
-0.531539
-0.516727
-0.499576
-0.480048
-0.458251
-0.434462
-0.409096
-0.382641
-0.355589
-0.328376
-0.301346
-0.274743
-0.248727
-0.223404
-0.198849
-0.175119
-0.15227
-0.13036
-0.109444
-0.0895723
-0.0707819
-0.0530881
-0.0364719
-0.0209247
-0.00659278
0.00664597
-0.488391
-0.496128
-0.505347
-0.514077
-0.521712
-0.528455
-0.534294
-0.539106
-0.542808
-0.545441
-0.547092
-0.547765
-0.547359
-0.545725
-0.54272
-0.538231
-0.532199
-0.524616
-0.515471
-0.504706
-0.492214
-0.477871
-0.461586
-0.443355
-0.423299
-0.401668
-0.378806
-0.355101
-0.330925
-0.306599
-0.282376
-0.258439
-0.234914
-0.211892
-0.189448
-0.167651
-0.146569
-0.126276
-0.10684
-0.0883198
-0.0707592
-0.0541758
-0.0385503
-0.0238712
-0.0102756
0.00235672
-0.461854
-0.469375
-0.478339
-0.486781
-0.494085
-0.500404
-0.505716
-0.509949
-0.513086
-0.515195
-0.516316
-0.516393
-0.515276
-0.512821
-0.508954
-0.503663
-0.49698
-0.48895
-0.479587
-0.468841
-0.456619
-0.442823
-0.4274
-0.410381
-0.391898
-0.372179
-0.351512
-0.330201
-0.308519
-0.286697
-0.264916
-0.243308
-0.221972
-0.200987
-0.180427
-0.160369
-0.140898
-0.122097
-0.104044
-0.0868018
-0.0704156
-0.0548999
-0.0402309
-0.0263914
-0.0135089
-0.00146608
-0.436657
-0.443924
-0.452608
-0.460734
-0.467676
-0.473549
-0.478373
-0.48214
-0.484872
-0.486589
-0.487259
-0.486778
-0.485002
-0.481844
-0.477314
-0.471484
-0.464439
-0.45624
-0.446888
-0.436329
-0.424479
-0.41127
-0.396687
-0.380793
-0.363733
-0.345716
-0.326978
-0.307751
-0.288232
-0.268578
-0.248913
-0.229329
-0.209902
-0.190703
-0.171812
-0.153317
-0.135312
-0.117889
-0.10113
-0.0850966
-0.0698286
-0.0553333
-0.0415791
-0.0285427
-0.016343
-0.00486728
-0.41281
-0.419821
-0.428187
-0.435963
-0.442524
-0.447982
-0.452397
-0.455804
-0.458214
-0.45958
-0.459808
-0.458785
-0.456427
-0.452731
-0.447774
-0.441674
-0.434527
-0.426372
-0.417187
-0.406912
-0.395482
-0.382862
-0.36908
-0.354231
-0.338467
-0.321975
-0.304944
-0.28754
-0.269897
-0.252115
-0.234272
-0.216432
-0.198657
-0.18102
-0.163607
-0.146517
-0.129852
-0.113708
-0.0981616
-0.08327
-0.0690617
-0.0555333
-0.042645
-0.0303686
-0.0188164
-0.00788236
-0.390338
-0.397085
-0.405075
-0.412459
-0.418643
-0.423747
-0.427838
-0.430951
-0.433059
-0.434062
-0.43385
-0.432345
-0.429542
-0.42551
-0.420365
-0.414225
-0.407159
-0.399172
-0.390227
-0.380269
-0.369263
-0.35722
-0.344206
-0.330341
-0.315777
-0.300668
-0.285154
-0.269347
-0.253326
-0.23715
-0.220864
-0.204516
-0.188166
-0.171894
-0.155797
-0.139981
-0.124552
-0.109599
-0.0951919
-0.0813748
-0.0681633
-0.0555423
-0.0434653
-0.0319017
-0.0209596
-0.0105405
-0.369247
-0.375694
-0.383277
-0.390256
-0.396092
-0.400895
-0.404716
-0.407549
-0.409335
-0.409964
-0.409347
-0.40747
-0.404393
-0.400223
-0.395077
-0.389041
-0.382145
-0.374371
-0.365677
-0.356037
-0.345455
-0.333986
-0.321729
-0.308814
-0.295374
-0.281526
-0.267361
-0.252942
-0.238311
-0.223498
-0.208533
-0.19346
-0.178346
-0.163281
-0.148371
-0.133725
-0.119442
-0.105602
-0.0922622
-0.07945
-0.0671675
-0.0553898
-0.0440661
-0.0331668
-0.0227973
-0.0128669
-0.349467
-0.355587
-0.362769
-0.369369
-0.374891
-0.379419
-0.38297
-0.385503
-0.386946
-0.387217
-0.386277
-0.384164
-0.380973
-0.376814
-0.371777
-0.365906
-0.359201
-0.351637
-0.343194
-0.333879
-0.323742
-0.312871
-0.30138
-0.289389
-0.277001
-0.264293
-0.251313
-0.238087
-0.224633
-0.210968
-0.197124
-0.18315
-0.169125
-0.155147
-0.141325
-0.127762
-0.114549
-0.101749
-0.0894015
-0.0775208
-0.0660959
-0.055095
-0.0444667
-0.0341842
-0.0243515
-0.014885
-0.330865
-0.33666
-0.343468
-0.349721
-0.354936
-0.359176
-0.362428
-0.364639
-0.365753
-0.365727
-0.364572
-0.362358
-0.359178
-0.355121
-0.35024
-0.344545
-0.338025
-0.330672
-0.322494
-0.31354
-0.303891
-0.293653
-0.282935
-0.271831
-0.26041
-0.248711
-0.236752
-0.224537
-0.212073
-0.199381
-0.186502
-0.173497
-0.160453
-0.147472
-0.13466
-0.122109
-0.109891
-0.098056
-0.086626
-0.0756008
-0.0649608
-0.0546712
-0.0446826
-0.0349724
-0.025643
-0.0166167
-0.313323
-0.31881
-0.325253
-0.331153
-0.336037
-0.339954
-0.342886
-0.344791
-0.345633
-0.345409
-0.34416
-0.341955
-0.338869
-0.334957
-0.33024
-0.324716
-0.318383
-0.311257
-0.303384
-0.29484
-0.285724
-0.27614
-0.266177
-0.255899
-0.245342
-0.234519
-0.223428
-0.212066
-0.200444
-0.188592
-0.176565
-0.164438
-0.1523
-0.140249
-0.128381
-0.116772
-0.105478
-0.0945317
-0.0839409
-0.0736949
-0.0637694
-0.054129
-0.0447284
-0.0355494
-0.0266919
-0.0180826
-0.296772
-0.301958
-0.308015
-0.313526
-0.318044
-0.32162
-0.324248
-0.325902
-0.326563
-0.32625
-0.325004
-0.32288
-0.319925
-0.316163
-0.311601
-0.306243
-0.300109
-0.293244
-0.285719
-0.277628
-0.269072
-0.260135
-0.250882
-0.241347
-0.231545
-0.22147
-0.211117
-0.200486
-0.189598
-0.178498
-0.167251
-0.155939
-0.14465
-0.133472
-0.122485
-0.11175
-0.101307
-0.0911724
-0.0813438
-0.0718041
-0.062527
-0.053479
-0.0446191
-0.0359328
-0.0275168
-0.0193012
-0.281166
-0.286045
-0.291685
-0.296777
-0.300919
-0.304175
-0.306554
-0.308032
-0.308602
-0.308277
-0.307087
-0.305066
-0.302234
-0.298602
-0.294179
-0.288989
-0.283074
-0.276502
-0.269362
-0.26175
-0.253751
-0.245428
-0.23682
-0.227942
-0.218792
-0.209362
-0.199649
-0.189664
-0.17944
-0.169034
-0.158519
-0.147977
-0.137489
-0.127129
-0.116962
-0.107032
-0.0973662
-0.0879686
-0.0788295
-0.0699286
-0.0612398
-0.0527326
-0.0443695
-0.036139
-0.028134
-0.0202873
-0.266445
-0.271001
-0.276217
-0.280897
-0.284697
-0.287691
-0.289885
-0.291254
-0.291783
-0.291474
-0.290341
-0.288399
-0.285657
-0.282127
-0.277834
-0.27282
-0.267148
-0.260902
-0.254171
-0.247042
-0.239578
-0.231821
-0.22379
-0.215488
-0.206907
-0.198044
-0.188904
-0.17951
-0.169908
-0.160161
-0.150342
-0.140531
-0.130796
-0.1212
-0.11179
-0.102599
-0.0936393
-0.0849088
-0.0763928
-0.0680699
-0.0599152
-0.0519008
-0.0439925
-0.0361812
-0.0285558
-0.0210516
-0.252525
-0.256752
-0.261566
-0.265881
-0.269402
-0.272196
-0.274254
-0.275542
-0.276034
-0.275724
-0.274614
-0.272711
-0.270028
-0.266587
-0.262429
-0.257613
-0.252216
-0.246322
-0.240013
-0.233356
-0.226394
-0.219151
-0.211635
-0.203843
-0.195769
-0.187418
-0.178806
-0.169969
-0.16096
-0.151844
-0.142691
-0.133571
-0.124543
-0.115656
-0.106944
-0.0984273
-0.0901098
-0.0819832
-0.0740306
-0.0662306
-0.05856
-0.0509928
-0.0434979
-0.0360688
-0.0287908
-0.0216019
-0.23933
-0.243244
-0.247697
-0.251708
-0.255006
-0.257634
-0.259568
-0.260765
-0.261195
-0.260848
-0.259726
-0.257838
-0.255205
-0.251864
-0.247868
-0.243287
-0.238197
-0.232676
-0.226789
-0.220581
-0.214082
-0.207303
-0.200247
-0.192909
-0.185294
-0.177415
-0.169302
-0.160998
-0.152558
-0.144048
-0.13553
-0.127063
-0.118697
-0.110468
-0.102398
-0.0944973
-0.0867633
-0.0791837
-0.0717403
-0.0644124
-0.057178
-0.0500135
-0.042891
-0.0358072
-0.0288448
-0.0219447
-0.226827
-0.230457
-0.234594
-0.238343
-0.241439
-0.2439
-0.245692
-0.246769
-0.247107
-0.246701
-0.245554
-0.243684
-0.241123
-0.237917
-0.234124
-0.229814
-0.225056
-0.219912
-0.214428
-0.208636
-0.202554
-0.196188
-0.189539
-0.182611
-0.175416
-0.167982
-0.160345
-0.152553
-0.144664
-0.136735
-0.128822
-0.120974
-0.113227
-0.105607
-0.0981284
-0.0907909
-0.0835872
-0.0765023
-0.0695175
-0.0626128
-0.0557681
-0.0489626
-0.0421726
-0.0353989
-0.0287224
-0.0220873
-0.215012
-0.21839
-0.222243
-0.225743
-0.228629
-0.2309
-0.232521
-0.233457
-0.233694
-0.233229
-0.232074
-0.230254
-0.227803
-0.224771
-0.221215
-0.217196
-0.21277
-0.207983
-0.202868
-0.197445
-0.191727
-0.185721
-0.179433
-0.172877
-0.166075
-0.159065
-0.151888
-0.144595
-0.137239
-0.12987
-0.122535
-0.115271
-0.108105
-0.101051
-0.094115
-0.0872913
-0.0805675
-0.0739272
-0.0673518
-0.0608228
-0.0543226
-0.0478344
-0.04134
-0.0348451
-0.0284291
-0.0220398
-0.203874
-0.207027
-0.210614
-0.213862
-0.216518
-0.218577
-0.220018
-0.220816
-0.220965
-0.220467
-0.219338
-0.217602
-0.215294
-0.212461
-0.209151
-0.205415
-0.201294
-0.196821
-0.192021
-0.186912
-0.181506
-0.175813
-0.169849
-0.163638
-0.157213
-0.150616
-0.143892
-0.137088
-0.13025
-0.123423
-0.116641
-0.109931
-0.103307
-0.0967765
-0.0903365
-0.0839774
-0.077684
-0.071439
-0.0652249
-0.0590257
-0.0528279
-0.0466196
-0.040389
-0.0341473
-0.0279728
-0.0218164
-0.193365
-0.196308
-0.199639
-0.202632
-0.205052
-0.206905
-0.208181
-0.208868
-0.208961
-0.208463
-0.20739
-0.205761
-0.203608
-0.200969
-0.197885
-0.194394
-0.190528
-0.186313
-0.181773
-0.176924
-0.171784
-0.166371
-0.16071
-0.154835
-0.148785
-0.142601
-0.136328
-0.130007
-0.123678
-0.117375
-0.11112
-0.104931
-0.0988102
-0.0927575
-0.0867651
-0.0808206
-0.0749075
-0.0690091
-0.0631102
-0.0571987
-0.0512661
-0.0453069
-0.039316
-0.0333098
-0.0273653
-0.0214362
-0.183399
-0.186141
-0.189224
-0.191973
-0.194176
-0.195853
-0.197003
-0.197615
-0.197686
-0.197214
-0.196209
-0.194686
-0.192672
-0.190198
-0.187297
-0.183998
-0.180331
-0.176322
-0.171994
-0.167369
-0.16247
-0.157324
-0.151967
-0.146434
-0.140765
-0.135002
-0.129183
-0.123342
-0.11751
-0.111709
-0.105952
-0.100244
-0.0945825
-0.0889592
-0.0833636
-0.0777822
-0.0721998
-0.0666016
-0.060976
-0.0553161
-0.0496197
-0.0438875
-0.0381209
-0.0323411
-0.0266231
-0.0209227
-0.17388
-0.176428
-0.179276
-0.181804
-0.183827
-0.185372
-0.186436
-0.187009
-0.187077
-0.186637
-0.185692
-0.184254
-0.182345
-0.179993
-0.177224
-0.17407
-0.17056
-0.166721
-0.16258
-0.158166
-0.153508
-0.148641
-0.143601
-0.138427
-0.133156
-0.127822
-0.122458
-0.117089
-0.111735
-0.106406
-0.101108
-0.095836
-0.0905824
-0.085336
-0.0800847
-0.0748158
-0.069517
-0.0641774
-0.0587904
-0.0533549
-0.0478749
-0.0423574
-0.0368093
-0.0312551
-0.0257673
-0.0203032
-0.164734
-0.167097
-0.169729
-0.172068
-0.173951
-0.1754
-0.176409
-0.176956
-0.177023
-0.176601
-0.17569
-0.174303
-0.172461
-0.17019
-0.167518
-0.16448
-0.161106
-0.157428
-0.153477
-0.149286
-0.14489
-0.140326
-0.135629
-0.130834
-0.125972
-0.121071
-0.116154
-0.111238
-0.10633
-0.101433
-0.096545
-0.0916565
-0.0867564
-0.0818328
-0.0768743
-0.0718709
-0.0668147
-0.0617003
-0.0565267
-0.0512986
-0.0460257
-0.0407201
-0.0353929
-0.0300705
-0.0248221
-0.0196058
-0.155925
-0.158111
-0.16055
-0.162731
-0.164503
-0.165878
-0.166837
-0.167351
-0.167397
-0.166965
-0.166059
-0.164691
-0.162885
-0.160671
-0.158083
-0.155157
-0.151926
-0.148424
-0.144686
-0.140748
-0.136645
-0.132412
-0.12808
-0.123676
-0.119225
-0.114748
-0.110256
-0.105758
-0.101253
-0.0967376
-0.0922044
-0.087643
-0.0830413
-0.0783886
-0.0736767
-0.0688995
-0.0640544
-0.059142
-0.0541674
-0.0491401
-0.0440743
-0.0389857
-0.0338881
-0.0288086
-0.0238121
-0.0188572
-0.147441
-0.14946
-0.15173
-0.153777
-0.155452
-0.156751
-0.157646
-0.158103
-0.158098
-0.157627
-0.156696
-0.155327
-0.153546
-0.151388
-0.148893
-0.146095
-0.143032
-0.139737
-0.136246
-0.132594
-0.128812
-0.12493
-0.120972
-0.116958
-0.112905
-0.108824
-0.104721
-0.100594
-0.0964388
-0.0922483
-0.0880136
-0.0837243
-0.0793703
-0.074944
-0.0704413
-0.0658615
-0.0612074
-0.0564854
-0.0517056
-0.0468816
-0.0420303
-0.0371694
-0.0323139
-0.0274906
-0.0227594
-0.0180788
-0.139275
-0.141139
-0.143261
-0.145188
-0.146764
-0.147972
-0.148776
-0.149144
-0.14906
-0.148526
-0.147558
-0.146182
-0.144434
-0.142351
-0.139972
-0.137334
-0.13447
-0.131416
-0.128203
-0.124861
-0.121416
-0.117888
-0.114296
-0.110653
-0.106967
-0.103242
-0.0994774
-0.0956675
-0.0918057
-0.0878843
-0.0838951
-0.07983
-0.0756821
-0.0714482
-0.0671294
-0.0627303
-0.0582589
-0.053726
-0.0491455
-0.0445338
-0.0399088
-0.035289
-0.0306894
-0.0261353
-0.0216811
-0.0172851
-0.131406
-0.133127
-0.135116
-0.136929
-0.138395
-0.139487
-0.140172
-0.140426
-0.140245
-0.139641
-0.138638
-0.137272
-0.135579
-0.133599
-0.131368
-0.128919
-0.126286
-0.123498
-0.120581
-0.117557
-0.114445
-0.111258
-0.108007
-0.104699
-0.101336
-0.0979164
-0.0944362
-0.0908886
-0.0872672
-0.0835658
-0.0797784
-0.0759004
-0.0719293
-0.0678668
-0.0637193
-0.059496
-0.0552087
-0.0508716
-0.0465006
-0.0421134
-0.0377283
-0.033363
-0.0290318
-0.0247574
-0.0205888
-0.0164836
-0.123796
-0.125389
-0.127252
-0.128948
-0.130288
-0.131242
-0.131789
-0.131918
-0.131637
-0.130971
-0.129953
-0.128621
-0.127014
-0.125167
-0.123113
-0.120881
-0.118498
-0.115987
-0.113367
-0.110651
-0.107851
-0.104974
-0.102026
-0.0990077
-0.0959173
-0.0927511
-0.0895038
-0.0861701
-0.0827451
-0.0792254
-0.0756083
-0.0718936
-0.0680835
-0.0641844
-0.0602068
-0.0561636
-0.052069
-0.0479388
-0.0437899
-0.0396401
-0.0355073
-0.0314077
-0.0273541
-0.0233662
-0.0194873
-0.0156748
-0.116394
-0.117882
-0.119619
-0.121187
-0.122385
-0.123187
-0.123588
-0.123594
-0.123227
-0.122521
-0.121516
-0.12025
-0.118757
-0.117069
-0.115213
-0.113212
-0.111085
-0.108846
-0.106506
-0.104073
-0.101552
-0.0989457
-0.0962553
-0.0934785
-0.090612
-0.0876521
-0.0845948
-0.081437
-0.0781767
-0.0748134
-0.0713489
-0.067787
-0.0641344
-0.0604012
-0.0566007
-0.0527479
-0.0488581
-0.0449475
-0.0410329
-0.0371318
-0.0332607
-0.0294342
-0.025663
-0.0219639
-0.0183743
-0.0148524
-0.10916
-0.110568
-0.112179
-0.113606
-0.114647
-0.115292
-0.115549
-0.115444
-0.115012
-0.114294
-0.11333
-0.112156
-0.110801
-0.109289
-0.107641
-0.10587
-0.103988
-0.102002
-0.0999141
-0.0977288
-0.0954471
-0.0930686
-0.0905912
-0.088012
-0.0853282
-0.0825379
-0.0796394
-0.0766323
-0.0735178
-0.0702991
-0.0669818
-0.0635738
-0.0600848
-0.0565274
-0.0529161
-0.0492665
-0.0455942
-0.0419149
-0.0382448
-0.0346002
-0.0309962
-0.0274458
-0.0239574
-0.020545
-0.0172411
-0.0140047
-0.10207
-0.103429
-0.104915
-0.106189
-0.107065
-0.107549
-0.107672
-0.107472
-0.106997
-0.10629
-0.105391
-0.104327
-0.10312
-0.101789
-0.100343
-0.0987889
-0.097129
-0.095364
-0.093494
-0.0915185
-0.0894361
-0.0872445
-0.0849411
-0.082524
-0.0799924
-0.0773467
-0.0745881
-0.0717187
-0.0687432
-0.0656684
-0.0625032
-0.0592582
-0.055945
-0.0525767
-0.0491683
-0.0457349
-0.0422913
-0.0388526
-0.0354337
-0.0320494
-0.0287138
-0.025438
-0.0222289
-0.0190983
-0.0160743
-0.013117
-0.0951209
-0.0964636
-0.0978342
-0.0989516
-0.0996572
-0.0999804
-0.0999736
-0.0996926
-0.0991903
-0.0985103
-0.0976848
-0.0967356
-0.0956768
-0.0945157
-0.0932541
-0.0918903
-0.090421
-0.0888431
-0.0871539
-0.0853508
-0.083431
-0.081392
-0.0792323
-0.0769521
-0.0745532
-0.0720384
-0.0694114
-0.0666773
-0.0638437
-0.0609204
-0.0579186
-0.0548501
-0.0517269
-0.0485621
-0.0453694
-0.0421632
-0.0389573
-0.0357652
-0.0326004
-0.0294764
-0.0264061
-0.0233999
-0.020464
-0.017609
-0.0148589
-0.0121749
-0.088319
-0.089686
-0.0909605
-0.0919245
-0.0924557
-0.0926153
-0.0924809
-0.0921229
-0.0915978
-0.0909461
-0.0901927
-0.0893507
-0.0884244
-0.0874113
-0.0863052
-0.0850987
-0.0837848
-0.0823583
-0.0808147
-0.0791503
-0.0773623
-0.0754494
-0.0734125
-0.0712541
-0.0689781
-0.0665897
-0.0640949
-0.0615013
-0.0588191
-0.0560598
-0.0532355
-0.0503583
-0.0474393
-0.0444907
-0.041525
-0.0385549
-0.0355926
-0.0326499
-0.0297388
-0.0268713
-0.0240599
-0.0213153
-0.0186455
-0.0160601
-0.0135795
-0.0111653
-0.0816979
-0.0831235
-0.0843255
-0.085142
-0.085491
-0.0854763
-0.0852059
-0.084764
-0.0842094
-0.0835769
-0.0828824
-0.0821285
-0.0813089
-0.0804127
-0.0794276
-0.0783426
-0.0771488
-0.0758396
-0.0744098
-0.0728558
-0.0711761
-0.0693716
-0.0674453
-0.0654018
-0.0632469
-0.0609874
-0.0586315
-0.0561889
-0.053671
-0.05109
-0.048458
-0.0457858
-0.0430839
-0.0403627
-0.037633
-0.0349056
-0.0321906
-0.0294976
-0.0268368
-0.0242192
-0.0216575
-0.0191651
-0.0167539
-0.0144344
-0.0122221
-0.0100778
-0.0753326
-0.076814
-0.0779562
-0.0786229
-0.0787687
-0.0785557
-0.0781296
-0.0775887
-0.0769907
-0.0763615
-0.0757052
-0.0750125
-0.0742676
-0.0734531
-0.0725532
-0.0715549
-0.0704483
-0.0692261
-0.0678837
-0.0664187
-0.0648316
-0.0631254
-0.0613048
-0.0593758
-0.0573456
-0.0552227
-0.0530166
-0.050738
-0.0483986
-0.0460103
-0.0435839
-0.0411295
-0.0386558
-0.0361715
-0.0336855
-0.0312061
-0.0287405
-0.0262959
-0.0238802
-0.0215034
-0.0191794
-0.0169272
-0.0147679
-0.0127143
-0.0107744
-0.00890564
-0.0692303
-0.0707859
-0.0718609
-0.0723545
-0.0722531
-0.0718023
-0.0711942
-0.0705376
-0.0698817
-0.069238
-0.068596
-0.0679349
-0.0672315
-0.0664647
-0.0656166
-0.0646736
-0.0636256
-0.062466
-0.0611914
-0.0598016
-0.0582987
-0.0566872
-0.0549729
-0.0531628
-0.0512653
-0.0492897
-0.0472461
-0.0451454
-0.0429984
-0.0408159
-0.0386076
-0.0363822
-0.0341468
-0.0319082
-0.0296729
-0.027446
-0.0252316
-0.0230334
-0.0208564
-0.0187091
-0.0166068
-0.0145778
-0.0126637
-0.0108823
-0.0092263
-0.00764549
-0.0631167
-0.0650722
-0.066047
-0.0662905
-0.0658618
-0.06512
-0.0643062
-0.0635248
-0.062803
-0.0621303
-0.0614804
-0.0608232
-0.0601314
-0.0593822
-0.0585574
-0.0576438
-0.0566323
-0.055518
-0.0542993
-0.0529776
-0.0515566
-0.0500413
-0.0484381
-0.046755
-0.0450006
-0.0431847
-0.0413172
-0.0394078
-0.0374661
-0.0355016
-0.0335227
-0.0315367
-0.0295493
-0.027565
-0.0255874
-0.0236181
-0.0216574
-0.0197044
-0.0177597
-0.0158278
-0.0139236
-0.0120899
-0.0104132
-0.00892051
-0.00757077
-0.00629879
-0.0566921
-0.0598316
-0.060568
-0.0603519
-0.0594616
-0.0583751
-0.0573506
-0.056454
-0.0556699
-0.0549604
-0.0542852
-0.0536091
-0.0529039
-0.0521476
-0.0513235
-0.0504201
-0.0494304
-0.0483514
-0.0471836
-0.0459293
-0.0445926
-0.0431789
-0.0416951
-0.0401493
-0.0385503
-0.0369073
-0.0352288
-0.0335233
-0.0317989
-0.0300637
-0.0283251
-0.0265889
-0.024859
-0.0231379
-0.0214259
-0.0197212
-0.0180192
-0.016313
-0.0145959
-0.0128639
-0.0111248
-0.00943937
-0.00799049
-0.00682027
-0.00581106
-0.00487558
-0.0508641
-0.0554762
-0.0555865
-0.0543986
-0.0528599
-0.0514333
-0.0502488
-0.0492766
-0.0484473
-0.0476985
-0.0469834
-0.0462683
-0.0455281
-0.0447443
-0.0439036
-0.0429971
-0.0420206
-0.040973
-0.0398557
-0.0386714
-0.0374243
-0.03612
-0.0347653
-0.033368
-0.0319362
-0.0304777
-0.0289996
-0.0275088
-0.026012
-0.0245161
-0.0230273
-0.0215502
-0.020087
-0.018638
-0.0172008
-0.0157702
-0.0143363
-0.0128847
-0.0113977
-0.0098541
-0.00823193
-0.00659258
-0.00534183
-0.00456963
-0.00395934
-0.00339747
-0.0477243
-0.0535156
-0.0519712
-0.0482986
-0.0458833
-0.0443065
-0.0431097
-0.0421262
-0.041266
-0.0404666
-0.039689
-0.0389086
-0.0381083
-0.0372752
-0.0364002
-0.0354781
-0.0345068
-0.0334862
-0.032418
-0.0313047
-0.0301504
-0.0289603
-0.0277408
-0.0264986
-0.0252405
-0.0239726
-0.0227005
-0.0214296
-0.0201656
-0.0189142
-0.0176803
-0.0164672
-0.0152757
-0.0141048
-0.0129508
-0.0118059
-0.0106557
-0.00947767
-0.00824023
-0.0068812
-0.00524916
-0.00328752
-0.0020953
-0.00198251
-0.00195187
-0.00186224
-0.0433337
-0.0598154
-0.0519266
-0.0420823
-0.0386382
-0.0372144
-0.036123
-0.0351356
-0.0342124
-0.0333205
-0.0324405
-0.0315609
-0.0306733
-0.0297706
-0.0288476
-0.0279012
-0.0269303
-0.025935
-0.0249163
-0.0238765
-0.0228189
-0.0217479
-0.0206687
-0.0195867
-0.0185067
-0.0174333
-0.0163708
-0.0153235
-0.0142958
-0.0132921
-0.012316
-0.0113698
-0.0104537
-0.00956657
-0.00870509
-0.00786148
-0.00701971
-0.0061513
-0.0052069
-0.00403275
-0.00207802
0.00132424
0.00279018
0.00142761
0.000419523
-0.000173975
-0.0159701
-0.0810055
-0.0514408
-0.0348602
-0.030948
-0.0292281
-0.0278601
-0.0266463
-0.0255233
-0.0244567
-0.023431
-0.0224365
-0.0214654
-0.020511
-0.0195678
-0.0186321
-0.0177016
-0.0167754
-0.0158534
-0.0149368
-0.0140279
-0.0131299
-0.0122461
-0.0113802
-0.0105354
-0.00971489
-0.00892173
-0.00815873
-0.00742873
-0.00673432
-0.00607743
-0.00545912
-0.00487951
-0.00433773
-0.00383131
-0.00335408
-0.00289122
-0.00240952
-0.00183703
-0.000949138
0.00117802
0.00655434
0.00663962
0.00356365
0.00186416
0.000987815
-0.561811
-0.436346
-0.306715
-0.265103
-0.187414
-0.0815695
0.0421645
0.169359
0.279752
0.0452301
-0.0984158
-0.140007
-0.0896827
0.00943026
0.120587
0.228196
0.869016
0.694577
0.559565
0.486669
0.460335
0.461948
0.47357
0.500787
1.02829
0.950804
0.882106
0.82389
0.774645
0.73641
0.710356
0.696267
1.04994
1.00584
0.963068
0.922052
0.884117
0.850763
0.822564
0.799565
1.05086
1.01912
0.98597
0.953368
0.922191
0.892773
0.86547
0.841109
1.03201
1.0068
0.979517
0.952102
0.925192
0.899004
0.873899
0.850816
0.998946
0.978393
0.955708
0.932551
0.909432
0.886521
0.864132
0.843266
0.958753
0.941868
0.922875
0.903256
0.883426
0.863516
0.843819
0.825396
0.914161
0.900288
0.884435
0.867913
0.851054
0.833957
0.816891
0.800937
0.866816
0.855584
0.842557
0.828861
0.814761
0.800325
0.785796
0.772226
0.818112
0.809268
0.798826
0.787735
0.776201
0.764269
0.752145
0.740822
0.769143
0.762492
0.754432
0.745735
0.736564
0.726946
0.717061
0.707816
0.720687
0.716048
0.710168
0.703653
0.696635
0.689135
0.681311
0.673977
0.673287
0.670474
0.666568
0.662027
0.656957
0.651387
0.645456
0.639876
0.627291
0.626117
0.623985
0.621221
0.617916
0.614105
0.609913
0.605943
0.582945
0.583243
0.58271
0.581548
0.579838
0.577622
0.575013
0.572509
0.540403
0.542033
0.542945
0.543233
0.542961
0.542184
0.541006
0.53982
0.499757
0.502587
0.5048
0.506386
0.507403
0.507917
0.508026
0.508026
0.461054
0.464962
0.468335
0.471074
0.473233
0.474895
0.476153
0.477217
0.424264
0.429131
0.433532
0.437294
0.440467
0.443152
0.44544
0.44746
0.389364
0.395068
0.400371
0.405032
0.409104
0.412701
0.415917
0.418801
0.356337
0.362772
0.368863
0.374314
0.379177
0.383586
0.387631
0.391293
0.325151
0.332223
0.339006
0.345151
0.350715
0.355844
0.360628
0.364983
0.295789
0.303415
0.3108
0.317551
0.32373
0.329495
0.334933
0.339902
0.268231
0.276334
0.284238
0.291516
0.29823
0.30455
0.310561
0.316067
0.242429
0.250938
0.259288
0.26702
0.274198
0.281
0.287508
0.293479
0.218341
0.227191
0.235917
0.244034
0.251609
0.258823
0.265756
0.272123
0.19589
0.205024
0.214068
0.222513
0.230425
0.23799
0.245281
0.251979
0.175015
0.184365
0.193662
0.202376
0.210569
0.218428
0.226021
0.232996
0.155679
0.16518
0.174662
0.183579
0.191989
0.200081
0.207918
0.215119
0.137839
0.147426
0.157028
0.166084
0.17465
0.182916
0.19094
0.198319
0.121439
0.131052
0.14071
0.149846
0.158512
0.166896
0.175054
0.182565
0.106421
0.116004
0.125661
0.13482
0.143533
0.151986
0.160231
0.167832
0.0927275
0.10223
0.111834
0.120967
0.129679
0.138155
0.146444
0.154096
0.0802983
0.0896782
0.0991844
0.108248
0.116917
0.125374
0.133665
0.141332
0.06907
0.0782922
0.0876619
0.0966175
0.105205
0.113606
0.121864
0.129511
0.0589707
0.068006
0.0772066
0.0860215
0.0944964
0.102809
0.110999
0.118594
0.0499179
0.0587416
0.0677464
0.0763939
0.0847291
0.0929257
0.101019
0.108536
0.0418189
0.0504111
0.0591989
0.0676582
0.075833
0.0838919
0.0918653
0.0992804
0.034576
0.0429209
0.0514762
0.0597327
0.0677324
0.0756375
0.0834735
0.0907689
0.0280926
0.0361791
0.044492
0.0525366
0.0603516
0.0680921
0.0757782
0.0829409
0.022279
0.0301008
0.0381666
0.0459949
0.0536201
0.0611893
0.0687171
0.0757381
0.0170569
0.0246127
0.0324307
0.040042
0.0474752
0.0548693
0.0622334
0.069107
0.0123615
0.0196538
0.0272265
0.034622
0.0418631
0.0490801
0.0562772
0.0629995
0.00814094
0.0151751
0.0225065
0.0296885
0.0367379
0.0437767
0.0508047
0.0573735
0.00435378
0.0111365
0.0182313
0.0252023
0.0320605
0.0389204
0.0457781
0.0521922
0.000966202
0.00750476
0.0143673
0.0211293
0.0277971
0.0344779
0.0411649
0.0474246
-0.00205061
0.00425073
0.0108852
0.0174403
0.0239184
0.0304206
0.0369376
0.0430442
-0.0047223
0.00134843
0.0077589
0.0141095
0.0203996
0.0267247
0.0330738
0.0390294
-0.00707249
-0.00122571
0.00496564
0.0111153
0.0172205
0.0233714
0.0295552
0.0353628
-0.00912305
-0.0034927
0.00248592
0.00844007
0.014365
0.0203458
0.0263678
0.0320297
-0.0108936
-0.00547042
0.000304044
0.00607005
0.011821
0.0176364
0.0234995
0.0290166
-0.0124003
-0.00717295
-0.00159197
0.0039949
0.00957869
0.0152331
0.0209386
0.0263095
-0.0136556
-0.00861072
-0.00321117
0.00220599
0.00762889
0.0131248
0.0186717
0.0238919
-0.0146684
-0.00979164
-0.00456146
0.000694421
0.0059607
0.0112982
0.0166821
0.0217442
-0.015446
-0.0107233
-0.00565197
-0.000551377
0.0045596
0.00973535
0.014949
0.0198428
-0.0159961
-0.0114156
-0.00649556
-0.00154767
0.00340591
0.00841353
0.0134469
0.0181609
-0.0163298
-0.011883
-0.00711075
-0.00231688
0.00247381
0.00730442
0.0121463
0.0166683
-0.0164626
-0.012146
-0.00752262
-0.00288798
0.00173146
0.00637472
0.0110137
0.0153331
-0.0164155
-0.0122309
-0.00776218
-0.00329534
0.00114273
0.00558812
0.0100145
0.0141233
-0.0162147
-0.0121689
-0.00786438
-0.00357606
0.000670111
0.00490845
0.00911514
0.0130092
-0.0158899
-0.0119937
-0.00786514
-0.00376649
0.000278421
0.00430314
0.00828694
0.0119662
-0.0154729
-0.011739
-0.0077985
-0.00389933
-6.24076e-05
0.00374573
0.0075075
0.0109761
-0.0149943
-0.0114359
-0.00769406
-0.00400145
-0.000375729
0.00321672
0.00676125
0.0100267
-0.0144806
-0.0111094
-0.00757393
-0.00409155
-0.000676566
0.00270461
0.00603979
0.00911214
-0.0139508
-0.0107752
-0.00745047
-0.00417834
-0.000970421
0.0022065
0.00534218
0.00823266
-0.0134151
-0.0104398
-0.00732608
-0.00426099
-0.00125401
0.00172724
0.00467383
0.00739341
-0.0128757
-0.0101011
-0.00719536
-0.00433162
-0.00151795
0.00127667
0.00404407
0.00660239
-0.0123283
-0.00975143
-0.00704798
-0.00437834
-0.00174986
0.000866653
0.00346339
0.00586815
-0.0117629
-0.00937842
-0.00687018
-0.00438695
-0.00193599
0.000509632
0.00294221
0.00519868
-0.0111651
-0.00896628
-0.00664594
-0.00434214
-0.00206251
0.000217375
0.00248971
0.00460031
-0.0105192
-0.00849922
-0.00636024
-0.00423051
-0.00211818
-1.43275e-06
0.00211179
0.00407614
-0.00981142
-0.00796459
-0.00600219
-0.00404328
-0.00209653
-0.00014274
0.00181005
0.00362539
-0.00903125
-0.00735384
-0.00556551
-0.00377654
-0.00199603
-0.000207281
0.00158168
0.0032434
-0.00817172
-0.00666259
-0.00504847
-0.00343113
-0.0018199
-0.000200315
0.00141973
0.0029219
-0.00723014
-0.00589126
-0.00445442
-0.00301301
-0.00157628
-0.000131655
0.00131328
0.00264934
-0.00620861
-0.00504538
-0.00379181
-0.0025331
-0.00127794
-1.5204e-05
0.00124801
0.00241143
-0.00511428
-0.00413573
-0.00307442
-0.00200726
-0.000942054
0.000131319
0.00120645
0.00219149
-0.00396142
-0.00317948
-0.00232179
-0.00145659
-0.000590319
0.000286557
0.00116829
0.00197072
-0.00277671
-0.00220454
-0.00156211
-0.000909128
-0.000250091
0.000424533
0.0011097
0.00172793
-0.00159757
-0.00125492
-0.000837586
-0.000404026
4.22492e-05
0.000511265
0.000999347
0.00143455
-0.000412869
-0.000361519
-0.000200578
-3.35265e-06
0.00022217
0.00048354
0.000777861
0.00104306
0.000692958
0.000573191
0.00048657
0.000437291
0.000426105
0.000454608
0.000512442
0.000549459
0.340037
0.472804
0.556349
0.600856
0.61853
0.622522
0.619778
0.613908
0.606853
0.599494
0.59217
0.584996
0.578005
0.571206
0.56461
0.558226
0.552071
0.546163
0.540522
0.535162
0.530087
0.525298
0.520802
0.516607
0.512731
0.509192
0.506002
0.503181
0.500741
0.498695
0.497053
0.495825
0.495021
0.494652
0.494744
0.495363
0.496572
0.498022
0.390552
0.525485
0.597093
0.63031
0.640783
0.639686
0.633039
0.624041
0.614462
0.605088
0.596182
0.58778
0.579839
0.572303
0.565131
0.558296
0.551782
0.545587
0.539712
0.534156
0.528914
0.523981
0.519361
0.515059
0.51109
0.507469
0.504211
0.501331
0.498845
0.496766
0.495107
0.493877
0.493091
0.492763
0.49292
0.493637
0.494962
0.496518
0.556053
0.619242
0.653102
0.665139
0.664355
0.656734
0.645746
0.633553
0.621483
0.610144
0.599695
0.590084
0.5812
0.572928
0.56518
0.557891
0.551018
0.544536
0.53843
0.532683
0.52728
0.52221
0.517471
0.513069
0.509014
0.505321
0.502004
0.499077
0.496558
0.49446
0.492795
0.491576
0.490818
0.490538
0.490762
0.491568
0.493001
0.494663
0.688136
0.695847
0.699953
0.695233
0.684781
0.671283
0.656381
0.641369
0.627142
0.614101
0.602296
0.591607
0.581866
0.572915
0.564628
0.556911
0.5497
0.54295
0.536628
0.530703
0.525153
0.519958
0.515114
0.510624
0.506497
0.502745
0.499383
0.496426
0.49389
0.491788
0.490134
0.48894
0.488221
0.487994
0.488287
0.489177
0.490704
0.49245
0.768813
0.747372
0.732892
0.717002
0.69964
0.681709
0.663819
0.646676
0.630825
0.616487
0.603624
0.592068
0.581622
0.572099
0.563351
0.555265
0.547762
0.54078
0.534273
0.528198
0.522523
0.517226
0.512297
0.507738
0.503556
0.499762
0.496373
0.493403
0.490868
0.488779
0.487149
0.48599
0.485317
0.485148
0.485506
0.48647
0.48807
0.489876
0.805839
0.774431
0.751242
0.72929
0.707883
0.687243
0.66752
0.649068
0.632202
0.617024
0.603445
0.591279
0.580314
0.570358
0.561254
0.55288
0.545148
0.537987
0.531337
0.525147
0.519379
0.514006
0.509017
0.504412
0.500195
0.496382
0.492985
0.490022
0.487504
0.485443
0.483849
0.482734
0.482113
0.482
0.482419
0.483442
0.485095
0.486936
0.816863
0.783738
0.757402
0.732928
0.709795
0.687978
0.667467
0.648463
0.631158
0.615585
0.601636
0.589124
0.577844
0.56761
0.558268
0.549702
0.541818
0.53454
0.527798
0.521537
0.515712
0.510296
0.505275
0.500648
0.496422
0.49261
0.489228
0.48629
0.483807
0.481786
0.480239
0.479176
0.478609
0.47855
0.479022
0.480093
0.481776
0.483632
0.812614
0.781083
0.754493
0.729629
0.706285
0.684389
0.663907
0.644978
0.627728
0.612158
0.598158
0.585554
0.574159
0.563806
0.554357
0.545702
0.537752
0.530425
0.523649
0.517363
0.511523
0.506097
0.501075
0.496453
0.492243
0.488458
0.485112
0.482218
0.479784
0.477817
0.476326
0.475319
0.474806
0.474799
0.475316
0.476419
0.478116
0.479968
0.798585
0.770015
0.74475
0.720792
0.698231
0.677033
0.657194
0.638834
0.622044
0.606814
0.593041
0.580573
0.569251
0.558935
0.549508
0.540873
0.532944
0.525641
0.518891
0.512631
0.506816
0.501418
0.496425
0.491839
0.487671
0.483936
0.480647
0.477815
0.475445
0.473543
0.472114
0.471166
0.470708
0.470747
0.471299
0.472424
0.474119
0.475954
0.777983
0.752895
0.729809
0.707548
0.686421
0.666466
0.647722
0.630306
0.614295
0.599675
0.586361
0.574227
0.563148
0.553015
0.543735
0.535226
0.527406
0.5202
0.513535
0.50735
0.501603
0.496269
0.491338
0.486817
0.482718
0.479057
0.475846
0.473091
0.470798
0.46897
0.467609
0.466723
0.466317
0.466397
0.466977
0.468111
0.469792
0.471598
0.752929
0.731431
0.710948
0.690842
0.671564
0.65322
0.635889
0.619691
0.604697
0.590898
0.578226
0.566592
0.555907
0.546091
0.537074
0.528789
0.521162
0.514122
0.507599
0.501538
0.4959
0.490664
0.485828
0.481402
0.477399
0.473835
0.470719
0.468058
0.465854
0.464106
0.462818
0.461994
0.461637
0.461753
0.462354
0.463488
0.465144
0.466914
0.724902
0.706896
0.689182
0.671472
0.654288
0.637787
0.62208
0.607288
0.593478
0.580652
0.568768
0.55777
0.547605
0.538223
0.529575
0.521604
0.514246
0.507435
0.501108
0.495215
0.489724
0.484622
0.479913
0.475609
0.471727
0.468281
0.46528
0.462727
0.460621
0.458961
0.457749
0.456986
0.456676
0.456824
0.457438
0.458565
0.460188
0.461916
0.694965
0.680256
0.665326
0.650105
0.635138
0.620611
0.606652
0.593379
0.580861
0.569115
0.558126
0.547875
0.538337
0.52949
0.5213
0.513722
0.5067
0.500174
0.49409
0.488406
0.483098
0.478163
0.473611
0.469457
0.46572
0.462413
0.459542
0.457109
0.45511
0.453544
0.452409
0.451707
0.451443
0.451618
0.45224
0.453352
0.454938
0.45662
0.663907
0.65226
0.64004
0.627307
0.61459
0.602085
0.589925
0.578226
0.56706
0.556463
0.54645
0.53703
0.528208
0.519978
0.512321
0.505201
0.498571
0.492379
0.486578
0.481139
0.476049
0.471311
0.466944
0.462966
0.459396
0.456246
0.45352
0.451217
0.449333
0.447864
0.446809
0.446169
0.445947
0.446145
0.446771
0.447864
0.449408
0.45104
0.632325
0.623495
0.613858
0.603546
0.593045
0.582547
0.572183
0.562066
0.552277
0.542871
0.533889
0.525366
0.517325
0.509778
0.502713
0.496104
0.489909
0.484089
0.478608
0.473446
0.468603
0.464092
0.459936
0.456158
0.452775
0.449798
0.447229
0.445066
0.443303
0.441935
0.44096
0.440381
0.440199
0.440418
0.441044
0.442115
0.443613
0.445193
0.600674
0.594422
0.58721
0.579206
0.570838
0.562285
0.553673
0.545116
0.536704
0.528508
0.520592
0.513009
0.505799
0.498981
0.492552
0.48649
0.480766
0.475348
0.470215
0.465359
0.460791
0.456533
0.452614
0.449056
0.445878
0.443087
0.440686
0.43867
0.437033
0.435768
0.434876
0.434356
0.434214
0.434451
0.435074
0.43612
0.43757
0.439096
0.569298
0.565391
0.560429
0.55459
0.548239
0.54154
0.534613
0.527573
0.520518
0.513535
0.506703
0.500087
0.493737
0.487677
0.48191
0.476422
0.471192
0.4662
0.461439
0.456913
0.452646
0.448665
0.445003
0.441684
0.438725
0.436134
0.433909
0.432046
0.430538
0.429379
0.428568
0.428108
0.428003
0.428256
0.428875
0.429894
0.431294
0.432764
0.538449
0.536663
0.533769
0.529937
0.52547
0.520516
0.515193
0.509614
0.503886
0.498103
0.492356
0.486716
0.481238
0.47595
0.470859
0.465958
0.461236
0.456689
0.452319
0.448146
0.4442
0.440517
0.437131
0.434067
0.431341
0.428958
0.426916
0.42521
0.423833
0.422781
0.422052
0.421651
0.421582
0.42185
0.422463
0.423452
0.424802
0.426215
0.508299
0.508427
0.50742
0.505433
0.502713
0.499392
0.495585
0.491405
0.48696
0.482353
0.477676
0.473006
0.468397
0.463879
0.459465
0.455156
0.450951
0.446859
0.442897
0.439094
0.435489
0.432122
0.429028
0.426232
0.423747
0.42158
0.419726
0.41818
0.416936
0.415989
0.415342
0.414999
0.414966
0.415248
0.415852
0.416812
0.41811
0.419466
0.478965
0.48082
0.481528
0.481231
0.480122
0.478323
0.475942
0.473091
0.46988
0.46641
0.462777
0.459054
0.455297
0.451537
0.447791
0.444069
0.440385
0.436757
0.433215
0.429797
0.426548
0.423511
0.420721
0.418202
0.415968
0.41402
0.412357
0.410972
0.409861
0.409021
0.408454
0.408168
0.408169
0.408464
0.40906
0.40999
0.411234
0.412532
0.450533
0.453945
0.456212
0.457457
0.45783
0.457442
0.456396
0.454801
0.452764
0.450385
0.447754
0.444946
0.442012
0.438988
0.435895
0.432753
0.429587
0.426428
0.423315
0.420294
0.417413
0.414716
0.41224
0.410005
0.408025
0.4063
0.404828
0.403605
0.402626
0.401891
0.401404
0.401174
0.401208
0.401515
0.402102
0.403
0.404192
0.40543
0.423071
0.427889
0.431569
0.434219
0.435951
0.436866
0.437063
0.436645
0.435715
0.434369
0.432693
0.430756
0.42861
0.426291
0.423831
0.421257
0.418605
0.415917
0.413239
0.410622
0.408117
0.405769
0.403611
0.401665
0.39994
0.398438
0.397157
0.396094
0.395246
0.394615
0.394207
0.394031
0.394099
0.394417
0.394995
0.395861
0.396998
0.398177
0.39664
0.402724
0.407681
0.411607
0.414579
0.41669
0.418036
0.418713
0.418818
0.418441
0.417662
0.416546
0.415146
0.413502
0.411651
0.409632
0.407488
0.40527
0.403029
0.400821
0.398697
0.3967
0.394863
0.393205
0.391735
0.390454
0.389363
0.388457
0.387739
0.38721
0.386879
0.386757
0.386856
0.387184
0.387752
0.388586
0.38967
0.390789
0.371291
0.378508
0.384614
0.38969
0.393787
0.39699
0.39939
0.401078
0.402141
0.402664
0.40272
0.402373
0.401675
0.400672
0.399407
0.397926
0.396282
0.39453
0.392727
0.390928
0.389184
0.387538
0.38602
0.384648
0.383429
0.382367
0.381461
0.380711
0.380118
0.37969
0.379434
0.379365
0.379495
0.379834
0.380392
0.381193
0.382223
0.383282
0.347061
0.355285
0.362415
0.368523
0.373633
0.377825
0.381185
0.383795
0.385738
0.387089
0.387917
0.388285
0.388246
0.387849
0.387146
0.386188
0.385033
0.383741
0.382371
0.380977
0.379611
0.378312
0.377108
0.376016
0.375043
0.374194
0.373469
0.37287
0.372401
0.37207
0.371888
0.371871
0.372032
0.372381
0.372928
0.373697
0.374673
0.375672
0.323969
0.333078
0.341115
0.348139
0.354154
0.359235
0.36346
0.366908
0.36965
0.371758
0.373296
0.374326
0.374903
0.375081
0.374915
0.374462
0.373784
0.372943
0.371998
0.371003
0.370007
0.369047
0.368149
0.367329
0.366595
0.365951
0.365402
0.364949
0.3646
0.364364
0.364255
0.364289
0.36448
0.364839
0.365376
0.366112
0.367035
0.367975
0.30202
0.311899
0.320729
0.328558
0.335375
0.341247
0.346248
0.350447
0.353913
0.356708
0.358896
0.360537
0.36169
0.36241
0.362757
0.362791
0.362576
0.362174
0.361643
0.361036
0.360399
0.359766
0.359164
0.358606
0.358101
0.357656
0.357275
0.356964
0.356731
0.356588
0.35655
0.356634
0.356855
0.357223
0.35775
0.358454
0.359324
0.360205
0.281207
0.291743
0.301258
0.309789
0.317309
0.323879
0.329568
0.334439
0.338553
0.341971
0.344753
0.346958
0.348647
0.349879
0.350714
0.351215
0.351446
0.351467
0.351336
0.351103
0.350811
0.350493
0.350172
0.349864
0.349579
0.349323
0.349103
0.348927
0.348806
0.348754
0.348785
0.348919
0.349169
0.349547
0.350064
0.350737
0.351554
0.352376
0.261511
0.272599
0.282697
0.291831
0.29996
0.307141
0.313436
0.318904
0.323598
0.327577
0.330899
0.333624
0.335813
0.337526
0.338824
0.33977
0.340426
0.340853
0.341105
0.341228
0.341264
0.341244
0.341191
0.34112
0.341042
0.340965
0.340899
0.340854
0.340841
0.340876
0.340975
0.341157
0.341436
0.341825
0.342331
0.342973
0.343739
0.344504
0.2429
0.254444
0.265032
0.274678
0.28333
0.29104
0.297866
0.303859
0.309071
0.313554
0.317367
0.320569
0.323221
0.325385
0.327119
0.328486
0.329547
0.330358
0.330971
0.331432
0.331777
0.332037
0.332235
0.332386
0.332503
0.332597
0.332677
0.332756
0.332847
0.332967
0.333133
0.333362
0.33367
0.334068
0.334565
0.335177
0.335892
0.3366
0.225328
0.237249
0.248244
0.258321
0.267418
0.275583
0.282869
0.289323
0.294992
0.299927
0.304185
0.307823
0.310904
0.313487
0.315629
0.317392
0.318832
0.320004
0.320956
0.321731
0.322364
0.322885
0.323317
0.323677
0.323977
0.32423
0.324448
0.324646
0.324838
0.32504
0.32527
0.325546
0.325882
0.32629
0.326778
0.32736
0.328025
0.328677
0.208766
0.220986
0.232312
0.242748
0.252221
0.260774
0.268456
0.27531
0.281381
0.286718
0.291376
0.295413
0.298887
0.301857
0.304379
0.306508
0.308301
0.309807
0.311073
0.312139
0.313039
0.313802
0.31445
0.315003
0.315473
0.315877
0.316227
0.316538
0.316826
0.317107
0.3174
0.317721
0.318085
0.318503
0.318982
0.319534
0.320151
0.320748
0.193191
0.205637
0.217223
0.227949
0.237733
0.246612
0.254632
0.261832
0.268254
0.273947
0.278963
0.283359
0.287192
0.290516
0.293385
0.295852
0.297968
0.299782
0.301336
0.302668
0.303812
0.304796
0.305644
0.306375
0.307005
0.307549
0.308023
0.308442
0.308822
0.30918
0.309534
0.309899
0.310291
0.310717
0.311187
0.311712
0.312281
0.312823
0.178582
0.191186
0.202966
0.213918
0.22395
0.233097
0.2414
0.248895
0.255621
0.261626
0.266959
0.271677
0.275833
0.279478
0.282663
0.285435
0.287845
0.289937
0.291752
0.293325
0.294691
0.295877
0.296907
0.297803
0.298581
0.299258
0.299849
0.300371
0.300839
0.301271
0.301684
0.302092
0.302509
0.302945
0.303406
0.303902
0.304424
0.304914
0.164917
0.177618
0.189531
0.200646
0.210869
0.220228
0.22876
0.236501
0.243487
0.249762
0.255375
0.260378
0.264822
0.268753
0.272219
0.275265
0.277938
0.280279
0.282327
0.284117
0.285682
0.287051
0.288249
0.289296
0.290212
0.291013
0.291715
0.292334
0.292887
0.29339
0.293859
0.294309
0.294752
0.295196
0.295647
0.296115
0.296592
0.297031
0.152174
0.164913
0.1769
0.188124
0.198482
0.207999
0.216712
0.224651
0.231852
0.238358
0.244213
0.249465
0.254161
0.258345
0.262058
0.265346
0.26825
0.27081
0.273065
0.275048
0.276792
0.278327
0.279677
0.280864
0.281907
0.282824
0.283631
0.284343
0.284977
0.285548
0.286072
0.286561
0.287027
0.287478
0.287921
0.288361
0.288794
0.289183
0.140326
0.153047
0.165056
0.176334
0.186775
0.196402
0.205247
0.213341
0.220716
0.227412
0.233471
0.238936
0.24385
0.248251
0.25218
0.255676
0.258781
0.261533
0.263969
0.266122
0.268026
0.269709
0.271198
0.272514
0.273676
0.274702
0.275607
0.276407
0.277118
0.277754
0.27833
0.278856
0.279345
0.279802
0.280234
0.280648
0.281038
0.281378
0.129338
0.141991
0.15397
0.165252
0.17573
0.18542
0.194354
0.202561
0.210071
0.21692
0.223146
0.228788
0.233883
0.238468
0.242579
0.246253
0.24953
0.252447
0.25504
0.257342
0.259387
0.261205
0.26282
0.264254
0.265527
0.266654
0.267652
0.268536
0.26932
0.270018
0.270642
0.271203
0.271712
0.272174
0.272596
0.272983
0.273331
0.273626
0.119169
0.131707
0.14361
0.154852
0.165321
0.175033
0.184016
0.192298
0.199906
0.206872
0.213229
0.219013
0.224256
0.22899
0.233251
0.237072
0.240493
0.24355
0.246278
0.248711
0.250882
0.252819
0.254549
0.256093
0.257467
0.25869
0.259776
0.260738
0.261591
0.262347
0.263016
0.26361
0.264136
0.264602
0.265013
0.265374
0.265682
0.265932
0.109769
0.122152
0.133938
0.145099
0.155521
0.165216
0.174213
0.182534
0.190205
0.197254
0.203709
0.2096
0.214957
0.219809
0.224188
0.228129
0.231668
0.234841
0.237684
0.240231
0.242512
0.244558
0.246393
0.248037
0.249507
0.250818
0.251986
0.253022
0.253939
0.254748
0.255459
0.256082
0.256624
0.257092
0.257492
0.257827
0.258096
0.258305
0.101087
0.113279
0.124914
0.135959
0.146298
0.155943
0.16492
0.173249
0.180952
0.188051
0.194571
0.200538
0.205977
0.210916
0.215386
0.219419
0.223052
0.226321
0.22926
0.231904
0.234284
0.236427
0.238357
0.240093
0.241651
0.243045
0.244289
0.245394
0.246371
0.247229
0.247978
0.248626
0.249182
0.249651
0.250038
0.250348
0.250578
0.250749
0.0930678
0.105042
0.116495
0.127392
0.13762
0.147186
0.156114
0.164422
0.172126
0.179246
0.1858
0.191811
0.197303
0.202302
0.206835
0.210937
0.214642
0.217988
0.221008
0.223735
0.2262
0.22843
0.230447
0.232268
0.233907
0.235378
0.236693
0.237861
0.238892
0.239795
0.240577
0.241248
0.241814
0.242282
0.242657
0.242941
0.243131
0.243274
0.0856598
0.0973936
0.108639
0.119364
0.129454
0.138916
0.14777
0.15603
0.163708
0.17082
0.17738
0.183408
0.188925
0.193957
0.19853
0.202679
0.206438
0.209843
0.212929
0.215727
0.218268
0.220575
0.222669
0.224567
0.226281
0.227823
0.229202
0.230427
0.231507
0.23245
0.233262
0.233951
0.234525
0.234991
0.235352
0.235612
0.23577
0.235874
0.0788135
0.0902892
0.101309
0.11184
0.121771
0.131107
0.139864
0.148052
0.155679
0.162756
0.169295
0.175313
0.180831
0.185872
0.190464
0.194641
0.198437
0.201888
0.205027
0.207885
0.21049
0.212865
0.21503
0.216997
0.218778
0.220383
0.22182
0.223097
0.224221
0.225197
0.226035
0.22674
0.22732
0.227781
0.228128
0.228364
0.228489
0.228559
0.0724844
0.0836891
0.0944669
0.104788
0.114543
0.123734
0.132374
0.140467
0.148019
0.155037
0.16153
0.167514
0.17301
0.17804
0.182632
0.18682
0.190638
0.194122
0.197303
0.200211
0.202872
0.205307
0.207533
0.209561
0.211402
0.213063
0.214552
0.215873
0.217035
0.218042
0.2189
0.219618
0.220201
0.220656
0.220988
0.221201
0.221293
0.22133
0.0666328
0.0775575
0.0880821
0.0981805
0.107745
0.116774
0.125277
0.133256
0.140711
0.147646
0.154071
0.16
0.165453
0.170453
0.175029
0.179214
0.183042
0.186547
0.18976
0.192709
0.195417
0.197904
0.200183
0.202265
0.204157
0.205867
0.207399
0.208759
0.209953
0.210984
0.21186
0.212586
0.21317
0.213618
0.213935
0.214124
0.214185
0.214189
0.0612244
0.0718633
0.0821266
0.0919919
0.101353
0.110206
0.118556
0.1264
0.133738
0.14057
0.146906
0.15276
0.158151
0.163106
0.167651
0.17182
0.175647
0.179164
0.182401
0.185382
0.188129
0.190658
0.192982
0.195108
0.197044
0.198795
0.200364
0.201756
0.202976
0.204027
0.204916
0.205648
0.20623
0.206668
0.20697
0.207136
0.207167
0.207139
0.0562299
0.0665799
0.0765764
0.0862005
0.0953482
0.104011
0.112191
0.119883
0.127083
0.133793
0.140021
0.145782
0.151098
0.155992
0.160495
0.164638
0.168454
0.171975
0.175226
0.178231
0.181008
0.183572
0.185932
0.188095
0.190066
0.191849
0.193448
0.194865
0.196105
0.197171
0.198068
0.198803
0.199381
0.199809
0.200094
0.200238
0.200242
0.200183
0.0516248
0.0616849
0.0714108
0.0807869
0.0897107
0.0981706
0.106165
0.113687
0.120731
0.127301
0.133405
0.139059
0.144284
0.149108
0.153557
0.157665
0.161463
0.164979
0.168237
0.171258
0.174056
0.176645
0.179033
0.181224
0.183222
0.18503
0.186651
0.188087
0.189341
0.190416
0.191318
0.192052
0.192623
0.19304
0.193309
0.193432
0.193409
0.193321
0.0473885
0.0571588
0.0666111
0.0757326
0.0844224
0.0926658
0.100459
0.107794
0.114668
0.121082
0.127047
0.13258
0.137705
0.142447
0.146835
0.1509
0.154671
0.158175
0.161432
0.16446
0.167273
0.169879
0.172285
0.174495
0.176512
0.178337
0.179973
0.18142
0.182683
0.183763
0.184665
0.185395
0.185958
0.186363
0.186616
0.186718
0.18667
0.186556
0.0435035
0.0529843
0.0621595
0.0710193
0.0794643
0.0874779
0.0950552
0.102189
0.108876
0.115121
0.120936
0.126339
0.131353
0.136006
0.140325
0.14434
0.148078
0.151562
0.154811
0.157838
0.160655
0.16327
0.165686
0.167907
0.169935
0.171769
0.173412
0.174865
0.17613
0.17721
0.178108
0.178832
0.179386
0.179778
0.180014
0.180096
0.180026
0.179887
0.0399539
0.0491442
0.058038
0.0666278
0.0748167
0.0825873
0.089935
0.0968538
0.103342
0.109407
0.115062
0.120325
0.125223
0.12978
0.134025
0.137983
0.141681
0.145138
0.14837
0.151389
0.154202
0.156816
0.159235
0.161458
0.163488
0.165324
0.166967
0.168419
0.169681
0.170756
0.171648
0.172362
0.172905
0.173283
0.173503
0.173567
0.173476
0.173314
0.0367238
0.0456208
0.0542269
0.0625372
0.0704586
0.0779737
0.0850793
0.0917714
0.0980512
0.103927
0.109414
0.114532
0.119307
0.123764
0.127928
0.131825
0.135477
0.1389
0.142107
0.145108
0.14791
0.150515
0.152927
0.155144
0.157169
0.158999
0.160636
0.162081
0.163335
0.164401
0.165283
0.165985
0.166515
0.166879
0.167084
0.167129
0.167019
0.166837
0.0337954
0.0423938
0.0507045
0.0587254
0.0663678
0.0736162
0.0804691
0.0869253
0.0929882
0.0986684
0.103982
0.108951
0.1136
0.117952
0.122032
0.125862
0.12946
0.132842
0.136017
0.138993
0.141774
0.144362
0.146758
0.148962
0.150974
0.152791
0.154416
0.155848
0.15709
0.158143
0.159011
0.1597
0.160216
0.160565
0.160755
0.160783
0.160656
0.160455
0.0311487
0.0394408
0.0474471
0.0551685
0.0625218
0.0694938
0.0760857
0.0822989
0.0881396
0.0936199
0.0987577
0.103575
0.108094
0.112339
0.11633
0.120088
0.123627
0.126961
0.130096
0.133038
0.13579
0.138352
0.140725
0.142908
0.144898
0.146697
0.148303
0.149718
0.150943
0.151979
0.152832
0.153505
0.154006
0.15434
0.154515
0.154528
0.154385
0.154167
0.0287603
0.036737
0.0444296
0.0518422
0.0588977
0.0655859
0.0719109
0.0778768
0.083492
0.0887705
0.0937307
0.098394
0.102783
0.106917
0.110817
0.114497
0.117972
0.12125
0.124338
0.127238
0.129952
0.13248
0.134822
0.136975
0.138939
0.140713
0.142295
0.143688
0.144892
0.145909
0.146743
0.147399
0.147884
0.148203
0.148362
0.148361
0.148204
0.147972
0.0266044
0.0342557
0.0416259
0.048722
0.0554734
0.061873
0.0679278
0.0736445
0.0790335
0.08411
0.0888928
0.0934024
0.0976594
0.101682
0.105486
0.109084
0.112488
0.115704
0.118736
0.121586
0.124254
0.126741
0.129044
0.131161
0.133091
0.134834
0.136388
0.137754
0.138934
0.139929
0.140743
0.14138
0.141848
0.142151
0.142297
0.142282
0.142112
0.141868
0.0246528
0.0319696
0.0390102
0.0457843
0.0522277
0.0583368
0.0641209
0.0695889
0.0747531
0.0796293
0.084236
0.0885926
0.0927173
0.0966256
0.10033
0.103842
0.107169
0.110315
0.113284
0.116077
0.118691
0.121128
0.123385
0.12546
0.127351
0.129057
0.130578
0.131914
0.133066
0.134037
0.134828
0.135446
0.135896
0.136184
0.136316
0.136289
0.136109
0.135853
0.0228764
0.0298513
0.0365574
0.0430069
0.0491416
0.054961
0.0604764
0.0656988
0.0706413
0.0753202
0.0797532
0.0839578
0.0879495
0.0917414
0.0953432
0.0987629
0.102006
0.105077
0.107976
0.110703
0.113257
0.115637
0.117841
0.119867
0.121713
0.123378
0.124862
0.126165
0.127287
0.12823
0.128998
0.129595
0.130027
0.1303
0.130419
0.13038
0.13019
0.129926
0.0212458
0.0278744
0.0342445
0.0403699
0.0461982
0.0517314
0.0569827
0.0619644
0.0666901
0.0711758
0.0754377
0.0794912
0.0833493
0.0870219
0.0905167
0.0938391
0.0969932
0.0999809
0.102802
0.105457
0.107943
0.11026
0.112405
0.114377
0.116173
0.117793
0.119237
0.120502
0.121592
0.122506
0.123249
0.123824
0.124238
0.124496
0.124602
0.124554
0.124356
0.124084
0.0197336
0.0260155
0.0320513
0.0378564
0.0433835
0.0486366
0.0536303
0.0583777
0.0628924
0.0671893
0.0712829
0.075186
0.078909
0.0824595
0.0858427
0.0890624
0.092121
0.0950195
0.0977572
0.100333
0.102745
0.104992
0.107073
0.108985
0.110727
0.112298
0.113697
0.114923
0.115978
0.116862
0.117578
0.118132
0.118528
0.118771
0.118865
0.118807
0.118603
0.118325
0.0183157
0.0242545
0.0299614
0.035453
0.0406864
0.0456675
0.0504117
0.0549323
0.0592422
0.0633547
0.0672821
0.071035
0.0746211
0.0780459
0.0813129
0.0844243
0.0873815
0.0901845
0.0928321
0.0953226
0.0976548
0.0998272
0.101838
0.103686
0.10537
0.106888
0.10824
0.109424
0.110442
0.111294
0.111984
0.112515
0.112893
0.113121
0.113204
0.113137
0.112928
0.112646
0.0169727
0.0225761
0.0279625
0.0331498
0.0380991
0.0428177
0.0473212
0.0516226
0.0557336
0.0596655
0.0634284
0.0670304
0.0704772
0.0737725
0.0769185
0.0799162
0.0827662
0.0854678
0.0880194
0.0904192
0.0926661
0.0947587
0.0966957
0.0984759
0.100098
0.10156
0.102861
0.104001
0.10498
0.1058
0.106462
0.106971
0.10733
0.107544
0.107616
0.107542
0.107329
0.107045
0.0156912
0.0209699
0.0260467
0.0309405
0.0356165
0.0400826
0.0443545
0.0484438
0.052361
0.0561152
0.0597142
0.063164
0.0664687
0.0696305
0.0726507
0.0755295
0.0782668
0.0808613
0.0833114
0.0856155
0.0877722
0.0897807
0.0916399
0.0933485
0.094905
0.0963082
0.097557
0.0986511
0.0995905
0.100376
0.101011
0.101497
0.101838
0.102037
0.102099
0.102018
0.101803
0.101518
0.0144629
0.0194299
0.0242094
0.0288217
0.0332355
0.0374592
0.0415075
0.0453912
0.0491186
0.0526968
0.0561315
0.0594272
0.0625864
0.0656108
0.0685005
0.0712553
0.0738746
0.0763569
0.0787006
0.0809042
0.0829668
0.0848875
0.0866654
0.0882993
0.0897879
0.0911298
0.0923242
0.0933706
0.0942692
0.0950208
0.0956269
0.0960898
0.0964122
0.096598
0.0966497
0.0965638
0.0963467
0.0960627
0.0132843
0.0179538
0.0224489
0.0267918
0.0309543
0.0349446
0.0387766
0.0424594
0.0459995
0.0494022
0.0526716
0.0558106
0.0588212
0.0617039
0.0644586
0.0670847
0.0695811
0.0719465
0.0741794
0.0762786
0.0782435
0.0800732
0.081767
0.0833237
0.0847419
0.0860206
0.0871589
0.0881565
0.0890133
0.0897299
0.0903072
0.0907467
0.091051
0.091223
0.0912656
0.0911751
0.0909581
0.0906764
0.0121566
0.0165426
0.0207658
0.0248505
0.0287713
0.0325361
0.0361572
0.0396423
0.0429963
0.046223
0.0493251
0.0523048
0.0551632
0.0579004
0.0605158
0.0630085
0.0653776
0.0676219
0.0697402
0.0717318
0.073596
0.0753322
0.0769394
0.0784167
0.0797627
0.0809764
0.0820574
0.0830051
0.0838194
0.0845003
0.0850484
0.0854645
0.0857505
0.0859094
0.0859435
0.0858493
0.0856339
0.0853558
0.0110837
0.0151988
0.0191614
0.0229976
0.0266847
0.0302297
0.0336437
0.0369328
0.0401005
0.0431497
0.0460823
0.0488997
0.0516024
0.0541903
0.0566623
0.0590178
0.0612557
0.0633754
0.0653761
0.0672572
0.0690183
0.0706587
0.0721775
0.0735736
0.0748458
0.0759934
0.0770159
0.0779129
0.078684
0.0793288
0.0798473
0.0802398
0.0805078
0.0806538
0.0806802
0.0805836
0.0803708
0.0800977
0.0100714
0.0139261
0.0176371
0.0212324
0.0246916
0.0280206
0.0312292
0.0343224
0.0373028
0.0401726
0.042933
0.0455851
0.0481288
0.0505638
0.052889
0.0551036
0.0572073
0.0591996
0.0610802
0.0628488
0.0645049
0.0660478
0.0674765
0.0687899
0.0699871
0.0710676
0.0720309
0.0728766
0.0736039
0.0742121
0.0747006
0.0750694
0.0753195
0.0754532
0.0754728
0.0753747
0.0751659
0.0748991
0.00912513
0.0127271
0.0161933
0.0195529
0.0227875
0.0259023
0.0289057
0.0318019
0.0345932
0.0372812
0.0398668
0.0423505
0.0447323
0.0470112
0.0491865
0.0512577
0.0532247
0.0550876
0.0568463
0.0585007
0.0600503
0.0614943
0.0628317
0.0640614
0.0651829
0.0661956
0.0670991
0.0678928
0.0685759
0.069147
0.0696052
0.0699503
0.0701827
0.0703047
0.0703181
0.0702196
0.070016
0.0697566
0.00824943
0.0116035
0.0148286
0.0179551
0.0209663
0.0238667
0.0266638
0.0293613
0.0319613
0.0344649
0.036873
0.0391858
0.0414027
0.043523
0.0455461
0.0474719
0.0493006
0.0510327
0.0526684
0.0542075
0.0556495
0.0569935
0.0582386
0.059384
0.0604291
0.0613735
0.0622169
0.0629583
0.0635966
0.0641303
0.064558
0.0648793
0.0650944
0.0652053
0.0652133
0.0651153
0.0649178
0.064667
0.0074467
0.0105543
0.0135393
0.0164329
0.01922
0.0219045
0.0244933
0.0269899
0.0293961
0.0317131
0.0339413
0.0360805
0.0381304
0.0400902
0.0419595
0.0437386
0.0454282
0.0470287
0.0485406
0.0499635
0.051297
0.0525404
0.0536927
0.0547533
0.0557218
0.0565978
0.0573807
0.0580695
0.0586626
0.0591585
0.0595557
0.0598532
0.0600514
0.0601517
0.0601553
0.0600587
0.0598683
0.0596271
0.00671634
0.00957586
0.0123195
0.0149783
0.017539
0.0200052
0.0223833
0.0246767
0.0268869
0.0290149
0.031061
0.0330249
0.0349061
0.036704
0.0384187
0.0400507
0.0416007
0.0430694
0.044457
0.0457633
0.046988
0.0481302
0.0491895
0.0501652
0.0510571
0.0518645
0.0525868
0.0532226
0.0537704
0.0542283
0.0545948
0.0548689
0.0550506
0.0551409
0.0551408
0.0550466
0.0548642
0.0546333
0.00605451
0.00866189
0.0111606
0.0135814
0.0159126
0.0181577
0.0203227
0.0224106
0.0244228
0.0263601
0.0282225
0.0300096
0.0317212
0.0333568
0.0349167
0.0364015
0.0378121
0.0391489
0.0404122
0.0416019
0.0427175
0.0437586
0.0447249
0.0456159
0.0464311
0.04717
0.0478315
0.0484142
0.0489164
0.0493362
0.0496721
0.0499231
0.0500889
0.0501701
0.0501672
0.0500761
0.0499023
0.0496826
0.00545416
0.00780335
0.0100523
0.0122311
0.0143295
0.0163507
0.0183002
0.0201808
0.0219934
0.0237387
0.0254164
0.0270262
0.0285679
0.0300413
0.0314469
0.0327851
0.0340567
0.035262
0.0364013
0.0374744
0.0384812
0.0394216
0.0402952
0.0411017
0.0418405
0.0425109
0.0431115
0.0436409
0.0440974
0.0444793
0.0447849
0.0450133
0.0451638
0.0452366
0.0452317
0.0451445
0.0449799
0.044772
0.00490543
0.00698908
0.0089829
0.0109155
0.0127778
0.0145727
0.0163051
0.0179769
0.0195891
0.0211416
0.0226343
0.0240669
0.0254392
0.0267512
0.0280032
0.0291957
0.030329
0.0314035
0.0324193
0.0333765
0.0342751
0.0351152
0.0358967
0.0366191
0.0372818
0.0378836
0.0384234
0.0388995
0.0393104
0.0396545
0.0399302
0.0401366
0.0402726
0.040338
0.0403318
0.0402493
0.0400942
0.0398987
0.00439608
0.00620636
0.00793968
0.00962249
0.0112462
0.0128131
0.014327
0.0157895
0.0172007
0.0185606
0.0198687
0.0211248
0.0223287
0.0234804
0.0245801
0.0256279
0.026624
0.0275685
0.0284617
0.0293038
0.0300951
0.0308358
0.0315258
0.0321646
0.0327513
0.0332848
0.0337637
0.0341866
0.0345521
0.0348587
0.0351052
0.0352903
0.0354129
0.0354718
0.0354654
0.0353883
0.0352432
0.0350603
0.00391202
0.00544139
0.00690963
0.00833994
0.0097234
0.0110613
0.0123565
0.0136095
0.0148203
0.0159881
0.0171126
0.0181935
0.0192305
0.0202234
0.0211721
0.0220765
0.0229366
0.0237524
0.0245242
0.0252524
0.0259375
0.0265797
0.0271789
0.0277344
0.0282454
0.0287107
0.0291289
0.0294988
0.0298192
0.030089
0.030307
0.0304719
0.030582
0.0306357
0.0306304
0.0305598
0.0304248
0.0302549
0.00343775
0.00467997
0.00588007
0.00705663
0.00819945
0.00930851
0.0103854
0.0114299
0.0124412
0.0134184
0.0143609
0.0152683
0.01614
0.0169757
0.0177749
0.0185374
0.0192629
0.0199514
0.0206032
0.021219
0.0217991
0.0223438
0.0228529
0.0233258
0.0237614
0.0241586
0.0245163
0.0248335
0.0251094
0.025343
0.0255333
0.0256789
0.0257778
0.0258277
0.0258251
0.0257624
0.0256379
0.0254812
0.00295691
0.00390862
0.00484022
0.00576403
0.00666759
0.00754936
0.00840964
0.0092473
0.010061
0.0108495
0.011612
0.0123477
0.013056
0.0137362
0.0143877
0.0150098
0.0156022
0.016165
0.0166985
0.0172032
0.0176796
0.0181278
0.0185475
0.018938
0.0192985
0.0196279
0.0199254
0.0201903
0.020422
0.0206199
0.0207832
0.0209103
0.0209991
0.0210466
0.0210485
0.0209956
0.0208823
0.0207395
0.00245207
0.00311414
0.00378007
0.00445433
0.00512162
0.00577885
0.00642503
0.00705826
0.00767666
0.00827876
0.00886339
0.00942955
0.00997629
0.0105027
0.0110079
0.0114912
0.0119522
0.012391
0.0128076
0.0132027
0.0135765
0.013929
0.0142599
0.0145686
0.0148543
0.0151164
0.0153541
0.0155672
0.0157553
0.0159182
0.016055
0.0161644
0.0162443
0.0162913
0.0163003
0.01626
0.0161592
0.0160315
0.00189889
0.00227014
0.00266966
0.00309402
0.003525
0.00395796
0.00439072
0.00482059
0.00524517
0.00566255
0.00607118
0.0064697
0.00685689
0.00723158
0.00759277
0.00793966
0.00827177
0.00858898
0.00889141
0.0091793
0.00945281
0.00971185
0.00995613
0.0101852
0.0103984
0.0105955
0.010776
0.01094
0.0110873
0.0112179
0.0113312
0.011426
0.0115005
0.0115515
0.0115738
0.0115538
0.0114707
0.0113611
0.00127503
0.00135029
0.00147036
0.00163336
0.00181909
0.00202132
0.00223637
0.00246051
0.00269049
0.00292366
0.0031578
0.00339101
0.0036216
0.00384813
0.00406936
0.00428434
0.00449242
0.00469325
0.00488672
0.00507277
0.00525137
0.00542235
0.00558545
0.00574037
0.00588681
0.00602459
0.00615364
0.00627398
0.00638571
0.00648877
0.00658287
0.0066673
0.00674078
0.00680161
0.00684665
0.00686293
0.00681636
0.00674241
0.000494856
0.000364859
0.000286364
0.000248948
0.000238999
0.000250926
0.000280937
0.000325487
0.00038152
0.000446477
0.000518206
0.000594887
0.000674981
0.000757196
0.000840475
0.000923983
0.0010071
0.00108939
0.00117054
0.00125034
0.00132856
0.00140498
0.00147937
0.00155147
0.00162105
0.0016879
0.00175186
0.00181285
0.00187079
0.00192564
0.00197737
0.00202595
0.00207135
0.00211381
0.00215354
0.0021846
0.00218017
0.00214681
)
;

boundaryField
{
    leftWall
    {
        type            fixedFluxPressure;
        gradient        uniform 0;
        value           nonuniform List<scalar> 
100
(
2000.2
1999.53
1998.76
1997.74
1996.5
1995.05
1993.43
1991.69
1989.86
1988
1986.15
1984.35
1982.63
1981.01
1979.49
1978.08
1976.06
1973.55
1971.32
1969.43
1967.97
1967.05
1966.77
1967.25
1968.6
1970.89
1974.21
1978.6
1984.11
1990.75
1998.53
2007.42
2017.41
2028.42
2040.4
2053.25
2066.85
2080.94
2094.64
2106.76
2116.32
2089.57
1046.37
2.04856
-0.808619
-0.80168
-0.798393
-0.791134
-0.782424
-0.771145
-0.757286
-0.739576
-0.717338
-0.691686
-0.66384
-0.634593
-0.60464
-0.574615
-0.545015
-0.51618
-0.488391
-0.461854
-0.436657
-0.41281
-0.390338
-0.369247
-0.349467
-0.330865
-0.313323
-0.296772
-0.281166
-0.266445
-0.252525
-0.23933
-0.226827
-0.215012
-0.203874
-0.193365
-0.183399
-0.17388
-0.164734
-0.155925
-0.147441
-0.139275
-0.131406
-0.123796
-0.116394
-0.10916
-0.10207
-0.0951209
-0.088319
-0.0816979
-0.0753326
-0.0692303
-0.0631167
-0.0566921
-0.0508641
-0.0477243
-0.0433337
-0.0159701
)
;
    }
    rightWall
    {
        type            fixedFluxPressure;
        gradient        uniform 0;
        value           nonuniform List<scalar> 
100
(
0.499614
0.499719
0.499858
0.500022
0.500193
0.500348
0.500471
0.500549
0.500574
0.500538
0.500438
0.500271
0.500034
0.499724
0.499339
0.498875
0.498022
0.496518
0.494663
0.49245
0.489876
0.486936
0.483632
0.479968
0.475954
0.471598
0.466914
0.461916
0.45662
0.45104
0.445193
0.439096
0.432764
0.426215
0.419466
0.412532
0.40543
0.398177
0.390789
0.383282
0.375672
0.367975
0.360205
0.352376
0.344504
0.3366
0.328677
0.320748
0.312823
0.304914
0.297031
0.289183
0.281378
0.273626
0.265932
0.258305
0.250749
0.243274
0.235874
0.228559
0.22133
0.214189
0.207139
0.200183
0.193321
0.186556
0.179887
0.173314
0.166837
0.160455
0.154167
0.147972
0.141868
0.135853
0.129926
0.124084
0.118325
0.112646
0.107045
0.101518
0.0960627
0.0906764
0.0853558
0.0800977
0.0748991
0.0697566
0.064667
0.0596271
0.0546333
0.0496826
0.044772
0.0398987
0.0350603
0.0302549
0.0254812
0.0207395
0.0160315
0.0113611
0.00674241
0.00214681
)
;
    }
    lowerWall
    {
        type            fixedFluxPressure;
        gradient        uniform 0;
        value           nonuniform List<scalar> 
124
(
2000.2
2004.12
2007.29
2008.32
2006.26
2001.05
1992.92
1982.05
1968.54
1952.47
1933.86
1912.73
1889.05
1862.76
1833.79
1802.02
1767.3
1729.44
1688.19
1643.23
1594.18
1540.56
1481.77
1417.16
1345.94
1267.33
1180.6
1085.35
981.792
871.273
756.695
642.861
538.049
449.395
375.944
314.271
262.09
217.21
177.495
141.564
108.765
78.3365
45.2294
16.1149
9.82983
11.2229
11.2229
9.60052
7.54718
6.01355
5.00607
4.3654
3.92712
3.57384
3.27092
3.00262
2.75936
2.5249
2.28376
2.02072
1.71203
1.33514
-0.561811
-0.436346
-0.306715
-0.265103
-0.187414
-0.0815695
0.0421645
0.169359
0.549379
0.548516
0.546984
0.544658
0.541473
0.537349
0.532228
0.525821
0.518373
0.509037
0.49827
0.486504
0.474414
0.461898
0.454311
0.423279
0.549379
0.555498
0.563738
0.572413
0.579132
0.58325
0.58493
0.584609
0.582753
0.579775
0.575997
0.571679
0.566995
0.562082
0.557055
0.552007
0.547004
0.542084
0.53729
0.532648
0.528192
0.52395
0.519948
0.516218
0.512774
0.50963
0.506808
0.504308
0.502152
0.50036
0.498928
0.49791
0.497288
0.497096
0.497304
0.497875
0.498645
0.499614
)
;
    }
    atmosphere
    {
        type            totalPressure;
        rho             rho;
        psi             none;
        gamma           1;
        p0              uniform 0;
        value           nonuniform List<scalar> 
92
(
-0.0120741
-0.0371103
-0.0321206
-0.0285268
-0.0260354
-0.0240737
-0.0224267
-0.0209851
-0.019688
-0.0184984
-0.0173914
-0.0163488
-0.0153567
-0.0144044
-0.0134836
-0.0125887
-0.0117157
-0.0108626
-0.0100289
-0.00921518
-0.00842308
-0.00765475
-0.00691276
-0.00619985
-0.00551872
-0.00487195
-0.00426187
-0.00369049
-0.00315945
-0.00266999
-0.00222296
-0.0018188
-0.0014576
-0.00113905
-0.000862513
-0.000627053
-0.00043148
-0.000274396
-0.000154318
-6.9909e-05
-2.00254e-05
-1.37058e-06
0
0
0
0
0
0
0
0
0
0
0
0
0
0
0
0
0
0
0
0
0
0
0
0
0
0
0
0
0
0
0
0
0
0
0
0
0
0
0
0
0
0
0
0
0
0
0
0
0
0
)
;
    }
    defaultFaces
    {
        type            empty;
    }
}


// ************************************************************************* //
