/*--------------------------------*- C++ -*----------------------------------*\
  =========                 |
  \\      /  F ield         | OpenFOAM: The Open Source CFD Toolbox
   \\    /   O peration     | Website:  https://openfoam.org
    \\  /    A nd           | Version:  7
     \\/     M anipulation  |
\*---------------------------------------------------------------------------*/
FoamFile
{
    version     2.0;
    format      ascii;
    class       volScalarField;
    location    "0.2";
    object      epsilon;
}
// * * * * * * * * * * * * * * * * * * * * * * * * * * * * * * * * * * * * * //

dimensions      [0 2 -3 0 0 0 0];

internalField   nonuniform List<scalar> 
9072
(
0.0418053
0.163848
0.306044
0.427627
0.536399
0.635638
0.727956
0.815331
0.899361
0.981421
1.06275
1.14449
1.22775
1.31361
1.40308
1.49716
1.59679
1.70283
1.81602
1.93693
2.0659
2.20296
2.34777
2.49955
2.65697
2.81814
2.9805
3.14086
3.29534
3.43939
3.56787
3.67506
3.75474
3.80027
3.80438
3.75868
3.65996
3.51114
3.29364
2.9922
2.60015
2.13259
1.64566
1.22857
0.972395
0.868964
0.0589593
0.110791
0.161283
0.203343
0.239486
0.271461
0.300511
0.327518
0.353126
0.377849
0.402127
0.426361
0.450924
0.476175
0.502458
0.530107
0.559442
0.590758
0.624324
0.660357
0.69901
0.740349
0.784325
0.830751
0.879277
0.929369
0.980293
1.03111
1.08068
1.12768
1.17065
1.20802
1.23822
1.25983
1.27173
1.2735
1.27296
1.28559
1.31649
1.37531
1.48048
1.67004
1.96873
2.22637
1.90538
1.13307
0.0904204
0.117104
0.148667
0.174638
0.196296
0.214898
0.231401
0.246498
0.260687
0.274348
0.287795
0.301297
0.315099
0.329427
0.344495
0.360505
0.377649
0.396102
0.416015
0.43751
0.460662
0.485492
0.511946
0.539882
0.569052
0.599095
0.629525
0.659732
0.688986
0.716461
0.741261
0.762483
0.779291
0.79105
0.797531
0.799244
0.799354
0.806071
0.826929
0.872709
0.960382
1.12501
1.42622
1.86059
2.01
1.90736
0.118421
0.130756
0.152506
0.170608
0.185584
0.198254
0.20933
0.219372
0.228795
0.237919
0.247001
0.25626
0.265887
0.276052
0.286917
0.298625
0.311311
0.325091
0.34006
0.356285
0.373793
0.392563
0.412515
0.433494
0.455264
0.477502
0.49979
0.521618
0.542397
0.56148
0.578191
0.591884
0.602022
0.608301
0.610844
0.610518
0.60989
0.614719
0.631962
0.670787
0.743054
0.872423
1.11473
1.54712
2.00164
2.52981
0.142348
0.14544
0.160564
0.173361
0.183986
0.192933
0.200709
0.20775
0.214401
0.220934
0.227569
0.234489
0.241855
0.249805
0.258464
0.267943
0.278338
0.289729
0.302171
0.315692
0.330281
0.345884
0.36239
0.379627
0.397352
0.415246
0.43292
0.449914
0.465717
0.479782
0.491571
0.500601
0.506529
0.509267
0.509168
0.507326
0.506266
0.51098
0.5284
0.567915
0.640547
0.762855
0.979452
1.39854
2.02984
3.06602
0.163818
0.159221
0.169562
0.178448
0.185846
0.192068
0.197475
0.202407
0.207147
0.211924
0.216928
0.222316
0.228222
0.23476
0.242032
0.250122
0.259099
0.269012
0.279886
0.291718
0.304467
0.318047
0.332324
0.347102
0.362129
0.377087
0.391602
0.405249
0.417571
0.428105
0.436416
0.442156
0.445136
0.44544
0.443599
0.44088
0.43988
0.445375
0.464583
0.507982
0.588846
0.724183
0.950758
1.37683
2.10758
3.59334
0.183201
0.171432
0.178231
0.184202
0.189117
0.193211
0.196774
0.200081
0.203369
0.206832
0.210631
0.214901
0.219756
0.22529
0.231583
0.238699
0.246683
0.255561
0.265331
0.275963
0.287389
0.299499
0.312134
0.325082
0.338077
0.350805
0.362902
0.373975
0.383617
0.391435
0.39709
0.400349
0.401158
0.399748
0.3968
0.393724
0.393216
0.40007
0.421979
0.470966
0.564
0.72333
0.985478
1.44692
2.24085
4.12283
0.200546
0.181926
0.186039
0.189854
0.192852
0.195252
0.197327
0.199324
0.201446
0.203863
0.206713
0.210111
0.214152
0.218915
0.224461
0.230835
0.238062
0.246147
0.255065
0.264763
0.27515
0.286092
0.29741
0.308878
0.320223
0.331128
0.341247
0.350216
0.357674
0.363297
0.366833
0.368153
0.367326
0.364709
0.361111
0.358062
0.358365
0.366949
0.39212
0.447738
0.555253
0.744734
1.05856
1.58192
2.43722
4.76751
0.215848
0.190775
0.192795
0.195019
0.196549
0.197601
0.198464
0.199383
0.200544
0.2021
0.204172
0.206859
0.210241
0.21438
0.219323
0.225097
0.231711
0.239148
0.247366
0.256289
0.265806
0.275763
0.285964
0.296171
0.306105
0.315455
0.323889
0.331072
0.336692
0.340488
0.342291
0.342069
0.339995
0.33654
0.332617
0.329855
0.331166
0.341668
0.370372
0.43316
0.556435
0.779557
1.15488
1.7612
2.69839
5.55299
0.229168
0.198136
0.198468
0.199514
0.199927
0.199915
0.199797
0.199825
0.200187
0.201023
0.202444
0.204536
0.207367
0.210986
0.215423
0.220693
0.226787
0.233672
0.241287
0.249538
0.258295
0.267388
0.276606
0.285703
0.294396
0.302379
0.30934
0.314975
0.319018
0.321268
0.321632
0.320168
0.317142
0.313117
0.309091
0.306772
0.309165
0.321599
0.353813
0.423786
0.563068
0.821079
1.26296
1.96735
3.01731
6.46987
0.240677
0.204191
0.203098
0.203255
0.202824
0.201984
0.20108
0.200381
0.200078
0.200312
0.201185
0.202775
0.205138
0.208313
0.212317
0.217151
0.222792
0.229192
0.236273
0.243924
0.252
0.260315
0.26865
0.276747
0.284326
0.291091
0.296746
0.30102
0.303691
0.304619
0.303778
0.301306
0.297549
0.293145
0.289157
0.287345
0.290782
0.304993
0.340403
0.416997
0.571349
0.86298
1.37155
2.18256
3.37776
7.49683
0.250638
0.209121
0.206754
0.206216
0.205149
0.203675
0.202153
0.200869
0.200024
0.199758
0.200173
0.201338
0.203303
0.206096
0.209725
0.214178
0.219418
0.225383
0.231982
0.239089
0.246544
0.25415
0.261676
0.268864
0.275433
0.281098
0.285584
0.288651
0.290121
0.289908
0.288051
0.284755
0.280433
0.275783
0.271906
0.270591
0.274938
0.290625
0.328637
0.410711
0.577902
0.898924
1.46834
2.38585
3.75385
8.59211
0.259368
0.213094
0.209512
0.208404
0.206855
0.204905
0.202911
0.20117
0.199892
0.19922
0.199255
0.200066
0.201694
0.20416
0.207463
0.211579
0.216462
0.222036
0.228196
0.234804
0.241687
0.24864
0.255423
0.261776
0.267422
0.272089
0.275521
0.277512
0.277924
0.27672
0.273999
0.270023
0.265261
0.260448
0.256707
0.25582
0.260873
0.27762
0.317421
0.403337
0.579918
0.922898
1.53999
2.55199
4.10935
9.68971
0.267182
0.216254
0.211448
0.209843
0.207927
0.205629
0.203287
0.201202
0.199588
0.198596
0.198327
0.198847
0.200194
0.202383
0.205404
0.209225
0.213788
0.219008
0.224767
0.230916
0.237271
0.243619
0.249716
0.255299
0.260099
0.263855
0.266334
0.26736
0.266833
0.264765
0.261304
0.256761
0.251648
0.246723
0.243107
0.242546
0.248055
0.26538
0.306019
0.393816
0.575436
0.929969
1.57352
2.65268
4.3981
10.7016
0.274356
0.218724
0.212638
0.210574
0.208372
0.205827
0.203241
0.200909
0.19905
0.197816
0.197311
0.1976
0.198719
0.200677
0.203458
0.207022
0.211302
0.216202
0.221594
0.22732
0.233187
0.238974
0.244434
0.249306
0.253327
0.25625
0.257863
0.258018
0.256656
0.253829
0.249729
0.244709
0.23931
0.234301
0.230778
0.230424
0.236142
0.253531
0.293993
0.381531
0.563389
0.9177
1.56047
2.6622
4.56339
11.5262
0.281118
0.220597
0.213148
0.210645
0.208214
0.205501
0.202757
0.200264
0.198237
0.196833
0.196155
0.19627
0.19721
0.198981
0.201561
0.204904
0.208934
0.213546
0.218604
0.223941
0.229357
0.234624
0.239494
0.243708
0.24701
0.249166
0.249989
0.249358
0.247247
0.243749
0.239093
0.233668
0.228033
0.222952
0.219486
0.219228
0.224928
0.241875
0.281067
0.365962
0.543478
0.892347
1.51847
2.58708
4.54167
12.0718
0.0958673
0.194311
0.272719
0.330413
0.370856
0.396883
0.411677
0.41892
0.421447
0.421222
0.419489
0.416983
0.414185
0.411464
0.409087
0.407144
0.405559
0.404198
0.402967
0.401816
0.400726
0.399679
0.398639
0.397541
0.39627
0.394666
0.392515
0.389518
0.385263
0.379184
0.370509
0.358191
0.340799
0.316369
0.282156
0.234141
0.166596
0.0536953
0.102592
0.141033
0.180905
0.209381
0.228873
0.240809
0.24667
0.248617
0.248417
0.247247
0.245772
0.244318
0.243049
0.242077
0.241462
0.241165
0.241062
0.241025
0.240973
0.240874
0.240727
0.240538
0.240306
0.240013
0.239615
0.23904
0.238184
0.236893
0.234947
0.232028
0.227691
0.221308
0.212007
0.19858
0.179396
0.152388
0.115816
0.0789761
0.13027
0.133923
0.160979
0.180483
0.19305
0.199566
0.201331
0.20023
0.197843
0.195199
0.192835
0.190954
0.189594
0.188737
0.188326
0.188257
0.188385
0.188581
0.188764
0.188895
0.188968
0.188988
0.18896
0.188878
0.188722
0.188452
0.18801
0.1873
0.186183
0.184449
0.181796
0.177785
0.171799
0.162981
0.150218
0.132339
0.109579
0.101664
0.159473
0.140384
0.161088
0.175994
0.184371
0.187056
0.1855
0.181646
0.177079
0.17279
0.169249
0.166582
0.164738
0.163601
0.163034
0.162877
0.162967
0.163165
0.163381
0.163566
0.163705
0.163798
0.163846
0.163852
0.163804
0.163682
0.163449
0.163047
0.16238
0.161301
0.159594
0.156936
0.15287
0.146767
0.137864
0.125601
0.111639
0.124877
0.1917
0.153701
0.170699
0.182584
0.187546
0.186639
0.181704
0.174929
0.167987
0.161857
0.156945
0.153296
0.150773
0.149176
0.148294
0.147921
0.147865
0.147975
0.148147
0.14832
0.148468
0.148584
0.148667
0.148719
0.148736
0.148709
0.148617
0.148422
0.148061
0.147432
0.146376
0.144654
0.141925
0.137738
0.1316
0.123431
0.11606
0.146667
0.227923
0.172158
0.186958
0.196565
0.19822
0.19344
0.184705
0.17461
0.164972
0.156754
0.150279
0.14549
0.142151
0.139976
0.138683
0.138016
0.137755
0.137727
0.137813
0.137938
0.138066
0.13818
0.138277
0.138356
0.13842
0.138464
0.138479
0.138446
0.138323
0.138041
0.137486
0.136485
0.13479
0.13209
0.128118
0.123186
0.121128
0.166614
0.268874
0.195616
0.209329
0.217067
0.21515
0.205853
0.192612
0.178602
0.165828
0.155216
0.146965
0.140881
0.136608
0.133763
0.131987
0.130971
0.130462
0.130261
0.130232
0.130286
0.130374
0.130471
0.130567
0.130663
0.130762
0.130864
0.13097
0.131072
0.131148
0.131153
0.131011
0.130601
0.129753
0.128273
0.126078
0.123816
0.126204
0.184736
0.315205
0.224928
0.238575
0.24464
0.23849
0.223592
0.204792
0.186044
0.169562
0.15618
0.145908
0.138368
0.13305
0.129453
0.127135
0.125727
0.124935
0.124535
0.12437
0.124334
0.124367
0.124434
0.124521
0.124626
0.124751
0.124903
0.125089
0.125309
0.125557
0.12581
0.126022
0.126115
0.125985
0.125535
0.124842
0.124835
0.131025
0.201162
0.368088
0.262538
0.277044
0.281225
0.26945
0.247153
0.221241
0.196632
0.175705
0.159094
0.146523
0.137354
0.130879
0.126456
0.123544
0.121706
0.120605
0.119984
0.119665
0.119525
0.11949
0.119518
0.119588
0.119695
0.119842
0.120037
0.120293
0.12062
0.121022
0.121494
0.122015
0.122546
0.123036
0.123474
0.124069
0.125996
0.135489
0.21605
0.430919
0.31468
0.329982
0.330794
0.310457
0.277705
0.242367
0.210364
0.184051
0.163657
0.148464
0.137478
0.129735
0.124417
0.120864
0.118566
0.117133
0.116274
0.115786
0.115531
0.115419
0.1154
0.115446
0.11555
0.115713
0.115947
0.116266
0.116689
0.117229
0.117897
0.118694
0.119611
0.120646
0.121857
0.123568
0.127172
0.139567
0.229572
0.513499
0.397196
0.408365
0.400605
0.36554
0.317121
0.268907
0.227427
0.194532
0.16969
0.151512
0.138508
0.129383
0.123103
0.11887
0.116086
0.114302
0.113192
0.112525
0.112144
0.111949
0.111876
0.111893
0.111989
0.112164
0.112431
0.112808
0.113318
0.113985
0.11483
0.115874
0.117134
0.11865
0.12054
0.123227
0.128297
0.143265
0.241886
0.6421
0.549137
0.533967
0.502864
0.44071
0.36801
0.301884
0.248136
0.207166
0.177089
0.155513
0.140278
0.129658
0.122354
0.117406
0.114115
0.111967
0.110594
0.10974
0.109228
0.108942
0.108811
0.108795
0.108879
0.109063
0.109359
0.109789
0.110379
0.111161
0.112167
0.113433
0.115001
0.116944
0.119433
0.122978
0.12934
0.14661
0.253143
0.882214
0.856882
0.746406
0.656098
0.54391
0.433585
0.342521
0.272889
0.222012
0.185786
0.160358
0.142665
0.130437
0.122052
0.116361
0.112545
0.110022
0.108381
0.107335
0.106686
0.106306
0.106113
0.106061
0.10613
0.106319
0.106641
0.107118
0.107781
0.108669
0.109822
0.111289
0.113134
0.115457
0.118477
0.122782
0.13029
0.149635
0.263485
1.38293
1.47531
1.10732
0.884514
0.683949
0.517251
0.392096
0.3021
0.23915
0.195737
0.165963
0.145577
0.13163
0.122111
0.115651
0.111299
0.108394
0.106479
0.105238
0.10445
0.103973
0.103716
0.103624
0.103676
0.103868
0.104212
0.104732
0.105463
0.106447
0.107734
0.109385
0.111478
0.114141
0.117634
0.122613
0.131145
0.152378
0.273044
2.45014
2.56943
1.68559
1.20839
0.868038
0.62188
0.451696
0.33612
0.258643
0.206904
0.172263
0.148945
0.13317
0.122471
0.11522
0.110319
0.107027
0.104838
0.103399
0.102471
0.101896
0.101571
0.10144
0.101472
0.101664
0.102027
0.102586
0.103379
0.104452
0.105861
0.107677
0.109994
0.112963
0.116878
0.122458
0.131912
0.154876
0.281942
5.07918
4.22182
2.49721
1.63053
1.09879
0.748944
0.521905
0.375111
0.280487
0.219234
0.179195
0.152713
0.135008
0.123086
0.115023
0.109566
0.105885
0.103418
0.101781
0.100712
0.100037
0.0996457
0.099472
0.0994834
0.0996728
0.100052
0.100646
0.101496
0.102649
0.10417
0.106136
0.108656
0.111899
0.116192
0.122311
0.132598
0.157165
0.290298
0.287937
0.22211
0.213043
0.209979
0.207275
0.20439
0.201502
0.198862
0.19668
0.19511
0.194255
0.194183
0.194922
0.196474
0.19881
0.201874
0.20558
0.209813
0.214425
0.219237
0.224039
0.228599
0.232665
0.235983
0.23831
0.239431
0.239189
0.237502
0.234391
0.229996
0.224595
0.218611
0.212616
0.207348
0.203783
0.203344
0.208462
0.223876
0.259221
0.336159
0.502463
0.85758
1.50213
2.46447
4.12003
8.7702
0.29926
0.223706
0.21155
0.207375
0.204201
0.201122
0.198157
0.195483
0.193274
0.191666
0.190756
0.190603
0.191231
0.192634
0.194775
0.197589
0.200977
0.204811
0.208931
0.213146
0.217238
0.220967
0.224085
0.226345
0.227522
0.227431
0.225954
0.22306
0.218827
0.213457
0.207279
0.200753
0.19445
0.189061
0.185434
0.18473
0.188843
0.201483
0.230804
0.296578
0.453904
0.863001
1.62095
2.50935
3.79749
6.6623
0.310476
0.224491
0.209007
0.203528
0.19978
0.196478
0.193466
0.190832
0.188697
0.18717
0.186329
0.18622
0.18686
0.188233
0.190292
0.192962
0.196136
0.199673
0.203403
0.207126
0.210615
0.213628
0.21592
0.217253
0.21742
0.216269
0.213722
0.209797
0.204629
0.198479
0.191728
0.184869
0.178479
0.173211
0.169807
0.169204
0.172906
0.183713
0.209187
0.27709
0.440494
0.929525
1.64577
2.72283
3.71361
5.3904
0.321773
0.224736
0.205843
0.198925
0.194487
0.190887
0.187797
0.185206
0.183179
0.181786
0.181081
0.181093
0.181824
0.183247
0.185306
0.187916
0.190957
0.194281
0.197707
0.201024
0.204002
0.206395
0.20796
0.208471
0.207745
0.205657
0.202174
0.197368
0.191435
0.184698
0.177599
0.170673
0.164517
0.159767
0.157102
0.157386
0.161617
0.172145
0.200448
0.339414
0.991005
1.35245
1.78219
2.69911
3.72852
4.54726
0.333268
0.224636
0.202374
0.193937
0.188716
0.184735
0.181507
0.178925
0.176993
0.17574
0.175191
0.175354
0.176215
0.177734
0.179844
0.182447
0.185415
0.188587
0.191773
0.194754
0.197292
0.19914
0.200059
0.199835
0.198306
0.195385
0.191084
0.185539
0.179015
0.171909
0.164732
0.158078
0.15258
0.14888
0.147673
0.149415
0.154842
0.169783
0.499854
0.863023
1.18054
1.57887
1.96305
2.61834
3.73947
3.9889
0.344986
0.224317
0.198802
0.188823
0.182761
0.178337
0.174912
0.172289
0.170415
0.169277
0.168872
0.169183
0.170181
0.17181
0.17399
0.176614
0.179542
0.182603
0.185594
0.188288
0.190441
0.191802
0.192137
0.191245
0.18899
0.185326
0.180323
0.174186
0.167265
0.160046
0.153121
0.147155
0.142824
0.140804
0.141405
0.144818
0.15592
0.52231
0.836774
1.06132
1.3418
1.76107
2.21054
2.68916
3.68495
3.7385
0.356905
0.22386
0.195238
0.183742
0.176825
0.171925
0.16826
0.165553
0.163694
0.162634
0.16234
0.162774
0.16389
0.165618
0.167866
0.170516
0.173417
0.176385
0.179208
0.181649
0.183454
0.184371
0.184169
0.182664
0.179752
0.175433
0.169847
0.163284
0.156193
0.149162
0.142877
0.138072
0.135465
0.135377
0.137784
0.147342
0.500508
0.816143
0.989324
1.1425
1.38684
1.80956
2.37134
2.8843
3.52539
3.685
0.36899
0.223315
0.191737
0.178779
0.171034
0.165657
0.161737
0.158916
0.157037
0.156015
0.155791
0.156311
0.157511
0.15931
0.161607
0.16427
0.167138
0.170018
0.172686
0.174891
0.176374
0.176878
0.176177
0.174108
0.170602
0.165721
0.159684
0.152886
0.145889
0.139393
0.134179
0.13103
0.13038
0.132116
0.139504
0.438453
0.761673
0.919162
1.00399
1.10624
1.31611
1.7299
2.37883
3.08155
3.57361
3.62974
0.381226
0.222718
0.188314
0.173976
0.165461
0.159641
0.155473
0.152528
0.150602
0.149582
0.149388
0.14995
0.151193
0.153026
0.155338
0.15799
0.16081
0.163594
0.166106
0.168086
0.169263
0.169377
0.168211
0.165625
0.161594
0.156253
0.149919
0.143107
0.136504
0.130925
0.127213
0.12599
0.127135
0.132468
0.374807
0.698892
0.855286
0.912903
0.943911
1.01161
1.18694
1.56206
2.21806
3.08354
3.7477
3.70447
0.393644
0.222106
0.184972
0.16935
0.16015
0.153946
0.14956
0.146494
0.144507
0.143459
0.143255
0.143815
0.145055
0.146878
0.149166
0.151773
0.15452
0.157193
0.159543
0.161301
0.162184
0.161931
0.160333
0.157279
0.152801
0.14712
0.14067
0.1341
0.128233
0.123971
0.122095
0.122689
0.125858
0.319288
0.643622
0.808704
0.857759
0.857233
0.856216
0.898273
1.03665
1.3502
1.93779
2.82705
3.73332
4.06567
0.406353
0.221525
0.181702
0.16491
0.155131
0.148619
0.144059
0.140889
0.138831
0.13773
0.13748
0.137993
0.139182
0.140947
0.143167
0.145692
0.148335
0.150876
0.153055
0.15459
0.155192
0.154595
0.152603
0.149141
0.144308
0.138429
0.132073
0.12604
0.121281
0.118737
0.118727
0.121396
0.212833
0.57934
0.776761
0.830803
0.817014
0.783563
0.762937
0.784826
0.88789
1.13342
1.61173
2.39664
3.37682
4.14287
0.419597
0.221042
0.178505
0.160668
0.150434
0.143703
0.13902
0.135763
0.133629
0.132449
0.132114
0.132534
0.133623
0.135281
0.137385
0.139785
0.142292
0.144676
0.146672
0.147987
0.148322
0.147411
0.145072
0.141273
0.136195
0.130285
0.124264
0.119087
0.115794
0.115022
0.116734
0.134305
0.480414
0.730383
0.812954
0.803624
0.756655
0.705852
0.673631
0.68065
0.754102
0.937767
1.3004
1.91687
2.77495
3.66418
0.433821
0.220746
0.1754
0.156661
0.146103
0.13924
0.13448
0.131149
0.128927
0.12764
0.12718
0.12746
0.128398
0.129896
0.131836
0.134066
0.136398
0.1386
0.140401
0.141498
0.141587
0.1404
0.137774
0.133728
0.128538
0.122791
0.117378
0.113384
0.111726
0.112468
0.118029
0.392876
0.676875
0.79265
0.800553
0.754356
0.689998
0.630826
0.592697
0.589999
0.641146
0.775155
1.03765
1.48297
2.12652
2.86953
0.449766
0.220729
0.172444
0.152959
0.1422
0.135275
0.130467
0.127063
0.124732
0.123304
0.122675
0.122767
0.123501
0.124787
0.126509
0.128523
0.13064
0.132632
0.134224
0.13511
0.13498
0.133568
0.130731
0.126547
0.121402
0.116043
0.111537
0.109032
0.108972
0.110846
0.300826
0.628956
0.787189
0.809444
0.767078
0.697458
0.62385
0.561747
0.521906
0.513896
0.549602
0.646907
0.832644
1.138
1.57386
2.08751
0.468548
0.221017
0.169758
0.149677
0.1388
0.131848
0.126994
0.123498
0.121027
0.119418
0.118577
0.118432
0.118912
0.119933
0.121386
0.123133
0.124994
0.126744
0.128113
0.128796
0.128482
0.126908
0.123955
0.119764
0.114846
0.110125
0.106817
0.105874
0.107363
0.128573
0.510088
0.756684
0.823279
0.791509
0.72008
0.637771
0.56092
0.500069
0.461707
0.451639
0.477156
0.54855
0.679401
0.883698
1.16246
1.48177
0.491743
0.22154
0.167561
0.146957
0.135968
0.128972
0.124043
0.120418
0.11777
0.115942
0.114848
0.114424
0.114605
0.115313
0.116449
0.11788
0.11944
0.120914
0.122045
0.122534
0.122076
0.120416
0.11746
0.113418
0.108937
0.105122
0.103223
0.103668
0.107218
0.390754
0.70744
0.826874
0.819904
0.753131
0.665475
0.578581
0.503447
0.44643
0.411396
0.40146
0.420407
0.473721
0.566543
0.702626
0.87696
1.06577
0.521623
0.222583
0.166222
0.144925
0.133718
0.126605
0.121548
0.117756
0.114896
0.11282
0.111446
0.110714
0.110563
0.110922
0.111698
0.112771
0.113987
0.11515
0.116022
0.116323
0.115766
0.114106
0.111275
0.107554
0.103742
0.101102
0.100683
0.102718
0.188347
0.608031
0.816234
0.848138
0.793082
0.703809
0.609202
0.522945
0.452182
0.400553
0.369853
0.36121
0.375987
0.416333
0.48298
0.574296
0.683321
0.79328
0.5619
0.226605
0.166016
0.143591
0.131974
0.124635
0.119397
0.11541
0.112328
0.109998
0.108338
0.10729
0.106795
0.106786
0.107176
0.107859
0.108696
0.109516
0.110107
0.110225
0.109608
0.108037
0.105465
0.10225
0.0993366
0.0979909
0.0987672
0.106362
0.469107
0.781093
0.870856
0.836704
0.750327
0.650082
0.554317
0.471991
0.407305
0.361833
0.335784
0.328863
0.340822
0.37161
0.419999
0.481984
0.550838
0.614837
0.60639
0.233295
0.16643
0.142492
0.130428
0.122876
0.117444
0.113275
0.109995
0.107437
0.105518
0.104174
0.103348
0.102976
0.10298
0.103263
0.103707
0.104165
0.104461
0.104395
0.103752
0.102346
0.10016
0.0976276
0.0957922
0.095735
0.0973396
0.282531
0.694116
0.877488
0.880323
0.802364
0.699042
0.59515
0.502438
0.426283
0.368622
0.329473
0.3079
0.302654
0.312485
0.33607
0.371412
0.413893
0.457776
0.494898
0.643962
0.241113
0.166629
0.141111
0.128705
0.121059
0.115556
0.111271
0.107858
0.105137
0.103014
0.101425
0.100313
0.0996177
0.0992673
0.0991768
0.0992452
0.0993526
0.09936
0.0991166
0.0984701
0.0972843
0.0955821
0.0938803
0.0931939
0.0941582
0.102751
0.512845
0.839458
0.910285
0.853837
0.752637
0.643029
0.541242
0.454636
0.38603
0.335711
0.302602
0.285024
0.281164
0.289226
0.307295
0.332976
0.362237
0.390223
0.411264
0.662134
0.249371
0.165766
0.13909
0.126651
0.119088
0.113648
0.109366
0.105915
0.103116
0.100871
0.0991143
0.0977903
0.0968439
0.0962113
0.0958183
0.0955801
0.0954006
0.0951765
0.0948065
0.0942016
0.0932701
0.092075
0.0912565
0.0916832
0.094202
0.236497
0.706375
0.894801
0.888659
0.80291
0.693705
0.585751
0.490198
0.411643
0.351185
0.308012
0.28036
0.266149
0.263298
0.269784
0.283495
0.301982
0.322009
0.339579
0.350715
0.672046
0.27308
0.163608
0.136472
0.124454
0.117172
0.11187
0.107664
0.10424
0.101432
0.0991398
0.097299
0.0958561
0.0947606
0.0939583
0.0933875
0.0929787
0.0926572
0.0923485
0.0919812
0.0914952
0.0907985
0.0900192
0.0899479
0.0914343
0.109129
0.532248
0.830099
0.890769
0.837585
0.739745
0.63168
0.530317
0.443446
0.37384
0.321481
0.284888
0.261952
0.250444
0.248232
0.253272
0.26348
0.276578
0.289958
0.300522
0.305383
0.746196
0.305179
0.168555
0.135379
0.122713
0.115595
0.110477
0.106382
0.103027
0.10025
0.0979625
0.0961065
0.0946326
0.0934922
0.0926416
0.0920308
0.0915989
0.0912694
0.0910033
0.0907606
0.090515
0.0900802
0.0894926
0.0905881
0.0981603
0.34971
0.700942
0.846736
0.843956
0.771023
0.672395
0.570977
0.478938
0.401842
0.341252
0.296469
0.265675
0.246666
0.237244
0.235356
0.23906
0.246425
0.255436
0.263956
0.269689
0.270481
0.85057
0.348654
0.228872
0.151879
0.12498
0.115948
0.11059
0.10635
0.102658
0.0997704
0.0974706
0.0956288
0.0941876
0.0930919
0.0923167
0.0918365
0.0915793
0.091457
0.0914314
0.0916841
0.0927552
0.0946897
0.0935933
0.10823
0.327772
0.59647
0.771781
0.817402
0.780022
0.700864
0.607062
0.514779
0.433019
0.365725
0.313614
0.27559
0.249731
0.233895
0.226022
0.224214
0.226695
0.231735
0.237602
0.242556
0.244877
0.242985
0.867512
0.408565
0.237584
0.167379
0.138377
0.124501
0.11627
0.110168
0.104726
0.100835
0.0982741
0.0963974
0.0950863
0.0942899
0.0941834
0.095484
0.101655
0.116697
0.135104
0.158335
0.188351
0.227996
0.28768
0.397752
0.566098
0.712605
0.783658
0.776165
0.717994
0.636132
0.5481
0.465066
0.393213
0.335003
0.290458
0.258245
0.236467
0.223132
0.216369
0.214467
0.215839
0.218969
0.222392
0.224702
0.224594
0.220915
0.796179
0.366842
0.237531
0.175756
0.146528
0.131505
0.122817
0.11735
0.114074
0.112542
0.112423
0.1137
0.116562
0.121271
0.128201
0.137911
0.151472
0.170832
0.197691
0.234011
0.282254
0.346096
0.433218
0.546874
0.664702
0.74556
0.764766
0.729057
0.660122
0.578421
0.496581
0.422269
0.359417
0.309239
0.271202
0.243847
0.225372
0.21397
0.207971
0.205858
0.206235
0.207791
0.209296
0.209621
0.207774
0.202925
0.744636
0.338395
0.231905
0.17909
0.15176
0.136926
0.128674
0.124267
0.122467
0.122729
0.124887
0.129047
0.135478
0.144561
0.156823
0.17297
0.193967
0.221177
0.256414
0.301981
0.360326
0.433758
0.521279
0.614805
0.693742
0.734151
0.725563
0.676722
0.605066
0.526882
0.451986
0.385906
0.331065
0.28781
0.255244
0.231871
0.216024
0.206087
0.200587
0.198191
0.197682
0.197936
0.197926
0.196748
0.193647
0.188045
0.73452
0.325275
0.225437
0.179217
0.154884
0.141528
0.134431
0.131327
0.13112
0.133333
0.137854
0.144798
0.154435
0.167162
0.18354
0.204312
0.230458
0.263229
0.304117
0.354903
0.416243
0.487439
0.563707
0.634404
0.684042
0.698903
0.675489
0.622229
0.553058
0.480872
0.413519
0.355196
0.307427
0.270059
0.242023
0.22187
0.208084
0.199237
0.194036
0.191315
0.19002
0.189193
0.187979
0.185655
0.181649
0.175566
0.748482
0.317472
0.218817
0.177378
0.156241
0.145053
0.139718
0.13832
0.139934
0.144165
0.150937
0.160377
0.172753
0.188451
0.208015
0.232115
0.261638
0.2976
0.340823
0.391951
0.450417
0.51349
0.575032
0.625397
0.653775
0.652618
0.621848
0.568992
0.505106
0.440185
0.380511
0.329373
0.287789
0.255381
0.231059
0.21348
0.20129
0.193234
0.188179
0.185112
0.183121
0.181391
0.179214
0.176012
0.171357
0.164987
0.776318
0.312842
0.213364
0.175033
0.156573
0.147559
0.144137
0.144575
0.148057
0.154244
0.163078
0.174686
0.18932
0.207321
0.229204
0.255445
0.28666
0.323453
0.366135
0.414401
0.46666
0.519334
0.566456
0.60035
0.613815
0.602984
0.569381
0.519479
0.462087
0.404725
0.352406
0.307759
0.271521
0.243256
0.221954
0.206413
0.195438
0.187933
0.182909
0.179485
0.176875
0.174387
0.171436
0.167561
0.162445
0.155926
0.810567
0.310343
0.20982
0.17331
0.156745
0.149498
0.147764
0.149877
0.155063
0.163
0.173616
0.187025
0.203433
0.223076
0.246311
0.2735
0.304974
0.340915
0.381112
0.424613
0.46929
0.511482
0.546068
0.567346
0.570718
0.554486
0.520818
0.475136
0.424424
0.374277
0.328684
0.289758
0.258079
0.233249
0.214384
0.200436
0.190368
0.183222
0.17814
0.174355
0.171192
0.168063
0.164486
0.160095
0.15466
0.148091
0.846181
0.30953
0.208364
0.172798
0.157393
0.151372
0.150915
0.15436
0.160931
0.170297
0.182331
0.19708
0.214674
0.235282
0.259101
0.286299
0.31694
0.350852
0.387425
0.425344
0.462336
0.495079
0.519482
0.5315
0.528341
0.509555
0.477447
0.43649
0.392065
0.34846
0.308811
0.274827
0.246995
0.224992
0.208077
0.195359
0.185946
0.179008
0.173798
0.169653
0.165991
0.162316
0.158231
0.153447
0.147802
0.141257
0.880394
0.310721
0.208895
0.173635
0.15881
0.153514
0.153893
0.158261
0.165813
0.176169
0.18917
0.204786
0.223056
0.24404
0.267785
0.294269
0.323321
0.354505
0.38696
0.419233
0.449164
0.473942
0.490454
0.495937
0.488807
0.469297
0.439593
0.403323
0.364604
0.326756
0.292248
0.262471
0.237855
0.218163
0.202798
0.191015
0.182055
0.175204
0.169815
0.165313
0.161201
0.157059
0.152561
0.147482
0.141709
0.135244
0.912543
0.314562
0.211134
0.175667
0.161002
0.156024
0.156829
0.161709
0.16983
0.180765
0.1943
0.21033
0.228801
0.249657
0.272806
0.29806
0.325066
0.35321
0.381514
0.408539
0.432371
0.450745
0.46137
0.462428
0.453115
0.434005
0.407048
0.375154
0.341473
0.30859
0.278463
0.252232
0.230288
0.21248
0.198338
0.187254
0.178588
0.171731
0.166125
0.161275
0.156756
0.152215
0.147383
0.142087
0.136254
0.129909
0.939827
0.319679
0.214168
0.178366
0.163671
0.158761
0.159698
0.164763
0.173098
0.18424
0.19792
0.213962
0.232222
0.252542
0.274709
0.298402
0.323142
0.348217
0.372625
0.395036
0.413829
0.427237
0.433622
0.43183
0.421545
0.403478
0.379307
0.351353
0.322035
0.293381
0.26695
0.243688
0.223958
0.20768
0.1945
0.183929
0.175436
0.168505
0.16266
0.157478
0.152594
0.147713
0.142616
0.137171
0.131331
0.12514
0.960282
0.324146
0.217285
0.181276
0.166508
0.161532
0.162404
0.167409
0.175676
0.186714
0.20021
0.215926
0.233643
0.253117
0.274038
0.295993
0.318423
0.340583
0.361507
0.380018
0.394784
0.404459
0.407894
0.404394
0.393929
0.377232
0.355719
0.331234
0.305648
0.280563
0.257233
0.23645
0.218553
0.203521
0.191098
0.180899
0.172492
0.165445
0.159354
0.15386
0.148655
0.143492
0.138192
0.132654
0.126854
0.120843
0.973986
0.327507
0.220068
0.184048
0.169232
0.164129
0.164813
0.169582
0.177567
0.188259
0.201309
0.216435
0.233357
0.251766
0.271284
0.291438
0.311635
0.331134
0.349045
0.364353
0.375985
0.382929
0.384395
0.379989
0.36984
0.354644
0.335575
0.314103
0.291688
0.269605
0.248873
0.230161
0.213786
0.199775
0.187953
0.178027
0.16965
0.162466
0.156138
0.150365
0.144885
0.139496
0.134051
0.128473
0.122753
0.116944
0.981097
0.329556
0.222248
0.186413
0.171607
0.166359
0.166781
0.171197
0.178745
0.188909
0.201319
0.215658
0.231607
0.248811
0.266851
0.285226
0.303333
0.320469
0.335834
0.348566
0.35781
0.362808
0.363027
0.358263
0.348725
0.335037
0.318172
0.299301
0.279574
0.260018
0.241468
0.224493
0.209393
0.196231
0.1849
0.175182
0.166807
0.159488
0.152949
0.146936
0.141235
0.135675
0.130141
0.124572
0.118968
0.113382
0.981855
0.330184
0.22365
0.188182
0.173447
0.168057
0.168177
0.172164
0.17917
0.188678
0.200309
0.213727
0.228588
0.244512
0.261061
0.277726
0.293923
0.308997
0.322241
0.33293
0.340381
0.344031
0.343519
0.33876
0.329988
0.317752
0.302849
0.286221
0.26878
0.251361
0.234655
0.219154
0.205138
0.1927
0.181785
0.172243
0.16387
0.156439
0.149726
0.143525
0.137659
0.131989
0.126419
0.120906
0.115453
0.110107
0.976624
0.329371
0.224174
0.189228
0.174621
0.169101
0.1689
0.172411
0.178805
0.187574
0.198337
0.210748
0.224457
0.239073
0.254158
0.269213
0.283685
0.296976
0.308464
0.317543
0.323666
0.326407
0.325523
0.320995
0.313058
0.30218
0.289016
0.274326
0.258843
0.243248
0.22812
0.213888
0.200815
0.189015
0.178478
0.169108
0.160757
0.153254
0.146421
0.140092
0.134124
0.128403
0.122853
0.117439
0.112168
0.107079
0.965914
0.327169
0.223791
0.189489
0.175055
0.169417
0.168886
0.171894
0.177636
0.185615
0.195455
0.206815
0.219345
0.23266
0.246332
0.259887
0.27281
0.284561
0.294597
0.302407
0.307548
0.309695
0.308678
0.304516
0.297423
0.287796
0.27617
0.263162
0.249375
0.235358
0.221602
0.208485
0.196257
0.185045
0.174874
0.165695
0.157408
0.149887
0.142996
0.136606
0.130602
0.124892
0.119415
0.114144
0.109083
0.104266
0.950374
0.323691
0.222527
0.188959
0.174725
0.168978
0.168113
0.170604
0.175671
0.182834
0.191727
0.20202
0.213372
0.225414
0.237739
0.249903
0.261435
0.27185
0.280675
0.287475
0.291887
0.293656
0.29266
0.28893
0.282657
0.274171
0.263909
0.252373
0.24007
0.227438
0.214899
0.202787
0.191339
0.180692
0.1709
0.161948
0.15378
0.146307
0.13943
0.133051
0.127079
0.121441
0.116089
0.110999
0.106175
0.101642
0.930754
0.3191
0.220454
0.187677
0.173656
0.167801
0.166598
0.168567
0.172952
0.179291
0.187233
0.196463
0.206658
0.21747
0.228518
0.239395
0.249672
0.258917
0.266716
0.272698
0.276559
0.278092
0.277205
0.27393
0.26843
0.260977
0.251931
0.2417
0.230708
0.21931
0.20787
0.196688
0.185983
0.175902
0.166516
0.157843
0.149857
0.142505
0.135717
0.129422
0.123549
0.118043
0.112864
0.107993
0.103429
0.0991899
0.907863
0.313587
0.217678
0.185719
0.171908
0.16594
0.164397
0.165843
0.169548
0.175068
0.182072
0.19026
0.199331
0.208963
0.218806
0.228488
0.237625
0.245831
0.252746
0.258047
0.261477
0.262862
0.262127
0.2593
0.254514
0.247993
0.240031
0.230964
0.221145
0.210867
0.200442
0.190138
0.180161
0.170659
0.161719
0.153382
0.145648
0.138491
0.131868
0.125727
0.12002
0.114701
0.109739
0.105117
0.100832
0.0968945
0.882519
0.30736
0.214326
0.183186
0.169571
0.16348
0.161594
0.162519
0.165554
0.170272
0.17636
0.183538
0.191529
0.200036
0.208744
0.217316
0.225408
0.23268
0.238814
0.24353
0.246606
0.247892
0.247322
0.244915
0.240779
0.235094
0.228101
0.220078
0.211321
0.202073
0.192601
0.183142
0.17389
0.16499
0.15654
0.148598
0.141184
0.134295
0.127907
0.121989
0.116505
0.111423
0.106716
0.10237
0.0983792
0.0947462
0.85551
0.300628
0.210536
0.180196
0.166754
0.160526
0.158293
0.158705
0.161084
0.165024
0.170228
0.176438
0.183398
0.19084
0.19848
0.206017
0.213147
0.219567
0.224998
0.229196
0.231966
0.233175
0.232761
0.230736
0.227182
0.222246
0.216121
0.209038
0.201241
0.192959
0.184392
0.175755
0.167229
0.158956
0.15104
0.143548
0.136518
0.129962
0.123874
0.118238
0.113029
0.108224
0.103804
0.0997543
0.0960665
0.0927382
0.827561
0.293589
0.206445
0.176871
0.163574
0.157194
0.154612
0.154521
0.156265
0.159457
0.163817
0.169105
0.17509
0.18153
0.188169
0.194743
0.20098
0.206616
0.211405
0.21513
0.217621
0.218757
0.218481
0.216793
0.213756
0.209486
0.204141
0.19791
0.190997
0.183611
0.175905
0.168071
0.160273
0.152649
0.145303
0.138309
0.131717
0.12555
0.119816
0.11451
0.109618
0.105125
0.101014
0.0972739
0.0938935
0.090866
0.799313
0.286421
0.202181
0.17333
0.16015
0.153603
0.150674
0.150092
0.151228
0.153708
0.157269
0.161689
0.166758
0.172259
0.177966
0.183644
0.189054
0.193964
0.198158
0.201444
0.203672
0.204731
0.204565
0.203169
0.200587
0.196909
0.192263
0.186806
0.180709
0.174152
0.167266
0.160213
0.153141
0.146179
0.13943
0.132972
0.126859
0.121125
0.115787
0.110848
0.106304
0.102145
0.0983593
0.0949349
0.0918608
0.0891264
0.771306
0.279274
0.19786
0.169684
0.156592
0.149869
0.146595
0.145542
0.146099
0.147908
0.15072
0.15433
0.158547
0.163177
0.168019
0.172867
0.177512
0.18175
0.18539
0.188265
0.190239
0.191213
0.191131
0.189981
0.187794
0.18464
0.180621
0.175865
0.170514
0.164722
0.158618
0.152321
0.145965
0.139669
0.133531
0.127631
0.122025
0.116753
0.111839
0.107293
0.103117
0.0993061
0.0958515
0.0927431
0.0899693
0.0875169
0.743977
0.272272
0.193576
0.166028
0.153001
0.146094
0.142485
0.140983
0.140995
0.142178
0.144295
0.147156
0.150587
0.154415
0.158463
0.162548
0.166488
0.170105
0.173231
0.17572
0.177449
0.178328
0.178304
0.17736
0.175515
0.172822
0.169362
0.165239
0.160572
0.155488
0.150115
0.144539
0.138878
0.133239
0.127715
0.122381
0.117295
0.112501
0.108025
0.103885
0.100085
0.0966263
0.093502
0.0907037
0.0882196
0.0860351
0.717655
0.265509
0.189409
0.162442
0.149461
0.14237
0.138439
0.136513
0.136018
0.136622
0.138101
0.140278
0.142992
0.146089
0.149412
0.152802
0.156099
0.159146
0.161798
0.163925
0.165419
0.166197
0.166209
0.165434
0.163882
0.161593
0.15863
0.155076
0.151031
0.146602
0.1419
0.137004
0.132007
0.127005
0.122082
0.117308
0.112742
0.108427
0.104392
0.100657
0.0972332
0.0941215
0.0913196
0.0888199
0.0866111
0.084678
0.692568
0.259053
0.185415
0.158989
0.146041
0.13877
0.134534
0.132214
0.131252
0.131328
0.132227
0.133783
0.13585
0.138288
0.140958
0.14372
0.146435
0.148965
0.151184
0.152976
0.154247
0.154921
0.154951
0.154313
0.153011
0.151073
0.148549
0.145504
0.142021
0.138187
0.134095
0.129835
0.125463
0.121066
0.116719
0.112488
0.108427
0.10458
0.100976
0.0976386
0.0945792
0.0918032
0.0893098
0.087093
0.0851421
0.0834419
0.668851
0.252947
0.181636
0.155715
0.142792
0.135349
0.130829
0.128146
0.126759
0.126358
0.126736
0.127737
0.129226
0.131076
0.133165
0.135367
0.13756
0.139626
0.141453
0.14294
0.144003
0.144574
0.144608
0.14408
0.14299
0.141357
0.139217
0.136624
0.133644
0.130348
0.126816
0.123128
0.119333
0.1155
0.111696
0.107978
0.104399
0.100998
0.0978065
0.0948479
0.0921359
0.0896778
0.0874746
0.0855216
0.083809
0.0823221
0.64657
0.247215
0.178096
0.15265
0.13975
0.132147
0.127366
0.124354
0.122585
0.121757
0.121672
0.122182
0.12316
0.124493
0.126068
0.127776
0.12951
0.131164
0.132641
0.133854
0.134726
0.135198
0.135227
0.134788
0.133877
0.132505
0.1307
0.128504
0.12597
0.123155
0.120126
0.116948
0.113681
0.110365
0.107061
0.10382
0.100689
0.0977056
0.0949007
0.0922969
0.0899095
0.0877472
0.0858125
0.084102
0.0826068
0.081313
0.625738
0.241865
0.17481
0.149811
0.136936
0.129187
0.124171
0.120865
0.118755
0.11755
0.117058
0.117138
0.117671
0.118552
0.11968
0.120958
0.12229
0.123584
0.124755
0.125724
0.126425
0.126805
0.126822
0.126454
0.125693
0.124545
0.12303
0.12118
0.119037
0.116648
0.114066
0.111346
0.108544
0.105694
0.102843
0.100037
0.0973164
0.0947167
0.0922669
0.0899893
0.0879
0.0860086
0.0843187
0.0828282
0.0815291
0.0804083
0.606337
0.236894
0.171778
0.147204
0.134358
0.126481
0.121256
0.117688
0.115279
0.113745
0.112899
0.112606
0.112755
0.113247
0.113991
0.114898
0.115884
0.116867
0.117771
0.118529
0.11908
0.119375
0.119379
0.119068
0.118433
0.117474
0.116208
0.114657
0.112853
0.110836
0.108647
0.106332
0.103936
0.101501
0.0990546
0.0966376
0.0942863
0.0920328
0.0899041
0.0879219
0.0861022
0.0844553
0.0829857
0.0816923
0.080568
0.0796007
0.58833
0.232294
0.168996
0.144827
0.132015
0.124028
0.118619
0.114823
0.112154
0.110334
0.109184
0.108572
0.108392
0.108553
0.10897
0.109562
0.110253
0.110971
0.111649
0.112225
0.112645
0.112867
0.112857
0.112592
0.112061
0.111263
0.110208
0.108912
0.107401
0.105705
0.103857
0.101895
0.0998568
0.0977797
0.095689
0.0936159
0.0915922
0.0896466
0.0878042
0.0860855
0.0845063
0.0830774
0.0818038
0.0806851
0.0797152
0.0788829
0.571668
0.22805
0.166455
0.142673
0.129901
0.121821
0.116253
0.112259
0.109366
0.107302
0.105892
0.105009
0.104552
0.104434
0.104575
0.104903
0.105347
0.105842
0.106328
0.106751
0.107061
0.10722
0.107196
0.106968
0.106524
0.105861
0.104984
0.103905
0.102643
0.101221
0.0996667
0.0980096
0.0962806
0.0945105
0.0927291
0.0909559
0.0892188
0.0875435
0.085953
0.0844665
0.0830996
0.0818627
0.0807616
0.0797963
0.0789616
0.0782468
0.556292
0.224146
0.164143
0.14073
0.128005
0.119848
0.114144
0.10998
0.106895
0.104624
0.102995
0.101885
0.101196
0.100845
0.100757
0.100864
0.101103
0.101414
0.101741
0.102035
0.102253
0.102359
0.102323
0.102126
0.101755
0.101204
0.100476
0.0995788
0.0985267
0.0973376
0.0960329
0.0946361
0.0931724
0.0916678
0.0901483
0.0886335
0.0871444
0.0857038
0.0843325
0.0830486
0.0818669
0.0807977
0.079847
0.0790153
0.0782979
0.0776849
0.542141
0.220566
0.162047
0.138984
0.126311
0.118093
0.112274
0.107966
0.104718
0.102272
0.10046
0.0991604
0.0982788
0.0977352
0.0974589
0.0973856
0.0974558
0.0976144
0.097811
0.0980003
0.0981426
0.0982046
0.0981595
0.0979877
0.0976761
0.0972185
0.0966147
0.0958698
0.0949937
0.094
0.0929053
0.0917287
0.0904903
0.0892118
0.0879146
0.0866201
0.0853434
0.0841046
0.0829224
0.0818137
0.0807922
0.0798682
0.0790476
0.0783314
0.0777151
0.0771897
0.529153
0.217294
0.160154
0.137424
0.124807
0.116539
0.110623
0.106193
0.102808
0.100216
0.0982516
0.0967958
0.0957562
0.0950554
0.0946254
0.0944051
0.0943383
0.0943737
0.0944644
0.0945686
0.0946495
0.0946761
0.0946236
0.0944727
0.0942107
0.0938301
0.093329
0.0927101
0.0919802
0.0911493
0.0902304
0.0892383
0.0881898
0.0871024
0.0859943
0.0848845
0.0837886
0.0827219
0.0817016
0.080743
0.0798592
0.0790601
0.0783514
0.0777342
0.0772045
0.0767539
0.517269
0.214316
0.158454
0.136037
0.123477
0.115171
0.109173
0.104639
0.10114
0.0984267
0.0963363
0.0947526
0.0935845
0.0927563
0.0922022
0.0918635
0.0916866
0.091623
0.0916287
0.0916646
0.0916963
0.0916949
0.0916367
0.0915034
0.0912821
0.0909648
0.0905482
0.0900331
0.0894238
0.0887276
0.0879545
0.0871163
0.0862264
0.0852994
0.0843508
0.0833965
0.0824527
0.0815318
0.080649
0.0798185
0.0790523
0.0783598
0.0777467
0.0772141
0.0767582
0.0763711
0.506437
0.211623
0.156939
0.134814
0.12231
0.113972
0.107905
0.103284
0.0996895
0.0968754
0.0946823
0.0929948
0.0917232
0.0907928
0.0901396
0.0897063
0.0894417
0.0892993
0.0892374
0.089219
0.0892118
0.0891883
0.089126
0.0890073
0.0888194
0.0885538
0.0882062
0.0877759
0.0872655
0.0866802
0.0860274
0.0853165
0.0845583
0.0837652
0.08295
0.0821267
0.0813096
0.0805118
0.0797453
0.0790232
0.0783569
0.0777551
0.0772231
0.0767622
0.0763689
0.0760354
0.496626
0.209214
0.155606
0.133747
0.121294
0.11293
0.106803
0.102109
0.0984339
0.0955375
0.0932611
0.0914904
0.0901361
0.0891248
0.088393
0.0878852
0.0875513
0.0873467
0.0872315
0.0871702
0.0871323
0.0870914
0.0870261
0.0869195
0.0867586
0.0865349
0.0862433
0.0858821
0.0854523
0.0849574
0.0844032
0.083797
0.0831477
0.0824655
0.0817614
0.0810476
0.0803367
0.0796415
0.0789728
0.0783421
0.0777601
0.0772348
0.0767714
0.0763709
0.0760301
0.0757417
0.487845
0.2071
0.154458
0.132833
0.120423
0.112033
0.105853
0.101096
0.0973549
0.0943914
0.0920483
0.0902117
0.0887926
0.0877179
0.0869248
0.0863586
0.0859705
0.0857172
0.0855601
0.0854652
0.0854029
0.0853484
0.0852809
0.0851838
0.0850447
0.0848546
0.0846081
0.0843025
0.0839378
0.0835164
0.0830425
0.0825218
0.0819618
0.0813709
0.0807587
0.0801358
0.0795135
0.0789033
0.0783162
0.0777621
0.0772507
0.0767896
0.0763836
0.0760337
0.0757366
0.0754855
0.480168
0.205312
0.153508
0.132077
0.119693
0.111274
0.105046
0.100234
0.0964372
0.0934196
0.091024
0.0891362
0.0876672
0.0865438
0.0857036
0.0850924
0.0846624
0.0843712
0.0841812
0.0840597
0.0839783
0.0839128
0.0838433
0.0837536
0.0836315
0.083468
0.0832572
0.082996
0.0826836
0.0823212
0.0819121
0.0814607
0.0809733
0.080457
0.0799202
0.0793721
0.078823
0.0782832
0.0777634
0.0772726
0.0768197
0.0764118
0.0760533
0.075745
0.0754839
0.0752633
0.473757
0.203906
0.152783
0.131489
0.119108
0.110651
0.104374
0.099513
0.09567
0.0926091
0.090173
0.0882466
0.0867402
0.0855804
0.0847048
0.0840596
0.0835974
0.0832768
0.0830612
0.0829188
0.0828219
0.0827473
0.0826756
0.0825912
0.082482
0.082339
0.0821562
0.0819299
0.0816587
0.0813433
0.0809858
0.08059
0.0801609
0.0797048
0.079229
0.0787417
0.0782522
0.0777699
0.0773047
0.0768656
0.0764604
0.0760957
0.0757757
0.075501
0.0752687
0.0750724
0.468882
0.202972
0.152327
0.131093
0.11868
0.110169
0.103838
0.0989296
0.0950464
0.0919511
0.0894845
0.0875302
0.0859972
0.0848113
0.08391
0.0832396
0.0827533
0.0824102
0.0821746
0.0820154
0.0819058
0.0818233
0.081749
0.0816679
0.0815679
0.0814402
0.0812786
0.0810791
0.0808399
0.0805611
0.0802441
0.079892
0.0795091
0.0791007
0.0786733
0.0782344
0.0777924
0.0773559
0.0769342
0.0765359
0.0761683
0.0758376
0.0755476
0.0752989
0.0750886
0.0749107
0.465906
0.202638
0.152208
0.130927
0.118428
0.109837
0.103442
0.098484
0.094564
0.0914409
0.0889522
0.086979
0.0854284
0.0842253
0.0833065
0.0826184
0.0821145
0.0817544
0.0815031
0.0813303
0.08121
0.0811203
0.0810429
0.080963
0.080869
0.0807521
0.0806059
0.0804263
0.0802112
0.0799602
0.0796742
0.0793556
0.0790081
0.0786364
0.0782463
0.0778447
0.077439
0.0770376
0.0766489
0.0762812
0.0759417
0.075636
0.0753678
0.0751376
0.0749427
0.0747772
0.465275
0.203073
0.152518
0.131047
0.118388
0.109676
0.103196
0.0981812
0.0942242
0.0910775
0.0885733
0.0865888
0.0850286
0.0838158
0.0828866
0.0821871
0.081671
0.0812984
0.081035
0.0808512
0.0807216
0.0806251
0.0805438
0.0804634
0.0803725
0.0802623
0.0801266
0.0799611
0.0797633
0.0795325
0.0792692
0.0789754
0.078654
0.0783092
0.0779464
0.0775717
0.0771921
0.0768154
0.0764496
0.0761026
0.0757816
0.0754918
0.0752369
0.0750175
0.074831
0.0746719
0.467496
0.204494
0.153385
0.131531
0.118605
0.109714
0.103117
0.0980295
0.094031
0.0908624
0.0883478
0.0863586
0.0847958
0.0835802
0.082647
0.0819416
0.0814181
0.0810369
0.0807644
0.0805716
0.0804339
0.0803308
0.0802449
0.0801623
0.080072
0.0799653
0.0798359
0.0796794
0.0794932
0.0792762
0.0790286
0.0787517
0.0784482
0.0781216
0.0777768
0.0774195
0.0770561
0.0766941
0.0763411
0.0760047
0.0756921
0.0754087
0.075158
0.0749409
0.0747551
0.0745955
0.473136
0.207172
0.154969
0.132472
0.119135
0.10998
0.10322
0.098038
0.0939894
0.0907983
0.0882771
0.0862893
0.0847306
0.0835189
0.0825876
0.0818817
0.0813552
0.0809691
0.0806902
0.0804903
0.0803456
0.0802361
0.0801451
0.0800591
0.0799672
0.0798611
0.0797345
0.0795829
0.0794035
0.0791949
0.0789569
0.0786904
0.0783976
0.0780815
0.0777464
0.0773974
0.0770407
0.0766833
0.0763326
0.0759962
0.0756812
0.0753934
0.0751366
0.0749121
0.0747181
0.0745501
0.48286
0.211445
0.157463
0.133982
0.120037
0.110505
0.10352
0.098213
0.094102
0.0908868
0.0883629
0.0863827
0.0848352
0.0836343
0.0827112
0.0820103
0.0814854
0.081098
0.0808154
0.0806105
0.0804599
0.0803444
0.080248
0.0801576
0.0800626
0.079955
0.0798284
0.0796784
0.079502
0.0792974
0.079064
0.0788025
0.0785143
0.0782018
0.0778689
0.07752
0.0771608
0.0767979
0.0764386
0.0760905
0.075761
0.0754564
0.0751813
0.0749378
0.0747249
0.0745388
0.497522
0.217736
0.161092
0.136171
0.12136
0.111308
0.104022
0.0985528
0.0943664
0.0911263
0.0886049
0.0866401
0.0851123
0.0839301
0.0830224
0.0823326
0.0818143
0.0814295
0.0811464
0.0809385
0.0807836
0.0806629
0.0805612
0.0804659
0.0803669
0.0802562
0.0801277
0.0799769
0.0798006
0.0795968
0.0793645
0.0791037
0.0788152
0.0785009
0.0781637
0.0778074
0.077437
0.0770586
0.0766793
0.0763067
0.0759487
0.0756126
0.0753045
0.0750275
0.0747822
0.0745662
0.518328
0.226576
0.166092
0.139128
0.123125
0.112379
0.104707
0.0990414
0.0947704
0.0915091
0.0889997
0.0870616
0.0855643
0.0844108
0.083527
0.0828553
0.0823494
0.0819718
0.0816919
0.0814838
0.0813264
0.0812018
0.0810955
0.0809955
0.0808921
0.0807777
0.0806462
0.0804932
0.0803153
0.0801103
0.0798766
0.0796138
0.0793219
0.0790018
0.0786554
0.0782856
0.0778963
0.0774927
0.0770815
0.0766703
0.0762677
0.0758824
0.0755226
0.0751938
0.074899
0.0746378
0.547112
0.238628
0.172686
0.142886
0.125293
0.113664
0.105528
0.0996422
0.0952892
0.0920204
0.0895399
0.0876451
0.0861933
0.085081
0.0842316
0.0835865
0.0830998
0.082735
0.0824623
0.0822574
0.0821
0.0819734
0.0818638
0.0817599
0.0816526
0.0815345
0.0814
0.0812446
0.0810647
0.0808578
0.0806221
0.0803563
0.0800596
0.079732
0.0793738
0.0789864
0.0785722
0.0781349
0.07768
0.0772149
0.0767488
0.0762925
0.0758573
0.075453
0.0750864
0.0747604
0.586746
0.254712
0.181017
0.147361
0.127728
0.115043
0.106394
0.100293
0.0958834
0.0926375
0.0902143
0.0883871
0.0870007
0.0859458
0.0851436
0.0845351
0.0840756
0.0837298
0.0834695
0.0832716
0.0831174
0.0829912
0.0828802
0.082774
0.0826641
0.0825437
0.0824071
0.0822501
0.0820692
0.0818616
0.0816249
0.0813573
0.081057
0.0807226
0.0803529
0.079947
0.0795049
0.0790278
0.0785187
0.0779836
0.0774321
0.0768775
0.0763362
0.0758248
0.0753571
0.0749413
0.641855
0.275808
0.191046
0.152264
0.130151
0.116303
0.107161
0.100904
0.096501
0.0933321
0.0910098
0.0892841
0.087989
0.0870112
0.0862711
0.085711
0.0852877
0.084968
0.0847256
0.0845393
0.0843919
0.0842692
0.0841596
0.0840536
0.0839433
0.0838225
0.0836861
0.0835299
0.0833504
0.0831448
0.0829104
0.0826445
0.0823446
0.0820077
0.0816306
0.0812098
0.0807415
0.0802228
0.0796522
0.0790319
0.0783699
0.0776823
0.0769935
0.0763325
0.0757248
0.0751869
0.720265
0.302988
0.202327
0.156969
0.132074
0.117125
0.107639
0.101368
0.0970841
0.0940764
0.091916
0.0903354
0.089163
0.0882851
0.087624
0.0871249
0.0867475
0.0864614
0.0862429
0.0860732
0.0859369
0.0858215
0.0857166
0.0856139
0.0855064
0.0853885
0.0852556
0.0851038
0.0849299
0.0847309
0.084504
0.0842461
0.0839537
0.0836226
0.0832472
0.0828208
0.0823351
0.0817805
0.0811478
0.0804305
0.0796309
0.0787657
0.0778716
0.0770012
0.076201
0.0755005
0.836092
0.337117
0.213579
0.160319
0.13276
0.117095
0.107607
0.101575
0.0975834
0.0948528
0.0929312
0.0915474
0.0905328
0.0897792
0.0892145
0.0887891
0.0884672
0.0882223
0.0880339
0.0878859
0.0877652
0.0876612
0.087565
0.0874696
0.0873689
0.0872581
0.0871333
0.0869911
0.0868285
0.0866426
0.0864308
0.0861897
0.0859152
0.0856021
0.0852429
0.0848278
0.0843427
0.0837698
0.083087
0.0822714
0.0813083
0.080207
0.0790211
0.077854
0.0767909
0.0758781
1.01653
0.377654
0.221829
0.160392
0.131226
0.115751
0.106866
0.101449
0.0979801
0.0956668
0.0940706
0.0929379
0.0921162
0.0915102
0.0910581
0.0907179
0.0904602
0.0902634
0.0901108
0.0899895
0.089889
0.0898008
0.0897178
0.0896342
0.0895453
0.089447
0.0893362
0.08921
0.089066
0.0889016
0.0887145
0.0885013
0.0882582
0.0879794
0.0876566
0.0872772
0.0868228
0.0862656
0.0855666
0.0846746
0.0835353
0.0821217
0.0805
0.0789024
0.0774829
0.0763025
1.32044
0.418338
0.220824
0.154386
0.126404
0.112734
0.10533
0.101001
0.0983133
0.0965618
0.0953734
0.0945403
0.0939411
0.0935015
0.0931744
0.0929284
0.0927417
0.0925984
0.0924865
0.0923964
0.0923205
0.0922526
0.0921876
0.092121
0.0920496
0.0919702
0.0918804
0.0917782
0.0916616
0.0915289
0.0913779
0.0912062
0.0910103
0.0907852
0.090523
0.090211
0.0898288
0.0893422
0.088695
0.0877967
0.0865147
0.0847008
0.082362
0.0801212
0.0782316
0.0767341
1.91591
0.431815
0.198991
0.139222
0.117677
0.108068
0.103152
0.100381
0.0987035
0.0976281
0.0969069
0.0964053
0.0960462
0.0957835
0.0955883
0.0954414
0.0953297
0.0952436
0.0951758
0.0951207
0.0950735
0.0950304
0.0949884
0.0949447
0.0948972
0.094844
0.0947837
0.0947148
0.0946362
0.0945468
0.0944453
0.0943301
0.094199
0.0940486
0.0938734
0.0936638
0.0934032
0.0930605
0.0925758
0.0918287
0.0905703
0.0883045
0.084592
0.0813876
0.0789289
0.0771034
3.57512
0.316445
0.142683
0.114394
0.105965
0.102533
0.100849
0.0999178
0.099359
0.0990026
0.0987643
0.0985991
0.0984811
0.0983951
0.0983315
0.0982839
0.098248
0.0982206
0.0981991
0.0981818
0.0981669
0.0981532
0.0981396
0.098125
0.0981089
0.0980904
0.0980691
0.0980444
0.0980161
0.0979837
0.0979469
0.097905
0.0978575
0.0978033
0.0977405
0.0976658
0.0975729
0.0974491
0.0972642
0.0969353
0.0961657
0.0933466
0.0867688
0.0823483
0.0793809
0.0773193
9.87281
10.1561
16.4704
14.5157
15.216
17.0906
19.3442
21.4385
7.44041
8.68283
35.6241
17.9603
13.6415
11.6753
11.2282
10.8803
5.66763
6.24637
19.0428
28.0502
17.8446
12.2395
9.7624
8.99006
4.36943
4.30124
7.39237
21.0426
18.5812
13.901
10.9084
9.6701
3.70542
3.34739
3.54814
6.9429
13.9295
14.9913
13.3964
11.6121
3.38685
3.06214
2.93006
3.2688
5.78927
10.5706
13.5247
13.4394
3.29956
2.98579
2.82245
2.84354
3.16919
4.99561
8.99051
12.224
3.33056
2.99448
2.8523
2.86073
3.10352
4.26184
5.24381
8.86773
3.42921
3.12815
2.92882
2.96776
3.27104
4.22706
6.44091
9.01086
3.87104
3.54994
3.30127
3.22337
3.40561
4.5446
6.55517
8.72141
4.37434
4.432
4.42214
4.49662
4.91298
5.79385
7.1205
9.23894
4.17433
4.57881
4.96823
5.40667
5.98193
6.75119
7.75095
8.62114
3.36439
3.774
4.17111
4.55454
4.92756
5.29403
5.63515
5.80081
2.43767
2.71009
2.96132
3.17892
3.35057
3.46466
3.50583
3.43617
1.69295
1.84186
1.96877
2.06559
2.12494
2.14046
2.10673
2.01767
1.18302
1.25685
1.31341
1.34913
1.36133
1.34823
1.30931
1.24522
0.855546
0.890057
0.912577
0.921937
0.917556
0.899414
0.868215
0.825375
0.646666
0.661556
0.668397
0.667024
0.657592
0.640537
0.616657
0.58709
0.510029
0.515129
0.514785
0.509192
0.498704
0.483805
0.465155
0.443569
0.417106
0.417235
0.413599
0.406492
0.396287
0.38341
0.368376
0.351771
0.35128
0.348851
0.343751
0.33628
0.326775
0.315593
0.303132
0.289821
0.302903
0.299163
0.293487
0.286149
0.277438
0.267649
0.257092
0.246091
0.266231
0.26185
0.256041
0.249045
0.241107
0.232466
0.223372
0.214073
0.23772
0.233067
0.227349
0.220772
0.213543
0.205861
0.197924
0.189926
0.215091
0.210374
0.204856
0.198715
0.192123
0.185246
0.178246
0.171275
0.196822
0.192157
0.186889
0.18117
0.175145
0.168953
0.162725
0.156583
0.181854
0.177306
0.172307
0.166984
0.161462
0.155856
0.150275
0.144818
0.169422
0.165036
0.160305
0.155349
0.150275
0.145177
0.140146
0.135262
0.158954
0.154748
0.150294
0.145686
0.14101
0.136356
0.131798
0.127402
0.150047
0.146026
0.141833
0.137547
0.133242
0.128986
0.124841
0.120865
0.142394
0.138561
0.134614
0.130622
0.126647
0.122747
0.118973
0.115369
0.13576
0.132112
0.128399
0.124677
0.121001
0.117417
0.113967
0.110688
0.12996
0.126494
0.123002
0.119532
0.116128
0.112828
0.109667
0.106674
0.124846
0.12156
0.118279
0.115043
0.111889
0.108848
0.105948
0.103211
0.120302
0.117192
0.114113
0.111096
0.108173
0.10537
0.102707
0.100203
0.116234
0.113297
0.11041
0.107601
0.104894
0.10231
0.0998642
0.097571
0.112566
0.109799
0.107098
0.104485
0.10198
0.0995987
0.0973538
0.0952542
0.109237
0.106637
0.104115
0.101689
0.0993741
0.0971824
0.095123
0.0932017
0.106197
0.103761
0.101412
0.0991651
0.0970301
0.0950159
0.0931289
0.0913725
0.103406
0.101132
0.0989515
0.096875
0.0949102
0.0930629
0.0913368
0.0897332
0.100831
0.0987167
0.0966997
0.094787
0.0929838
0.0912936
0.089718
0.0882566
0.0984469
0.0964895
0.094631
0.0928755
0.0912261
0.089684
0.0882493
0.0869204
0.0962327
0.0944297
0.0927248
0.0911201
0.0896167
0.0882144
0.0869119
0.0857065
0.0941734
0.0925213
0.0909648
0.0895044
0.0881396
0.086869
0.0856903
0.0846001
0.0922573
0.0907519
0.0893382
0.0880154
0.0867818
0.085635
0.0845721
0.0835891
0.0904758
0.089112
0.0878349
0.0866427
0.0855328
0.0845021
0.0835472
0.0826639
0.0888226
0.0875944
0.0864471
0.0853781
0.0843842
0.0834619
0.0826073
0.0818163
0.0872926
0.0861932
0.0851684
0.0842148
0.0833291
0.0825073
0.0817456
0.0810396
0.0858818
0.0849035
0.0839932
0.0831471
0.0823615
0.0816325
0.0809561
0.0803281
0.0845861
0.0837208
0.0829166
0.0821697
0.0814762
0.0808322
0.0802338
0.0796768
0.0834017
0.0826406
0.0819339
0.0812778
0.0806683
0.0801017
0.079574
0.0790814
0.082324
0.0816582
0.0810403
0.0804665
0.0799331
0.0794362
0.0789723
0.0785378
0.0813481
0.0807684
0.0802307
0.079731
0.0792658
0.0788316
0.0784247
0.0780421
0.0804684
0.079966
0.0794998
0.0790663
0.0786619
0.0782833
0.0779272
0.0775907
0.0796788
0.079245
0.0788423
0.0784673
0.0781167
0.0777872
0.0774759
0.07718
0.0789728
0.0785995
0.0782526
0.077929
0.0776254
0.077339
0.077067
0.0768069
0.0783438
0.0780233
0.077725
0.0774461
0.0771836
0.0769348
0.076697
0.076468
0.077785
0.0775101
0.0772541
0.0770139
0.0767869
0.0765705
0.0763624
0.0761604
0.0772895
0.0770541
0.0768343
0.0766274
0.0764309
0.0762425
0.0760599
0.0758813
0.0768512
0.0766495
0.0764606
0.0762822
0.0761118
0.0759472
0.0757866
0.075628
0.0764639
0.0762908
0.0761283
0.075974
0.0758258
0.0756816
0.0755396
0.0753981
0.0761222
0.0759733
0.075833
0.0756992
0.0755697
0.0754426
0.0753164
0.0751895
0.075821
0.0756925
0.0755709
0.0754541
0.0753404
0.0752278
0.0751149
0.0750003
0.0755561
0.0754445
0.0753385
0.075236
0.0751353
0.0750348
0.074933
0.0748288
0.0753237
0.0752261
0.0751328
0.0750421
0.0749522
0.0748616
0.0747691
0.0746735
0.0751209
0.0750346
0.0749516
0.0748703
0.0747891
0.0747067
0.0746216
0.074533
0.0749451
0.0748677
0.0747928
0.074719
0.0746446
0.0745685
0.0744894
0.0744064
0.0747948
0.074724
0.0746551
0.0745867
0.0745174
0.0744459
0.0743713
0.0742925
0.0746689
0.0746024
0.0745374
0.0744725
0.0744065
0.0743381
0.0742664
0.0741906
0.0745671
0.0745025
0.0744392
0.0743759
0.0743114
0.0742444
0.0741742
0.0740998
0.0744899
0.0744246
0.0743607
0.0742967
0.0742316
0.0741642
0.0740938
0.0740195
0.0744385
0.0743696
0.0743021
0.074235
0.0741671
0.0740973
0.0740248
0.073949
0.0744151
0.0743389
0.0742647
0.0741914
0.0741179
0.0740433
0.0739667
0.0738873
0.0744228
0.0743348
0.0742498
0.0741667
0.0740844
0.0740021
0.0739188
0.0738338
0.0744652
0.0743599
0.0742592
0.0741618
0.074067
0.0739735
0.0738806
0.0737875
0.0745467
0.0744173
0.0742947
0.0741779
0.0740657
0.0739572
0.0738513
0.0737472
0.0746717
0.0745097
0.074358
0.0742153
0.0740805
0.0739524
0.0738298
0.0737115
0.0748432
0.0746387
0.0744493
0.0742736
0.0741102
0.0739577
0.0738143
0.0736788
0.0750614
0.0748029
0.0745665
0.0743503
0.0741524
0.0739706
0.0738029
0.0736472
0.0753204
0.0749962
0.0747037
0.07444
0.0742023
0.0739875
0.0737926
0.0736149
0.0756044
0.0752046
0.0748492
0.0745335
0.0742531
0.0740036
0.0737807
0.0735806
0.0758834
0.0754043
0.0749849
0.0746178
0.0742963
0.0740139
0.0737651
0.0735446
0.0761112
0.075562
0.075088
0.0746785
0.0743237
0.0740155
0.0737465
0.0735105
0.0762371
0.0756451
0.0751391
0.0747053
0.074332
0.0740097
0.0737299
0.0734858
8.50556
6.4683
3.90325
2.34431
1.47132
0.949885
0.631773
0.435884
0.314529
0.238518
0.19014
0.158787
0.13813
0.124334
0.115023
0.10871
0.104428
0.10153
0.0995796
0.0982841
0.0974476
0.0969444
0.0966988
0.0966722
0.0968538
0.0972531
0.0978966
0.0988256
0.100095
0.101774
0.103954
0.10676
0.110388
0.11521
0.122085
0.133556
0.160464
0.302885
9.36712
7.35002
5.18524
3.35722
2.08756
1.29285
0.816359
0.534666
0.367868
0.267778
0.206399
0.167838
0.142951
0.126547
0.115563
0.10813
0.103068
0.099614
0.097262
0.0956752
0.09463
0.093982
0.0936431
0.0935664
0.0937354
0.0941566
0.0948561
0.0958771
0.0972785
0.0991374
0.101555
0.104675
0.108721
0.11411
0.12179
0.134517
0.163921
0.316393
8.82801
8.27111
6.52297
4.46844
2.78775
1.68058
1.02005
0.640195
0.422871
0.297071
0.22235
0.176514
0.147542
0.128728
0.116238
0.107811
0.102064
0.0981198
0.0954119
0.093565
0.0923317
0.0915518
0.0911262
0.091001
0.0911548
0.0915915
0.0923367
0.0934343
0.0949461
0.0969544
0.0995689
0.102945
0.107329
0.113176
0.121506
0.135265
0.166787
0.328204
9.42915
9.38464
7.94415
5.64838
3.52902
2.08092
1.22222
0.740788
0.473824
0.323078
0.235835
0.183626
0.151235
0.130457
0.116757
0.107533
0.101232
0.0968892
0.0938868
0.0918215
0.0904278
0.0895337
0.0890321
0.088864
0.0890034
0.0894527
0.0902365
0.0913992
0.0930044
0.095138
0.097916
0.101504
0.106165
0.112383
0.121243
0.135846
0.169141
0.338232
10.517
10.3253
9.18614
6.75351
4.22962
2.44941
1.4026
0.824788
0.51223
0.341247
0.244821
0.188199
0.153513
0.13143
0.116917
0.107146
0.100451
0.0958148
0.0925889
0.0903528
0.0888309
0.0878439
0.0872802
0.0870763
0.0872044
0.0876652
0.0884827
0.0897015
0.0913865
0.0936262
0.0965411
0.100305
0.105193
0.111714
0.121004
0.136295
0.171043
0.346566
11.7251
10.9984
10.0784
7.60709
4.80194
2.73774
1.52067
0.869651
0.529406
0.348258
0.247911
0.189596
0.154054
0.131459
0.116593
0.106551
0.099638
0.0948216
0.0914475
0.0890917
0.0874759
0.086419
0.0858082
0.0855775
0.0856984
0.086171
0.0870188
0.0882867
0.0900404
0.0923704
0.0954006
0.0993106
0.104386
0.111155
0.120792
0.136636
0.172557
0.353375
12.5848
11.6386
10.7042
8.14793
5.08356
2.82812
1.53235
0.862064
0.521314
0.342893
0.244714
0.187667
0.15278
0.130487
0.115731
0.105696
0.0987402
0.0938573
0.0904108
0.0879865
0.0863118
0.0852092
0.0845664
0.0843185
0.0844373
0.0849229
0.0857988
0.0871101
0.0889235
0.0913307
0.0944585
0.0984906
0.103721
0.110691
0.120607
0.13689
0.173743
0.35886
12.81
12.2701
11.1374
8.22707
4.95264
2.67596
1.42782
0.802733
0.489974
0.326518
0.235956
0.182763
0.149849
0.128576
0.114344
0.104571
0.0977322
0.0928889
0.0894416
0.0869978
0.0852983
0.084173
0.0835136
0.0832584
0.0833806
0.0838809
0.0847835
0.0861339
0.0879995
0.0904732
0.0936837
0.0978179
0.103176
0.11031
0.120448
0.137076
0.17466
0.363221
12.5247
12.5767
11.0424
7.66987
4.377
2.30458
1.23223
0.706552
0.442662
0.302478
0.223165
0.175594
0.145594
0.12588
0.1125
0.103195
0.09661
0.0918985
0.0885141
0.0860958
0.084403
0.0832765
0.0826154
0.0823625
0.0824935
0.0830107
0.0839392
0.0853253
0.0872369
0.0897681
0.0930487
0.0972685
0.102731
0.109997
0.120312
0.137209
0.175359
0.366649
11.528
12.239
9.97973
6.32999
3.43515
1.8064
0.996085
0.595706
0.388664
0.274751
0.208131
0.167003
0.140427
0.122603
0.110297
0.101611
0.0953851
0.0908803
0.0876128
0.0852589
0.0836
0.0824917
0.0818427
0.0816011
0.0817463
0.0822826
0.0832367
0.0846557
0.0866083
0.0891892
0.0925297
0.0968211
0.10237
0.109742
0.120196
0.1373
0.175882
0.369313
11.1736
10.5677
7.56541
4.43021
2.39495
1.31722
0.772536
0.490056
0.335828
0.246725
0.192435
0.157775
0.134753
0.118959
0.107844
0.0998732
0.0940798
0.0898383
0.0867299
0.0844708
0.082869
0.0817961
0.0811711
0.080949
0.0811133
0.081671
0.0826506
0.0841002
0.0860895
0.0887139
0.0921056
0.096457
0.102077
0.109535
0.120097
0.137358
0.176266
0.371357
8.93988
7.05052
4.62801
2.7232
1.56751
0.935268
0.592302
0.400578
0.288776
0.220601
0.177216
0.148526
0.128915
0.115139
0.105251
0.0980405
0.0927239
0.0887816
0.0858613
0.083721
0.0821947
0.0811712
0.0805805
0.080385
0.0805726
0.0811539
0.082159
0.0836375
0.0856599
0.0883225
0.0917582
0.0961601
0.101838
0.109365
0.120012
0.137391
0.176541
0.372903
5.43382
4.07492
2.66345
1.65429
1.03653
0.673366
0.458968
0.329559
0.249111
0.19744
0.163149
0.139681
0.123179
0.111311
0.102621
0.0961715
0.0913451
0.0877207
0.0850075
0.0830026
0.0815657
0.0806025
0.0800544
0.0798911
0.0801059
0.0807125
0.0817432
0.0832491
0.0853018
0.0879983
0.0914719
0.0959166
0.101643
0.109225
0.119938
0.137405
0.17673
0.37405
3.04875
2.30201
1.59037
1.06618
0.721427
0.502751
0.364189
0.275193
0.216843
0.177641
0.150621
0.131533
0.117746
0.107601
0.100026
0.0943091
0.0899681
0.0866674
0.0841709
0.0823117
0.0809736
0.0800786
0.0795793
0.0794529
0.0796978
0.0803311
0.0813876
0.0829198
0.0850005
0.0877273
0.091234
0.0957151
0.101482
0.109108
0.119872
0.137404
0.176852
0.374875
1.76669
1.3762
1.01033
0.726276
0.525374
0.388546
0.29627
0.233774
0.190907
0.160978
0.139659
0.124165
0.112697
0.104077
0.0975195
0.0924895
0.0886152
0.0856332
0.0833551
0.0816462
0.0804123
0.0795909
0.0791448
0.0790586
0.0793358
0.079997
0.0810793
0.0826369
0.0847437
0.0874979
0.091034
0.0955466
0.101347
0.10901
0.119813
0.137392
0.176921
0.37544
1.09849
0.88628
0.685524
0.521673
0.398497
0.309578
0.246467
0.201797
0.169966
0.146993
0.130147
0.117587
0.108079
0.100787
0.0951406
0.0907407
0.0873045
0.0846282
0.0825639
0.0810054
0.0798779
0.0791326
0.0787425
0.0786988
0.0790098
0.0796997
0.0808079
0.0823902
0.0845215
0.087301
0.0908634
0.0954036
0.101233
0.108926
0.119759
0.13737
0.176948
0.375792
0.73713
0.613012
0.494134
0.393236
0.313769
0.253781
0.209462
0.176957
0.153052
0.135306
0.121958
0.111776
0.103907
0.0977573
0.092914
0.0890822
0.0860494
0.0836604
0.0818011
0.0803892
0.0793674
0.0786992
0.0783662
0.0783662
0.0787122
0.0794313
0.0805653
0.0821717
0.0843265
0.0871294
0.0907158
0.0952807
0.101135
0.108853
0.11971
0.137341
0.176941
0.375967
0.53008
0.451244
0.375337
0.309236
0.255462
0.213534
0.181607
0.157532
0.139369
0.125563
0.114948
0.106684
0.100174
0.0949969
0.0908529
0.0875264
0.0848596
0.082736
0.0810696
0.0797982
0.0788793
0.0782872
0.0780114
0.0780557
0.0784369
0.0791854
0.0803452
0.0819753
0.0841526
0.0869778
0.0905865
0.0951738
0.101051
0.10879
0.119665
0.137307
0.176906
0.375991
0.403819
0.349778
0.297925
0.252168
0.214188
0.18392
0.160366
0.14223
0.128268
0.117447
0.108969
0.102248
0.0968592
0.0925028
0.088962
0.0860798
0.0837409
0.0818593
0.0803717
0.0792328
0.0784124
0.0778943
0.077675
0.0777632
0.0781797
0.0789577
0.0801432
0.0817965
0.0839958
0.0868422
0.0904719
0.09508
0.100977
0.108734
0.119624
0.137269
0.176848
0.375887
0.322205
0.282738
0.245254
0.212057
0.184213
0.161723
0.143965
0.130084
0.119231
0.110685
0.103881
0.0983979
0.0939313
0.0902637
0.0872391
0.0847442
0.082696
0.0810327
0.079709
0.0786934
0.0779663
0.0775192
0.0773547
0.0774861
0.0779376
0.0787449
0.0799558
0.0816321
0.0838529
0.0867199
0.0903697
0.0949972
0.100912
0.108686
0.119586
0.137229
0.176771
0.375668
0.266715
0.236425
0.208063
0.183021
0.161945
0.144806
0.131153
0.120371
0.111844
0.105045
0.0995552
0.0950666
0.0913554
0.0882632
0.0856776
0.0835179
0.0817255
0.0802572
0.0790824
0.0781806
0.0775407
0.0771611
0.0770494
0.0772228
0.0777087
0.078545
0.0797811
0.0814801
0.083722
0.0866092
0.0902783
0.0949244
0.100857
0.108644
0.119552
0.137186
0.176677
0.375347
0.227363
0.203218
0.180968
0.161463
0.145074
0.131721
0.121039
0.112551
0.105784
0.100332
0.0958786
0.0921887
0.0890953
0.0864821
0.0842681
0.0823968
0.0808279
0.0795329
0.0784923
0.0776945
0.0771356
0.0768195
0.0767582
0.0769724
0.0774919
0.0783566
0.0796176
0.0813392
0.0836019
0.0865089
0.0901969
0.0948609
0.100809
0.108609
0.119522
0.137143
0.176569
0.374934
0.198479
0.178669
0.160707
0.145112
0.132073
0.121469
0.11298
0.106214
0.100791
0.0963869
0.0927522
0.0897041
0.0871155
0.0848999
0.0829995
0.0813752
0.0800008
0.0788587
0.0779383
0.0772352
0.0767511
0.0764945
0.076481
0.0767343
0.0772865
0.0781792
0.0794648
0.0812087
0.083492
0.0864185
0.090125
0.0948063
0.10077
0.108581
0.119496
0.1371
0.176449
0.374436
0.176677
0.160059
0.145225
0.132485
0.12191
0.113347
0.106505
0.10105
0.0966618
0.0930766
0.0900908
0.087559
0.0853825
0.0834964
0.0818597
0.0804464
0.0792406
0.078233
0.0774199
0.0768025
0.0763872
0.076186
0.0762179
0.0765086
0.0770924
0.0780125
0.0793224
0.0810882
0.0833921
0.0863378
0.0900625
0.0947606
0.100739
0.10856
0.119475
0.137058
0.176318
0.373862
0.159842
0.145656
0.133179
0.122586
0.113866
0.106849
0.101264
0.0968167
0.0932338
0.0902916
0.0878216
0.0857055
0.0838653
0.0822521
0.0808369
0.0796034
0.0785433
0.0776538
0.0769362
0.0763963
0.0760439
0.0758943
0.0759688
0.0762954
0.0769098
0.0778565
0.0791903
0.0809779
0.0833021
0.0862669
0.0900095
0.094724
0.100716
0.108546
0.11946
0.137016
0.176178
0.373216
0.146594
0.134315
0.123665
0.114724
0.107432
0.101606
0.0969935
0.0933297
0.0903765
0.0879417
0.0858827
0.0841016
0.082536
0.0811486
0.0799193
0.0788389
0.0779047
0.0771186
0.0764861
0.076016
0.0757212
0.0756195
0.0757341
0.0760948
0.0767387
0.0777115
0.0790687
0.0808779
0.0832221
0.0862058
0.089966
0.0946965
0.100702
0.108539
0.11945
0.136977
0.17603
0.372505
0.136003
0.125256
0.116053
0.108412
0.102239
0.0973446
0.0934923
0.0904428
0.0879853
0.0859523
0.0842216
0.0827111
0.0813698
0.0801693
0.0790961
0.078146
0.0773206
0.0766252
0.0760681
0.075661
0.0754189
0.0753616
0.075514
0.0759072
0.0765795
0.0775777
0.0789579
0.0807883
0.0831523
0.0861547
0.0899323
0.0946783
0.100696
0.10854
0.119446
0.13694
0.175875
0.371734
0.127421
0.11793
0.109897
0.103297
0.0980133
0.0938571
0.0906057
0.0880413
0.085976
0.0842623
0.0827944
0.0815025
0.0803447
0.0792992
0.0783572
0.0775182
0.0767868
0.0761709
0.075681
0.0753307
0.0751369
0.0751207
0.0753086
0.0757327
0.0764325
0.0774552
0.078858
0.0807093
0.0830929
0.0861137
0.0899083
0.0946694
0.100699
0.108549
0.119448
0.136905
0.175714
0.370909
0.120384
0.11194
0.10487
0.099117
0.0945509
0.0909856
0.0882128
0.0860339
0.0842801
0.082821
0.081564
0.0804492
0.0794417
0.0785248
0.0776933
0.0769492
0.0762993
0.0757532
0.0753232
0.0750243
0.0748746
0.0748967
0.0751179
0.0755715
0.0762976
0.0773443
0.0787691
0.080641
0.083044
0.0860828
0.0898942
0.0946699
0.100711
0.108565
0.119455
0.136874
0.175548
0.370035
0.114552
0.106997
0.100731
0.0956765
0.0916954
0.0886077
0.086219
0.0843479
0.0828426
0.0815868
0.0804994
0.0795282
0.0786443
0.0778345
0.0770962
0.0764334
0.0758543
0.0753698
0.0749933
0.0747408
0.0746317
0.0746893
0.074942
0.0754236
0.0761751
0.0772451
0.0786914
0.0805835
0.0830054
0.0860621
0.0898898
0.0946797
0.100731
0.108589
0.119469
0.136845
0.175378
0.369117
0.109672
0.102883
0.0972974
0.0928251
0.089326
0.0866274
0.0845489
0.0829249
0.0816183
0.0805255
0.0795747
0.0787205
0.0779383
0.0772179
0.0765586
0.0759656
0.0754482
0.0750182
0.0746896
0.0744794
0.0744076
0.0744983
0.0747805
0.0752889
0.0760648
0.0771573
0.0786247
0.0805365
0.0829771
0.0860512
0.0898949
0.0946985
0.100759
0.10862
0.119488
0.136819
0.175204
0.368161
0.105544
0.0994313
0.0944278
0.0904462
0.0873479
0.084969
0.0831425
0.0817176
0.0805707
0.0796088
0.0787684
0.0780096
0.0773115
0.0766661
0.0760739
0.0755413
0.075078
0.0746962
0.0744107
0.074239
0.0742016
0.0743232
0.0746334
0.0751672
0.0759666
0.0770809
0.0785688
0.0805
0.0829589
0.0860501
0.0899093
0.094726
0.100796
0.108658
0.119513
0.136796
0.175028
0.36717
0.102013
0.0965068
0.0920133
0.0884484
0.0856862
0.0835719
0.0819516
0.080688
0.0796697
0.0788134
0.0780624
0.0773818
0.0767536
0.0761713
0.0756366
0.0751563
0.0747405
0.0744018
0.0741552
0.0740186
0.074013
0.0741635
0.0745
0.0750582
0.0758802
0.0770157
0.0785235
0.0804736
0.0829504
0.0860583
0.0899325
0.0947617
0.10084
0.108703
0.119543
0.136777
0.174849
0.366151
0.0989769
0.0940013
0.0899592
0.0867595
0.0842812
0.0823876
0.0809371
0.079805
0.0788908
0.0781199
0.0774418
0.0768256
0.0762556
0.0757268
0.0752415
0.0748069
0.074433
0.0741328
0.0739215
0.0738171
0.073841
0.0740185
0.07438
0.0749614
0.0758051
0.0769611
0.0784884
0.0804569
0.0829511
0.0860752
0.0899641
0.0948053
0.100891
0.108754
0.119578
0.13676
0.174669
0.365107
0.0963497
0.0918435
0.0881958
0.0853149
0.083085
0.0813772
0.0800675
0.0790432
0.0782137
0.0775124
0.076894
0.0763311
0.07581
0.0753268
0.0748843
0.0744897
0.0741532
0.0738876
0.0737084
0.0736336
0.0736848
0.0738877
0.0742728
0.0748764
0.075741
0.0769168
0.0784629
0.0804494
0.0829606
0.0861004
0.0900033
0.0948559
0.100949
0.10881
0.119617
0.136745
0.174488
0.364044
0.0940618
0.089974
0.0866737
0.0840704
0.0820547
0.0805085
0.0793174
0.078382
0.0776221
0.0769777
0.0764084
0.07589
0.0754103
0.0749663
0.074561
0.0742017
0.0738985
0.0736643
0.0735143
0.0734668
0.0735435
0.0737703
0.0741778
0.0748025
0.0756872
0.0768821
0.0784465
0.0804504
0.0829781
0.0861333
0.0900497
0.0949131
0.101012
0.108871
0.11966
0.136733
0.174306
0.362965
0.0920566
0.0883441
0.0853521
0.0829923
0.0811623
0.0797541
0.0786647
0.0778046
0.0771021
0.0765047
0.0759763
0.0754952
0.0750509
0.0746408
0.0742682
0.0739403
0.073667
0.0734612
0.0733381
0.0733158
0.0734163
0.0736655
0.0740943
0.0747392
0.0756431
0.0768565
0.0784386
0.0804594
0.0830031
0.086173
0.0901025
0.0949761
0.10108
0.108937
0.119706
0.136723
0.174124
0.361875
0.090288
0.086914
0.0841971
0.0820524
0.0803846
0.0790955
0.0780925
0.0772961
0.0766425
0.0760845
0.0755902
0.0751408
0.0747269
0.0743465
0.0740028
0.0737029
0.0734568
0.0732769
0.0731784
0.0731796
0.0733023
0.0735726
0.0740216
0.0746857
0.0756081
0.0768393
0.0784385
0.0804756
0.0830347
0.0862189
0.0901608
0.095044
0.101153
0.109006
0.119755
0.136714
0.173942
0.360778
0.0887186
0.0856513
0.0831814
0.0812278
0.0797026
0.078517
0.0775883
0.076846
0.0762334
0.0757089
0.0752441
0.0748218
0.0744343
0.0740799
0.073762
0.0734874
0.0732659
0.0731097
0.073034
0.073057
0.0732006
0.0734909
0.073959
0.0746415
0.0755816
0.0768299
0.0784455
0.0804985
0.0830724
0.0862703
0.090224
0.0951162
0.10123
0.109078
0.119806
0.136707
0.17376
0.359676
0.0873179
0.0845297
0.0822825
0.0804997
0.0791006
0.0780057
0.0771414
0.0764454
0.0758678
0.0753717
0.074932
0.0745337
0.0741695
0.0738382
0.0735434
0.0732917
0.0730926
0.0729584
0.0729038
0.0729472
0.0731104
0.0734195
0.0739057
0.0746058
0.0755629
0.0768276
0.0784591
0.0805272
0.0831155
0.0863264
0.0902914
0.0951919
0.101309
0.109152
0.119859
0.136701
0.173579
0.358571
0.0860611
0.0835277
0.0814821
0.0798526
0.0785659
0.077551
0.076743
0.0760872
0.0755397
0.075068
0.0746501
0.0742726
0.073929
0.0736187
0.0733448
0.073114
0.0729355
0.0728215
0.0727866
0.0728491
0.0730307
0.0733577
0.0738612
0.074578
0.0755514
0.0768318
0.0784785
0.0805612
0.0831632
0.0863866
0.0903622
0.0952706
0.101391
0.109229
0.119914
0.136698
0.173403
0.357462
0.084928
0.0826278
0.0807654
0.0792742
0.078088
0.0771441
0.0763858
0.0757651
0.0752438
0.0747935
0.0743947
0.0740355
0.0737104
0.0734189
0.0731642
0.0729525
0.0727931
0.0726978
0.0726814
0.0727617
0.0729607
0.0733046
0.0738245
0.0745574
0.0755463
0.0768418
0.0785031
0.0805998
0.0832149
0.0864502
0.090436
0.0953516
0.101474
0.109307
0.119972
0.136701
0.173242
0.356383
0.0839019
0.0818158
0.0801202
0.078754
0.0776583
0.0767779
0.0760637
0.0754741
0.074976
0.0745445
0.0741626
0.0738198
0.0735114
0.073237
0.0729997
0.0728057
0.072664
0.0725862
0.0725869
0.072684
0.0728994
0.0732594
0.073795
0.0745431
0.0755469
0.076857
0.0785323
0.0806424
0.0832701
0.0865168
0.0905121
0.0954345
0.10156
0.109387
0.120034
0.136714
0.173108
0.355379
0.0829693
0.0810798
0.0795365
0.0782838
0.0772697
0.0764464
0.0757718
0.07521
0.0747325
0.0743179
0.0739511
0.0736232
0.0733299
0.0730711
0.0728498
0.0726722
0.0725469
0.0724854
0.0725022
0.0726152
0.0728461
0.0732212
0.0737717
0.0745344
0.0755526
0.0768766
0.0785654
0.0806883
0.083328
0.0865855
0.09059
0.0955188
0.101646
0.109469
0.120099
0.136736
0.173
0.354455
0.0821192
0.0804103
0.079006
0.0778565
0.0769164
0.0761448
0.0755057
0.074969
0.0745102
0.0741108
0.073758
0.0734436
0.0731642
0.0729197
0.0727133
0.0725508
0.0724407
0.0723945
0.0724263
0.0725542
0.0727998
0.0731893
0.0737539
0.0745306
0.0755624
0.0768997
0.0786014
0.0807366
0.0833878
0.0866557
0.0906688
0.0956037
0.101733
0.109552
0.120166
0.136764
0.172911
0.353597
0.0813425
0.0797993
0.0785221
0.0774665
0.0765936
0.0758688
0.0752622
0.0747483
0.0743066
0.0739212
0.073581
0.0732792
0.0730126
0.0727814
0.0725887
0.0724402
0.0723443
0.0723123
0.0723583
0.0725002
0.0727597
0.0731629
0.073741
0.0745309
0.0755757
0.0769256
0.0786396
0.0807866
0.0834488
0.0867265
0.0907477
0.0956883
0.10182
0.109635
0.120234
0.136795
0.172833
0.35279
0.0806317
0.0792404
0.0780791
0.077109
0.0762973
0.0756152
0.0750383
0.0745453
0.0741193
0.0737469
0.0734186
0.0731284
0.0728737
0.0726549
0.0724749
0.0723395
0.0722568
0.0722381
0.0722974
0.0724524
0.0727249
0.0731411
0.073732
0.0745345
0.0755916
0.0769537
0.0786794
0.0808375
0.0835101
0.0867971
0.090826
0.0957719
0.101905
0.109716
0.120302
0.136828
0.172762
0.352024
0.0799805
0.078728
0.0776723
0.0767802
0.0760242
0.0753812
0.0748314
0.0743579
0.0739466
0.0735863
0.0732691
0.0729898
0.0727463
0.0725389
0.0723708
0.0722476
0.0721773
0.0721709
0.0722426
0.07241
0.0726948
0.0731231
0.0737261
0.0745405
0.0756095
0.0769831
0.0787199
0.0808886
0.083571
0.0868668
0.0909029
0.0958538
0.101988
0.109795
0.120368
0.136859
0.17269
0.351272
0.0793838
0.0782576
0.077298
0.0764767
0.0757716
0.0751644
0.0746397
0.0741843
0.0737867
0.0734379
0.0731312
0.0728622
0.0726291
0.0724325
0.0722756
0.0721637
0.0721049
0.0721101
0.0721934
0.0723724
0.0726687
0.0731084
0.0737228
0.0745484
0.0756284
0.0770129
0.0787602
0.080939
0.0836307
0.0869347
0.0909776
0.095933
0.102069
0.109872
0.12043
0.136887
0.172614
0.350527
0.0788368
0.0778253
0.0769528
0.0761959
0.0755371
0.0749628
0.0744614
0.0740229
0.0736383
0.0733005
0.0730037
0.0727444
0.0725212
0.0723348
0.0721882
0.0720869
0.0720389
0.072055
0.0721491
0.0723388
0.0726459
0.0730963
0.0737213
0.0745576
0.075648
0.0770427
0.0787999
0.0809881
0.0836885
0.0870002
0.0910492
0.0960087
0.102145
0.109944
0.120488
0.136911
0.172533
0.349793
0.0783357
0.0774277
0.076634
0.0759354
0.0753189
0.0747748
0.0742951
0.0738724
0.0735003
0.0731728
0.0728855
0.0726355
0.0724216
0.0722448
0.072108
0.0720167
0.0719787
0.0720048
0.072109
0.0723088
0.0726259
0.0730864
0.0737213
0.0745674
0.0756676
0.0770718
0.0788383
0.0810352
0.0837437
0.0870625
0.0911173
0.0960803
0.102217
0.110011
0.120542
0.13693
0.172449
0.349072
0.0778768
0.0770619
0.076339
0.0756933
0.0751154
0.0745991
0.0741395
0.0737319
0.0733715
0.073054
0.0727759
0.0725347
0.0723297
0.0721618
0.0720342
0.0719521
0.0719235
0.071959
0.0720726
0.0722818
0.0726082
0.073078
0.0737222
0.0745775
0.0756868
0.0770999
0.0788749
0.08108
0.083796
0.0871213
0.0911813
0.0961475
0.102285
0.110074
0.12059
0.136944
0.172361
0.348366
0.0774568
0.0767251
0.0760659
0.0754679
0.074925
0.0744344
0.0739936
0.0736002
0.0732511
0.0729432
0.0726739
0.0724412
0.0722446
0.0720852
0.0719662
0.0718928
0.0718729
0.0719171
0.0720394
0.0722573
0.0725924
0.0730708
0.0737236
0.0745875
0.0757051
0.0771264
0.0789094
0.081122
0.0838448
0.0871761
0.0912407
0.0962096
0.102346
0.11013
0.120633
0.136952
0.172269
0.347678
0.0770727
0.0764151
0.0758128
0.0752577
0.0747468
0.0742798
0.0738566
0.0734766
0.0731383
0.0728398
0.0725789
0.0723542
0.0721656
0.0720143
0.0719033
0.0718381
0.0718263
0.0718786
0.072009
0.0722349
0.072578
0.0730644
0.0737252
0.0745969
0.0757223
0.0771511
0.0789414
0.0811608
0.0838899
0.0872266
0.0912952
0.0962663
0.102402
0.110181
0.120669
0.136956
0.172175
0.34701
0.0767215
0.0761295
0.075578
0.0750615
0.0745797
0.0741344
0.0737277
0.0733605
0.0730326
0.072743
0.0724902
0.0722733
0.0720924
0.0719486
0.0718452
0.0717875
0.0717832
0.0718431
0.0719809
0.0722143
0.0725647
0.0730585
0.0737265
0.0746054
0.0757379
0.0771737
0.0789706
0.0811962
0.083931
0.0872724
0.0913446
0.0963175
0.102453
0.110226
0.1207
0.136954
0.172078
0.346364
0.0764005
0.0758665
0.0753601
0.0748782
0.0744228
0.0739976
0.0736062
0.0732512
0.0729333
0.0726523
0.0724074
0.0721979
0.0720242
0.0718876
0.0717913
0.0717406
0.0717433
0.0718101
0.0719548
0.072195
0.0725522
0.0730527
0.0737273
0.0746128
0.0757518
0.0771938
0.0789967
0.0812279
0.0839677
0.0873134
0.0913886
0.0963628
0.102497
0.110264
0.120725
0.136947
0.17198
0.345744
0.0761073
0.0756242
0.0751577
0.0747068
0.0742754
0.0738687
0.0734918
0.0731483
0.0728399
0.0725672
0.0723299
0.0721276
0.0719607
0.0718308
0.0717411
0.071697
0.0717062
0.0717794
0.0719304
0.0721768
0.0725402
0.0730468
0.0737275
0.0746189
0.0757637
0.0772113
0.0790196
0.0812558
0.084
0.0873493
0.0914271
0.0964022
0.102534
0.110296
0.120743
0.136935
0.171881
0.345149
0.0758394
0.0754008
0.0749696
0.0745466
0.0741368
0.0737472
0.0733838
0.0730513
0.0727521
0.0724874
0.0722573
0.0720618
0.0719014
0.0717779
0.0716944
0.0716564
0.0716716
0.0717507
0.0719074
0.0721595
0.0725285
0.0730406
0.0737267
0.0746235
0.0757734
0.0772261
0.0790391
0.0812797
0.0840278
0.0873802
0.09146
0.0964355
0.102566
0.110322
0.120756
0.136918
0.171781
0.344583
0.0755946
0.0751949
0.0747948
0.0743966
0.0740066
0.0736327
0.073282
0.0729598
0.0726694
0.0724124
0.0721892
0.0720002
0.0718461
0.0717285
0.0716509
0.0716185
0.0716392
0.0717236
0.0718856
0.0721428
0.0725169
0.0730339
0.0737249
0.0746264
0.075781
0.0772381
0.0790552
0.0812996
0.0840509
0.0874059
0.0914872
0.0964629
0.102591
0.110341
0.120763
0.136897
0.171681
0.344047
0.0753709
0.075005
0.0746323
0.0742563
0.0738842
0.0735248
0.0731859
0.0728736
0.0725916
0.0723419
0.0721254
0.0719426
0.0717943
0.0716823
0.0716101
0.0715829
0.0716087
0.071698
0.0718648
0.0721266
0.0725052
0.0730266
0.0737219
0.0746276
0.0757862
0.0772472
0.0790679
0.0813155
0.0840695
0.0874264
0.0915089
0.0964843
0.10261
0.110354
0.120764
0.136872
0.171582
0.343541
0.0751664
0.0748299
0.0744813
0.074125
0.0737692
0.0734231
0.0730953
0.0727923
0.0725183
0.0722757
0.0720656
0.0718886
0.0717458
0.0716391
0.0715719
0.0715495
0.0715799
0.0716736
0.0718447
0.0721107
0.0724933
0.0730186
0.0737177
0.074627
0.0757891
0.0772533
0.079077
0.0813272
0.0840834
0.0874419
0.091525
0.0964998
0.102623
0.110362
0.12076
0.136842
0.171483
0.343067
0.0749795
0.0746684
0.0743409
0.0740022
0.0736611
0.0733274
0.0730099
0.0727157
0.0724493
0.0722134
0.0720093
0.0718379
0.0717003
0.0715985
0.0715359
0.071518
0.0715526
0.0716504
0.0718253
0.072095
0.0724811
0.0730098
0.0737122
0.0746246
0.0757896
0.0772566
0.0790827
0.0813351
0.0840929
0.0874525
0.0915358
0.0965096
0.10263
0.110363
0.120751
0.13681
0.171386
0.342625
0.0748088
0.0745195
0.0742105
0.0738875
0.0735597
0.0732373
0.0729295
0.0726435
0.0723843
0.0721548
0.0719565
0.0717904
0.0716577
0.0715604
0.0715021
0.0714883
0.0715267
0.0716281
0.0718065
0.0720794
0.0724686
0.0730002
0.0737053
0.0746204
0.0757878
0.077257
0.079085
0.081339
0.084098
0.0874582
0.0915413
0.0965139
0.102632
0.110359
0.120736
0.136774
0.171291
0.342218
0.0746528
0.0743823
0.0740894
0.0737803
0.0734645
0.0731525
0.0728537
0.0725755
0.0723231
0.0720997
0.0719068
0.0717456
0.0716175
0.0715246
0.0714703
0.0714601
0.071502
0.0716066
0.071788
0.0720638
0.0724557
0.0729898
0.0736972
0.0746144
0.0757837
0.0772546
0.0790841
0.0813392
0.0840988
0.0874592
0.0915418
0.0965129
0.102628
0.11035
0.120718
0.136735
0.171198
0.341844
0.0745105
0.0742559
0.073977
0.0736803
0.0733753
0.0730727
0.0727822
0.0725114
0.0722654
0.0720477
0.07186
0.0717035
0.0715797
0.0714907
0.0714401
0.0714333
0.0714784
0.0715859
0.07177
0.0720482
0.0724423
0.0729785
0.0736878
0.0746066
0.0757774
0.0772495
0.07908
0.0813357
0.0840956
0.0874557
0.0915375
0.0965069
0.102619
0.110336
0.120694
0.136693
0.171107
0.341504
0.0743808
0.0741396
0.0738728
0.0735868
0.0732916
0.0729977
0.0727149
0.0724508
0.072211
0.0719987
0.0718158
0.0716638
0.0715441
0.0714587
0.0714115
0.0714078
0.0714557
0.0715658
0.0717522
0.0720325
0.0724285
0.0729663
0.0736771
0.0745971
0.075769
0.0772419
0.0790729
0.0813288
0.0840886
0.087448
0.0915286
0.096496
0.102605
0.110317
0.120667
0.13665
0.171019
0.341199
0.0742627
0.0740326
0.073776
0.0734995
0.0732129
0.0729269
0.0726512
0.0723936
0.0721594
0.0719522
0.071774
0.0716262
0.0715102
0.0714284
0.0713843
0.0713834
0.0714338
0.0715462
0.0717346
0.0720167
0.0724142
0.0729533
0.0736651
0.0745861
0.0757586
0.0772318
0.0790629
0.0813186
0.0840778
0.0874363
0.0915154
0.0964807
0.102586
0.110294
0.120636
0.136604
0.170935
0.340928
0.0741554
0.0739342
0.0736861
0.0734177
0.0731387
0.0728599
0.0725908
0.0723391
0.0721104
0.0719081
0.0717343
0.0715904
0.071478
0.0713994
0.0713582
0.0713599
0.0714126
0.071527
0.0717171
0.0720007
0.0723994
0.0729395
0.073652
0.0745735
0.0757462
0.0772194
0.0790503
0.0813054
0.0840637
0.0874209
0.0914982
0.0964611
0.102564
0.110267
0.120602
0.136557
0.170854
0.340691
0.0740581
0.0738436
0.0736022
0.0733407
0.0730684
0.0727961
0.072533
0.072287
0.0720634
0.0718657
0.0716962
0.0715561
0.0714471
0.0713716
0.0713331
0.0713372
0.071392
0.0715081
0.0716997
0.0719845
0.0723841
0.0729249
0.0736378
0.0745594
0.075732
0.0772049
0.0790351
0.0812893
0.0840463
0.0874019
0.0914772
0.0964377
0.102537
0.110236
0.120565
0.136509
0.170777
0.340488
0.07397
0.0737598
0.0735236
0.0732676
0.0730013
0.0727347
0.0724773
0.0722366
0.0720179
0.0718247
0.0716592
0.0715228
0.0714172
0.0713445
0.0713086
0.071315
0.0713716
0.0714894
0.0716823
0.071968
0.0723683
0.0729095
0.0736226
0.074544
0.0757162
0.0771884
0.0790176
0.0812705
0.084026
0.0873797
0.0914529
0.0964107
0.102507
0.110202
0.120526
0.136459
0.170704
0.340318
0.0738901
0.073682
0.0734492
0.0731976
0.0729362
0.0726749
0.0724227
0.0721871
0.0719732
0.0717845
0.071623
0.0714902
0.0713878
0.071318
0.0712845
0.071293
0.0713515
0.0714707
0.0716646
0.0719512
0.072352
0.0728933
0.0736063
0.0745273
0.0756988
0.07717
0.078998
0.0812493
0.084003
0.0873546
0.0914254
0.0963805
0.102474
0.110165
0.120484
0.13641
0.170635
0.340179
0.0738175
0.0736091
0.0733778
0.0731293
0.0728721
0.0726155
0.0723684
0.0721377
0.0719285
0.0717442
0.0715868
0.0714576
0.0713584
0.0712915
0.0712605
0.0712711
0.0713313
0.0714518
0.0716467
0.0719339
0.072335
0.0728763
0.073589
0.0745094
0.0756799
0.0771499
0.0789764
0.081226
0.0839776
0.0873269
0.091395
0.0963474
0.102438
0.110126
0.12044
0.13636
0.17057
0.34007
0.0737511
0.0735395
0.073308
0.0730614
0.0728076
0.0725555
0.0723131
0.0720874
0.0718831
0.0717032
0.0715499
0.0714246
0.0713287
0.0712647
0.0712362
0.0712488
0.0713107
0.0714325
0.0716284
0.0719161
0.0723174
0.0728586
0.0735707
0.0744903
0.0756598
0.0771283
0.078953
0.0812006
0.08395
0.0872968
0.0913623
0.0963118
0.102399
0.110084
0.120395
0.13631
0.17051
0.339989
0.0736897
0.073472
0.0732382
0.0729923
0.0727414
0.0724933
0.0722558
0.0720351
0.0718358
0.0716607
0.0715118
0.0713904
0.071298
0.071237
0.0712111
0.0712259
0.0712895
0.0714126
0.0716094
0.0718976
0.0722991
0.07284
0.0735515
0.0744701
0.0756383
0.0771053
0.0789281
0.0811736
0.0839205
0.0872647
0.0913274
0.0962741
0.102359
0.110041
0.120349
0.13626
0.170454
0.339932
0.073632
0.0734047
0.0731667
0.0729204
0.0726717
0.0724277
0.0721952
0.0719798
0.0717858
0.0716158
0.0714716
0.0713544
0.0712657
0.071208
0.0711849
0.071202
0.0712674
0.0713919
0.0715896
0.0718783
0.0722799
0.0728205
0.0735314
0.074449
0.0756158
0.0770811
0.0789019
0.0811451
0.0838895
0.0872309
0.0912908
0.0962347
0.102316
0.109996
0.120302
0.13621
0.170401
0.339895
0.0735763
0.0733361
0.0730917
0.0728441
0.0725974
0.0723574
0.0721301
0.0719205
0.0717323
0.0715678
0.0714287
0.0713161
0.0712315
0.0711773
0.0711572
0.0711767
0.0712441
0.0713701
0.0715688
0.0718581
0.0722598
0.0728002
0.0735104
0.0744269
0.0755923
0.0770558
0.0788746
0.0811154
0.0838572
0.0871959
0.0912529
0.0961939
0.102273
0.10995
0.120255
0.136162
0.170353
0.339873
0.073521
0.0732643
0.0730119
0.0727621
0.0725172
0.0722816
0.07206
0.0718566
0.0716747
0.0715163
0.0713827
0.0712751
0.071195
0.0711446
0.0711277
0.07115
0.0712195
0.0713471
0.071547
0.071837
0.0722389
0.072779
0.0734886
0.0744041
0.0755681
0.0770298
0.0788465
0.0810849
0.0838241
0.0871601
0.0912143
0.0961525
0.102229
0.109904
0.120207
0.136114
0.170308
0.339857
0.0734645
0.0731883
0.0729262
0.0726737
0.0724308
0.0721998
0.0719845
0.071788
0.071613
0.0714611
0.0713336
0.0712315
0.0711561
0.0711099
0.0710965
0.0711217
0.0711936
0.071323
0.0715242
0.071815
0.0722172
0.0727572
0.0734662
0.0743807
0.0755434
0.0770034
0.078818
0.0810541
0.0837908
0.087124
0.0911754
0.0961109
0.102185
0.109858
0.12016
0.136068
0.170265
0.33984
0.0734056
0.0731073
0.0728347
0.0725795
0.0723387
0.072113
0.0719045
0.0717154
0.0715478
0.071403
0.0712819
0.0711856
0.0711154
0.0710735
0.0710639
0.0710922
0.0711666
0.071298
0.0715006
0.0717923
0.072195
0.072735
0.0734436
0.0743572
0.0755186
0.076977
0.0787897
0.0810235
0.0837577
0.0870883
0.091137
0.09607
0.102142
0.109814
0.120115
0.136024
0.170225
0.339807
0.0733437
0.0730223
0.0727391
0.0724814
0.0722434
0.0720234
0.0718221
0.0716408
0.0714809
0.0713434
0.0712291
0.0711387
0.0710737
0.0710364
0.0710307
0.0710622
0.0711393
0.0712727
0.0714769
0.0717697
0.0721729
0.072713
0.0734212
0.0743341
0.0754944
0.0769513
0.0787622
0.080994
0.0837258
0.087054
0.0911002
0.0960307
0.1021
0.109771
0.120072
0.135982
0.170187
0.339743
0.0732799
0.0729363
0.0726433
0.0723839
0.0721491
0.0719351
0.0717411
0.0715677
0.0714155
0.0712852
0.0711774
0.071093
0.0710331
0.0710003
0.0709983
0.0710331
0.0711127
0.0712483
0.071454
0.0717479
0.0721518
0.0726921
0.0734001
0.0743124
0.0754717
0.0769273
0.0787366
0.0809665
0.0836963
0.0870222
0.0910662
0.0959945
0.102062
0.109731
0.120032
0.135943
0.170151
0.339629
0.0732175
0.0728548
0.072554
0.0722939
0.0720626
0.0718544
0.0716674
0.0715013
0.0713561
0.0712325
0.0711307
0.0710516
0.0709964
0.0709677
0.0709692
0.0710068
0.0710889
0.0712263
0.0714336
0.0717285
0.072133
0.0726735
0.0733814
0.0742934
0.0754519
0.0769064
0.0787144
0.0809427
0.0836708
0.0869948
0.0910368
0.0959633
0.102029
0.109697
0.119998
0.135912
0.170121
0.339436
0.0731636
0.0727869
0.072481
0.0722211
0.0719931
0.07179
0.0716087
0.0714484
0.071309
0.0711907
0.0710937
0.0710188
0.0709674
0.0709418
0.0709461
0.070986
0.07107
0.071209
0.0714174
0.0717132
0.0721183
0.0726591
0.073367
0.0742786
0.0754366
0.0768904
0.0786973
0.0809245
0.0836512
0.0869737
0.0910142
0.0959393
0.102004
0.109672
0.119973
0.135892
0.17011
0.339152
0.0731286
0.0727452
0.0724371
0.0721778
0.071952
0.0717519
0.0715741
0.0714173
0.0712812
0.0711659
0.0710717
0.0709993
0.07095
0.0709263
0.0709322
0.0709736
0.0710587
0.0711986
0.0714077
0.071704
0.0721095
0.0726505
0.0733584
0.0742699
0.0754276
0.0768809
0.0786874
0.0809138
0.0836397
0.0869614
0.091001
0.0959252
0.10199
0.109657
0.119959
0.13588
0.170102
0.338705
)
;

boundaryField
{
    leftWall
    {
        type            epsilonWallFunction;
        value           nonuniform List<scalar> 
100
(
0.0418053
0.0589593
0.0904204
0.118421
0.142348
0.163818
0.183201
0.200546
0.215848
0.229168
0.240677
0.250638
0.259368
0.267182
0.274356
0.281118
0.287937
0.29926
0.310476
0.321773
0.333268
0.344986
0.356905
0.36899
0.381226
0.393644
0.406353
0.419597
0.433821
0.449766
0.468548
0.491743
0.521623
0.5619
0.60639
0.643962
0.662134
0.672046
0.746196
0.85057
0.867512
0.796179
0.744636
0.73452
0.748482
0.776318
0.810567
0.846181
0.880394
0.912543
0.939827
0.960282
0.973986
0.981097
0.981855
0.976624
0.965914
0.950374
0.930754
0.907863
0.882519
0.85551
0.827561
0.799313
0.771306
0.743977
0.717655
0.692568
0.668851
0.64657
0.625738
0.606337
0.58833
0.571668
0.556292
0.542141
0.529153
0.517269
0.506437
0.496626
0.487845
0.480168
0.473757
0.468882
0.465906
0.465275
0.467496
0.473136
0.48286
0.497522
0.518328
0.547112
0.586746
0.641855
0.720265
0.836092
1.01653
1.32044
1.91591
3.57512
)
;
    }
    rightWall
    {
        type            epsilonWallFunction;
        value           nonuniform List<scalar> 
100
(
0.0536953
0.0789761
0.101664
0.124877
0.146667
0.166614
0.184736
0.201162
0.21605
0.229572
0.241886
0.253143
0.263485
0.273044
0.281942
0.290298
0.302885
0.316393
0.328204
0.338232
0.346566
0.353375
0.35886
0.363221
0.366649
0.369313
0.371357
0.372903
0.37405
0.374875
0.37544
0.375792
0.375967
0.375991
0.375887
0.375668
0.375347
0.374934
0.374436
0.373862
0.373216
0.372505
0.371734
0.370909
0.370035
0.369117
0.368161
0.36717
0.366151
0.365107
0.364044
0.362965
0.361875
0.360778
0.359676
0.358571
0.357462
0.356383
0.355379
0.354455
0.353597
0.35279
0.352024
0.351272
0.350527
0.349793
0.349072
0.348366
0.347678
0.34701
0.346364
0.345744
0.345149
0.344583
0.344047
0.343541
0.343067
0.342625
0.342218
0.341844
0.341504
0.341199
0.340928
0.340691
0.340488
0.340318
0.340179
0.34007
0.339989
0.339932
0.339895
0.339873
0.339857
0.33984
0.339807
0.339743
0.339629
0.339436
0.339152
0.338705
)
;
    }
    lowerWall
    {
        type            epsilonWallFunction;
        value           nonuniform List<scalar> 
124
(
0.0418053
0.163848
0.306044
0.427627
0.536399
0.635638
0.727956
0.815331
0.899361
0.981421
1.06275
1.14449
1.22775
1.31361
1.40308
1.49716
1.59679
1.70283
1.81602
1.93693
2.0659
2.20296
2.34777
2.49955
2.65697
2.81814
2.9805
3.14086
3.29534
3.43939
3.56787
3.67506
3.75474
3.80027
3.80438
3.75868
3.65996
3.51114
3.29364
2.9922
2.60015
2.13259
1.64566
1.22857
0.972395
0.868964
0.868964
1.13307
1.90736
2.52981
3.06602
3.59334
4.12283
4.76751
5.55299
6.46987
7.49683
8.59211
9.68971
10.7016
11.5262
12.0718
9.87281
10.1561
16.4704
14.5157
15.216
17.0906
19.3442
21.4385
0.0958673
0.102592
0.13027
0.159473
0.1917
0.227923
0.268874
0.315205
0.368088
0.430919
0.513499
0.6421
0.882214
1.38293
2.45014
5.07918
0.0958673
0.194311
0.272719
0.330413
0.370856
0.396883
0.411677
0.41892
0.421447
0.421222
0.419489
0.416983
0.414185
0.411464
0.409087
0.407144
0.405559
0.404198
0.402967
0.401816
0.400726
0.399679
0.398639
0.397541
0.39627
0.394666
0.392515
0.389518
0.385263
0.379184
0.370509
0.358191
0.340799
0.316369
0.282156
0.234141
0.166596
0.0536953
)
;
    }
    atmosphere
    {
        type            inletOutlet;
        inletValue      uniform 0.1;
        value           nonuniform List<scalar> 
92
(
0.1
0.1
0.1
0.1
0.1
0.1
0.1
0.1
0.1
0.1
0.1
0.1
0.1
0.1
0.1
0.1
0.1
0.1
0.1
0.1
0.1
0.1
0.1
0.1
0.1
0.1
0.1
0.1
0.1
0.1
0.1
0.1
0.1
0.1
0.1
0.1
0.1
0.1
0.1
0.1
0.1
0.0933466
0.0867688
0.0823483
0.0793809
0.0773193
0.0762371
0.0756451
0.0751391
0.0747053
0.074332
0.0740097
0.0737299
0.0734858
0.0731286
0.0727452
0.0724371
0.0721778
0.071952
0.0717519
0.0715741
0.0714173
0.0712812
0.0711659
0.0710717
0.0709993
0.07095
0.0709263
0.0709322
0.0709736
0.0710587
0.0711986
0.0714077
0.071704
0.0721095
0.0726505
0.0733584
0.0742699
0.0754276
0.0768809
0.0786874
0.0809138
0.0836397
0.0869614
0.091001
0.0959252
0.10199
0.109657
0.119959
0.13588
0.170102
0.338705
)
;
    }
    defaultFaces
    {
        type            empty;
    }
}


// ************************************************************************* //
