/*--------------------------------*- C++ -*----------------------------------*\
  =========                 |
  \\      /  F ield         | OpenFOAM: The Open Source CFD Toolbox
   \\    /   O peration     | Website:  https://openfoam.org
    \\  /    A nd           | Version:  7
     \\/     M anipulation  |
\*---------------------------------------------------------------------------*/
FoamFile
{
    version     2.0;
    format      ascii;
    class       volScalarField;
    location    "0.2";
    object      k;
}
// * * * * * * * * * * * * * * * * * * * * * * * * * * * * * * * * * * * * * //

dimensions      [0 2 -2 0 0 0 0];

internalField   nonuniform List<scalar> 
9072
(
0.00355379
0.00720672
0.010936
0.0136712
0.0159034
0.0178109
0.0194982
0.0210307
0.0224539
0.0238019
0.0251014
0.0263747
0.027641
0.028917
0.0302174
0.0315551
0.0329412
0.0343846
0.035892
0.0374672
0.0391108
0.0408193
0.0425852
0.0443961
0.0462345
0.0480779
0.0498982
0.0516621
0.0533312
0.0548626
0.0562084
0.0573166
0.0581307
0.0585893
0.0586223
0.0581438
0.0571243
0.0555664
0.0532493
0.0499511
0.045486
0.0398462
0.0335041
0.0275536
0.0237073
0.02209
0.00600223
0.0155228
0.0223966
0.0276625
0.0318902
0.0354186
0.0384656
0.041175
0.0436456
0.0459495
0.0481427
0.0502705
0.0523707
0.0544752
0.0566108
0.0587998
0.06106
0.0634037
0.0658381
0.0683635
0.0709732
0.0736525
0.0763783
0.0791184
0.0818316
0.0844681
0.0869695
0.0892705
0.0912999
0.0929821
0.0942394
0.0949942
0.0951723
0.0947073
0.0935468
0.0916601
0.0889688
0.0853948
0.0809763
0.0760712
0.0718912
0.0707883
0.0743611
0.0796764
0.0740924
0.0431762
0.00798361
0.0196325
0.0279376
0.0343909
0.0396189
0.0439945
0.0477694
0.0511189
0.0541674
0.057007
0.0597093
0.0623318
0.0649216
0.0675177
0.0701522
0.0728509
0.0756329
0.0785107
0.0814888
0.0845639
0.0877229
0.0909433
0.094192
0.0974251
0.100588
0.103618
0.10644
0.108976
0.111139
0.112842
0.113998
0.114525
0.114352
0.113428
0.111733
0.109295
0.106184
0.102464
0.0981814
0.0932757
0.0878847
0.0836688
0.0843506
0.0919007
0.0947432
0.061055
0.00956087
0.0227097
0.0318865
0.0390511
0.0449047
0.049829
0.0540856
0.0578638
0.061302
0.0645052
0.067555
0.0705169
0.073444
0.0763797
0.0793589
0.0824084
0.0855473
0.0887861
0.0921264
0.0955599
0.0990678
0.10262
0.106175
0.10968
0.113071
0.116272
0.119201
0.12177
0.123884
0.125452
0.126386
0.126609
0.126061
0.124715
0.122591
0.119781
0.116468
0.112908
0.109374
0.105889
0.102064
0.0980511
0.0966481
0.102988
0.111405
0.0738302
0.0108109
0.0252957
0.0351174
0.0427681
0.0490561
0.0543752
0.0589891
0.0630921
0.0668301
0.0703157
0.0736371
0.0768655
0.0800579
0.0832606
0.0865098
0.0898325
0.0932464
0.0967595
0.10037
0.104064
0.107817
0.111592
0.115339
0.118998
0.122496
0.12575
0.12867
0.131161
0.133128
0.134478
0.135128
0.135011
0.134086
0.132354
0.12988
0.12682
0.123456
0.120213
0.117612
0.115957
0.114868
0.113537
0.113024
0.118824
0.129231
0.0839461
0.011874
0.0275292
0.037892
0.0459122
0.0525207
0.0581362
0.0630261
0.0673868
0.0713676
0.075085
0.0786316
0.0820818
0.0854956
0.0889205
0.0923933
0.0959402
0.099577
0.103309
0.10713
0.11102
0.114951
0.118877
0.122743
0.126479
0.130006
0.133235
0.136072
0.138418
0.14018
0.141267
0.141605
0.141142
0.139862
0.137797
0.135056
0.131861
0.12859
0.12582
0.124308
0.124696
0.126907
0.129816
0.132791
0.139468
0.148802
0.093375
0.0127944
0.0294584
0.0403051
0.0486367
0.0554992
0.0613461
0.0664548
0.0710245
0.0752061
0.0791184
0.0828562
0.086496
0.090099
0.0937135
0.0973758
0.101111
0.104932
0.108842
0.112828
0.116869
0.120926
0.124951
0.128879
0.132636
0.136137
0.139288
0.141991
0.144149
0.145669
0.14647
0.146489
0.145694
0.144092
0.141753
0.138831
0.135612
0.132565
0.130412
0.130143
0.132756
0.1386
0.146623
0.154921
0.164086
0.170377
0.102347
0.0135907
0.0311091
0.0423966
0.051011
0.0580905
0.0641279
0.0694158
0.0741583
0.0785086
0.0825868
0.086489
0.0902925
0.0940591
0.0978369
0.101661
0.105555
0.10953
0.113584
0.117701
0.121853
0.125998
0.130079
0.134028
0.137763
0.141195
0.144228
0.146763
0.148703
0.149961
0.150467
0.150173
0.149067
0.147185
0.144632
0.141609
0.138464
0.135753
0.134339
0.135441
0.140426
0.150118
0.163723
0.17843
0.191522
0.194272
0.112658
0.0142742
0.0325023
0.0441902
0.053071
0.0603482
0.0665517
0.0719921
0.0768814
0.0813759
0.0855969
0.0896414
0.0935872
0.0974958
0.101415
0.105378
0.109407
0.113509
0.117678
0.121896
0.126128
0.130327
0.134431
0.138366
0.142046
0.145378
0.148263
0.150604
0.152308
0.153295
0.153507
0.152912
0.151522
0.149401
0.146691
0.143639
0.140647
0.138358
0.137768
0.140324
0.147761
0.161401
0.180791
0.202456
0.220544
0.220396
0.124659
0.0148561
0.0336593
0.0457073
0.0548413
0.0623056
0.068661
0.0742371
0.0792549
0.0838749
0.0882204
0.0923892
0.0964592
0.100491
0.104532
0.108615
0.112756
0.116963
0.121224
0.125517
0.129803
0.134028
0.138127
0.14202
0.145618
0.148824
0.151541
0.153671
0.155128
0.155841
0.155764
0.154886
0.15324
0.150922
0.148105
0.145079
0.1423
0.140486
0.140758
0.144783
0.15466
0.172203
0.197337
0.22611
0.249895
0.248147
0.138019
0.0153499
0.0346042
0.0469706
0.0563438
0.0639874
0.0704866
0.0761876
0.0813213
0.086053
0.0905087
0.0947871
0.098966
0.103106
0.107253
0.111436
0.115673
0.119964
0.124297
0.128643
0.132959
0.137188
0.141258
0.145086
0.14858
0.151643
0.154175
0.156083
0.157288
0.157728
0.157373
0.156229
0.154355
0.151874
0.148991
0.146031
0.143499
0.142177
0.1433
0.148734
0.160921
0.182144
0.212706
0.248345
0.278181
0.276442
0.152319
0.015771
0.0353634
0.0480053
0.0576007
0.0654157
0.0720524
0.0778714
0.0831121
0.0879455
0.0925002
0.0968761
0.101151
0.105386
0.109624
0.113894
0.118209
0.122568
0.126954
0.131334
0.135661
0.139874
0.143896
0.147641
0.151015
0.153918
0.156254
0.157934
0.158885
0.159057
0.158434
0.157044
0.154967
0.152351
0.149431
0.146563
0.144286
0.14344
0.145347
0.152052
0.166294
0.190779
0.22612
0.267912
0.303731
0.303732
0.16697
0.0161355
0.0359648
0.048838
0.0586352
0.0666116
0.0733798
0.0793109
0.0846523
0.0895798
0.0942247
0.0986886
0.10305
0.107368
0.111685
0.116028
0.120408
0.12482
0.129243
0.133641
0.137963
0.142143
0.146101
0.149748
0.152987
0.15572
0.157853
0.1593
0.159998
0.159908
0.15903
0.157409
0.15515
0.152422
0.149485
0.146717
0.144683
0.144261
0.14684
0.154605
0.170538
0.197665
0.236757
0.283391
0.32454
0.327994
0.181195
0.0164584
0.0364352
0.0494949
0.0594707
0.0675959
0.0744883
0.0805261
0.0859627
0.090978
0.0957064
0.10025
0.104689
0.109081
0.113467
0.117872
0.122305
0.126757
0.131204
0.135607
0.13991
0.144043
0.147923
0.15146
0.154554
0.157109
0.159032
0.160245
0.160691
0.160346
0.159224
0.157389
0.154964
0.152141
0.149196
0.146523
0.144701
0.144626
0.14773
0.156292
0.173463
0.20245
0.243866
0.293301
0.338329
0.346767
0.194058
0.0167521
0.0367993
0.0500003
0.0601297
0.0683889
0.0753966
0.0815349
0.0870613
0.0921592
0.0969652
0.101583
0.106092
0.110549
0.114996
0.119454
0.123929
0.12841
0.132871
0.137266
0.141538
0.145613
0.149405
0.152821
0.155762
0.158132
0.159842
0.16082
0.161019
0.160425
0.159069
0.157032
0.154455
0.151546
0.148596
0.146005
0.144351
0.144531
0.147991
0.15705
0.174946
0.204903
0.24697
0.296525
0.342933
0.35712
0.204532
0.0170266
0.0370774
0.0503757
0.0606335
0.0690102
0.0761225
0.0823539
0.0879645
0.0931399
0.0980183
0.102705
0.107277
0.111794
0.116294
0.120797
0.125306
0.129808
0.134271
0.13865
0.142881
0.146888
0.150583
0.15387
0.156651
0.158832
0.160327
0.16107
0.161024
0.160188
0.158607
0.156378
0.153659
0.150672
0.147715
0.145187
0.143654
0.143993
0.147627
0.156846
0.174872
0.204931
0.246818
0.294566
0.338454
0.355962
0.211684
0.00729106
0.0147819
0.0207336
0.0251078
0.0281727
0.0301511
0.0312769
0.0318279
0.0320189
0.0319997
0.0318653
0.031672
0.0314566
0.0312472
0.0310638
0.0309135
0.0307905
0.030685
0.0305895
0.0305005
0.0304164
0.0303356
0.0302555
0.030171
0.0300736
0.0299509
0.0297864
0.0295576
0.029233
0.0287696
0.0281088
0.0271711
0.0258483
0.0239914
0.0213919
0.017746
0.0126216
0.0068963
0.00935908
0.0199115
0.0268274
0.0318572
0.0354499
0.0378072
0.039162
0.0398027
0.0399856
0.0399034
0.039684
0.0394046
0.039111
0.0388314
0.0385825
0.03837
0.0381906
0.0380366
0.037901
0.0377787
0.0376659
0.0375589
0.0374526
0.0373398
0.0372099
0.0370479
0.0368346
0.0365435
0.0361389
0.035573
0.0347815
0.0336779
0.0321451
0.0300213
0.0270776
0.0229694
0.0171071
0.00782525
0.0109815
0.0240222
0.031724
0.0372421
0.0411942
0.0438021
0.0452998
0.0459881
0.0461517
0.0460132
0.0457241
0.0453767
0.0450237
0.0446942
0.0444026
0.0441527
0.0439408
0.0437595
0.0436013
0.04346
0.0433303
0.0432068
0.0430829
0.0429498
0.0427951
0.0426023
0.0423495
0.0420074
0.0415371
0.0408868
0.0399873
0.0387465
0.0370394
0.0346938
0.0314638
0.0269744
0.020517
0.0092606
0.0125713
0.0277274
0.0360643
0.0419274
0.0461
0.0488397
0.0503909
0.0510695
0.0511813
0.0509698
0.0506029
0.0501836
0.0497696
0.0493903
0.0490583
0.0487751
0.0485358
0.0483321
0.0481557
0.0479992
0.0478559
0.0477189
0.0475804
0.0474301
0.0472543
0.047035
0.0467484
0.0463633
0.0458382
0.0451187
0.0441324
0.0427831
0.040941
0.0384266
0.0349832
0.0302101
0.0232921
0.0106226
0.0142158
0.0312936
0.0401916
0.046329
0.0506368
0.0534165
0.0549401
0.0555473
0.0555641
0.0552502
0.0547853
0.0542792
0.0537925
0.0533544
0.0529753
0.0526544
0.0523849
0.0521574
0.0519619
0.0517897
0.0516327
0.0514825
0.0513299
0.0511633
0.0509679
0.0507243
0.0504073
0.0499841
0.0494117
0.0486334
0.0475751
0.0461378
0.0441887
0.0415439
0.0379384
0.0329484
0.0256523
0.0118264
0.0159575
0.0348708
0.0443031
0.0506851
0.0550683
0.0578078
0.0592233
0.0596917
0.0595628
0.0591101
0.0585205
0.0579076
0.0573325
0.0568228
0.0563867
0.0560205
0.0557153
0.0554596
0.055242
0.0550518
0.0548793
0.0547148
0.0545475
0.0543646
0.0541501
0.0538834
0.0535382
0.0530804
0.0524658
0.0516364
0.0505167
0.0490064
0.0469704
0.044222
0.040489
0.0353242
0.0277026
0.0128768
0.0178199
0.0385722
0.0485517
0.0551788
0.0595884
0.0622031
0.0634199
0.0636713
0.0633368
0.0627016
0.061956
0.0612128
0.060531
0.0599354
0.0594307
0.0590102
0.0586623
0.058373
0.0581289
0.0579174
0.057727
0.0575463
0.0573631
0.0571633
0.0569296
0.0566405
0.0562686
0.0557788
0.0551259
0.0542513
0.0530784
0.0515061
0.049398
0.0465649
0.0427278
0.0374151
0.0295033
0.0137952
0.0198197
0.0425434
0.0531291
0.0600208
0.0643924
0.0667691
0.0676703
0.0676075
0.0669943
0.0661247
0.0651862
0.0642864
0.0634781
0.0627812
0.0621958
0.0617114
0.0613131
0.0609842
0.0607089
0.0604723
0.0602611
0.0600621
0.0598614
0.0596437
0.0593904
0.0590792
0.0586816
0.0581618
0.0574739
0.0565586
0.055339
0.0537131
0.0515439
0.0486397
0.0447143
0.0392714
0.0310957
0.0146021
0.0219933
0.0470748
0.0583676
0.0655251
0.069728
0.0716842
0.072104
0.0715988
0.0706161
0.0694497
0.0682761
0.0671901
0.0662342
0.06542
0.0647415
0.0641835
0.0637272
0.0633526
0.0630411
0.0627757
0.0625406
0.0623208
0.0621009
0.0618641
0.0615908
0.0612575
0.0608351
0.0602869
0.0595665
0.0586143
0.0573529
0.0556802
0.0534582
0.0504927
0.0464899
0.0409294
0.0325111
0.0153147
0.0244582
0.0528242
0.0648873
0.0721925
0.0759362
0.0771598
0.0768529
0.0757331
0.0742663
0.0727288
0.0712715
0.0699669
0.0688409
0.0678932
0.0671094
0.0664684
0.0659467
0.0655205
0.0651681
0.0648699
0.0646079
0.064365
0.0641242
0.0638672
0.0635732
0.0632178
0.0627711
0.0621958
0.0614451
0.0604591
0.0591602
0.0574458
0.0551773
0.0521578
0.0480856
0.0424168
0.0337748
0.0159478
0.0275437
0.0612456
0.0737996
0.0807889
0.0834752
0.083448
0.0820572
0.0800931
0.077999
0.0760018
0.0742056
0.0726473
0.0713277
0.0702302
0.0693293
0.0685963
0.0680021
0.0675187
0.067121
0.0667865
0.0664947
0.0662266
0.0659632
0.0656849
0.0653696
0.064992
0.0645215
0.0639203
0.0631411
0.0621238
0.0607907
0.059039
0.0567288
0.0536608
0.0495252
0.043756
0.0349076
0.0165138
0.0320603
0.0752711
0.0869184
0.0923734
0.0929065
0.090832
0.0878622
0.0847568
0.0818603
0.0793
0.0771033
0.0752533
0.0737159
0.0724524
0.0714229
0.0705896
0.0699164
0.0693707
0.0689236
0.0685496
0.0682255
0.06793
0.0676426
0.0673419
0.0670048
0.066605
0.0661111
0.0654849
0.0646788
0.0636325
0.062268
0.0604822
0.0581344
0.0550221
0.0508281
0.0449655
0.0359268
0.017023
0.0397565
0.0998055
0.106802
0.108197
0.104814
0.099591
0.0944062
0.0897953
0.0858897
0.0826489
0.0799837
0.0778018
0.0760219
0.0745762
0.0734072
0.0724657
0.0717074
0.0710946
0.0705945
0.070178
0.0698193
0.0694948
0.0691819
0.068858
0.0684986
0.0680765
0.0675597
0.0669095
0.0660779
0.0650043
0.0636108
0.0617938
0.0594115
0.0562585
0.0520102
0.0460608
0.0368475
0.0174843
0.053777
0.140865
0.136288
0.129403
0.11964
0.10994
0.1018
0.0952672
0.0901202
0.0860696
0.0828632
0.0803072
0.0782594
0.0766155
0.0752966
0.074239
0.0733899
0.0727058
0.0721492
0.0716874
0.0712918
0.0709365
0.0705971
0.0702491
0.0698671
0.0694228
0.0688834
0.0682099
0.067354
0.066255
0.0648345
0.0629886
0.0605743
0.0573836
0.0530848
0.0470552
0.0376824
0.0179054
0.0787194
0.201055
0.177052
0.15624
0.137479
0.12196
0.110102
0.10121
0.094576
0.0895798
0.0857565
0.0827833
0.0804419
0.078584
0.0771046
0.0759231
0.0749776
0.0742178
0.0736012
0.0730914
0.0726567
0.0722689
0.0719016
0.0715289
0.0711238
0.0706572
0.0700957
0.0693997
0.0685205
0.0673973
0.0659515
0.0640787
0.0616348
0.0584089
0.0540633
0.0479598
0.0384421
0.018293
0.127318
0.278141
0.226909
0.187534
0.15794
0.135547
0.119294
0.107629
0.0992669
0.0931902
0.0886751
0.0852422
0.082582
0.0804947
0.0788436
0.0775306
0.0764831
0.0756432
0.0749631
0.0744024
0.0739263
0.073504
0.0731073
0.0727089
0.0722804
0.0717915
0.0712081
0.0704901
0.0695886
0.0684424
0.0669727
0.0650746
0.0626029
0.0593442
0.0549551
0.048784
0.039136
0.0186534
0.0173013
0.037317
0.050703
0.0611098
0.0696357
0.0768896
0.0832529
0.0889857
0.0942751
0.0992603
0.104047
0.108712
0.113314
0.117888
0.122451
0.127003
0.131527
0.135987
0.14033
0.14449
0.148385
0.151926
0.155013
0.15755
0.159445
0.160618
0.161014
0.16061
0.159422
0.157516
0.155013
0.152091
0.148987
0.146005
0.14353
0.142099
0.142527
0.146144
0.155019
0.172271
0.201869
0.245664
0.292849
0.325643
0.333626
0.215312
0.0177527
0.0375476
0.0509405
0.061435
0.0700675
0.0774371
0.0839196
0.0897718
0.0951785
0.100277
0.105172
0.109938
0.11463
0.119279
0.123899
0.128484
0.13301
0.137436
0.141703
0.145739
0.149457
0.152762
0.155556
0.157743
0.159235
0.159964
0.159889
0.159006
0.157357
0.155035
0.152189
0.149021
0.145781
0.142767
0.140334
0.13894
0.139249
0.142337
0.150141
0.166035
0.195516
0.248077
0.300173
0.318183
0.307942
0.202595
0.0181943
0.0376853
0.0510098
0.0615035
0.0701596
0.0775736
0.0841166
0.0900406
0.0955261
0.100707
0.105683
0.110526
0.115286
0.119991
0.124647
0.129245
0.133754
0.138127
0.1423
0.146192
0.149715
0.152769
0.155256
0.15708
0.158162
0.158443
0.157899
0.156548
0.154457
0.151749
0.1486
0.145238
0.141927
0.138958
0.136652
0.135391
0.135715
0.138536
0.145748
0.162577
0.193947
0.259811
0.304054
0.311371
0.293558
0.181357
0.0186338
0.0377789
0.0509834
0.0614008
0.0700046
0.0773943
0.0839385
0.0898843
0.095407
0.100635
0.105663
0.110559
0.115365
0.120105
0.12478
0.129375
0.133852
0.138157
0.142221
0.145959
0.149274
0.152067
0.154236
0.155691
0.156357
0.156191
0.155185
0.153381
0.150878
0.14783
0.14445
0.140992
0.137741
0.134992
0.133044
0.132247
0.133004
0.135997
0.143643
0.173688
0.270206
0.300865
0.311784
0.306289
0.282924
0.157063
0.0190757
0.0378617
0.0509171
0.0611974
0.0696837
0.076987
0.0834762
0.0893945
0.0949116
0.10015
0.105198
0.110118
0.114947
0.119701
0.124377
0.128951
0.133382
0.137608
0.141553
0.145125
0.148225
0.150747
0.152593
0.153673
0.153923
0.153312
0.151856
0.149627
0.146757
0.143445
0.139943
0.136545
0.133564
0.131305
0.130077
0.13007
0.131466
0.135323
0.199465
0.255716
0.286987
0.311611
0.315328
0.305023
0.249167
0.140084
0.0195212
0.0379559
0.050848
0.0609455
0.0692628
0.0764283
0.0828138
0.0886593
0.0941295
0.0993409
0.104376
0.10929
0.114114
0.118859
0.123515
0.128052
0.132422
0.136556
0.140371
0.143769
0.146646
0.148892
0.150408
0.151111
0.150945
0.149899
0.148015
0.145402
0.142237
0.13877
0.135304
0.132182
0.129747
0.128326
0.128048
0.128886
0.131707
0.209065
0.263636
0.288626
0.305962
0.323101
0.32614
0.30702
0.213104
0.133143
0.0199692
0.0380749
0.050799
0.0606816
0.0687928
0.0757821
0.0820253
0.0877599
0.0931462
0.0982952
0.103283
0.10816
0.112951
0.117662
0.122275
0.126756
0.131048
0.135077
0.138751
0.141967
0.144613
0.146578
0.147762
0.148086
0.14751
0.146045
0.143768
0.140832
0.137473
0.133999
0.130777
0.128197
0.12663
0.126223
0.126865
0.129398
0.20982
0.272844
0.297451
0.306174
0.313508
0.325302
0.333002
0.316668
0.235152
0.132767
0.0204185
0.0382279
0.0507834
0.0604306
0.0683126
0.0751006
0.081174
0.0867685
0.09204
0.097095
0.102005
0.106813
0.111542
0.11619
0.120737
0.125139
0.129336
0.133245
0.136767
0.139792
0.142202
0.143882
0.144731
0.144681
0.143707
0.141849
0.139229
0.136056
0.132633
0.129342
0.126611
0.124868
0.124335
0.124871
0.127007
0.200236
0.271073
0.300233
0.30663
0.3054
0.307011
0.31698
0.330768
0.328402
0.270869
0.141136
0.0208687
0.0384221
0.0508101
0.060211
0.0678528
0.0744264
0.0803136
0.0857474
0.0908801
0.0958137
0.100616
0.105326
0.109963
0.114521
0.118974
0.123276
0.127358
0.131131
0.13449
0.137316
0.139484
0.140876
0.141394
0.140977
0.139624
0.137414
0.134519
0.131221
0.127902
0.125017
0.123042
0.122324
0.12274
0.124465
0.18779
0.262977
0.297009
0.30506
0.300788
0.294179
0.292655
0.300903
0.317744
0.329764
0.300915
0.183301
0.021321
0.0386657
0.0508871
0.0600386
0.0674396
0.0737963
0.07949
0.0847502
0.0897255
0.0945145
0.099182
0.103766
0.10828
0.112719
0.117052
0.121229
0.125176
0.128798
0.131983
0.134602
0.136526
0.137631
0.137823
0.137055
0.135354
0.132846
0.12977
0.12649
0.123474
0.121241
0.120247
0.120505
0.121738
0.174413
0.252743
0.291855
0.302559
0.29825
0.288028
0.278492
0.274769
0.280637
0.296947
0.316961
0.315611
0.252638
0.0217796
0.0389701
0.0510247
0.0599307
0.0670985
0.0732436
0.0787433
0.0838223
0.0886255
0.0932493
0.0977568
0.102185
0.106548
0.110838
0.115023
0.11905
0.122842
0.126297
0.129296
0.131704
0.133383
0.134207
0.134087
0.132992
0.130986
0.128253
0.125113
0.122024
0.119541
0.118218
0.118226
0.119364
0.143534
0.236377
0.28538
0.300372
0.297355
0.286035
0.272572
0.26143
0.256183
0.259685
0.273431
0.294963
0.311197
0.298092
0.0222533
0.0393524
0.0512396
0.0599091
0.0668571
0.0728006
0.0781092
0.0830016
0.0876194
0.0920579
0.0963805
0.100625
0.104806
0.108916
0.112925
0.116776
0.12039
0.123662
0.126466
0.12866
0.130099
0.130655
0.130243
0.128856
0.126603
0.123738
0.120676
0.117976
0.116256
0.115893
0.116693
0.121453
0.210021
0.272407
0.295972
0.297007
0.286526
0.271541
0.256556
0.244818
0.238862
0.240679
0.251555
0.27095
0.293495
0.307919
0.022758
0.0398423
0.0515588
0.0600042
0.0667476
0.0724998
0.0776193
0.0823184
0.0867361
0.0909681
0.0950796
0.0991108
0.103079
0.106978
0.11078
0.114428
0.117843
0.120916
0.123516
0.125496
0.126704
0.12701
0.126339
0.124709
0.122284
0.119402
0.116587
0.114486
0.113665
0.114102
0.115869
0.18682
0.256696
0.288569
0.295447
0.287919
0.273256
0.256536
0.24121
0.229749
0.223945
0.22506
0.233868
0.250293
0.272377
0.295481
0.0233191
0.040491
0.052025
0.0602553
0.0668052
0.0723715
0.0772988
0.0817932
0.0859927
0.0899947
0.0938677
0.0976553
0.101379
0.105035
0.108598
0.112016
0.115207
0.118065
0.120454
0.122223
0.123216
0.123301
0.122412
0.120602
0.118098
0.115338
0.112959
0.111663
0.111725
0.112659
0.16227
0.241452
0.282692
0.294221
0.28971
0.276423
0.259305
0.242035
0.227243
0.216774
0.211847
0.213165
0.220981
0.235072
0.254468
0.276918
0.0239737
0.0413774
0.0526941
0.0607057
0.0670619
0.0724374
0.077161
0.0814332
0.0853923
0.089139
0.0927456
0.0962601
0.0997075
0.10309
0.106384
0.109542
0.112486
0.11511
0.117281
0.118846
0.119644
0.119545
0.118494
0.116581
0.11411
0.111629
0.109877
0.109443
0.110147
0.115422
0.209175
0.270031
0.292142
0.291884
0.280447
0.263696
0.245459
0.2286
0.215038
0.206075
0.202471
0.204548
0.212126
0.224674
0.241281
0.260236
0.0247722
0.0425924
0.0536182
0.0613852
0.0675321
0.0727
0.0771997
0.0812273
0.0849225
0.0883894
0.0917045
0.0949196
0.0980638
0.101143
0.104139
0.107009
0.10968
0.112054
0.114
0.115367
0.115997
0.11576
0.114615
0.112695
0.110387
0.108362
0.107393
0.107705
0.108854
0.177644
0.252402
0.286217
0.292962
0.284728
0.26902
0.250562
0.232373
0.216596
0.204675
0.19748
0.195383
0.198384
0.205986
0.217377
0.231482
0.246627
0.0257852
0.0441872
0.0548005
0.0622819
0.0681929
0.0731293
0.0773821
0.0811434
0.084555
0.0877242
0.0907302
0.0936277
0.0964487
0.0992029
0.101877
0.104434
0.10681
0.108914
0.110626
0.111803
0.112293
0.111972
0.110813
0.108993
0.106998
0.1056
0.105458
0.106339
0.126838
0.22423
0.276228
0.29228
0.288639
0.274856
0.256736
0.237787
0.220376
0.206132
0.196073
0.190683
0.190015
0.193797
0.201325
0.211581
0.223364
0.235016
0.0271153
0.0460442
0.0561942
0.0633266
0.0689663
0.0736551
0.0776458
0.0811297
0.0842502
0.0871166
0.0898096
0.0923846
0.0948752
0.0972941
0.0996326
0.10186
0.103923
0.105742
0.107211
0.108204
0.108584
0.108236
0.107148
0.105545
0.104011
0.103342
0.10378
0.105656
0.188982
0.260799
0.289087
0.291628
0.280727
0.263554
0.244326
0.225747
0.209645
0.197199
0.189037
0.185316
0.185824
0.190077
0.197276
0.206274
0.215849
0.224445
0.0285242
0.0480724
0.0577001
0.0644484
0.0697698
0.0741737
0.0779098
0.0811263
0.083968
0.0865461
0.0889405
0.0912061
0.0933768
0.0954672
0.0974728
0.0993697
0.101114
0.102642
0.103865
0.104682
0.104978
0.104656
0.103721
0.102449
0.101492
0.101548
0.102278
0.145778
0.235696
0.281726
0.293032
0.286084
0.270537
0.251541
0.232233
0.214683
0.200245
0.189696
0.183323
0.181017
0.18237
0.186754
0.193352
0.200987
0.208492
0.214489
0.0296612
0.0501305
0.0591374
0.0654881
0.0704926
0.0746172
0.0780988
0.0810839
0.0836823
0.0860076
0.0881387
0.0901286
0.092011
0.0938021
0.0955008
0.0970892
0.0985336
0.0997836
0.100773
0.101426
0.101663
0.101411
0.100696
0.0998501
0.0995248
0.100003
0.101995
0.192813
0.265258
0.290295
0.289656
0.276885
0.258847
0.23935
0.220795
0.204751
0.192165
0.18347
0.178677
0.177478
0.179341
0.183572
0.189341
0.195587
0.20121
0.205046
0.0301628
0.052075
0.0603937
0.0663623
0.0710704
0.0749392
0.0781946
0.0809808
0.0833849
0.0855084
0.0874281
0.0891947
0.0908413
0.0923861
0.0938309
0.0951637
0.0963596
0.0973813
0.098183
0.0987162
0.0989369
0.0987934
0.0983226
0.097932
0.0981844
0.0990556
0.131937
0.232148
0.278668
0.288725
0.281053
0.265291
0.246443
0.227479
0.210287
0.196038
0.185339
0.178344
0.17486
0.174455
0.176535
0.180389
0.185218
0.190108
0.194067
0.196137
0.030512
0.0550144
0.0618365
0.067256
0.0716424
0.0752362
0.0782667
0.0808663
0.0831099
0.0850774
0.0868388
0.0884417
0.0899194
0.0912913
0.0925629
0.0937288
0.0947722
0.0956677
0.0963858
0.0968934
0.0971637
0.0971405
0.0968718
0.0968296
0.097404
0.101706
0.194863
0.259822
0.281793
0.281387
0.269629
0.252647
0.234118
0.216382
0.200919
0.188565
0.179654
0.17413
0.171669
0.171771
0.17383
0.17716
0.181022
0.184634
0.187154
0.187798
0.0328595
0.0565104
0.0623233
0.0677803
0.0723065
0.0756672
0.0784742
0.0808925
0.0829914
0.0848232
0.0864613
0.0879493
0.0893214
0.0905956
0.091779
0.092872
0.0938629
0.0947287
0.0954613
0.0960397
0.0964539
0.0965882
0.0963801
0.096763
0.098876
0.160731
0.234178
0.26932
0.277357
0.270934
0.257097
0.240029
0.222515
0.206398
0.192803
0.182288
0.17497
0.170651
0.168934
0.1693
0.171162
0.173884
0.176805
0.179254
0.180548
0.18005
0.0357691
0.0594644
0.0693031
0.0691046
0.0723463
0.0757007
0.0785048
0.0809553
0.0831024
0.0848506
0.0863896
0.0877968
0.0891153
0.0903612
0.0915454
0.0926814
0.0937665
0.0947737
0.0956198
0.096357
0.097168
0.0979731
0.0975382
0.101506
0.158719
0.217479
0.25607
0.270696
0.269714
0.259633
0.244821
0.22827
0.212103
0.19773
0.185957
0.177105
0.171129
0.167744
0.166522
0.166958
0.168501
0.17058
0.172614
0.174035
0.174295
0.172889
0.0361127
0.0631171
0.0658472
0.0686617
0.0728976
0.0769966
0.0804156
0.0828981
0.0842297
0.0854343
0.086834
0.0882154
0.0895885
0.0909639
0.0924394
0.0943595
0.0983818
0.106042
0.113797
0.122118
0.131493
0.142618
0.157727
0.182743
0.21959
0.250449
0.267037
0.269362
0.262024
0.249189
0.233778
0.217922
0.203148
0.190445
0.180316
0.172879
0.167975
0.165269
0.164333
0.164689
0.165838
0.167271
0.168489
0.169018
0.168418
0.166294
0.0340204
0.0565793
0.0631592
0.0682797
0.0735559
0.07849
0.0827619
0.0863596
0.0895425
0.092589
0.0956097
0.0987327
0.102122
0.105916
0.110246
0.115279
0.121393
0.129252
0.13903
0.150837
0.164831
0.181425
0.201889
0.226239
0.2502
0.266444
0.271313
0.266199
0.254653
0.239929
0.22425
0.20916
0.195701
0.184484
0.175752
0.169459
0.165365
0.163114
0.162294
0.162463
0.163174
0.163983
0.164463
0.164221
0.162912
0.160236
0.0325792
0.0519502
0.0615552
0.0685844
0.0748209
0.0804596
0.0855663
0.0902433
0.0946489
0.0989491
0.10331
0.107927
0.112997
0.118697
0.125191
0.132645
0.141257
0.151297
0.163056
0.176811
0.192721
0.210801
0.23044
0.249776
0.265053
0.272428
0.270574
0.261215
0.247332
0.231696
0.216162
0.201916
0.189657
0.179708
0.172108
0.166695
0.163176
0.161193
0.160356
0.160264
0.16052
0.160739
0.160558
0.159658
0.157768
0.154671
0.0323199
0.0499198
0.0613174
0.0697081
0.0768267
0.0832087
0.0891105
0.0947037
0.100144
0.105589
0.11121
0.117185
0.123688
0.130883
0.138927
0.147979
0.158202
0.169768
0.182839
0.197548
0.213682
0.230723
0.247413
0.261603
0.270594
0.272312
0.266529
0.254943
0.240096
0.224367
0.209357
0.196024
0.184842
0.175942
0.169225
0.164453
0.161309
0.159442
0.158488
0.158088
0.157889
0.157559
0.156793
0.155333
0.15297
0.149555
0.0327555
0.0497548
0.0621765
0.0714452
0.0792799
0.0863728
0.0930535
0.0995185
0.105922
0.112411
0.119139
0.126261
0.133925
0.142271
0.151434
0.161536
0.172705
0.185033
0.198504
0.213011
0.228142
0.243052
0.256333
0.26612
0.27058
0.268648
0.260617
0.248068
0.233161
0.217909
0.203689
0.191298
0.181068
0.173013
0.166958
0.162624
0.15969
0.157819
0.156676
0.155938
0.155294
0.15446
0.15318
0.151246
0.148503
0.144852
0.0335803
0.0508363
0.0638101
0.0735651
0.0819122
0.0896036
0.0969796
0.104229
0.111488
0.118886
0.126547
0.134601
0.14317
0.152361
0.162292
0.173016
0.184589
0.197012
0.210171
0.223779
0.237267
0.249702
0.259784
0.266051
0.267304
0.263067
0.253878
0.24116
0.226752
0.212317
0.19903
0.18756
0.178152
0.170762
0.165181
0.161119
0.158262
0.156295
0.15491
0.153819
0.152749
0.151455
0.149725
0.147394
0.144348
0.140529
0.0345704
0.052606
0.0658889
0.075897
0.0845881
0.0927369
0.100674
0.10857
0.11654
0.124683
0.133093
0.141875
0.151117
0.160879
0.17123
0.182201
0.193777
0.205872
0.21828
0.230612
0.24224
0.252271
0.259612
0.263182
0.262228
0.256624
0.247
0.234614
0.221017
0.207565
0.195252
0.184643
0.175932
0.169051
0.163788
0.159864
0.156981
0.154849
0.153187
0.151738
0.150262
0.148552
0.14643
0.143768
0.140485
0.136556
0.03558
0.054668
0.0681686
0.0783358
0.0872613
0.0957354
0.104085
0.112467
0.120977
0.129691
0.138658
0.147947
0.157617
0.167703
0.178227
0.189171
0.200465
0.211959
0.223382
0.234303
0.244105
0.252001
0.257122
0.2587
0.256294
0.24998
0.240401
0.228649
0.216005
0.203584
0.192219
0.182389
0.174257
0.167756
0.162688
0.158798
0.155812
0.153464
0.151503
0.149698
0.147841
0.145755
0.143294
0.140358
0.136895
0.132901
0.0365343
0.0567682
0.0704948
0.0808123
0.0899107
0.0986033
0.107227
0.115932
0.124799
0.133878
0.143204
0.152809
0.162713
0.172922
0.183415
0.194131
0.204957
0.215696
0.226046
0.235576
0.243722
0.249826
0.253222
0.253387
0.250091
0.243521
0.234289
0.223324
0.211678
0.200267
0.189787
0.180646
0.17299
0.166764
0.161798
0.157864
0.154718
0.152122
0.14985
0.147698
0.145486
0.143063
0.14031
0.137151
0.133554
0.129535
0.0374193
0.0587635
0.0727693
0.0832573
0.0924891
0.101312
0.110085
0.118966
0.128029
0.137308
0.146817
0.15656
0.166528
0.176691
0.186994
0.197342
0.207587
0.217507
0.226795
0.235044
0.241765
0.246425
0.248531
0.24774
0.243964
0.237443
0.228731
0.218614
0.207947
0.197485
0.187808
0.179269
0.172002
0.165972
0.161039
0.157008
0.153666
0.150802
0.148217
0.145733
0.143194
0.140471
0.137469
0.134131
0.130443
0.12643
0.0381596
0.0605452
0.0749061
0.0855858
0.094931
0.103827
0.112658
0.121598
0.13072
0.140052
0.149593
0.159323
0.169208
0.179189
0.189184
0.199071
0.20868
0.217781
0.226076
0.233199
0.238737
0.242272
0.243449
0.242054
0.238088
0.231808
0.223705
0.214433
0.204689
0.195095
0.186138
0.178121
0.171174
0.165282
0.160335
0.156174
0.152616
0.149478
0.146589
0.143792
0.140955
0.13797
0.134759
0.131283
0.127538
0.12356
0.0387091
0.0621049
0.0768377
0.0877182
0.0971646
0.106095
0.11492
0.123829
0.132905
0.142171
0.151617
0.16121
0.170893
0.180589
0.190193
0.199565
0.208524
0.216844
0.224245
0.230408
0.234994
0.237679
0.238214
0.236476
0.232519
0.226595
0.219129
0.210665
0.20177
0.192958
0.184638
0.177075
0.170395
0.164601
0.159614
0.155306
0.151528
0.148123
0.144945
0.141861
0.138758
0.135546
0.132166
0.128588
0.12482
0.120899
0.0390742
0.0634088
0.0785028
0.0895816
0.0991188
0.108058
0.116832
0.125646
0.134593
0.143701
0.152956
0.162313
0.171705
0.18104
0.190198
0.19903
0.207355
0.214952
0.22157
0.226935
0.23077
0.232832
0.232946
0.231053
0.227235
0.221725
0.214889
0.207176
0.19905
0.190936
0.18318
0.176015
0.169562
0.163842
0.158804
0.154349
0.150358
0.146703
0.143261
0.13992
0.136586
0.133186
0.129674
0.12603
0.122266
0.118424
0.0392617
0.0644305
0.0798529
0.0911153
0.10073
0.109658
0.118348
0.127022
0.135783
0.144666
0.153656
0.162706
0.171742
0.180664
0.189345
0.197635
0.205354
0.212297
0.218241
0.222951
0.226207
0.227823
0.227683
0.225766
0.222165
0.217092
0.210858
0.203832
0.196396
0.188903
0.181646
0.174834
0.168583
0.162927
0.157839
0.15325
0.149067
0.145188
0.141513
0.137951
0.134424
0.130875
0.127267
0.12359
0.119859
0.116114
0.0392792
0.065154
0.0808549
0.0922747
0.101949
0.110847
0.119429
0.12793
0.136464
0.145073
0.153748
0.162442
0.171078
0.179556
0.187748
0.195505
0.202657
0.209016
0.214383
0.218563
0.221377
0.222685
0.22241
0.220554
0.217215
0.212578
0.206905
0.200503
0.193684
0.186745
0.179936
0.173443
0.167378
0.161786
0.156663
0.151961
0.147615
0.143547
0.139677
0.135934
0.132256
0.128597
0.124931
0.121253
0.11758
0.113949
0.0391368
0.0655749
0.0814917
0.0930327
0.102742
0.11159
0.120044
0.128349
0.136628
0.144932
0.153256
0.161561
0.169772
0.17779
0.185492
0.192735
0.199361
0.2052
0.210077
0.213827
0.216306
0.217408
0.217081
0.215342
0.212284
0.208067
0.202911
0.197073
0.190808
0.184366
0.177963
0.171765
0.16588
0.160364
0.155226
0.150444
0.145972
0.141756
0.137735
0.133855
0.130069
0.12634
0.122653
0.119004
0.115413
0.111913
0.0388472
0.0657004
0.0817617
0.0933801
0.103095
0.111871
0.120179
0.128269
0.136273
0.144249
0.152203
0.1601
0.167871
0.175425
0.182645
0.189398
0.195539
0.200914
0.205372
0.208772
0.210996
0.211964
0.211641
0.21005
0.207275
0.203454
0.198772
0.193442
0.187679
0.181689
0.175661
0.169743
0.164041
0.158617
0.153495
0.148669
0.144115
0.139797
0.135673
0.131702
0.127851
0.124095
0.120422
0.116833
0.113346
0.109991
0.0384263
0.0655473
0.0816779
0.0933249
0.103011
0.111691
0.119834
0.127693
0.135408
0.143045
0.150615
0.158094
0.165422
0.172514
0.179265
0.185552
0.191243
0.196203
0.200298
0.203409
0.205438
0.206322
0.206038
0.204609
0.20211
0.198658
0.194409
0.189539
0.184232
0.178659
0.172983
0.167339
0.16183
0.156521
0.151447
0.14662
0.142031
0.13766
0.133482
0.12947
0.1256
0.121856
0.118232
0.114731
0.111369
0.108171
0.0378925
0.0651412
0.0812659
0.0928898
0.10251
0.111068
0.119027
0.126642
0.134057
0.141345
0.148527
0.155586
0.162471
0.169109
0.175405
0.18125
0.186523
0.191107
0.194883
0.19775
0.199626
0.200458
0.200231
0.198967
0.19673
0.19362
0.189766
0.185317
0.18043
0.175244
0.169905
0.164536
0.159233
0.154066
0.149079
0.144295
0.139719
0.135347
0.131164
0.127158
0.123313
0.119622
0.116079
0.112692
0.109474
0.106445
0.0372655
0.0645142
0.0805608
0.0921106
0.101627
0.110035
0.117791
0.125148
0.132255
0.13919
0.145982
0.152622
0.159071
0.165266
0.171123
0.176546
0.181429
0.185667
0.189157
0.191812
0.193562
0.194362
0.1942
0.193096
0.191104
0.188307
0.184815
0.180753
0.176255
0.171437
0.166427
0.161336
0.156258
0.151262
0.1464
0.141704
0.13719
0.132866
0.128729
0.124775
0.120998
0.117394
0.113965
0.110715
0.107657
0.104806
0.0365655
0.0637023
0.0796052
0.0910322
0.100409
0.108639
0.116172
0.12326
0.130052
0.136631
0.143034
0.149261
0.155283
0.161046
0.16648
0.1715
0.176015
0.179931
0.18316
0.185625
0.187265
0.188042
0.187946
0.186992
0.185225
0.182717
0.179557
0.175852
0.171718
0.167253
0.162567
0.157764
0.152929
0.148135
0.143435
0.13887
0.134466
0.130237
0.126192
0.122334
0.118664
0.115182
0.111892
0.108801
0.105916
0.10325
0.0358124
0.062744
0.078446
0.0897059
0.0989072
0.106935
0.114228
0.121035
0.127507
0.133731
0.139749
0.145569
0.151173
0.156517
0.161543
0.166178
0.170343
0.173957
0.176942
0.17923
0.18077
0.181528
0.181492
0.180676
0.179116
0.176871
0.174017
0.170644
0.166851
0.16273
0.158368
0.15386
0.149288
0.144724
0.140223
0.13583
0.131577
0.127488
0.123577
0.119854
0.116325
0.112995
0.109868
0.106951
0.104251
0.101774
0.035025
0.0616775
0.0771314
0.0881862
0.097182
0.104984
0.112021
0.118539
0.124687
0.130556
0.136195
0.141618
0.146816
0.151755
0.156388
0.160654
0.164485
0.167811
0.170564
0.172686
0.17413
0.174867
0.174884
0.174191
0.172819
0.170815
0.168244
0.165182
0.161714
0.157926
0.153887
0.149683
0.145392
0.141082
0.136811
0.132626
0.128564
0.124652
0.120913
0.117359
0.114001
0.110846
0.107902
0.105172
0.102662
0.100377
0.0342203
0.0605389
0.0757084
0.0865274
0.0952923
0.10285
0.109618
0.11584
0.121664
0.127182
0.132449
0.137486
0.14229
0.146839
0.151095
0.155007
0.158518
0.161569
0.1641
0.166062
0.167411
0.168122
0.168183
0.1676
0.166398
0.164615
0.162306
0.159537
0.15638
0.152913
0.149195
0.145303
0.141306
0.137272
0.133257
0.12931
0.12547
0.121769
0.11823
0.114873
0.11171
0.108751
0.106002
0.103469
0.101154
0.0990592
0.0334133
0.0593614
0.074221
0.0847813
0.0932963
0.100595
0.107086
0.113008
0.118508
0.123683
0.128587
0.13325
0.137676
0.14185
0.145744
0.149318
0.152524
0.15531
0.157629
0.159433
0.160689
0.161369
0.161465
0.160978
0.159929
0.158349
0.156284
0.153789
0.150928
0.147769
0.144372
0.140794
0.137104
0.133361
0.129622
0.125936
0.122343
0.118877
0.115564
0.112425
0.109475
0.106724
0.10418
0.101848
0.0997283
0.097821
0.0326166
0.0581734
0.0727083
0.0829952
0.0912477
0.0982779
0.104487
0.11011
0.115292
0.12013
0.124685
0.128988
0.133051
0.136868
0.140418
0.143669
0.146583
0.149117
0.15123
0.152883
0.154043
0.154689
0.15481
0.154407
0.153495
0.152101
0.150262
0.148026
0.145448
0.142586
0.139502
0.136239
0.132859
0.129418
0.125969
0.122561
0.119232
0.116019
0.112947
0.11004
0.107314
0.10478
0.102445
0.100315
0.0983882
0.0966629
0.0318401
0.0569985
0.0712035
0.0812103
0.0891943
0.095953
0.101881
0.107207
0.112079
0.116593
0.120811
0.124772
0.12849
0.131968
0.135192
0.138137
0.140775
0.143069
0.144985
0.14649
0.147557
0.148164
0.148302
0.147971
0.147182
0.145958
0.144329
0.142337
0.140027
0.137453
0.134669
0.131716
0.128646
0.12551
0.122358
0.119236
0.116182
0.113231
0.110411
0.107744
0.105247
0.102932
0.100807
0.0988751
0.0971361
0.0955854
0.0310913
0.0558554
0.0697336
0.0794606
0.0871766
0.0936659
0.0993164
0.104355
0.108927
0.11313
0.117029
0.120665
0.124059
0.127218
0.130135
0.132794
0.135171
0.137239
0.138968
0.140331
0.141304
0.14187
0.142019
0.14175
0.141072
0.140003
0.138568
0.136803
0.134747
0.132446
0.129947
0.127298
0.124532
0.121699
0.118844
0.11601
0.113234
0.110548
0.107982
0.105556
0.103289
0.101192
0.0992721
0.0975331
0.0959736
0.0945882
0.0303752
0.0547578
0.0683193
0.0777732
0.0852273
0.0914541
0.0968362
0.101598
0.105884
0.109793
0.113391
0.116723
0.119814
0.122676
0.125308
0.127699
0.129834
0.131689
0.133242
0.134471
0.135354
0.135878
0.136032
0.135816
0.135237
0.134308
0.133053
0.131499
0.129681
0.127638
0.125413
0.12305
0.120578
0.11804
0.115476
0.112925
0.110423
0.108
0.105684
0.103497
0.101454
0.0995678
0.097846
0.0962911
0.0949012
0.0936706
0.0296948
0.0537149
0.0669753
0.0761681
0.0833709
0.0893466
0.094473
0.0989723
0.102989
0.106623
0.109941
0.112991
0.115802
0.11839
0.120758
0.122903
0.124813
0.126472
0.127862
0.128964
0.129762
0.130243
0.130399
0.130229
0.129737
0.128936
0.127844
0.126485
0.124889
0.123088
0.121121
0.119023
0.116833
0.114576
0.112292
0.110015
0.107777
0.105609
0.103536
0.101577
0.0997501
0.098066
0.0965318
0.09515
0.0939184
0.092831
0.0290517
0.0527326
0.0657112
0.0746584
0.0816246
0.0873638
0.0922502
0.0965046
0.100271
0.10365
0.10671
0.109501
0.112056
0.114394
0.116522
0.118442
0.120148
0.121627
0.122866
0.123851
0.124569
0.125009
0.125164
0.125033
0.124619
0.123933
0.12299
0.121809
0.120417
0.118841
0.117113
0.115266
0.113335
0.111343
0.109322
0.107304
0.105319
0.103392
0.101549
0.0998072
0.0981836
0.0966891
0.0953301
0.0941089
0.0930233
0.0920669
0.0284464
0.0518137
0.064532
0.073252
0.0799987
0.0855187
0.0901831
0.0942117
0.0977486
0.100894
0.10372
0.106277
0.108599
0.110711
0.112623
0.11434
0.115861
0.117177
0.11828
0.119159
0.119803
0.120204
0.120357
0.120259
0.119915
0.119332
0.118523
0.117504
0.116298
0.114927
0.11342
0.111804
0.110109
0.108363
0.106587
0.104811
0.10306
0.101359
0.0997296
0.0981905
0.0967561
0.0954371
0.0942396
0.0931657
0.092213
0.0913754
0.027879
0.050959
0.0634397
0.0719519
0.078498
0.0838175
0.0882794
0.0921027
0.0954315
0.0983669
0.100981
0.103328
0.105443
0.107353
0.109072
0.110609
0.111965
0.113136
0.114117
0.114901
0.115478
0.115844
0.115993
0.115924
0.115641
0.11515
0.11446
0.113587
0.112548
0.111364
0.110056
0.108651
0.107173
0.105649
0.104098
0.102542
0.101007
0.0995129
0.0980808
0.0967274
0.0954663
0.0943075
0.0932569
0.0923164
0.0914837
0.0907526
0.0273488
0.0501678
0.0624335
0.0707581
0.0771228
0.0822615
0.086541
0.0901799
0.0933225
0.0960704
0.0984974
0.100657
0.102589
0.104321
0.105871
0.107249
0.108459
0.109503
0.110377
0.111076
0.111594
0.111928
0.112074
0.11203
0.111801
0.11139
0.110807
0.110063
0.109174
0.108156
0.107028
0.105813
0.104531
0.103204
0.101855
0.1005
0.0991592
0.0978531
0.0965996
0.0954144
0.09431
0.0932958
0.0923774
0.0915564
0.0908307
0.0901943
0.0268551
0.0494386
0.0615114
0.0696682
0.0758708
0.0808481
0.0849653
0.0884405
0.0914184
0.0940011
0.0962632
0.0982601
0.100032
0.101609
0.103011
0.104251
0.105336
0.106269
0.107049
0.107675
0.108142
0.108447
0.10859
0.108568
0.108386
0.108046
0.107556
0.106926
0.106168
0.105298
0.10433
0.103283
0.102175
0.101026
0.0998555
0.0986784
0.097512
0.0963738
0.0952801
0.0942452
0.0932808
0.0923956
0.0915948
0.09088
0.0902489
0.0896959
0.0263968
0.0487694
0.0606704
0.0686784
0.0747377
0.0795724
0.0835465
0.0868779
0.0897116
0.0921504
0.0942695
0.0961251
0.0977593
0.0992028
0.100478
0.101599
0.102577
0.103415
0.104115
0.104677
0.1051
0.105382
0.105522
0.10552
0.105377
0.105099
0.10469
0.10416
0.103518
0.102776
0.101948
0.10105
0.100096
0.099103
0.0980884
0.0970684
0.0960557
0.0950659
0.0941135
0.0932116
0.092371
0.0915996
0.0909025
0.090281
0.0897329
0.0892529
0.0259727
0.0481582
0.0599077
0.067785
0.0737184
0.0784282
0.0822774
0.0854836
0.0881924
0.0905068
0.092503
0.0942379
0.0957544
0.0970846
0.098252
0.0992732
0.100159
0.100917
0.10155
0.102059
0.102445
0.102707
0.102845
0.102859
0.102752
0.102526
0.102188
0.101743
0.1012
0.10057
0.0998643
0.0990945
0.0982745
0.0974184
0.0965408
0.0956564
0.094778
0.0939179
0.0930892
0.0923038
0.0915715
0.0908998
0.0902933
0.0897531
0.0892772
0.0888605
0.0255817
0.0476035
0.0592205
0.0669841
0.0728082
0.0774094
0.0811501
0.0842482
0.0868495
0.0890576
0.0909491
0.0925816
0.0939989
0.0952338
0.096311
0.0972482
0.098058
0.0987486
0.0993251
0.0997901
0.100145
0.100391
0.100527
0.100556
0.100479
0.100298
0.10002
0.0996484
0.0991914
0.0986572
0.0980553
0.0973964
0.0966919
0.0959539
0.0951949
0.0944277
0.0936651
0.0929173
0.0921958
0.0915114
0.0908732
0.0902879
0.0897598
0.0892899
0.0888764
0.0885142
0.0252228
0.0471046
0.0586076
0.0662732
0.0720029
0.0765103
0.0801574
0.0831627
0.0856721
0.0877898
0.0895929
0.0911394
0.0924736
0.0936291
0.0946313
0.095499
0.0962458
0.096881
0.097411
0.0978396
0.0981692
0.0984014
0.0985373
0.0985784
0.0985267
0.098385
0.098157
0.0978478
0.0974632
0.0970103
0.0964972
0.0959329
0.095327
0.09469
0.0940326
0.0933663
0.0927023
0.0920509
0.0914216
0.0908241
0.0902667
0.0897557
0.089295
0.0888855
0.0885253
0.0882096
0.0248957
0.0466622
0.058069
0.0656515
0.0713001
0.0757268
0.0792935
0.0822191
0.0846503
0.0866915
0.0884203
0.0898949
0.0911601
0.0922499
0.0931904
0.0940009
0.0946959
0.0952857
0.0957776
0.0961764
0.0964854
0.0967068
0.0968425
0.0968942
0.096864
0.0967545
0.0965691
0.096312
0.0959882
0.0956038
0.0951656
0.094681
0.0941586
0.0936072
0.0930363
0.0924558
0.0918757
0.0913062
0.0907553
0.0902319
0.0897435
0.0892959
0.0888925
0.0885343
0.0882193
0.0879431
0.0246012
0.0462792
0.0576075
0.0651202
0.0706997
0.075057
0.0785546
0.0814119
0.0837764
0.085753
0.0874193
0.088834
0.0900419
0.0910775
0.0919671
0.0927307
0.0933833
0.0939361
0.0943968
0.0947713
0.0950635
0.0952762
0.0954118
0.0954724
0.09546
0.0953772
0.0952271
0.0950133
0.0947402
0.0944128
0.0940371
0.0936193
0.0931668
0.0926874
0.0921892
0.0916811
0.0911721
0.0906711
0.0901866
0.0897258
0.0892956
0.0889014
0.0885464
0.0882314
0.0879543
0.0877109
0.0243425
0.0459616
0.0572285
0.0646838
0.0702046
0.074502
0.0779397
0.0807382
0.0830455
0.084967
0.0865806
0.087945
0.0891051
0.0900957
0.0909433
0.0916682
0.0922859
0.0928081
0.0932433
0.0935977
0.0938759
0.0940815
0.0942169
0.0942845
0.0942867
0.0942258
0.0941046
0.0939264
0.093695
0.0934147
0.0930906
0.0927282
0.0923338
0.0919141
0.0914766
0.091029
0.0905793
0.0901358
0.0897064
0.0892978
0.0889162
0.0885666
0.0882518
0.0879724
0.0877267
0.0875104
0.0241258
0.0457194
0.0569418
0.0643504
0.0698211
0.0740664
0.0774515
0.0801984
0.0824559
0.0843297
0.0858978
0.0872192
0.0883389
0.0892915
0.0901036
0.0907961
0.0913846
0.0918812
0.0922949
0.0926324
0.0928988
0.0930979
0.0932327
0.0933058
0.0933195
0.0932761
0.0931783
0.093029
0.0928315
0.0925897
0.0923078
0.0919908
0.091644
0.0912736
0.090886
0.0904882
0.0900875
0.0896914
0.0893072
0.0889415
0.0885998
0.0882865
0.0880045
0.0877541
0.0875336
0.0873389
0.0239609
0.0455671
0.0567615
0.064133
0.0695602
0.0737588
0.0770965
0.0797967
0.0820092
0.0838402
0.085368
0.0866515
0.0877356
0.0886549
0.0894364
0.0901007
0.0906639
0.0911383
0.0915333
0.091856
0.0921118
0.0923048
0.0924384
0.0925151
0.0925375
0.0925079
0.0924286
0.0923024
0.0921321
0.0919212
0.0916734
0.0913931
0.0910849
0.0907544
0.0904072
0.0900499
0.0896889
0.0893312
0.0889834
0.0886521
0.0883421
0.0880578
0.0878015
0.0875738
0.0873728
0.0871948
0.0238605
0.0455243
0.0567075
0.0640496
0.0694377
0.0735925
0.0768851
0.0795408
0.0817106
0.0835013
0.0849913
0.0862394
0.0872906
0.0881795
0.0889328
0.0895715
0.0901117
0.0905659
0.0909438
0.0912527
0.0914984
0.0916852
0.0918166
0.0918953
0.0919238
0.0919045
0.0918395
0.0917313
0.0915825
0.0913962
0.0911755
0.0909243
0.0906469
0.0903481
0.0900331
0.0897077
0.0893781
0.0890505
0.0887312
0.0884263
0.0881406
0.0878781
0.0876411
0.0874299
0.0872429
0.0870765
0.0238405
0.0456161
0.0568052
0.0641241
0.0694748
0.0735857
0.0768322
0.0794426
0.0815689
0.0833188
0.0847707
0.0859836
0.0870022
0.0878611
0.0885871
0.0892009
0.0897189
0.0901537
0.090515
0.0908104
0.0910459
0.0912258
0.0913538
0.0914328
0.0914651
0.0914531
0.0913987
0.0913043
0.0911721
0.0910047
0.0908052
0.0905768
0.0903234
0.0900491
0.089759
0.0894581
0.0891521
0.088847
0.0885487
0.0882628
0.0879943
0.0877467
0.0875224
0.0873217
0.0871432
0.0869835
0.023918
0.0458723
0.0570864
0.0643862
0.0696978
0.0737607
0.0769565
0.0795168
0.0815954
0.0833007
0.0847115
0.0858867
0.0868708
0.0876983
0.0883958
0.0889841
0.0894793
0.0898941
0.0902385
0.09052
0.0907445
0.0909167
0.0910401
0.0911176
0.0911516
0.0911441
0.0910973
0.091013
0.0908932
0.0907404
0.0905569
0.0903458
0.0901105
0.0898547
0.0895828
0.0892997
0.0890105
0.0887209
0.0884364
0.0881624
0.0879038
0.0876642
0.0874459
0.0872496
0.0870738
0.0869156
0.0241117
0.0463282
0.0575885
0.064871
0.0701376
0.0741437
0.0772794
0.0797804
0.0818032
0.0834569
0.0848205
0.0859528
0.0868983
0.087691
0.0883573
0.0889178
0.0893886
0.0897822
0.0901085
0.0903749
0.0905875
0.0907507
0.0908681
0.0909425
0.0909762
0.0909712
0.0909292
0.090852
0.0907413
0.0905991
0.0904277
0.0902294
0.0900072
0.0897646
0.0895054
0.089234
0.0889552
0.0886744
0.0883967
0.0881276
0.0878717
0.0876329
0.0874137
0.0872149
0.0870356
0.0868732
0.0244428
0.0470245
0.0583548
0.0656185
0.0708287
0.0747633
0.0778236
0.0802515
0.082206
0.0837973
0.0851047
0.0861866
0.0870872
0.08784
0.088471
0.0890005
0.0894442
0.0898145
0.0901209
0.0903708
0.0905701
0.090723
0.0908331
0.090903
0.0909348
0.0909303
0.090891
0.0908185
0.0907142
0.0905798
0.090417
0.0902279
0.090015
0.0897812
0.0895299
0.089265
0.0889909
0.0887125
0.0884349
0.0881634
0.0879027
0.0876569
0.087429
0.0872203
0.0870304
0.0868573
0.0249368
0.0480087
0.059434
0.066672
0.0718069
0.0756479
0.0786114
0.0809468
0.0828162
0.0843309
0.0855701
0.0865919
0.0874395
0.088146
0.0887366
0.089231
0.0896444
0.0899888
0.0902733
0.090505
0.0906894
0.0908308
0.0909323
0.0909963
0.0910248
0.0910193
0.0909812
0.0909117
0.0908118
0.090683
0.0905265
0.090344
0.0901374
0.0899091
0.0896618
0.089399
0.0891245
0.0888428
0.0885587
0.0882774
0.0880038
0.0877425
0.0874971
0.0872697
0.0870608
0.0868695
0.0256287
0.0493379
0.0608809
0.0680769
0.0731076
0.0768238
0.0796619
0.0818798
0.0836431
0.0850638
0.0862207
0.0871708
0.0879563
0.0886091
0.0891535
0.0896082
0.0899878
0.0903034
0.0905638
0.0907756
0.0909438
0.0910724
0.0911641
0.0912213
0.0912455
0.091238
0.0912
0.0911322
0.0910356
0.0909109
0.0907593
0.0905817
0.0903796
0.0901546
0.0899089
0.0896449
0.0893659
0.0890757
0.0887787
0.0884799
0.0881846
0.0878979
0.0876246
0.0873681
0.0871304
0.0869118
0.0265701
0.0510828
0.0627566
0.069879
0.0747624
0.0783121
0.0809881
0.0830581
0.0846906
0.0859976
0.0870565
0.0879226
0.0886363
0.0892278
0.0897201
0.0901306
0.0904728
0.090757
0.0909912
0.0911815
0.0913322
0.091447
0.0915282
0.0915777
0.0915969
0.0915868
0.0915482
0.0914817
0.0913878
0.091267
0.0911198
0.0909467
0.0907485
0.090526
0.0902805
0.0900136
0.0897273
0.0894244
0.0891087
0.0887847
0.0884579
0.0881345
0.0878208
0.0875223
0.0872434
0.0869864
0.0278389
0.0533341
0.0651297
0.0721222
0.0767962
0.0801245
0.0825938
0.0844809
0.0859556
0.0871281
0.0880731
0.088843
0.0894756
0.0899988
0.0904335
0.0907958
0.0910975
0.091348
0.0915543
0.0917217
0.091854
0.0919541
0.0920242
0.0920657
0.0920797
0.0920669
0.0920278
0.0919626
0.0918717
0.0917551
0.0916128
0.0914449
0.0912515
0.0910324
0.0907878
0.0905179
0.0902234
0.0899055
0.0895663
0.0892095
0.0888406
0.0884668
0.0880969
0.0877402
0.0874045
0.0870955
0.0295559
0.0562113
0.0680768
0.0748447
0.0792217
0.0822594
0.0844703
0.0861367
0.0874261
0.0884442
0.0892608
0.0899238
0.0904675
0.0909166
0.0912896
0.0916004
0.0918594
0.0920745
0.0922517
0.0923952
0.0925085
0.0925936
0.0926524
0.0926859
0.0926947
0.0926795
0.0926403
0.0925772
0.0924902
0.0923791
0.0922434
0.0920827
0.0918963
0.0916833
0.0914424
0.0911723
0.0908714
0.0905386
0.0901734
0.0897772
0.0893544
0.0889135
0.0884671
0.0880306
0.0876183
0.0872404
0.0319153
0.0598767
0.0716809
0.0780717
0.0820325
0.0846961
0.0865927
0.0880012
0.0890807
0.0899277
0.0906047
0.0911532
0.0916027
0.091974
0.0922828
0.0925403
0.0927553
0.0929341
0.0930815
0.0932009
0.0932949
0.0933651
0.0934127
0.0934384
0.0934426
0.0934256
0.0933874
0.0933277
0.0932463
0.0931427
0.0930162
0.0928659
0.0926905
0.0924882
0.0922563
0.0919917
0.0916901
0.0913468
0.0909569
0.0905171
0.0900285
0.0894996
0.0889488
0.0884032
0.0878879
0.0874207
0.0352483
0.0645564
0.0760226
0.0818005
0.0851911
0.0873885
0.0889171
0.0900369
0.0908885
0.0915543
0.0920857
0.0925165
0.0928699
0.0931625
0.0934064
0.0936106
0.0937815
0.093924
0.0940418
0.0941372
0.0942122
0.0942677
0.0943046
0.0943233
0.0943238
0.0943062
0.0942702
0.0942157
0.0941421
0.0940488
0.093935
0.0937995
0.0936404
0.0934553
0.0932405
0.0929909
0.0926991
0.0923558
0.0919494
0.0914678
0.0909031
0.0902594
0.0895629
0.0888657
0.088213
0.087632
0.0401481
0.0705668
0.0811528
0.085973
0.0886138
0.0902585
0.0913796
0.0921938
0.0928116
0.0932953
0.0936825
0.0939976
0.0942572
0.0944732
0.0946541
0.0948063
0.0949343
0.0950416
0.0951305
0.0952027
0.0952593
0.0953009
0.0953278
0.0953403
0.0953382
0.0953214
0.0952896
0.0952424
0.0951794
0.0950998
0.0950029
0.0948873
0.0947511
0.0945914
0.0944041
0.0941826
0.093917
0.0935928
0.0931895
0.0926803
0.0920368
0.091244
0.0903334
0.0894202
0.0885847
0.0878631
0.0477906
0.0783106
0.0870136
0.0904254
0.0921517
0.0931934
0.0938993
0.0944148
0.0948097
0.095122
0.0953744
0.0955816
0.0957538
0.0958981
0.09602
0.0961233
0.0962108
0.0962846
0.096346
0.096396
0.0964352
0.0964638
0.0964819
0.0964894
0.0964861
0.0964718
0.0964462
0.096409
0.0963596
0.0962976
0.0962221
0.0961321
0.096026
0.095901
0.0957532
0.095576
0.0953583
0.0950824
0.094719
0.0942212
0.0935207
0.0925403
0.0912818
0.0900504
0.0889776
0.0880924
0.0612499
0.0880728
0.0932121
0.0948144
0.0955822
0.0960556
0.0963905
0.0966452
0.0968467
0.0970101
0.0971447
0.097257
0.0973516
0.0974318
0.0975003
0.097559
0.0976092
0.0976519
0.0976878
0.0977171
0.0977402
0.0977569
0.0977673
0.0977712
0.0977683
0.0977585
0.0977415
0.097717
0.0976848
0.0976445
0.0975955
0.0975371
0.0974683
0.0973873
0.0972913
0.0971751
0.0970301
0.0968401
0.0965741
0.0961703
0.0955008
0.0943093
0.0923946
0.0906922
0.0893359
0.088284
0.0928911
0.098377
0.09852
0.0985778
0.0986433
0.0987158
0.0987848
0.0988463
0.0988997
0.0989455
0.0989847
0.0990185
0.0990476
0.0990729
0.0990949
0.0991141
0.0991309
0.0991455
0.0991579
0.0991683
0.0991767
0.0991829
0.099187
0.0991887
0.0991881
0.099185
0.0991792
0.0991708
0.0991595
0.0991453
0.099128
0.0991074
0.0990831
0.0990546
0.0990209
0.0989803
0.0989295
0.0988619
0.0987621
0.0985873
0.098181
0.0966886
0.0934556
0.0911697
0.0895634
0.0883934
0.187323
0.190785
0.264315
0.240592
0.245453
0.264555
0.286919
0.30685
0.183249
0.201507
0.704482
0.520781
0.455238
0.410079
0.403882
0.419138
0.159632
0.16746
0.407884
0.688014
0.580081
0.490447
0.444917
0.439504
0.135246
0.131117
0.187718
0.524658
0.569141
0.517151
0.469538
0.450894
0.12179
0.110459
0.113287
0.194885
0.41647
0.49446
0.489332
0.467325
0.115752
0.10469
0.100589
0.108027
0.182877
0.337611
0.435696
0.460579
0.114525
0.103857
0.0989181
0.0998413
0.108773
0.165981
0.285948
0.385973
0.118985
0.105238
0.100633
0.101491
0.110297
0.145282
0.175434
0.281005
0.141039
0.117846
0.105437
0.1057
0.116285
0.147257
0.214076
0.288008
0.204926
0.164663
0.138755
0.125416
0.123723
0.159846
0.223203
0.291906
0.280382
0.258932
0.237525
0.223764
0.229457
0.25001
0.263575
0.335919
0.315653
0.320301
0.325223
0.334098
0.351136
0.376367
0.408344
0.453237
0.312754
0.326649
0.340516
0.354926
0.370511
0.387556
0.406265
0.423489
0.293953
0.306935
0.319215
0.330529
0.340567
0.34901
0.355528
0.358699
0.273845
0.283243
0.291477
0.29828
0.30337
0.306444
0.307211
0.305238
0.25652
0.262594
0.267345
0.270631
0.272327
0.272305
0.270472
0.266775
0.241698
0.245242
0.247496
0.248422
0.248003
0.246231
0.243134
0.238792
0.228542
0.230252
0.230791
0.230187
0.228484
0.225736
0.222028
0.217485
0.216578
0.216981
0.216361
0.214781
0.212318
0.209052
0.20509
0.200563
0.205608
0.205089
0.203696
0.201508
0.198614
0.195106
0.191091
0.186695
0.195552
0.194389
0.192487
0.189932
0.186816
0.18323
0.179277
0.175071
0.18636
0.184749
0.18252
0.179759
0.176552
0.172987
0.16916
0.165168
0.17798
0.176063
0.173632
0.170769
0.167554
0.16407
0.1604
0.156632
0.170357
0.168235
0.165688
0.162792
0.159622
0.156251
0.152755
0.149208
0.163428
0.161174
0.158572
0.15569
0.152597
0.149358
0.146041
0.142709
0.157132
0.154801
0.152186
0.14935
0.146354
0.143257
0.140117
0.13699
0.151413
0.149043
0.146445
0.143676
0.140789
0.137838
0.134873
0.131941
0.146209
0.143835
0.141276
0.138588
0.135818
0.133013
0.130216
0.127469
0.141464
0.139109
0.136611
0.134017
0.131367
0.128706
0.126072
0.1235
0.137134
0.134813
0.132387
0.129894
0.127372
0.124855
0.122377
0.119971
0.133181
0.130908
0.128559
0.12617
0.123773
0.121397
0.119073
0.116824
0.129569
0.127353
0.125088
0.122804
0.120528
0.118288
0.116107
0.114006
0.126265
0.124114
0.121936
0.119757
0.1176
0.115489
0.113444
0.111482
0.123237
0.121157
0.119069
0.116994
0.114954
0.112967
0.111051
0.109218
0.120455
0.118451
0.116454
0.114484
0.112557
0.11069
0.108896
0.107186
0.117893
0.115968
0.114064
0.112197
0.11038
0.108628
0.10695
0.105357
0.115525
0.113683
0.111872
0.110106
0.108397
0.106755
0.105189
0.103706
0.11333
0.111572
0.109855
0.108189
0.106585
0.105049
0.10359
0.10221
0.111286
0.109615
0.107992
0.106426
0.104923
0.10349
0.102131
0.100851
0.109377
0.107795
0.106266
0.104797
0.103393
0.102059
0.100797
0.0996107
0.107587
0.106095
0.10466
0.103287
0.10198
0.100741
0.0995724
0.0984751
0.105904
0.104504
0.103162
0.101884
0.10067
0.0995231
0.0984436
0.0974313
0.104318
0.10301
0.101762
0.100576
0.099453
0.0983945
0.0974002
0.0964689
0.102821
0.101605
0.100449
0.0993537
0.0983195
0.0973463
0.0964334
0.0955792
0.101408
0.100284
0.0992182
0.0982112
0.0972624
0.096371
0.0955358
0.0947548
0.100075
0.0990414
0.0980641
0.0971426
0.096276
0.0954629
0.0947016
0.0939899
0.0988195
0.0978743
0.0969828
0.0961438
0.0953559
0.0946174
0.0939261
0.0932799
0.0976399
0.0967806
0.0959717
0.0952117
0.0944986
0.0938307
0.0932055
0.0926208
0.0965355
0.0957587
0.0950287
0.0943436
0.0937013
0.0930998
0.0925366
0.0920094
0.0955055
0.0948073
0.094152
0.0935375
0.0929617
0.0924222
0.0919168
0.0914431
0.0945493
0.0939252
0.09334
0.0927915
0.0922775
0.0917957
0.0913438
0.0909194
0.0936659
0.093111
0.0925909
0.0921035
0.0916466
0.0912179
0.0908152
0.0904362
0.0928539
0.0923628
0.0919028
0.0914716
0.091067
0.0906869
0.090329
0.0899914
0.0921112
0.0916786
0.0912734
0.0908933
0.0905363
0.0902003
0.0898831
0.0895828
0.0914353
0.0910558
0.0907001
0.0903662
0.0900521
0.0897557
0.0894752
0.0892086
0.0908231
0.0904913
0.0901801
0.0898876
0.0896118
0.0893509
0.089103
0.0888665
0.0902712
0.0899818
0.0897102
0.0894544
0.0892127
0.0889832
0.0887643
0.0885545
0.0897756
0.0895238
0.089287
0.0890637
0.0888519
0.0886501
0.0884568
0.0882705
0.0893323
0.0891134
0.0889072
0.0887122
0.0885267
0.0883492
0.0881783
0.0880126
0.0889373
0.088747
0.0885674
0.088397
0.0882343
0.0880778
0.0879263
0.0877786
0.0885863
0.0884207
0.0882641
0.0881149
0.0879719
0.0878336
0.0876989
0.0875668
0.0882755
0.0881312
0.0879942
0.0878632
0.087737
0.0876143
0.0874941
0.0873753
0.0880013
0.087875
0.0877547
0.0876392
0.0875272
0.0874178
0.0873099
0.0872025
0.0877603
0.0876491
0.0875428
0.0874403
0.0873405
0.0872422
0.0871446
0.0870468
0.0875494
0.0874509
0.0873563
0.0872646
0.0871747
0.0870857
0.0869967
0.086907
0.0873663
0.087278
0.0871929
0.08711
0.0870283
0.0869468
0.0868649
0.0867818
0.0872087
0.0871286
0.087051
0.086975
0.0868997
0.0868243
0.086748
0.0866701
0.087075
0.087001
0.0869291
0.0868583
0.0867879
0.0867169
0.0866448
0.086571
0.086964
0.0868942
0.0868261
0.0867589
0.0866917
0.0866238
0.0865546
0.0864836
0.0868749
0.0868074
0.0867413
0.0866759
0.0866103
0.086544
0.0864764
0.0864069
0.0868075
0.0867401
0.0866741
0.0866087
0.0865432
0.086477
0.0864095
0.0863404
0.0867618
0.0866924
0.0866243
0.086557
0.0864898
0.086422
0.0863533
0.086283
0.0867384
0.0866644
0.086592
0.0865206
0.0864496
0.0863785
0.0863068
0.0862341
0.0867382
0.0866566
0.0865771
0.0864992
0.0864223
0.0863459
0.0862695
0.0861927
0.0867622
0.0866697
0.08658
0.0864928
0.0864074
0.0863234
0.0862403
0.0861577
0.0868117
0.0867041
0.0866007
0.0865009
0.0864042
0.0863101
0.0862182
0.0861279
0.0868875
0.0867602
0.0866387
0.0865227
0.0864116
0.0863048
0.0862018
0.0861019
0.0869894
0.0868371
0.0866931
0.086557
0.0864282
0.0863059
0.0861896
0.0860783
0.0871158
0.0869325
0.0867612
0.0866011
0.0864514
0.0863112
0.0861796
0.0860555
0.0872617
0.0870417
0.0868385
0.086651
0.086478
0.086318
0.0861699
0.0860321
0.0874173
0.0871559
0.0869178
0.0867011
0.0865036
0.0863235
0.0861586
0.0860073
0.087566
0.0872622
0.0869894
0.0867443
0.0865238
0.086325
0.0861451
0.0859817
0.0876842
0.0873436
0.0870417
0.0867737
0.086535
0.0863217
0.0861304
0.0859579
0.0877476
0.0873848
0.0870662
0.0867853
0.0865366
0.0863156
0.0861183
0.0859412
0.322691
0.38097
0.30493
0.236085
0.18893
0.156078
0.1332
0.117341
0.10635
0.0986215
0.0930467
0.0889093
0.0857621
0.0833236
0.0814088
0.0798941
0.0786898
0.0777266
0.0769486
0.0763093
0.0757692
0.0752937
0.0748515
0.0744128
0.0739472
0.0734233
0.072806
0.0720544
0.0711192
0.0699386
0.0684334
0.0664979
0.0639852
0.0606783
0.056226
0.0499585
0.0401287
0.0191895
0.442591
0.43219
0.366319
0.293503
0.232619
0.186844
0.154244
0.131816
0.116623
0.106258
0.0990128
0.0937909
0.0899029
0.086935
0.0846303
0.0828202
0.0813871
0.0802439
0.0793226
0.0785678
0.0779333
0.077379
0.0768695
0.0763716
0.0758527
0.0752796
0.0746158
0.0738192
0.0728395
0.0716143
0.0700636
0.0680802
0.065515
0.0621467
0.0576151
0.0512307
0.0411897
0.0197574
0.455118
0.458782
0.413496
0.344998
0.275076
0.217691
0.175561
0.14644
0.126872
0.113752
0.104768
0.0984044
0.0937479
0.0902427
0.0875472
0.0854434
0.0837837
0.0824624
0.081399
0.0805293
0.0798005
0.0791678
0.0785916
0.0780354
0.0774648
0.0768445
0.0761365
0.0752975
0.0742765
0.0730102
0.0714176
0.0693905
0.0667777
0.0633542
0.0587534
0.0522708
0.0420603
0.0202473
0.456203
0.476038
0.454711
0.391991
0.314421
0.246346
0.19537
0.160065
0.136474
0.120725
0.110049
0.102595
0.0972116
0.093201
0.0901396
0.0877614
0.0858903
0.0844025
0.0832056
0.0822275
0.0814093
0.0807018
0.080062
0.0794503
0.0788306
0.0781656
0.077416
0.0765374
0.0754779
0.0741735
0.0725423
0.0704749
0.0678184
0.0643453
0.0596835
0.0531177
0.0427684
0.0206587
0.457592
0.485659
0.487029
0.432009
0.348202
0.270743
0.212392
0.171816
0.144682
0.126699
0.114607
0.106231
0.100226
0.095778
0.0923977
0.0897788
0.0877207
0.0860844
0.0847676
0.0836911
0.0827912
0.0820147
0.0813155
0.0806523
0.0799866
0.0792799
0.0784914
0.0775759
0.0764805
0.0751407
0.0734736
0.0713689
0.0686723
0.0651539
0.0604378
0.0538
0.0433358
0.0209978
0.458115
0.489395
0.509056
0.461754
0.374495
0.289634
0.224872
0.180295
0.150773
0.131305
0.118242
0.109206
0.102736
0.0979496
0.0943156
0.0915006
0.0892875
0.0875258
0.086106
0.0849437
0.0839715
0.0831332
0.0823802
0.0816699
0.0809621
0.0802168
0.0793922
0.0784425
0.0773139
0.0759411
0.0742406
0.0721012
0.0693674
0.0658075
0.0610426
0.054342
0.043782
0.0212729
0.451651
0.495215
0.524956
0.481987
0.390058
0.299313
0.231007
0.184749
0.154365
0.134332
0.120835
0.111453
0.104707
0.0997011
0.0958909
0.0929328
0.0906016
0.0887413
0.0872381
0.0860046
0.0849709
0.0840788
0.0832786
0.0825264
0.0817805
0.0810001
0.0801426
0.0791612
0.0780019
0.0765985
0.074867
0.0726954
0.069927
0.0663291
0.0615201
0.0547644
0.0441248
0.0214934
0.442508
0.508122
0.54165
0.491682
0.39199
0.298421
0.230374
0.18509
0.155436
0.135759
0.122365
0.112957
0.106131
0.101031
0.097128
0.0940835
0.0916742
0.0897442
0.0881788
0.0868898
0.0858064
0.0848696
0.0840295
0.0832408
0.0824614
0.0816495
0.0807621
0.079752
0.0785644
0.0771328
0.0753726
0.073171
0.0703709
0.0667381
0.0618893
0.0550857
0.0443808
0.021668
0.431373
0.525545
0.553462
0.486274
0.378712
0.287221
0.223676
0.181862
0.154297
0.135743
0.122907
0.113754
0.10703
0.101955
0.0980389
0.0949644
0.0925175
0.0905471
0.0889414
0.0876132
0.0864924
0.085521
0.0846484
0.0838291
0.0830207
0.0821813
0.0812673
0.0802313
0.079018
0.0775606
0.0757739
0.073545
0.0707157
0.0670512
0.0621671
0.055322
0.0445644
0.0218049
0.414093
0.543443
0.548736
0.458131
0.350012
0.267821
0.212602
0.176044
0.151467
0.134553
0.122603
0.113924
0.107448
0.1025
0.0986442
0.0955919
0.0931457
0.0911636
0.0895388
0.0881877
0.0870425
0.0860462
0.0851487
0.0843049
0.0834724
0.0826094
0.0816722
0.0806131
0.0793767
0.0778959
0.0760854
0.0738315
0.0709759
0.0672831
0.0623678
0.0554875
0.0446886
0.021911
0.461984
0.549113
0.506801
0.404198
0.310658
0.244258
0.199363
0.168757
0.147529
0.132504
0.121628
0.113565
0.107447
0.102707
0.098971
0.0959865
0.0935754
0.0916077
0.0899841
0.0886261
0.0874689
0.0864572
0.0855423
0.0846799
0.0838283
0.0829456
0.0819886
0.0809094
0.0796527
0.0781511
0.0763191
0.0740429
0.0711638
0.0674461
0.062504
0.0555945
0.0447643
0.0219923
0.505741
0.495029
0.423315
0.338997
0.270449
0.220994
0.185949
0.160973
0.143002
0.129893
0.120159
0.112787
0.107094
0.10262
0.0990512
0.0961717
0.0938251
0.0918951
0.0902914
0.0889411
0.0877832
0.086765
0.0858399
0.0849649
0.0840988
0.0832006
0.0822271
0.0811309
0.0798565
0.0783367
0.0764858
0.07419
0.0712905
0.0675513
0.0625865
0.0556536
0.044801
0.0220538
0.435946
0.402328
0.342939
0.284355
0.236893
0.200687
0.173555
0.153344
0.138278
0.126961
0.11835
0.111691
0.10646
0.102288
0.0989203
0.0961743
0.093916
0.0920432
0.0904751
0.089145
0.0879965
0.0869802
0.0860517
0.0851694
0.0842935
0.0833835
0.082397
0.0812867
0.0799974
0.078462
0.076595
0.0742824
0.0713654
0.0676081
0.0626249
0.0556736
0.0448063
0.0220993
0.354126
0.3256
0.285428
0.245542
0.211462
0.184096
0.162726
0.146265
0.133638
0.123911
0.116343
0.110378
0.105614
0.101762
0.0986149
0.0960219
0.0938694
0.092069
0.0905492
0.0892501
0.0881199
0.0871129
0.086187
0.0853026
0.0844212
0.0835032
0.0825068
0.0813853
0.0800839
0.0785356
0.0766549
0.0743283
0.0713968
0.0676248
0.0626269
0.0556621
0.0447869
0.0221321
0.296443
0.274306
0.245931
0.217269
0.191775
0.170516
0.153395
0.139859
0.129231
0.120869
0.114238
0.108924
0.104615
0.101086
0.0981689
0.095741
0.0937065
0.0919897
0.0905281
0.0892686
0.0881643
0.0871728
0.086255
0.0853731
0.08449
0.0835675
0.0825643
0.0814344
0.0801235
0.0785648
0.0766732
0.0743351
0.0713921
0.0676085
0.0625996
0.0556254
0.0447478
0.0221546
0.257406
0.239419
0.217814
0.195978
0.176148
0.159225
0.145301
0.134072
0.12509
0.117897
0.112101
0.107385
0.10351
0.100298
0.0976138
0.0953567
0.0934475
0.0918219
0.0904259
0.0892127
0.0881401
0.0871695
0.0862643
0.085389
0.0845078
0.0835838
0.0825768
0.0814411
0.0801231
0.0785565
0.0766564
0.0743095
0.0713576
0.0675654
0.0625486
0.0555687
0.0446933
0.0221687
0.229606
0.214261
0.196845
0.179436
0.16351
0.149745
0.13826
0.128863
0.121236
0.115042
0.109981
0.10581
0.102342
0.0994334
0.0969778
0.0948923
0.0931116
0.0915816
0.0902561
0.089094
0.0880578
0.0871122
0.0862234
0.085358
0.0844818
0.0835592
0.0825508
0.0814119
0.0800892
0.078517
0.0766107
0.0742573
0.0712989
0.0675006
0.0624788
0.0554963
0.0446266
0.0221757
0.208691
0.195189
0.180588
0.166233
0.153112
0.141708
0.132112
0.124182
0.117676
0.112332
0.107917
0.104237
0.101143
0.0985217
0.096286
0.0943689
0.0927166
0.0912839
0.0900315
0.0889236
0.0879269
0.0870095
0.0861402
0.0852875
0.084419
0.0835002
0.0824927
0.0813527
0.0800274
0.0784517
0.0765413
0.0741836
0.0712209
0.0674188
0.0623942
0.0554116
0.0445506
0.0221768
0.192245
0.180152
0.167588
0.155455
0.144425
0.13483
0.126722
0.11998
0.114405
0.109786
0.105934
0.102694
0.099942
0.0975877
0.0955603
0.0938053
0.0922786
0.0909426
0.089764
0.0887119
0.0877568
0.0868698
0.0860222
0.0851844
0.0843257
0.0834128
0.0824083
0.0812691
0.0799431
0.0783657
0.076453
0.0740928
0.0711277
0.0673237
0.0622983
0.0553175
0.0444672
0.0221728
0.178882
0.16794
0.156935
0.146491
0.137071
0.128896
0.121979
0.116208
0.111412
0.107413
0.104053
0.101202
0.0987604
0.0966517
0.0948189
0.0932176
0.0918116
0.09057
0.0894645
0.0884685
0.087556
0.0867007
0.0858763
0.0850552
0.084208
0.0833027
0.0823028
0.081166
0.079841
0.0782634
0.07635
0.0739889
0.071023
0.0672186
0.0621939
0.0552163
0.0443782
0.0221642
0.167762
0.157797
0.148037
0.138925
0.13078
0.123741
0.117793
0.112825
0.108684
0.105216
0.102285
0.0997791
0.0976153
0.0957303
0.0940772
0.0926196
0.0913281
0.0901771
0.0891428
0.0882021
0.0873321
0.0865093
0.0857091
0.0849058
0.0840714
0.0831749
0.082181
0.081048
0.0797252
0.0781489
0.0762361
0.0738753
0.0709098
0.0671061
0.0620831
0.0551098
0.044285
0.0221517
0.158347
0.149231
0.140497
0.132464
0.125351
0.11924
0.114092
0.109794
0.106209
0.103196
0.100636
0.0984347
0.096519
0.0948361
0.0933473
0.0920227
0.0908385
0.0897733
0.0888071
0.0879202
0.0870922
0.0863017
0.0855262
0.0847414
0.0839207
0.0830341
0.0820472
0.0809191
0.0795997
0.0780256
0.0761145
0.073755
0.0707907
0.0669886
0.0619681
0.0549997
0.0441885
0.0221354
0.150273
0.141905
0.134036
0.126898
0.12064
0.115298
0.110816
0.107084
0.10397
0.101348
0.0991111
0.0971762
0.0954803
0.0939787
0.0926387
0.0914361
0.0903512
0.0893664
0.088465
0.0876296
0.0868423
0.0860837
0.0853328
0.0845669
0.0837603
0.0828843
0.0819053
0.0807829
0.0794676
0.0778966
0.0759879
0.0736304
0.070668
0.066868
0.0618505
0.0548871
0.0440897
0.0221159
0.143283
0.135581
0.128455
0.122074
0.116533
0.111837
0.107918
0.104664
0.101952
0.0996659
0.097709
0.0960069
0.094505
0.0931647
0.0919587
0.0908669
0.0898732
0.0889631
0.0881223
0.0873359
0.0865876
0.08586
0.0851334
0.0843862
0.0835942
0.0827292
0.0817584
0.0806423
0.0793318
0.0777645
0.0758586
0.0735036
0.0705435
0.066746
0.0617315
0.0547733
0.0439894
0.0220933
0.137188
0.130085
0.123607
0.117874
0.112944
0.108798
0.105356
0.10251
0.100141
0.0981427
0.0964273
0.0949278
0.093596
0.0923985
0.0913121
0.0903204
0.0894098
0.0885685
0.0877841
0.0870437
0.0863326
0.0856347
0.0849317
0.0842031
0.0834255
0.0825717
0.0816096
0.0805001
0.0791947
0.0776314
0.0757288
0.0733765
0.0704189
0.0666238
0.0616122
0.054659
0.0438882
0.0220678
0.131846
0.125285
0.119378
0.114209
0.109804
0.106127
0.103094
0.100595
0.0985199
0.0967688
0.0952615
0.0939375
0.0927541
0.0916823
0.0907024
0.0898003
0.0889651
0.0881866
0.0874544
0.0867569
0.0860808
0.0854113
0.084731
0.0840205
0.0832572
0.0824146
0.0814612
0.0803585
0.0790584
0.0774993
0.0756
0.0732505
0.0702953
0.0665025
0.0614937
0.054545
0.0437868
0.0220398
0.127147
0.121079
0.11568
0.111004
0.107055
0.103783
0.1011
0.0988983
0.0970739
0.0955342
0.0942054
0.093033
0.0919787
0.091017
0.0901311
0.0893091
0.0885417
0.0878205
0.0871362
0.0864785
0.0858352
0.0851924
0.0845339
0.0838408
0.0830914
0.0822598
0.0813151
0.0802192
0.0789245
0.0773696
0.0754737
0.0731269
0.070174
0.0663832
0.0613767
0.0544319
0.0436855
0.0220093
0.123001
0.117386
0.112442
0.108201
0.104649
0.101727
0.0993443
0.0973975
0.0957873
0.0944281
0.0932522
0.0922101
0.0912676
0.0904021
0.0895989
0.0888481
0.0881416
0.0874722
0.0868317
0.0862107
0.085598
0.0849804
0.0843424
0.083666
0.0829301
0.0821092
0.081173
0.0800838
0.0787944
0.0772436
0.075351
0.0730067
0.0700557
0.0662666
0.0612619
0.0543204
0.0435848
0.0219767
0.119338
0.114138
0.109604
0.105749
0.102545
0.0999261
0.0978018
0.0960726
0.0946451
0.0934396
0.0923942
0.0914639
0.0906178
0.089836
0.0891055
0.0884177
0.0877658
0.0871431
0.0865425
0.0859553
0.0853709
0.0847768
0.0841583
0.0834978
0.0827746
0.0819641
0.0810362
0.0799535
0.0786692
0.0771224
0.0752327
0.0728906
0.0699412
0.0661533
0.0611498
0.0542109
0.0434851
0.0219422
0.116094
0.111278
0.107115
0.103603
0.100705
0.0983498
0.096448
0.0949049
0.0936327
0.0925579
0.0916236
0.0907889
0.0900259
0.0893167
0.0886498
0.0880178
0.0874144
0.0868339
0.0862696
0.0857133
0.0851551
0.0845829
0.0839826
0.0833371
0.0826263
0.0818256
0.0809056
0.0798292
0.0785497
0.0770065
0.0751195
0.0727792
0.069831
0.0660437
0.0610408
0.0541038
0.0433868
0.0219058
0.113217
0.108757
0.104932
0.101727
0.0990972
0.0969711
0.0952608
0.0938766
0.0927364
0.0917725
0.0909326
0.0901795
0.0894878
0.0888415
0.0882304
0.0876475
0.0870874
0.0865448
0.0860134
0.0854854
0.0849513
0.0843996
0.0838163
0.083185
0.0824857
0.0816945
0.0807819
0.0797114
0.0784365
0.0768967
0.075012
0.0726732
0.0697255
0.0659384
0.0609354
0.0539994
0.0432902
0.0218679
0.11066
0.106535
0.103016
0.100085
0.0976921
0.0957654
0.0942201
0.0929714
0.0919434
0.0910734
0.0903136
0.0896299
0.0889996
0.0884077
0.0878452
0.0873057
0.0867842
0.0862757
0.0857741
0.0852719
0.0847601
0.0842273
0.0836599
0.0830419
0.0823535
0.0815712
0.0806658
0.0796008
0.07833
0.0767933
0.0749105
0.0725727
0.0696252
0.0658375
0.0608337
0.053898
0.0431955
0.0218286
0.108374
0.104568
0.101332
0.0986465
0.0964631
0.0947103
0.0933072
0.0921744
0.0912416
0.0904511
0.0897592
0.0891348
0.088557
0.0880123
0.0874923
0.0869911
0.086504
0.0860261
0.0855514
0.0850729
0.0845815
0.0840662
0.0835138
0.0829081
0.0822301
0.0814561
0.0805573
0.0794976
0.0782306
0.0766965
0.0748153
0.0724779
0.0695301
0.0657413
0.0607361
0.0537999
0.0431031
0.0217881
0.106333
0.102819
0.0998462
0.0973851
0.0953867
0.0937858
0.0925055
0.091472
0.09062
0.0898969
0.0892626
0.0886888
0.0881561
0.0876523
0.0871695
0.0867022
0.0862457
0.0857953
0.0853451
0.0848882
0.0844156
0.0839165
0.0833778
0.0827839
0.0821154
0.0813493
0.0804568
0.0794018
0.0781383
0.0766064
0.0747264
0.0723891
0.0694404
0.06565
0.0606428
0.0537052
0.0430131
0.0217466
0.104508
0.101263
0.0985285
0.0962716
0.0944417
0.0929741
0.0918002
0.0908517
0.0900687
0.0894028
0.0888176
0.0882868
0.0877931
0.0873248
0.0868747
0.0864373
0.0860081
0.0855824
0.0851545
0.0847173
0.084262
0.0837779
0.0832522
0.082669
0.0820096
0.0812509
0.0803641
0.0793136
0.0780532
0.0765232
0.0746438
0.0723063
0.0693562
0.0655636
0.0605537
0.0536142
0.0429256
0.0217043
0.102873
0.0998758
0.0973587
0.0952857
0.0936061
0.0922587
0.0911781
0.0903028
0.0895787
0.0889616
0.0884181
0.0879244
0.0874642
0.0870269
0.0866055
0.0861947
0.0857901
0.0853867
0.084979
0.0845598
0.0841204
0.0836503
0.0831364
0.0825635
0.0819125
0.0811606
0.0802793
0.0792327
0.0779751
0.0764466
0.0745676
0.0722293
0.0692775
0.0654821
0.060469
0.0535268
0.042841
0.0216614
0.101403
0.0986356
0.0963173
0.0944105
0.0928655
0.0916243
0.0906265
0.0898155
0.0891421
0.0885667
0.0880591
0.0875972
0.0871662
0.086756
0.08636
0.0859729
0.0855902
0.0852071
0.0848178
0.0844151
0.0839904
0.0835331
0.0830304
0.0824669
0.0818238
0.0810783
0.080202
0.0791591
0.0779038
0.0763765
0.0744976
0.0721581
0.0692041
0.0654056
0.0603887
0.0534433
0.0427592
0.0216179
0.100077
0.0975231
0.0953872
0.0936313
0.092207
0.0910601
0.0901351
0.0893805
0.0887517
0.0882126
0.0877358
0.0873015
0.0868959
0.0865096
0.086136
0.0857701
0.0854073
0.0850425
0.08467
0.0842825
0.0838714
0.083426
0.0829337
0.0823789
0.0817432
0.0810037
0.0801319
0.0790924
0.0778392
0.0763128
0.0744335
0.0720926
0.069136
0.0653339
0.0603128
0.0533636
0.0426805
0.0215741
0.098878
0.0965214
0.0945532
0.0929346
0.0916192
0.0905566
0.0896961
0.088991
0.088401
0.0878936
0.087444
0.0870338
0.0866505
0.0862853
0.0859318
0.0855849
0.08524
0.0848919
0.0845347
0.0841612
0.0837626
0.0833284
0.0828457
0.0822992
0.0816703
0.0809363
0.0800689
0.0790323
0.0777809
0.0762551
0.0743752
0.0720325
0.069073
0.065267
0.0602412
0.0532877
0.0426048
0.0215301
0.0977881
0.0956157
0.0938022
0.0923091
0.0910924
0.0901055
0.0893023
0.0886409
0.0880851
0.0876055
0.0871796
0.0867909
0.0864275
0.086081
0.0857455
0.0854158
0.0850871
0.0847543
0.0844112
0.0840506
0.0836636
0.0832397
0.0827659
0.0822272
0.0816047
0.0808759
0.0800123
0.0789785
0.0777286
0.0762031
0.0743223
0.0719776
0.0690148
0.0652046
0.0601738
0.0532156
0.0425321
0.0214859
0.096794
0.0947934
0.0931229
0.0917449
0.0906179
0.0896994
0.0889478
0.0883253
0.0877996
0.0873445
0.0869397
0.0865699
0.0862242
0.0858948
0.0855755
0.0852613
0.0849475
0.0846287
0.0842986
0.0839499
0.0835737
0.0831593
0.0826939
0.0821623
0.0815459
0.0808218
0.0799619
0.0789304
0.0776818
0.0761564
0.0742745
0.0719275
0.0689613
0.0651466
0.0601106
0.0531473
0.0424625
0.0214415
0.0958839
0.0940438
0.0925059
0.0912337
0.0901887
0.0893323
0.0886271
0.0880396
0.0875409
0.0871077
0.0867215
0.0863686
0.0860388
0.0857246
0.0854202
0.0851203
0.0848201
0.0845141
0.084196
0.0838583
0.083492
0.0830866
0.082629
0.0821041
0.0814933
0.0807736
0.079917
0.0788878
0.0776402
0.0761146
0.0742314
0.0718819
0.0689121
0.0650927
0.0600513
0.0530825
0.0423956
0.0213982
0.0950476
0.0933578
0.091943
0.0907684
0.0897987
0.0889988
0.0883358
0.0877799
0.0873056
0.086892
0.0865227
0.086185
0.0858696
0.0855692
0.0852782
0.0849914
0.0847037
0.0844096
0.0841026
0.0837751
0.0834182
0.083021
0.0825708
0.0820521
0.0814464
0.0807309
0.0798773
0.07885
0.0776032
0.0760772
0.0741926
0.0718404
0.0688668
0.0650426
0.0599956
0.0530212
0.0423315
0.0213578
0.0942769
0.0927277
0.0914274
0.0903431
0.0894426
0.0886946
0.0880702
0.087543
0.0870909
0.0866951
0.086341
0.0860172
0.0857149
0.0854272
0.0851485
0.0848736
0.0845975
0.0843143
0.0840176
0.0836997
0.0833514
0.0829619
0.0825185
0.0820057
0.0814049
0.0806932
0.0798423
0.0788167
0.0775705
0.076044
0.0741577
0.0718027
0.0688252
0.0649961
0.0599434
0.0529632
0.0422703
0.0213205
0.0935649
0.0921474
0.0909536
0.0899529
0.0891161
0.0884159
0.0878269
0.0873262
0.0868943
0.0865149
0.0861748
0.0858636
0.0855733
0.0852972
0.0850298
0.084766
0.0845005
0.0842275
0.0839403
0.0836312
0.083291
0.0829089
0.0824718
0.0819645
0.0813681
0.08066
0.0798117
0.0787875
0.0775417
0.0760145
0.0741264
0.0717685
0.068787
0.0649528
0.0598944
0.0529084
0.0422122
0.0212857
0.0929059
0.0916116
0.0905168
0.0895935
0.0888157
0.0881596
0.0876032
0.0871268
0.0867137
0.0863494
0.0860222
0.0857228
0.0854435
0.0851782
0.0849213
0.0846677
0.084412
0.0841484
0.0838701
0.0835692
0.0832366
0.0828612
0.0824301
0.0819279
0.0813358
0.0806309
0.0797849
0.078762
0.0775165
0.0759885
0.0740984
0.0717375
0.068752
0.0649128
0.0598486
0.0528568
0.0421572
0.021253
0.0922953
0.091116
0.0901132
0.0892616
0.0885384
0.087923
0.0873968
0.086943
0.0865473
0.086197
0.0858819
0.0855934
0.0853245
0.0850691
0.084822
0.0845778
0.0843313
0.0840765
0.0838064
0.0835132
0.0831876
0.0828185
0.082393
0.0818955
0.0813074
0.0806055
0.0797616
0.0787399
0.0774945
0.0759656
0.0740736
0.0717096
0.06872
0.0648758
0.0598059
0.0528083
0.0421052
0.021222
0.0917292
0.0906569
0.0897395
0.0889543
0.0882815
0.0877039
0.0872057
0.086773
0.0863935
0.0860564
0.0857526
0.0854743
0.085215
0.084969
0.0847309
0.0844957
0.0842577
0.084011
0.0837486
0.0834626
0.0831436
0.0827804
0.0823601
0.0818671
0.0812825
0.0805835
0.0797416
0.0787209
0.0774755
0.0759456
0.0740515
0.0716845
0.0686908
0.0648417
0.0597663
0.052763
0.0420568
0.0211917
0.0912044
0.0902315
0.089393
0.0886692
0.0880431
0.0875005
0.0870284
0.0866154
0.0862511
0.0859264
0.0856332
0.0853645
0.0851143
0.084877
0.0846474
0.0844204
0.0841905
0.0839514
0.0836962
0.0834169
0.083104
0.0827464
0.082331
0.0818421
0.081261
0.0805646
0.0797244
0.0787046
0.0774592
0.0759283
0.0740322
0.0716621
0.0686645
0.0648105
0.0597296
0.0527208
0.0420116
0.0211618
0.0907184
0.0898371
0.0890715
0.0884043
0.0878213
0.0873111
0.0868634
0.0864688
0.0861189
0.0858059
0.0855227
0.0852632
0.0850215
0.0847924
0.0845708
0.0843515
0.084129
0.0838971
0.0836487
0.0833757
0.0830685
0.0827161
0.0823053
0.0818203
0.0812424
0.0805485
0.07971
0.0786909
0.0774454
0.0759134
0.0740153
0.0716423
0.0686408
0.0647821
0.0596959
0.0526818
0.0419694
0.0211322
0.0902687
0.0894717
0.0887731
0.0881578
0.0876147
0.0871346
0.0867095
0.0863322
0.0859958
0.0856939
0.0854203
0.0851694
0.0849358
0.0847144
0.0845004
0.0842884
0.0840729
0.0838477
0.0836056
0.0833384
0.0830367
0.0826891
0.0822826
0.0818014
0.0812265
0.0805348
0.0796978
0.0786795
0.0774338
0.0759008
0.0740008
0.0716249
0.0686196
0.0647564
0.059665
0.0526458
0.0419303
0.0211032
0.0898533
0.0891334
0.088496
0.0879285
0.087422
0.0869697
0.0865657
0.0862046
0.0858811
0.0855897
0.0853252
0.0850825
0.0848566
0.0846426
0.0844356
0.0842305
0.0840215
0.0838026
0.0835664
0.0833048
0.0830081
0.0826651
0.0822626
0.0817849
0.0812128
0.0805233
0.0796878
0.0786701
0.0774243
0.0758903
0.0739884
0.0716097
0.0686008
0.0647333
0.059637
0.0526128
0.0418942
0.0210747
0.0894702
0.0888204
0.0882388
0.0877149
0.0872421
0.0868155
0.0864312
0.0860854
0.085774
0.0854926
0.0852368
0.0850019
0.0847833
0.0845762
0.0843759
0.0841772
0.0839745
0.0837614
0.0835308
0.0832743
0.0829824
0.0826438
0.0822451
0.0817706
0.0812012
0.0805137
0.0796795
0.0786625
0.0774166
0.0758816
0.0739779
0.0715967
0.0685843
0.0647126
0.0596117
0.0525828
0.0418612
0.0210469
0.0891175
0.0885312
0.0880002
0.087516
0.087074
0.0866711
0.0863052
0.0859737
0.0856738
0.085402
0.0851545
0.084927
0.0847153
0.0845149
0.0843209
0.0841283
0.0839314
0.0837238
0.0834984
0.0832468
0.0829594
0.0826247
0.0822296
0.0817582
0.0811913
0.0805058
0.0796729
0.0786565
0.0774104
0.0758746
0.0739692
0.0715855
0.06857
0.0646944
0.0595891
0.0525557
0.0418312
0.0210199
0.0887934
0.0882643
0.0877789
0.0873308
0.0869169
0.086536
0.0861871
0.0858691
0.0855801
0.0853174
0.0850777
0.0848574
0.0846523
0.0844581
0.0842701
0.0840832
0.0838918
0.0836894
0.0834689
0.0832219
0.0829386
0.0826078
0.0822161
0.0817475
0.0811831
0.0804994
0.0796678
0.0786519
0.0774058
0.0758691
0.0739622
0.0715762
0.0685577
0.0646785
0.059569
0.0525315
0.0418042
0.0209939
0.0884962
0.0880182
0.0875739
0.0871584
0.0867702
0.0864094
0.0860763
0.0857709
0.0854922
0.0852382
0.0850061
0.0847925
0.0845938
0.0844055
0.0842231
0.0840416
0.0838553
0.0836579
0.0834419
0.0831992
0.0829199
0.0825927
0.0822041
0.0817383
0.0811761
0.0804943
0.0796638
0.0786486
0.0774024
0.075865
0.0739567
0.0715686
0.0685473
0.0646648
0.0595516
0.0525102
0.0417802
0.0209688
0.088224
0.0877917
0.0873841
0.086998
0.0866331
0.0862907
0.0859724
0.0856788
0.0854098
0.085164
0.0849391
0.0847321
0.0845393
0.0843567
0.0841797
0.0840033
0.0838218
0.0836289
0.0834173
0.0831786
0.082903
0.0825792
0.0821936
0.0817304
0.0811704
0.0804902
0.0796609
0.0786463
0.0774001
0.0758622
0.0739526
0.0715626
0.0685388
0.0646532
0.0595365
0.0524917
0.0417591
0.0209448
0.0879753
0.0875833
0.0872085
0.0868487
0.086505
0.0861796
0.0858748
0.0855924
0.0853326
0.0850946
0.0848765
0.0846757
0.0844886
0.0843113
0.0841394
0.0839678
0.0837909
0.0836023
0.0833948
0.0831598
0.0828877
0.0825671
0.0821844
0.0817236
0.0811657
0.0804871
0.079659
0.078645
0.0773989
0.0758605
0.0739498
0.0715581
0.0685321
0.0646437
0.0595239
0.0524759
0.0417408
0.0209219
0.0877482
0.0873918
0.0870461
0.08671
0.0863854
0.0860754
0.0857833
0.0855112
0.08526
0.0850295
0.084818
0.084623
0.0844414
0.0842692
0.084102
0.0839349
0.0837623
0.0835778
0.0833741
0.0831427
0.0828739
0.0825562
0.0821762
0.0817178
0.0811618
0.0804848
0.0796578
0.0786445
0.0773986
0.0758598
0.0739482
0.071555
0.068527
0.0646362
0.0595136
0.0524628
0.0417255
0.0209001
0.0875412
0.0872161
0.0868961
0.086581
0.0862737
0.0859779
0.0856974
0.085435
0.085192
0.0849685
0.0847632
0.0845738
0.0843973
0.0842299
0.0840673
0.0839045
0.0837359
0.0835552
0.0833551
0.083127
0.0828613
0.0825464
0.082169
0.0817128
0.0811588
0.0804833
0.0796574
0.0786448
0.0773991
0.07586
0.0739476
0.0715533
0.0685235
0.0646305
0.0595056
0.0524523
0.0417129
0.0208797
0.0873527
0.087055
0.0867576
0.0864614
0.0861696
0.0858867
0.0856169
0.0853634
0.0851281
0.0849113
0.0847118
0.0845278
0.0843562
0.0841933
0.084035
0.0838762
0.0837114
0.0835343
0.0833375
0.0831126
0.0828498
0.0825376
0.0821626
0.0817086
0.0811563
0.0804823
0.0796576
0.0786457
0.0774003
0.0758611
0.0739482
0.0715527
0.0685215
0.0646268
0.0594998
0.0524444
0.041703
0.0208605
0.0871814
0.0869074
0.0866299
0.0863503
0.0860725
0.0858013
0.0855414
0.0852963
0.0850682
0.0848576
0.0846637
0.0844847
0.0843177
0.0841592
0.0840049
0.0838499
0.0836887
0.083515
0.0833213
0.0830994
0.0828393
0.0825297
0.0821569
0.081705
0.0811545
0.0804819
0.0796583
0.0786472
0.0774022
0.075863
0.0739496
0.0715534
0.068521
0.0646248
0.059496
0.0524389
0.0416957
0.0208426
0.0870258
0.0867723
0.0865122
0.0862474
0.0859821
0.0857215
0.0854706
0.0852333
0.0850119
0.0848072
0.0846186
0.0844444
0.0842818
0.0841273
0.0839768
0.0838254
0.0836676
0.083497
0.0833064
0.0830872
0.0828298
0.0825225
0.0821519
0.0817019
0.0811531
0.080482
0.0796595
0.0786492
0.0774047
0.0758656
0.073952
0.0715552
0.0685219
0.0646244
0.0594943
0.0524357
0.041691
0.0208261
0.0868848
0.0866489
0.0864039
0.086152
0.0858978
0.0856469
0.0854043
0.0851742
0.084959
0.0847599
0.0845763
0.0844066
0.0842481
0.0840975
0.0839506
0.0838026
0.0836479
0.0834803
0.0832925
0.083076
0.0828209
0.082516
0.0821474
0.0816993
0.0811522
0.0804825
0.0796611
0.0786517
0.0774077
0.0758688
0.0739552
0.071558
0.0685241
0.0646257
0.0594946
0.0524349
0.0416887
0.0208109
0.0867573
0.0865363
0.0863043
0.0860637
0.0858194
0.0855771
0.0853421
0.0851186
0.0849093
0.0847154
0.0845365
0.0843711
0.0842165
0.0840695
0.083926
0.0837812
0.0836295
0.0834647
0.0832795
0.0830655
0.0828128
0.08251
0.0821435
0.0816971
0.0811516
0.0804833
0.0796631
0.0786546
0.0774112
0.0758728
0.0739592
0.0715619
0.0685275
0.0646286
0.0594967
0.0524363
0.0416889
0.0207971
0.0866422
0.0864338
0.0862127
0.085982
0.0857464
0.0855118
0.0852837
0.0850663
0.0848625
0.0846735
0.084499
0.0843376
0.0841868
0.0840433
0.083903
0.0837611
0.0836123
0.0834502
0.0832675
0.0830558
0.0828053
0.0825045
0.0821399
0.0816953
0.0811514
0.0804845
0.0796654
0.0786579
0.0774152
0.0758772
0.0739639
0.0715666
0.0685321
0.0646329
0.0595007
0.0524397
0.0416912
0.0207848
0.0865387
0.0863404
0.0861286
0.0859062
0.0856783
0.0854506
0.0852288
0.085017
0.0848183
0.0846339
0.0844636
0.084306
0.0841587
0.0840185
0.0838812
0.0837422
0.0835961
0.0834365
0.0832562
0.0830467
0.0827983
0.0824995
0.0821367
0.0816938
0.0811514
0.0804859
0.079668
0.0786615
0.0774196
0.0758822
0.0739694
0.0715723
0.0685379
0.0646386
0.0595063
0.0524451
0.0416958
0.0207738
0.0864458
0.0862556
0.0860513
0.0858359
0.0856146
0.0853931
0.0851768
0.0849703
0.0847763
0.0845962
0.0844299
0.084276
0.0841321
0.0839949
0.0838606
0.0837243
0.0835807
0.0834235
0.0832455
0.0830382
0.0827918
0.0824949
0.0821338
0.0816926
0.0811517
0.0804875
0.0796709
0.0786653
0.0774244
0.0758877
0.0739754
0.0715788
0.0685447
0.0646457
0.0595135
0.0524525
0.0417024
0.0207642
0.0863627
0.0861785
0.08598
0.0857704
0.0855547
0.0853386
0.0851274
0.0849257
0.0847361
0.0845601
0.0843976
0.0842472
0.0841065
0.0839724
0.0838408
0.0837072
0.0835661
0.0834112
0.0832353
0.08303
0.0827856
0.0824905
0.0821312
0.0816915
0.0811521
0.0804893
0.0796739
0.0786695
0.0774295
0.0758937
0.0739821
0.071586
0.0685524
0.0646539
0.0595222
0.0524615
0.0417109
0.020756
0.0862886
0.0861083
0.0859141
0.085709
0.0854979
0.0852865
0.08508
0.0848827
0.0846973
0.0845253
0.0843664
0.0842194
0.0840818
0.0839506
0.0838218
0.0836907
0.0835519
0.0833993
0.0832255
0.0830222
0.0827796
0.0824863
0.0821287
0.0816906
0.0811527
0.0804912
0.0796771
0.0786738
0.0774349
0.0759
0.0739892
0.0715939
0.0685611
0.0646632
0.0595322
0.0524722
0.0417212
0.0207491
0.0862226
0.0860441
0.0858526
0.0856508
0.0854435
0.0852362
0.0850338
0.0848407
0.0846593
0.0844911
0.0843358
0.0841921
0.0840576
0.0839293
0.0838031
0.0836745
0.0835381
0.0833876
0.0832159
0.0830146
0.0827739
0.0824823
0.0821263
0.0816898
0.0811533
0.0804932
0.0796803
0.0786782
0.0774404
0.0759065
0.0739967
0.0716024
0.0685704
0.0646735
0.0595434
0.0524843
0.041733
0.0207435
0.0861639
0.0859851
0.0857945
0.0855948
0.0853905
0.0851867
0.0849882
0.084799
0.0846215
0.084457
0.0843053
0.0841649
0.0840336
0.0839081
0.0837846
0.0836585
0.0835244
0.0833761
0.0832064
0.083007
0.0827681
0.0824782
0.0821239
0.0816889
0.0811538
0.0804951
0.0796836
0.0786827
0.0774461
0.0759133
0.0740045
0.0716112
0.0685804
0.0646846
0.0595557
0.0524976
0.0417463
0.0207392
0.0861115
0.08593
0.0857387
0.0855401
0.085338
0.0851373
0.0849424
0.0847569
0.0845834
0.0844226
0.0842745
0.0841375
0.0840093
0.0838867
0.083766
0.0836424
0.0835106
0.0833644
0.0831968
0.0829993
0.0827622
0.082474
0.0821213
0.0816879
0.0811543
0.080497
0.0796868
0.0786872
0.0774517
0.0759201
0.0740125
0.0716204
0.0685908
0.0646962
0.0595687
0.0525119
0.0417606
0.0207359
0.0860642
0.0858776
0.0856841
0.0854854
0.0852849
0.0850869
0.0848954
0.0847138
0.0845441
0.0843872
0.0842428
0.0841093
0.0839843
0.0838648
0.0837468
0.0836258
0.0834964
0.0833525
0.0831869
0.0829913
0.082756
0.0824696
0.0821185
0.0816866
0.0811545
0.0804986
0.0796898
0.0786915
0.0774573
0.0759269
0.0740206
0.0716297
0.0686014
0.0647083
0.0595823
0.0525269
0.0417758
0.0207336
0.0860208
0.0858268
0.0856294
0.0854296
0.0852302
0.0850346
0.0848465
0.0846687
0.0845031
0.0843503
0.0842097
0.0840799
0.0839584
0.083842
0.0837269
0.0836086
0.0834816
0.0833399
0.0831765
0.0829828
0.0827494
0.0824647
0.0821153
0.0816849
0.0811544
0.0804999
0.0796924
0.0786954
0.0774625
0.0759335
0.0740284
0.0716389
0.068612
0.0647204
0.059596
0.0525423
0.0417914
0.0207322
0.08598
0.0857761
0.0855734
0.0853717
0.0851728
0.0849796
0.084795
0.0846213
0.0844599
0.0843114
0.084175
0.084049
0.0839311
0.0838181
0.083706
0.0835904
0.083466
0.0833267
0.0831654
0.0829738
0.0827422
0.0824593
0.0821115
0.0816828
0.0811537
0.0805007
0.0796946
0.078699
0.0774674
0.0759396
0.0740359
0.0716478
0.0686223
0.0647323
0.0596096
0.0525575
0.041807
0.0207313
0.0859405
0.0857244
0.0855149
0.0853107
0.0851123
0.0849215
0.0847405
0.0845711
0.0844143
0.0842704
0.0841383
0.0840165
0.0839024
0.0837929
0.083684
0.0835713
0.0834496
0.0833127
0.0831536
0.0829641
0.0827344
0.0824533
0.0821071
0.08168
0.0811524
0.0805009
0.0796962
0.0787019
0.0774717
0.0759452
0.0740429
0.0716561
0.0686321
0.0647437
0.0596226
0.0525721
0.041822
0.0207307
0.0859008
0.0856707
0.0854536
0.0852464
0.0850483
0.0848601
0.0846831
0.0845183
0.0843664
0.0842273
0.0840999
0.0839825
0.0838724
0.0837665
0.083661
0.0835513
0.0834323
0.0832979
0.083141
0.0829536
0.0827258
0.0824465
0.0821021
0.0816765
0.0811505
0.0805003
0.079697
0.0787041
0.0774752
0.0759501
0.074049
0.0716636
0.0686409
0.064754
0.0596345
0.0525855
0.0418357
0.02073
0.0858601
0.0856146
0.0853893
0.0851791
0.0849816
0.0847963
0.0846235
0.0844636
0.0843169
0.0841829
0.0840603
0.0839474
0.0838414
0.0837393
0.0836372
0.0835305
0.0834143
0.0832824
0.0831278
0.0829425
0.0827167
0.0824391
0.0820963
0.0816723
0.0811477
0.080499
0.0796971
0.0787055
0.0774778
0.0759539
0.0740541
0.0716699
0.0686486
0.0647629
0.0596447
0.0525969
0.0418471
0.0207287
0.0858178
0.0855566
0.0853233
0.0851105
0.0849139
0.0847317
0.0845633
0.0844085
0.0842671
0.0841383
0.0840206
0.0839122
0.0838104
0.083712
0.0836133
0.0835097
0.0833962
0.0832667
0.0831144
0.082931
0.0827071
0.0824312
0.08209
0.0816675
0.0811443
0.0804969
0.0796963
0.0787059
0.0774794
0.0759567
0.074058
0.071675
0.0686546
0.0647699
0.0596526
0.0526055
0.0418553
0.0207262
0.0857747
0.0854987
0.0852583
0.0850434
0.0848481
0.0846692
0.0845054
0.0843556
0.0842194
0.0840956
0.0839826
0.0838786
0.0837808
0.0836859
0.0835904
0.0834896
0.0833787
0.0832516
0.0831013
0.0829198
0.0826976
0.0824233
0.0820836
0.0816624
0.0811405
0.0804943
0.0796947
0.0787055
0.0774801
0.0759584
0.0740607
0.0716786
0.068659
0.0647749
0.0596578
0.0526105
0.0418587
0.0207215
0.085733
0.0854447
0.0851986
0.0849825
0.0847888
0.0846133
0.0844536
0.0843086
0.084177
0.0840577
0.083949
0.0838488
0.0837545
0.0836628
0.08357
0.0834718
0.0833631
0.083238
0.0830896
0.0829097
0.0826889
0.082416
0.0820775
0.0816574
0.0811365
0.0804913
0.0796928
0.0787044
0.0774799
0.0759591
0.0740622
0.0716807
0.0686617
0.0647776
0.0596601
0.0526111
0.041856
0.0207137
0.0856975
0.0854003
0.0851506
0.084934
0.084742
0.0845693
0.0844132
0.0842718
0.084144
0.0840282
0.0839229
0.0838257
0.0837341
0.0836448
0.0835542
0.083458
0.083351
0.0832274
0.0830803
0.0829017
0.082682
0.0824101
0.0820725
0.0816532
0.0811332
0.0804887
0.0796908
0.0787032
0.0774793
0.0759591
0.0740628
0.0716818
0.0686629
0.0647786
0.0596598
0.0526076
0.0418458
0.0207021
0.0856747
0.0853734
0.085122
0.0849056
0.0847147
0.0845438
0.0843897
0.0842506
0.0841249
0.0840111
0.0839077
0.0838122
0.0837221
0.0836343
0.0835449
0.0834498
0.0833438
0.083221
0.0830747
0.0828968
0.0826778
0.0824064
0.0820693
0.0816506
0.0811309
0.0804869
0.0796894
0.0787021
0.0774786
0.0759588
0.0740628
0.071682
0.0686632
0.0647786
0.0596585
0.052603
0.0418329
0.0206839
)
;

boundaryField
{
    leftWall
    {
        type            kqRWallFunction;
        value           nonuniform List<scalar> 
100
(
0.00355379
0.00600223
0.00798361
0.00956087
0.0108109
0.011874
0.0127944
0.0135907
0.0142742
0.0148561
0.0153499
0.015771
0.0161355
0.0164584
0.0167521
0.0170266
0.0173013
0.0177527
0.0181943
0.0186338
0.0190757
0.0195212
0.0199692
0.0204185
0.0208687
0.021321
0.0217796
0.0222533
0.022758
0.0233191
0.0239737
0.0247722
0.0257852
0.0271153
0.0285242
0.0296612
0.0301628
0.030512
0.0328595
0.0357691
0.0361127
0.0340204
0.0325792
0.0323199
0.0327555
0.0335803
0.0345704
0.03558
0.0365343
0.0374193
0.0381596
0.0387091
0.0390742
0.0392617
0.0392792
0.0391368
0.0388472
0.0384263
0.0378925
0.0372655
0.0365655
0.0358124
0.035025
0.0342203
0.0334133
0.0326166
0.0318401
0.0310913
0.0303752
0.0296948
0.0290517
0.0284464
0.027879
0.0273488
0.0268551
0.0263968
0.0259727
0.0255817
0.0252228
0.0248957
0.0246012
0.0243425
0.0241258
0.0239609
0.0238605
0.0238405
0.023918
0.0241117
0.0244428
0.0249368
0.0256287
0.0265701
0.0278389
0.0295559
0.0319153
0.0352483
0.0401481
0.0477906
0.0612499
0.0928911
)
;
    }
    rightWall
    {
        type            kqRWallFunction;
        value           nonuniform List<scalar> 
100
(
0.0068963
0.00782525
0.0092606
0.0106226
0.0118264
0.0128768
0.0137952
0.0146021
0.0153147
0.0159478
0.0165138
0.017023
0.0174843
0.0179054
0.018293
0.0186534
0.0191895
0.0197574
0.0202473
0.0206587
0.0209978
0.0212729
0.0214934
0.021668
0.0218049
0.021911
0.0219923
0.0220538
0.0220993
0.0221321
0.0221546
0.0221687
0.0221757
0.0221768
0.0221728
0.0221642
0.0221517
0.0221354
0.0221159
0.0220933
0.0220678
0.0220398
0.0220093
0.0219767
0.0219422
0.0219058
0.0218679
0.0218286
0.0217881
0.0217466
0.0217043
0.0216614
0.0216179
0.0215741
0.0215301
0.0214859
0.0214415
0.0213982
0.0213578
0.0213205
0.0212857
0.021253
0.021222
0.0211917
0.0211618
0.0211322
0.0211032
0.0210747
0.0210469
0.0210199
0.0209939
0.0209688
0.0209448
0.0209219
0.0209001
0.0208797
0.0208605
0.0208426
0.0208261
0.0208109
0.0207971
0.0207848
0.0207738
0.0207642
0.020756
0.0207491
0.0207435
0.0207392
0.0207359
0.0207336
0.0207322
0.0207313
0.0207307
0.02073
0.0207287
0.0207262
0.0207215
0.0207137
0.0207021
0.0206839
)
;
    }
    lowerWall
    {
        type            kqRWallFunction;
        value           nonuniform List<scalar> 
124
(
0.00355379
0.00720672
0.010936
0.0136712
0.0159034
0.0178109
0.0194982
0.0210307
0.0224539
0.0238019
0.0251014
0.0263747
0.027641
0.028917
0.0302174
0.0315551
0.0329412
0.0343846
0.035892
0.0374672
0.0391108
0.0408193
0.0425852
0.0443961
0.0462345
0.0480779
0.0498982
0.0516621
0.0533312
0.0548626
0.0562084
0.0573166
0.0581307
0.0585893
0.0586223
0.0581438
0.0571243
0.0555664
0.0532493
0.0499511
0.045486
0.0398462
0.0335041
0.0275536
0.0237073
0.02209
0.02209
0.0431762
0.061055
0.0738302
0.0839461
0.093375
0.102347
0.112658
0.124659
0.138019
0.152319
0.16697
0.181195
0.194058
0.204532
0.211684
0.187323
0.190785
0.264315
0.240592
0.245453
0.264555
0.286919
0.30685
0.00729106
0.00935908
0.0109815
0.0125713
0.0142158
0.0159575
0.0178199
0.0198197
0.0219933
0.0244582
0.0275437
0.0320603
0.0397565
0.053777
0.0787194
0.127318
0.00729106
0.0147819
0.0207336
0.0251078
0.0281727
0.0301511
0.0312769
0.0318279
0.0320189
0.0319997
0.0318653
0.031672
0.0314566
0.0312472
0.0310638
0.0309135
0.0307905
0.030685
0.0305895
0.0305005
0.0304164
0.0303356
0.0302555
0.030171
0.0300736
0.0299509
0.0297864
0.0295576
0.029233
0.0287696
0.0281088
0.0271711
0.0258483
0.0239914
0.0213919
0.017746
0.0126216
0.0068963
)
;
    }
    atmosphere
    {
        type            inletOutlet;
        inletValue      uniform 0.1;
        value           nonuniform List<scalar> 
92
(
0.1
0.1
0.1
0.1
0.1
0.1
0.1
0.1
0.1
0.1
0.1
0.1
0.1
0.1
0.1
0.1
0.1
0.1
0.1
0.1
0.1
0.1
0.1
0.1
0.1
0.1
0.1
0.1
0.1
0.1
0.1
0.1
0.1
0.1
0.1
0.1
0.1
0.1
0.1
0.1
0.1
0.0966886
0.0934556
0.0911697
0.0895634
0.0883934
0.0877476
0.0873848
0.0870662
0.0867853
0.0865366
0.0863156
0.0861183
0.0859412
0.0856747
0.0853734
0.085122
0.0849056
0.0847147
0.0845438
0.0843897
0.0842506
0.0841249
0.0840111
0.0839077
0.0838122
0.0837221
0.0836343
0.0835449
0.0834498
0.0833438
0.083221
0.0830747
0.0828968
0.0826778
0.0824064
0.0820693
0.0816506
0.0811309
0.0804869
0.0796894
0.0787021
0.0774786
0.0759588
0.0740628
0.071682
0.0686632
0.0647786
0.0596585
0.052603
0.0418329
0.0206839
)
;
    }
    defaultFaces
    {
        type            empty;
    }
}


// ************************************************************************* //
