/*--------------------------------*- C++ -*----------------------------------*\
  =========                 |
  \\      /  F ield         | OpenFOAM: The Open Source CFD Toolbox
   \\    /   O peration     | Website:  https://openfoam.org
    \\  /    A nd           | Version:  7
     \\/     M anipulation  |
\*---------------------------------------------------------------------------*/
FoamFile
{
    version     2.0;
    format      ascii;
    class       volScalarField;
    location    "0.2";
    object      p;
}
// * * * * * * * * * * * * * * * * * * * * * * * * * * * * * * * * * * * * * //

dimensions      [1 -1 -2 0 0 0 0];

internalField   nonuniform List<scalar> 
9072
(
2307.41
2311.85
2318.3
2323.71
2326.88
2327.71
2326.5
2323.54
2319.04
2313.16
2306
2297.62
2288.05
2277.28
2265.28
2252.01
2237.44
2221.5
2204.18
2185.43
2165.26
2143.71
2120.86
2096.87
2071.98
2046.56
2021.09
1996.28
1973.06
1952.64
1936.63
1927.07
1926.56
1938.43
1966.96
2018.02
2098.04
2214.36
2373.93
2580.1
2823.92
3076.08
3292.05
3448.11
3537.03
3633.33
2277.26
2280.65
2285.5
2289.83
2292.36
2292.84
2291.43
2288.33
2283.73
2277.74
2270.48
2261.98
2252.26
2241.32
2229.13
2215.64
2200.82
2184.62
2167
2147.93
2127.42
2105.51
2082.3
2057.95
2032.7
2006.94
1981.17
1956.11
1932.7
1912.19
1896.19
1886.77
1886.54
1898.81
1927.68
1977.82
2055.42
2168.05
2323.06
2525.69
2771.84
3036.24
3270.56
3436.66
3517.16
3616.4
2246.75
2250.15
2253.51
2256.46
2257.94
2257.67
2255.71
2252.2
2247.24
2240.93
2233.36
2224.54
2214.49
2203.18
2190.6
2176.69
2161.41
2144.71
2126.56
2106.94
2085.85
2063.35
2039.54
2014.6
1988.79
1962.49
1936.26
1910.81
1887.12
1866.46
1850.45
1841.17
1841.24
1853.94
1883.26
1933.89
2011.65
2122.88
2273.75
2467.96
2702.96
2963.07
3211.08
3407.79
3523.14
3632.72
2215.75
2219.68
2222.12
2223.91
2224.36
2223.23
2220.59
2216.5
2211.04
2204.29
2196.27
2187.02
2176.52
2164.75
2151.67
2137.23
2121.38
2104.09
2085.3
2065.02
2043.25
2020.04
1995.52
1969.88
1943.38
1916.44
1889.61
1863.63
1839.49
1818.47
1802.2
1792.76
1792.73
1805.34
1834.5
1884.81
1961.63
2070.73
2217.5
2404.72
2629.73
2881.54
3135.02
3361.21
3524.46
3671.38
2184.29
2188.82
2190.79
2191.78
2191.41
2189.52
2186.21
2181.53
2175.55
2168.3
2159.82
2150.1
2139.12
2126.86
2113.25
2098.26
2081.83
2063.92
2044.48
2023.51
2001.03
1977.09
1951.83
1925.42
1898.17
1870.49
1842.94
1816.27
1791.47
1769.81
1752.92
1742.85
1742.13
1753.91
1781.99
1830.81
1905.43
2011.26
2153.25
2334.16
2552.19
2799.23
3057.16
3304.47
3507.46
3691.92
2152.35
2157.41
2159.16
2159.64
2158.64
2156.12
2152.23
2147.02
2140.54
2132.83
2123.89
2113.7
2102.26
2089.5
2075.38
2059.84
2042.83
2024.3
2004.22
1982.57
1959.37
1934.69
1908.65
1881.45
1853.38
1824.86
1796.46
1768.92
1743.22
1720.63
1702.74
1691.55
1689.54
1699.74
1725.81
1772.03
1843.22
1944.57
2080.9
2255.35
2467.44
2711.66
2974.19
3236.96
3469.29
3687.8
2119.93
2125.43
2127.1
2127.26
2125.8
2122.79
2118.41
2112.73
2105.81
2097.66
2088.29
2077.67
2065.77
2052.54
2037.92
2021.86
2004.28
1985.15
1964.42
1942.09
1918.17
1892.73
1865.88
1837.84
1808.88
1779.43
1750.04
1721.46
1694.65
1670.83
1651.57
1638.79
1634.9
1642.8
1665.99
1708.57
1775.17
1870.8
2000.37
2167.55
2373.22
2614.2
2879.88
3154.28
3407.62
3654.43
2087.05
2092.9
2094.58
2094.55
2092.76
2089.36
2084.59
2078.52
2071.21
2062.67
2052.91
2041.89
2029.57
2015.89
2000.8
1984.22
1966.09
1946.37
1925.01
1902
1877.35
1851.13
1823.45
1794.5
1764.59
1734.11
1703.6
1673.81
1645.65
1620.33
1599.34
1584.54
1578.22
1583.14
1602.64
1640.6
1701.45
1790.1
1911.58
2070.13
2267.91
2503.66
2769.61
3051.88
3320.75
3590.45
2053.72
2059.86
2061.6
2061.47
2059.45
2055.76
2050.67
2044.28
2036.64
2027.77
2017.66
2006.28
1993.57
1979.48
1963.93
1946.86
1928.2
1907.9
1885.92
1862.23
1836.84
1809.82
1781.27
1751.38
1720.43
1688.82
1657.07
1625.9
1596.19
1569.09
1546.04
1528.8
1519.53
1520.86
1535.88
1568.29
1622.28
1702.65
1814.5
1962.59
2150.15
2377.52
2639.59
2925.27
3206.06
3494.61
2019.96
2026.34
2028.18
2028
2025.82
2021.93
2016.6
2009.95
2002.04
1992.88
1982.47
1970.76
1957.7
1943.23
1927.26
1909.72
1890.55
1869.69
1847.09
1822.72
1796.58
1768.74
1739.28
1708.4
1676.35
1643.52
1610.41
1577.69
1546.23
1517.11
1491.69
1471.62
1458.94
1456.07
1465.92
1491.89
1537.94
1608.67
1709.17
1844.54
2018.83
2233.65
2486.58
2770.19
3059.74
3365.17
1985.78
1992.37
1994.31
1994.13
1991.86
1987.81
1982.31
1975.46
1967.34
1957.95
1947.28
1935.29
1921.92
1907.09
1890.72
1872.75
1853.09
1831.67
1808.46
1783.41
1756.52
1727.84
1697.45
1665.52
1632.3
1598.16
1563.57
1529.18
1495.78
1464.41
1436.33
1413.1
1396.57
1388.98
1392.98
1411.7
1448.77
1508.49
1595.81
1715.85
1873.23
2070.36
2307.79
2582.66
2876.9
3196.39
1951.21
1957.98
1960.01
1959.86
1957.53
1953.39
1947.76
1940.77
1932.48
1922.91
1912.03
1899.8
1886.15
1871
1854.28
1835.89
1815.76
1793.81
1770
1744.27
1716.62
1687.08
1655.72
1622.71
1588.27
1552.73
1516.56
1480.35
1444.86
1411.03
1380.05
1353.33
1332.57
1319.79
1317.36
1328.08
1355.2
1402.59
1474.83
1576.79
1713.26
1886.72
2101.04
2359.11
2651.95
2978.94
1916.25
1923.16
1925.28
1925.17
1922.82
1918.63
1912.93
1905.85
1897.45
1887.74
1876.69
1864.26
1850.37
1834.94
1817.88
1799.1
1778.52
1756.06
1731.66
1705.26
1676.84
1646.43
1614.08
1579.94
1544.22
1507.23
1469.38
1431.24
1393.5
1357.03
1322.92
1292.45
1267.13
1248.75
1239.39
1241.47
1257.76
1291.61
1347
1428.28
1539.96
1683.24
1865.34
2096.91
2379.51
2700.25
1880.91
1887.95
1890.12
1890.06
1887.72
1883.52
1877.79
1870.66
1862.19
1852.38
1841.21
1828.61
1814.52
1798.84
1781.48
1762.34
1741.34
1718.38
1693.4
1666.33
1637.15
1605.85
1572.49
1537.19
1500.13
1461.61
1422.01
1381.83
1341.71
1302.46
1265.03
1230.57
1200.41
1176.1
1159.4
1152.3
1157.04
1176.31
1213.45
1272.19
1356.39
1462.91
1601.84
1795.6
2055.91
2344.52
1845.18
1852.33
1854.54
1854.52
1852.22
1848.04
1842.32
1835.19
1826.69
1816.82
1805.57
1792.85
1778.59
1762.69
1745.06
1725.59
1704.19
1680.75
1655.2
1627.47
1597.52
1565.33
1530.94
1494.44
1456.02
1415.91
1374.48
1332.17
1289.56
1247.38
1206.48
1167.85
1132.64
1102.13
1077.75
1061.06
1053.72
1057.74
1075.91
1111.07
1165.13
1225.98
1310.54
1457.93
1681.6
1889.47
1809.09
1816.23
1818.51
1818.53
1816.31
1812.19
1806.52
1799.42
1790.94
1781.06
1769.76
1756.95
1742.56
1726.49
1708.62
1688.86
1667.09
1643.2
1617.12
1588.75
1558.04
1524.97
1489.56
1451.87
1412.07
1370.36
1327.05
1282.56
1237.41
1192.21
1147.71
1104.77
1064.34
1027.42
995.112
968.533
948.883
937.641
936.672
944.396
954.156
946.33
974.392
1087.87
1263.56
1323.58
-3.09069
-3.09656
-3.09267
-3.0748
-3.04183
-2.99511
-2.93737
-2.8715
-2.80017
-2.72565
-2.64975
-2.57397
-2.4994
-2.42689
-2.35704
-2.29025
-2.22683
-2.16686
-2.11047
-2.05765
-2.00836
-1.96257
-1.92017
-1.8811
-1.84524
-1.81237
-1.78245
-1.75536
-1.73102
-1.70934
-1.69021
-1.67355
-1.65928
-1.64735
-1.63771
-1.63032
-1.62537
-1.62277
-3.12002
-3.12621
-3.12348
-3.10662
-3.07559
-3.02863
-2.97102
-2.90505
-2.83338
-2.7584
-2.68198
-2.60567
-2.53061
-2.45764
-2.3874
-2.32028
-2.25657
-2.19638
-2.13981
-2.08685
-2.03745
-1.99157
-1.94909
-1.90983
-1.87391
-1.84101
-1.81105
-1.78393
-1.75957
-1.73787
-1.71873
-1.70208
-1.68782
-1.67593
-1.66635
-1.65905
-1.65428
-1.65181
-3.1519
-3.15827
-3.15651
-3.14019
-3.10829
-3.06299
-3.00545
-2.93913
-2.86689
-2.79123
-2.71411
-2.63714
-2.56146
-2.48795
-2.41726
-2.34975
-2.28573
-2.22531
-2.16856
-2.11547
-2.06596
-2.02
-1.97746
-1.93828
-1.9022
-1.86925
-1.83927
-1.81214
-1.78777
-1.76608
-1.74694
-1.73032
-1.7161
-1.70426
-1.69475
-1.68754
-1.68294
-1.68038
-3.18623
-3.19344
-3.19285
-3.17684
-3.14528
-3.0994
-3.04127
-2.97414
-2.90096
-2.82432
-2.74626
-2.6684
-2.59196
-2.5178
-2.44655
-2.37861
-2.31425
-2.25358
-2.19666
-2.14344
-2.09385
-2.04781
-2.00521
-1.96596
-1.9299
-1.89696
-1.86699
-1.83988
-1.81553
-1.79384
-1.77474
-1.75815
-1.74399
-1.73222
-1.72279
-1.71569
-1.71114
-1.70848
-3.22305
-3.23191
-3.23273
-3.21674
-3.18484
-3.1379
-3.07856
-3.0101
-2.93555
-2.85759
-2.77832
-2.69939
-2.62203
-2.54711
-2.47525
-2.40683
-2.34211
-2.28118
-2.22408
-2.17074
-2.12106
-2.07496
-2.03232
-1.99305
-1.95703
-1.92412
-1.8942
-1.86713
-1.84281
-1.82116
-1.80211
-1.78558
-1.77149
-1.75979
-1.75044
-1.74342
-1.73887
-1.73614
-3.2626
-3.27379
-3.27627
-3.25997
-3.22711
-3.17854
-3.11735
-3.047
-2.97063
-2.89099
-2.81025
-2.73004
-2.65162
-2.57584
-2.50332
-2.43439
-2.36928
-2.30809
-2.2508
-2.19734
-2.14759
-2.10145
-2.05881
-2.01957
-1.9836
-1.95076
-1.9209
-1.89389
-1.86962
-1.84803
-1.82904
-1.81259
-1.79858
-1.78696
-1.77769
-1.77072
-1.76615
-1.76335
-3.30525
-3.31931
-3.3237
-3.30671
-3.27233
-3.22144
-3.15773
-3.08488
-3.0062
-2.9245
-2.84199
-2.7603
-2.68068
-2.60396
-2.53073
-2.46126
-2.39576
-2.33428
-2.2768
-2.22323
-2.17342
-2.12728
-2.08467
-2.04549
-2.00961
-1.97686
-1.94709
-1.92015
-1.89596
-1.87446
-1.85555
-1.83919
-1.82527
-1.81373
-1.80453
-1.7976
-1.79298
-1.79012
-3.35147
-3.36886
-3.37543
-3.35729
-3.32074
-3.26677
-3.1998
-3.1238
-3.04229
-2.95813
-2.87354
-2.79016
-2.70918
-2.63142
-2.55742
-2.4874
-2.42149
-2.35972
-2.30205
-2.24838
-2.19855
-2.15244
-2.10991
-2.07083
-2.03507
-2.00243
-1.97276
-1.94592
-1.92183
-1.90043
-1.88163
-1.86537
-1.85155
-1.84009
-1.83094
-1.82404
-1.81938
-1.81646
-3.40204
-3.42295
-3.43205
-3.4121
-3.37264
-3.3147
-3.24365
-3.1638
-3.0789
-2.99186
-2.9049
-2.81959
-2.7371
-2.6582
-2.58337
-2.51275
-2.44641
-2.38436
-2.32652
-2.27278
-2.22297
-2.17694
-2.13453
-2.09558
-2.05995
-2.02744
-1.9979
-1.97119
-1.94723
-1.92596
-1.90728
-1.89114
-1.87742
-1.86603
-1.85693
-1.85004
-1.84534
-1.84238
-3.45824
-3.48232
-3.49442
-3.47171
-3.42836
-3.3654
-3.28933
-3.20488
-3.11601
-3.02565
-2.936
-2.84856
-2.7644
-2.68425
-2.60851
-2.53726
-2.47049
-2.40817
-2.35019
-2.29643
-2.24669
-2.20078
-2.15851
-2.11972
-2.08424
-2.05189
-2.02251
-1.99596
-1.97216
-1.95103
-1.9325
-1.91648
-1.90286
-1.89156
-1.8825
-1.87562
-1.87089
-1.86789
-3.5224
-3.54807
-3.56374
-3.53682
-3.48831
-3.41903
-3.33687
-3.24697
-3.15349
-3.05939
-2.96674
-2.87695
-2.791
-2.7095
-2.63279
-2.56089
-2.49371
-2.43114
-2.37307
-2.31933
-2.2697
-2.22395
-2.18186
-2.14325
-2.10795
-2.07578
-2.04659
-2.02023
-1.99661
-1.97566
-1.95729
-1.9414
-1.92788
-1.91666
-1.90765
-1.90079
-1.89602
-1.893
-3.59882
-3.62196
-3.64175
-3.60839
-3.55294
-3.47575
-3.38626
-3.28997
-3.19122
-3.09289
-2.99695
-2.90464
-2.81677
-2.73386
-2.65615
-2.5836
-2.51602
-2.45326
-2.39514
-2.34148
-2.292
-2.24645
-2.20456
-2.16616
-2.13107
-2.09911
-2.07014
-2.044
-2.02059
-1.99984
-1.98164
-1.96589
-1.95249
-1.94135
-1.93239
-1.92554
-1.92075
-1.91771
-3.69612
-3.70686
-3.73092
-3.68759
-3.62275
-3.53571
-3.43745
-3.33377
-3.22903
-3.12601
-3.02647
-2.93145
-2.8416
-2.75724
-2.67853
-2.60534
-2.53743
-2.47452
-2.41641
-2.36286
-2.31358
-2.26824
-2.2266
-2.18844
-2.15359
-2.12189
-2.09316
-2.06728
-2.04411
-2.02357
-2.00556
-1.98996
-1.97668
-1.96562
-1.95672
-1.94989
-1.94509
-1.94204
-3.82984
-3.80753
-3.83437
-3.77588
-3.69823
-3.59902
-3.49038
-3.37822
-3.26679
-3.1586
-3.05516
-2.95728
-2.86536
-2.77955
-2.69986
-2.62608
-2.55787
-2.49489
-2.43684
-2.38345
-2.33439
-2.28932
-2.24795
-2.21007
-2.17551
-2.1441
-2.11566
-2.09006
-2.06716
-2.04686
-2.02903
-2.0136
-2.00044
-1.98948
-1.98065
-1.97385
-1.96904
-1.96598
-4.03568
-3.93481
-3.95594
-3.87496
-3.77981
-3.6657
-3.54491
-3.42317
-3.30433
-3.19053
-3.08293
-2.98204
-2.88801
-2.80076
-2.72013
-2.64581
-2.57736
-2.51435
-2.45643
-2.40324
-2.35444
-2.30967
-2.26862
-2.23107
-2.19684
-2.16576
-2.13765
-2.11236
-2.08975
-2.06969
-2.05207
-2.03681
-2.02379
-2.01294
-2.00418
-1.99743
-1.99263
-1.98956
-4.35577
-4.12299
-4.10025
-3.98732
-3.86806
-3.73585
-3.60097
-3.46848
-3.34154
-3.22172
-3.10973
-3.00573
-2.90957
-2.82092
-2.73941
-2.66461
-2.59598
-2.533
-2.47525
-2.42231
-2.37381
-2.32938
-2.28869
-2.25152
-2.21767
-2.18695
-2.1592
-2.13424
-2.11192
-2.09212
-2.07472
-2.05963
-2.04676
-2.03602
-2.02735
-2.02064
-2.01585
-2.01277
1752.14
1759.02
1761.52
1761.57
1759.48
1755.51
1749.97
1742.99
1734.58
1724.75
1713.44
1700.57
1686.04
1669.75
1651.59
1631.43
1609.15
1584.64
1557.78
1528.48
1496.67
1462.29
1425.33
1385.84
1343.91
1299.72
1253.52
1205.62
1156.44
1106.47
1056.28
1006.5
957.747
910.641
865.741
823.629
785.029
750.239
715.698
661.92
554.165
412.992
394.073
493.638
576.034
270.6
1673.1
1679.7
1682.23
1682.39
1680.51
1676.82
1671.55
1664.83
1656.65
1647
1635.81
1622.98
1608.41
1591.98
1573.55
1552.98
1530.15
1504.92
1477.14
1446.71
1413.5
1377.43
1338.46
1296.58
1251.82
1204.3
1154.16
1101.63
1047
990.585
932.745
873.821
814.101
753.784
693.015
631.844
569.097
497.327
389.877
236.848
108.696
54.5562
48.7423
66.593
94.4957
5.13807
1592.64
1598.86
1601.29
1601.56
1599.92
1596.55
1591.64
1585.27
1577.43
1568.07
1557.11
1544.44
1529.94
1513.48
1494.9
1474.07
1450.81
1424.97
1396.39
1364.91
1330.41
1292.74
1251.83
1207.6
1160.06
1109.22
1055.19
998.077
938.066
875.345
810.092
742.441
672.468
600.204
525.475
446.461
354.859
233.144
97.2552
29.071
10.1215
8.78027
6.63492
3.32539
-0.387619
0.508362
1510.91
1516.68
1518.96
1519.34
1517.96
1514.94
1510.43
1504.48
1497.04
1488.05
1477.42
1465
1450.68
1434.3
1415.71
1394.71
1371.15
1344.84
1315.58
1283.2
1247.52
1208.37
1165.62
1119.18
1068.96
1014.95
957.167
895.678
830.567
761.926
689.822
614.308
535.44
453.033
365.149
264.214
143.685
43.9917
6.51838
3.70612
2.49175
2.13876
1.94165
1.76133
0.124546
5.07363
1428.1
1433.35
1435.48
1435.97
1434.86
1432.22
1428.16
1422.67
1415.69
1407.14
1396.89
1384.82
1370.77
1354.58
1336.07
1315.04
1291.31
1264.66
1234.87
1201.73
1165.03
1124.56
1080.15
1031.66
978.957
921.992
860.737
795.206
725.438
651.476
573.384
491.266
405.014
312.925
209.443
97.2412
23.2092
2.60927
1.81205
1.39979
1.71605
1.95172
1.93248
1.91295
1.63282
11.4628
1344.4
1349.09
1351.08
1351.69
1350.87
1348.63
1345.03
1340.04
1333.56
1325.5
1315.71
1304.06
1290.36
1274.45
1256.13
1235.19
1211.42
1184.58
1154.42
1120.69
1083.15
1041.56
995.699
945.376
890.449
830.822
766.444
697.313
623.459
544.968
461.993
374.488
281.077
178.138
73.7478
14.2221
1.54166
1.05341
1.13931
1.37603
1.67926
1.84909
1.83197
1.7778
1.94091
4.1956
1259.98
1264.09
1265.99
1266.73
1266.2
1264.37
1261.27
1256.8
1250.86
1243.33
1234.06
1222.88
1209.61
1194.07
1176.05
1155.32
1131.65
1104.77
1074.42
1040.3
1002.13
959.638
912.561
860.683
803.83
741.891
674.814
602.606
525.369
443.32
356.511
263.742
162.638
63.3486
10.4484
0.96487
0.633579
0.75791
0.989122
1.18832
1.34725
1.45934
1.52023
1.58801
1.7548
1.20315
1175.02
1178.56
1180.39
1181.28
1181.05
1179.66
1177.06
1173.14
1167.78
1160.82
1152.1
1141.45
1128.69
1113.61
1095.99
1075.6
1052.18
1025.43
995.069
960.767
922.204
879.063
831.053
777.927
719.496
655.648
586.349
511.681
431.898
347.252
256.801
158.268
61.2494
9.20179
0.530106
0.274605
0.383613
0.573686
0.750098
0.904966
1.05104
1.18356
1.29403
1.3934
1.59073
1.50132
1089.7
1092.67
1094.45
1095.51
1095.61
1094.67
1092.59
1089.25
1084.49
1078.13
1070.02
1059.96
1047.77
1033.23
1016.12
996.196
973.168
946.737
916.57
882.316
843.615
800.112
751.483
697.456
637.835
572.519
501.535
425.111
343.617
256.676
161.929
65.4132
9.74348
0.2294
-0.0136844
0.0597393
0.212074
0.365773
0.519793
0.678564
0.838754
0.989816
1.12505
1.23647
1.3757
1.41687
1004.16
1006.55
1008.33
1009.56
1010
1009.54
1008.02
1005.28
1001.14
995.427
987.957
978.543
966.989
953.083
936.593
917.258
894.788
868.858
839.109
805.158
766.605
723.058
674.16
619.615
559.225
492.925
420.855
343.388
260.482
170.43
75.2714
12.2082
0.345201
-0.199836
-0.209307
-0.0955085
0.0311259
0.168955
0.322376
0.485312
0.649069
0.805935
0.953859
1.08658
1.21102
1.29454
918.52
920.338
922.132
923.545
924.358
924.396
923.462
921.357
917.883
912.85
906.068
897.35
886.501
873.308
857.54
838.932
817.183
791.954
762.861
729.489
691.401
648.164
599.382
544.741
484.046
417.307
344.823
266.782
181.776
90.1177
18.1855
0.438422
-0.423183
-0.435147
-0.362076
-0.265536
-0.148977
-0.0114099
0.141945
0.303471
0.466201
0.624396
0.776348
0.920357
1.0539
1.16042
832.9
834.114
835.94
837.534
838.753
839.338
839.035
837.608
834.839
830.527
824.48
816.512
806.431
794.034
779.092
761.343
740.484
716.164
687.981
655.49
618.214
575.677
527.443
473.169
412.687
346.136
273.836
195.038
108.309
29.846
1.35843
-0.754527
-0.794074
-0.659128
-0.55326
-0.44682
-0.322338
-0.181731
-0.0297419
0.128838
0.288722
0.444589
0.593197
0.732647
0.859343
0.961355
747.368
747.905
749.794
751.557
753.234
754.43
754.819
754.128
752.118
748.576
743.313
736.147
726.898
715.375
701.359
684.6
664.798
641.601
614.596
583.311
547.231
505.831
458.623
405.234
345.553
279.806
207.737
127.42
45.8721
4.05404
-0.94199
-1.08157
-0.969573
-0.839496
-0.730732
-0.614443
-0.484444
-0.343574
-0.194511
-0.0405264
0.113632
0.262606
0.401946
0.527963
0.635272
0.71228
662.063
661.643
663.661
665.586
667.805
669.709
670.881
671.006
669.821
667.108
662.68
656.369
648.011
637.432
624.435
608.787
590.207
568.351
542.802
513.072
478.609
438.834
393.194
341.297
283.103
218.61
146.084
66.3633
9.24765
-0.476639
-1.15694
-1.19085
-1.08702
-0.98712
-0.882701
-0.764615
-0.635191
-0.497318
-0.353242
-0.206118
-0.0607592
0.077479
0.203396
0.311909
0.39617
0.444378
577.121
575.084
577.343
579.507
582.426
585.19
587.277
588.326
588.052
586.235
582.699
577.292
569.874
560.299
548.398
533.971
516.763
496.456
472.647
444.841
412.459
374.86
331.42
281.731
225.713
162.537
89.9544
22.5828
-0.0303035
-1.34909
-1.34997
-1.29343
-1.2176
-1.12698
-1.02151
-0.903905
-0.777395
-0.644214
-0.506791
-0.368573
-0.2342
-0.10908
0.00126805
0.0911546
0.153437
0.177466
491.662
487.758
490.525
493.169
497.033
500.88
504.066
506.179
506.921
506.078
503.488
499.029
492.589
484.059
473.312
460.188
444.481
425.913
404.117
378.62
348.825
314.036
273.548
226.893
173.483
110.808
42.1157
3.21009
-1.23661
-1.59022
-1.51702
-1.43193
-1.35202
-1.25812
-1.15119
-1.03524
-0.912624
-0.785236
-0.655651
-0.5275
-0.405371
-0.294353
-0.199993
-0.12782
-0.0844199
-0.0785863
403.695
399.787
402.782
406.441
411.61
416.83
421.339
424.682
426.555
426.759
425.165
421.682
416.24
408.775
399.21
387.441
373.325
356.651
337.125
314.323
287.672
256.443
219.845
177.186
126.815
65.6927
11.3418
-1.03393
-1.70451
-1.7041
-1.62699
-1.55502
-1.47361
-1.37792
-1.27198
-1.15906
-1.04124
-0.920543
-0.799634
-0.68216
-0.572557
-0.475607
-0.396282
-0.339653
-0.311314
-0.318039
315.364
310.253
313.756
319.259
326.263
333.253
339.343
344.078
347.175
348.477
347.899
345.395
340.944
334.534
326.148
315.749
303.273
288.606
271.561
251.816
228.875
202.056
170.457
132.68
85.3234
30.7096
1.12608
-1.77535
-1.91691
-1.82264
-1.74287
-1.6696
-1.58478
-1.48875
-1.38499
-1.27592
-1.16357
-1.05012
-0.938299
-0.831628
-0.734226
-0.65042
-0.584432
-0.540668
-0.523536
-0.537996
227.046
217.963
222.971
231.506
241.183
250.448
258.46
264.771
269.173
271.59
272.013
270.457
266.952
261.549
254.295
245.222
234.356
221.698
207.208
190.728
171.953
150.46
125.175
93.4902
50.876
8.36496
-1.3517
-1.97985
-1.98516
-1.90829
-1.84385
-1.77133
-1.68599
-1.59147
-1.49085
-1.38627
-1.27986
-1.17396
-1.07128
-0.975121
-0.88916
-0.817192
-0.762416
-0.72892
-0.719699
-0.73826
126.812
121.368
130.007
143.573
156.701
168.485
178.587
186.638
192.447
196.021
197.445
196.79
194.137
189.611
183.317
175.354
165.842
154.912
142.779
129.597
115.586
100.955
83.7973
59.1494
24.9342
0.971681
-1.85342
-2.09492
-2.05181
-1.99782
-1.93848
-1.86472
-1.77952
-1.68711
-1.59005
-1.49038
-1.39026
-1.29203
-1.19831
-1.11209
-1.03653
-0.974758
-0.929625
-0.903945
-0.900065
-0.920314
28.3197
35.084
44.6629
60.4438
75.8337
89.1453
100.287
109.398
116.26
120.768
123.026
123.108
121.105
117.231
111.643
104.507
96.0584
86.6404
77.0583
67.9141
60.1503
55.2401
49.7539
33.085
6.66606
-1.53037
-2.22914
-2.20278
-2.14439
-2.09263
-2.02832
-1.95137
-1.86626
-1.77608
-1.68284
-1.5884
-1.49479
-1.40425
-1.3192
-1.24222
-1.17599
-1.12305
-1.08572
-1.06606
-1.06574
-1.08626
-1.21598
2.07456
4.08683
10.154
17.4121
25.6288
33.0431
40.0856
46.3121
50.4665
52.5992
52.8101
51.1808
48.0663
43.668
38.1892
31.9667
25.5341
20.5695
17.5537
16.6453
19.5809
24.6632
15.8621
-0.667442
-2.33056
-2.38834
-2.29777
-2.23948
-2.17946
-2.10867
-2.02967
-1.94554
-1.8582
-1.76925
-1.6804
-1.59351
-1.5106
-1.43383
-1.36539
-1.30748
-1.26213
-1.23118
-1.21617
-1.21821
-1.23822
-1.76239
-1.26579
-1.43273
-1.45637
-0.956596
1.3836
4.02216
6.53874
7.89941
8.58888
8.57495
7.9814
6.90988
5.72287
4.61779
3.7192
3.20501
2.62709
1.69354
0.65188
-0.105302
0.230129
3.0201
-0.390098
-2.47823
-2.54163
-2.46564
-2.38131
-2.31676
-2.25001
-2.17663
-2.09832
-2.01676
-1.93331
-1.84939
-1.76657
-1.68658
-1.61121
-1.54232
-1.48174
-1.43124
-1.39244
-1.36677
-1.35539
-1.35899
-1.37808
-1.72157
-1.69304
-1.69569
-1.65161
-1.66423
-1.7633
-1.94743
-2.12546
-2.06323
-1.7973
-1.70018
-1.74555
-1.9513
-2.20261
-2.44198
-2.61325
-2.62197
-2.64774
-2.6297
-2.66793
-2.66728
-2.63452
-2.69736
-2.52137
-2.54714
-2.56209
-2.50098
-2.4351
-2.37185
-2.30463
-2.23285
-2.1577
-2.08031
-2.00187
-1.92372
-1.84737
-1.7744
-1.70642
-1.645
-1.59164
-1.54776
-1.51464
-1.49338
-1.48486
-1.4895
-1.50752
-1.76027
-1.70272
-1.73253
-1.72821
-1.7483
-1.77807
-1.81594
-1.84968
-1.89621
-2.00192
-2.13772
-2.23849
-2.30904
-2.35764
-2.37832
-2.35672
-2.31344
-2.32195
-2.38292
-2.45582
-2.52956
-2.60017
-2.66183
-2.66834
-2.61409
-2.57633
-2.52376
-2.46801
-2.40945
-2.3464
-2.2793
-2.20925
-2.13736
-2.06486
-1.99309
-1.9235
-1.85757
-1.79673
-1.74232
-1.69558
-1.65763
-1.62947
-1.61195
-1.60572
-1.61103
-1.62794
-1.82569
-1.79334
-1.80691
-1.81247
-1.83365
-1.86488
-1.90002
-1.93019
-1.95059
-1.97149
-2.01097
-2.05541
-2.10095
-2.14713
-2.19481
-2.24768
-2.31687
-2.38588
-2.44711
-2.50482
-2.55827
-2.60497
-2.6388
-2.64651
-2.615
-2.57921
-2.5371
-2.48993
-2.43765
-2.38044
-2.31924
-2.25522
-2.18957
-2.12356
-2.0585
-1.99578
-1.93676
-1.88272
-1.83483
-1.7941
-1.76143
-1.73761
-1.72329
-1.71896
-1.72473
-1.7406
-1.9
-1.87917
-1.88592
-1.89394
-1.91228
-1.93998
-1.97274
-2.00565
-2.03643
-2.06969
-2.11015
-2.15388
-2.19847
-2.24327
-2.28862
-2.33621
-2.3889
-2.44208
-2.49093
-2.53602
-2.57576
-2.60775
-2.62828
-2.62988
-2.61211
-2.58496
-2.55019
-2.50912
-2.46244
-2.41095
-2.35569
-2.29783
-2.23859
-2.17918
-2.12086
-2.0649
-2.01253
-1.96489
-1.92299
-1.88769
-1.85972
-1.83971
-1.82817
-1.82547
-1.83163
-1.84661
-1.97496
-1.96413
-1.96738
-1.97508
-1.99034
-2.01313
-2.04106
-2.07176
-2.10438
-2.14006
-2.1793
-2.2205
-2.26246
-2.30465
-2.34697
-2.38971
-2.43328
-2.47656
-2.51777
-2.55564
-2.58825
-2.61336
-2.62823
-2.6291
-2.61677
-2.59479
-2.56488
-2.52848
-2.48667
-2.4404
-2.39074
-2.3388
-2.28575
-2.23273
-2.1809
-2.13141
-2.08533
-2.04366
-2.00727
-1.97688
-1.95311
-1.93647
-1.92739
-1.92612
-1.93266
-1.94692
-2.0498
-2.04697
-2.04891
-2.05596
-2.06893
-2.08796
-2.11185
-2.1393
-2.1696
-2.2027
-2.23831
-2.27563
-2.31394
-2.35278
-2.39189
-2.43108
-2.47011
-2.50819
-2.54412
-2.5766
-2.60398
-2.62437
-2.63584
-2.63652
-2.62665
-2.60785
-2.58157
-2.54914
-2.51167
-2.47019
-2.42573
-2.37934
-2.3321
-2.28509
-2.23936
-2.1959
-2.15567
-2.11951
-2.08815
-2.06222
-2.04224
-2.02863
-2.02173
-2.02176
-2.02866
-2.04233
-2.12382
-2.12645
-2.12841
-2.13516
-2.14663
-2.16308
-2.18394
-2.20837
-2.23574
-2.26565
-2.29769
-2.33131
-2.36599
-2.4013
-2.43689
-2.4724
-2.50738
-2.5411
-2.5725
-2.6004
-2.6234
-2.64006
-2.64898
-2.64911
-2.64046
-2.62391
-2.60057
-2.57159
-2.53807
-2.50101
-2.46139
-2.42019
-2.37839
-2.33697
-2.29687
-2.25898
-2.22411
-2.19297
-2.16619
-2.14429
-2.1277
-2.1168
-2.11185
-2.11303
-2.12024
-2.13341
-2.19608
-2.20223
-2.20472
-2.21158
-2.22213
-2.23682
-2.25535
-2.27716
-2.30173
-2.3286
-2.35736
-2.38754
-2.41873
-2.45052
-2.48253
-2.51433
-2.54541
-2.57508
-2.60242
-2.62635
-2.64573
-2.65939
-2.6663
-2.66579
-2.65781
-2.64293
-2.62203
-2.59611
-2.56618
-2.53321
-2.4981
-2.46174
-2.42501
-2.38878
-2.35388
-2.32108
-2.29108
-2.26448
-2.24181
-2.22351
-2.20996
-2.20145
-2.19824
-2.20043
-2.20795
-2.2207
-2.26622
-2.27416
-2.27731
-2.28463
-2.29477
-2.30826
-2.32498
-2.34456
-2.36657
-2.39062
-2.41634
-2.44332
-2.4712
-2.49959
-2.52813
-2.55638
-2.58383
-2.60982
-2.63355
-2.65408
-2.67043
-2.68167
-2.68699
-2.68591
-2.67841
-2.66489
-2.64609
-2.6229
-2.59626
-2.56704
-2.5361
-2.50423
-2.4722
-2.44075
-2.41062
-2.38246
-2.35686
-2.33434
-2.31534
-2.30025
-2.28939
-2.28302
-2.28135
-2.28447
-2.29228
-2.30472
-2.33397
-2.34229
-2.34598
-2.35421
-2.36436
-2.37708
-2.39241
-2.4101
-2.42986
-2.45138
-2.47433
-2.49837
-2.52316
-2.54836
-2.57363
-2.59856
-2.62266
-2.64533
-2.66585
-2.68342
-2.69721
-2.70645
-2.71051
-2.70903
-2.70198
-2.68971
-2.67284
-2.65217
-2.62856
-2.60281
-2.5757
-2.54794
-2.5202
-2.49312
-2.46732
-2.44334
-2.42169
-2.40281
-2.38709
-2.37486
-2.3664
-2.36194
-2.36165
-2.36562
-2.37373
-2.38593
-2.399
-2.4059
-2.41207
-2.42071
-2.43103
-2.44329
-2.45753
-2.47366
-2.49149
-2.51078
-2.53126
-2.55262
-2.57457
-2.59683
-2.61909
-2.64097
-2.66203
-2.68169
-2.69935
-2.71431
-2.7259
-2.73348
-2.73655
-2.73483
-2.72832
-2.7173
-2.7023
-2.68404
-2.66327
-2.64074
-2.61714
-2.59312
-2.56926
-2.54611
-2.52419
-2.50395
-2.48582
-2.47018
-2.45738
-2.44769
-2.44138
-2.43863
-2.43958
-2.4443
-2.45268
-2.46468
-2.46063
-2.46731
-2.47509
-2.48449
-2.49507
-2.50703
-2.52044
-2.5353
-2.55149
-2.56883
-2.5871
-2.60605
-2.62544
-2.64504
-2.66457
-2.68369
-2.702
-2.71899
-2.73411
-2.7468
-2.75648
-2.76268
-2.76498
-2.76319
-2.75729
-2.74755
-2.7344
-2.71845
-2.70038
-2.68084
-2.66048
-2.63986
-2.6195
-2.59987
-2.58139
-2.56446
-2.54946
-2.5367
-2.52648
-2.51906
-2.51465
-2.5134
-2.51545
-2.52082
-2.52941
-2.54118
-2.5197
-2.52682
-2.53576
-2.54596
-2.55684
-2.5686
-2.58137
-2.59518
-2.60997
-2.62561
-2.64192
-2.65872
-2.67583
-2.69305
-2.71014
-2.72681
-2.74267
-2.7573
-2.77022
-2.78095
-2.78904
-2.79409
-2.79582
-2.79406
-2.78883
-2.78034
-2.76897
-2.75524
-2.73971
-2.72298
-2.7056
-2.68807
-2.67085
-2.65435
-2.63893
-2.62495
-2.6127
-2.60249
-2.59457
-2.58914
-2.58641
-2.58648
-2.58947
-2.5954
-2.60415
-2.61569
-2.57699
-2.58472
-2.59464
-2.60556
-2.61673
-2.62836
-2.64063
-2.65357
-2.66715
-2.68129
-2.69588
-2.7108
-2.72589
-2.74101
-2.75594
-2.77042
-2.78413
-2.7967
-2.80773
-2.81681
-2.82359
-2.82775
-2.82907
-2.82743
-2.82288
-2.81559
-2.8059
-2.79422
-2.78106
-2.76691
-2.75225
-2.73753
-2.72314
-2.70944
-2.69675
-2.68537
-2.67559
-2.66764
-2.66174
-2.65809
-2.65683
-2.65807
-2.66189
-2.66831
-2.6772
-2.68853
-2.63315
-2.64146
-2.6522
-2.66373
-2.67517
-2.68672
-2.69857
-2.71076
-2.72329
-2.73612
-2.74921
-2.76248
-2.77581
-2.78909
-2.80211
-2.81466
-2.82648
-2.83726
-2.84668
-2.8544
-2.86014
-2.86362
-2.86469
-2.86326
-2.85938
-2.85322
-2.84507
-2.83528
-2.82426
-2.81245
-2.80026
-2.78807
-2.77623
-2.76504
-2.75479
-2.74575
-2.73816
-2.73223
-2.72814
-2.72606
-2.72612
-2.7284
-2.73296
-2.73981
-2.74885
-2.76004
-2.68871
-2.6975
-2.7089
-2.72093
-2.73258
-2.74407
-2.75554
-2.76707
-2.77866
-2.79036
-2.80215
-2.81399
-2.82579
-2.83744
-2.84879
-2.85964
-2.86981
-2.87906
-2.88712
-2.89373
-2.89864
-2.90164
-2.90258
-2.90143
-2.89823
-2.89313
-2.88639
-2.87831
-2.86924
-2.85954
-2.84957
-2.83966
-2.8301
-2.82117
-2.81312
-2.80617
-2.80054
-2.79641
-2.79395
-2.79327
-2.7945
-2.7977
-2.80292
-2.81017
-2.81935
-2.83043
-2.74414
-2.75328
-2.76517
-2.77756
-2.78936
-2.80074
-2.81186
-2.82279
-2.83358
-2.84429
-2.85496
-2.86557
-2.87603
-2.88626
-2.89613
-2.90552
-2.91427
-2.92221
-2.92913
-2.93483
-2.93909
-2.94174
-2.94267
-2.94184
-2.93931
-2.93522
-2.92978
-2.92325
-2.91594
-2.90815
-2.90018
-2.89232
-2.88482
-2.87791
-2.87183
-2.86676
-2.86288
-2.86037
-2.85933
-2.8599
-2.86216
-2.86617
-2.87197
-2.87956
-2.88885
-2.89982
-2.7998
-2.80917
-2.82138
-2.83399
-2.84583
-2.85707
-2.86784
-2.87823
-2.88832
-2.8982
-2.9079
-2.91743
-2.92672
-2.93571
-2.94432
-2.95245
-2.96
-2.96685
-2.97283
-2.97778
-2.98153
-2.98393
-2.98491
-2.98442
-2.98255
-2.97939
-2.97515
-2.97005
-2.96433
-2.95827
-2.95211
-2.94609
-2.94043
-2.93535
-2.93102
-2.92762
-2.9253
-2.9242
-2.92443
-2.92608
-2.92923
-2.93393
-2.94021
-2.94807
-2.95742
-2.96825
-2.85603
-2.86548
-2.87785
-2.89052
-2.90229
-2.91332
-2.92375
-2.93367
-2.94317
-2.95233
-2.9612
-2.96978
-2.97805
-2.98597
-2.9935
-3.00059
-3.00716
-3.01311
-3.01833
-3.02267
-3.02601
-3.02823
-3.02928
-3.02915
-3.02789
-3.02561
-3.02247
-3.01866
-3.01439
-3.00988
-3.00534
-3.00098
-2.99697
-2.9935
-2.99073
-2.9888
-2.98785
-2.98798
-2.9893
-2.99188
-2.99579
-3.00106
-3.00772
-3.01576
-3.02511
-3.03576
-2.91303
-2.92246
-2.9348
-2.94738
-2.95898
-2.96975
-2.97986
-2.98937
-2.99837
-3.00691
-3.01505
-3.0228
-3.03018
-3.03718
-3.04382
-3.05005
-3.05583
-3.06107
-3.06567
-3.06953
-3.07255
-3.07465
-3.0758
-3.076
-3.07532
-3.07384
-3.07171
-3.06907
-3.0661
-3.06297
-3.05988
-3.05697
-3.05442
-3.05237
-3.05096
-3.05031
-3.05053
-3.05172
-3.05397
-3.05734
-3.06187
-3.06759
-3.07454
-3.0827
-3.092
-3.10243
-2.97098
-2.98027
-2.99243
-3.00478
-3.01612
-3.02661
-3.03639
-3.04553
-3.05409
-3.06209
-3.06959
-3.07662
-3.08324
-3.08949
-3.09538
-3.10092
-3.10606
-3.11072
-3.11484
-3.11833
-3.12111
-3.12315
-3.12443
-3.12496
-3.12482
-3.12407
-3.12283
-3.12123
-3.11941
-3.1175
-3.11567
-3.11404
-3.11275
-3.11192
-3.11168
-3.11213
-3.11335
-3.11545
-3.11848
-3.12249
-3.12753
-3.13362
-3.14077
-3.14899
-3.15819
-3.16839
-3.02998
-3.03903
-3.05087
-3.06287
-3.07388
-3.08405
-3.09351
-3.1023
-3.11044
-3.11795
-3.12489
-3.13133
-3.13732
-3.14295
-3.14824
-3.15321
-3.15782
-3.16202
-3.16576
-3.16896
-3.1716
-3.17363
-3.17507
-3.17594
-3.17629
-3.1762
-3.17576
-3.17507
-3.17424
-3.17339
-3.17264
-3.17211
-3.1719
-3.17212
-3.17287
-3.17425
-3.17632
-3.17917
-3.18285
-3.18739
-3.19283
-3.1992
-3.2065
-3.21473
-3.22382
-3.23378
-3.09007
-3.09881
-3.11022
-3.1218
-3.13242
-3.14223
-3.15132
-3.15974
-3.16747
-3.17455
-3.18102
-3.18696
-3.19246
-3.19759
-3.2024
-3.2069
-3.21108
-3.2149
-3.21833
-3.22133
-3.22387
-3.22595
-3.22757
-3.22877
-3.22959
-3.2301
-3.23036
-3.23046
-3.23049
-3.23054
-3.23071
-3.2311
-3.2318
-3.23291
-3.2345
-3.23666
-3.23944
-3.24292
-3.24712
-3.2521
-3.25786
-3.26443
-3.27182
-3.28003
-3.28898
-3.2987
-3.15127
-3.15963
-3.17056
-3.18163
-3.1918
-3.20119
-3.20989
-3.2179
-3.22524
-3.23193
-3.23801
-3.24356
-3.24868
-3.25342
-3.25783
-3.26195
-3.26577
-3.26928
-3.27247
-3.27531
-3.2778
-3.27994
-3.28176
-3.28327
-3.28452
-3.28556
-3.28643
-3.28721
-3.28797
-3.28878
-3.28973
-3.2909
-3.29238
-3.29422
-3.29652
-3.29933
-3.30271
-3.30669
-3.31133
-3.31664
-3.32265
-3.32937
-3.33681
-3.34496
-3.35377
-3.36325
-3.21356
-3.22152
-3.23189
-3.24241
-3.25208
-3.261
-3.26926
-3.27686
-3.28381
-3.29015
-3.29591
-3.30116
-3.30598
-3.31041
-3.31452
-3.31832
-3.32184
-3.32509
-3.32807
-3.33079
-3.33325
-3.33548
-3.33747
-3.33927
-3.3409
-3.34239
-3.34378
-3.34514
-3.34651
-3.34797
-3.34958
-3.35141
-3.35352
-3.356
-3.35888
-3.36223
-3.36609
-3.3705
-3.37548
-3.38106
-3.38726
-3.39408
-3.40153
-3.40961
-3.41826
-3.4275
-3.2769
-3.28444
-3.29423
-3.30416
-3.31328
-3.3217
-3.3295
-3.33668
-3.34327
-3.34928
-3.35477
-3.35978
-3.36435
-3.36853
-3.37238
-3.37592
-3.37919
-3.38222
-3.38504
-3.38767
-3.39012
-3.39241
-3.39457
-3.39661
-3.39855
-3.40042
-3.40225
-3.40409
-3.40598
-3.40797
-3.41013
-3.41251
-3.41517
-3.41816
-3.42154
-3.42533
-3.42959
-3.43433
-3.43959
-3.44538
-3.4517
-3.45858
-3.46602
-3.47401
-3.48251
-3.49152
-3.34124
-3.34835
-3.35754
-3.36685
-3.37542
-3.38333
-3.39065
-3.39743
-3.40367
-3.40939
-3.41462
-3.4194
-3.42375
-3.42771
-3.43134
-3.43466
-3.43773
-3.44059
-3.44328
-3.44584
-3.44829
-3.45065
-3.45294
-3.45517
-3.45736
-3.45954
-3.46173
-3.46396
-3.46627
-3.4687
-3.47131
-3.47415
-3.47725
-3.48067
-3.48445
-3.48861
-3.49318
-3.49819
-3.50366
-3.5096
-3.51602
-3.52293
-3.53033
-3.53822
-3.54656
-3.55535
-3.40649
-3.41316
-3.42175
-3.43046
-3.43847
-3.44587
-3.45276
-3.45914
-3.46503
-3.47046
-3.47543
-3.47997
-3.48411
-3.48787
-3.4913
-3.49444
-3.49736
-3.50009
-3.5027
-3.50521
-3.50766
-3.51008
-3.51247
-3.51485
-3.51725
-3.51966
-3.52213
-3.52466
-3.52731
-3.5301
-3.53308
-3.53628
-3.53974
-3.54351
-3.5476
-3.55205
-3.55688
-3.56209
-3.56772
-3.57377
-3.58024
-3.58715
-3.59449
-3.60227
-3.61045
-3.61903
-3.47255
-3.47879
-3.4868
-3.49491
-3.50239
-3.50932
-3.51577
-3.52177
-3.52733
-3.53245
-3.53715
-3.54144
-3.54535
-3.54891
-3.55217
-3.55517
-3.55797
-3.56063
-3.56318
-3.56568
-3.56815
-3.57061
-3.57308
-3.57558
-3.57812
-3.58072
-3.58339
-3.58617
-3.58907
-3.59214
-3.5954
-3.59888
-3.60263
-3.60667
-3.61101
-3.61568
-3.62069
-3.62606
-3.6318
-3.63791
-3.6444
-3.65128
-3.65855
-3.66621
-3.67422
-3.6826
-3.53932
-3.54515
-3.5526
-3.56014
-3.56712
-3.5736
-3.57965
-3.58528
-3.59049
-3.59529
-3.59971
-3.60374
-3.60743
-3.61081
-3.61391
-3.6168
-3.61952
-3.62212
-3.62466
-3.62715
-3.62964
-3.63214
-3.63468
-3.63726
-3.63991
-3.64263
-3.64546
-3.64841
-3.65151
-3.65478
-3.65825
-3.66196
-3.66592
-3.67015
-3.67467
-3.6795
-3.68465
-3.69012
-3.69592
-3.70205
-3.70853
-3.71536
-3.72253
-3.73005
-3.73789
-3.74605
-3.60672
-3.61216
-3.61907
-3.62609
-3.6326
-3.63866
-3.64431
-3.64957
-3.65444
-3.65893
-3.66306
-3.66684
-3.67031
-3.67351
-3.67649
-3.67928
-3.68194
-3.68451
-3.68703
-3.68953
-3.69204
-3.69457
-3.69715
-3.69979
-3.70251
-3.70532
-3.70825
-3.71133
-3.71456
-3.71798
-3.72161
-3.72548
-3.72959
-3.73396
-3.73861
-3.74354
-3.74876
-3.75428
-3.7601
-3.76622
-3.77265
-3.7794
-3.78645
-3.79382
-3.80146
-3.8094
-3.67467
-3.67974
-3.68616
-3.69268
-3.69875
-3.7044
-3.70968
-3.71458
-3.71912
-3.72331
-3.72716
-3.73071
-3.73398
-3.73702
-3.73987
-3.74258
-3.74518
-3.74772
-3.75022
-3.75272
-3.75523
-3.75778
-3.76038
-3.76305
-3.76581
-3.76868
-3.77169
-3.77485
-3.77818
-3.7817
-3.78544
-3.78941
-3.79362
-3.79808
-3.8028
-3.80778
-3.81303
-3.81856
-3.82436
-3.83043
-3.83678
-3.84341
-3.85032
-3.85751
-3.86495
-3.87265
-3.74309
-3.74782
-3.75378
-3.75984
-3.76549
-3.77076
-3.77568
-3.78025
-3.78448
-3.78838
-3.79198
-3.79531
-3.7984
-3.80129
-3.80403
-3.80665
-3.80919
-3.81168
-3.81415
-3.81662
-3.81911
-3.82165
-3.82425
-3.82693
-3.82971
-3.83262
-3.83567
-3.83889
-3.84228
-3.84587
-3.84968
-3.85371
-3.85798
-3.86248
-3.86723
-3.87222
-3.87746
-3.88295
-3.88869
-3.89467
-3.90091
-3.9074
-3.91414
-3.92113
-3.92835
-3.9358
-3.81193
-3.81633
-3.82187
-3.82749
-3.83274
-3.83765
-3.84223
-3.84649
-3.85044
-3.85409
-3.85746
-3.8606
-3.86352
-3.86627
-3.86889
-3.87141
-3.87387
-3.87629
-3.8787
-3.88112
-3.88357
-3.88608
-3.88866
-3.89134
-3.89413
-3.89705
-3.90013
-3.90337
-3.90681
-3.91044
-3.91428
-3.91834
-3.92262
-3.92712
-3.93186
-3.93682
-3.94201
-3.94743
-3.95307
-3.95894
-3.96503
-3.97135
-3.9779
-3.98468
-3.99166
-3.99885
-3.8811
-3.88519
-3.89033
-3.89554
-3.90042
-3.90499
-3.90926
-3.91324
-3.91694
-3.92036
-3.92354
-3.9265
-3.92926
-3.93188
-3.93437
-3.93678
-3.93914
-3.94147
-3.9438
-3.94615
-3.94854
-3.951
-3.95355
-3.9562
-3.95898
-3.96191
-3.96499
-3.96825
-3.97169
-3.97533
-3.97918
-3.98323
-3.98749
-3.99197
-3.99666
-4.00155
-4.00666
-4.01197
-4.01749
-4.02322
-4.02915
-4.03528
-4.04162
-4.04817
-4.0549
-4.06182
-3.95053
-3.95434
-3.9591
-3.96393
-3.96846
-3.97271
-3.9767
-3.98043
-3.9839
-3.98713
-3.99013
-3.99292
-3.99554
-3.99801
-4.00038
-4.00267
-4.00491
-4.00714
-4.00937
-4.01163
-4.01395
-4.01635
-4.01886
-4.02148
-4.02423
-4.02714
-4.03021
-4.03345
-4.03689
-4.04051
-4.04433
-4.04835
-4.05256
-4.05697
-4.06158
-4.06638
-4.07138
-4.07656
-4.08193
-4.08749
-4.09324
-4.09917
-4.10529
-4.1116
-4.11807
-4.12471
-4.02018
-4.02372
-4.02812
-4.0326
-4.0368
-4.04077
-4.0445
-4.048
-4.05127
-4.05431
-4.05714
-4.05978
-4.06225
-4.06459
-4.06683
-4.06899
-4.07111
-4.07322
-4.07535
-4.07753
-4.07977
-4.0821
-4.08454
-4.08712
-4.08983
-4.0927
-4.09574
-4.09896
-4.10235
-4.10593
-4.10969
-4.11364
-4.11778
-4.1221
-4.1266
-4.13128
-4.13614
-4.14117
-4.14638
-4.15175
-4.1573
-4.16302
-4.16891
-4.17498
-4.18119
-4.18755
-4.09002
-4.0933
-4.09737
-4.10151
-4.10542
-4.10912
-4.11262
-4.11591
-4.11898
-4.12185
-4.12452
-4.127
-4.12934
-4.13154
-4.13364
-4.13568
-4.13768
-4.13968
-4.14171
-4.14379
-4.14595
-4.14821
-4.15058
-4.1531
-4.15576
-4.15857
-4.16156
-4.16471
-4.16805
-4.17155
-4.17523
-4.17909
-4.18312
-4.18732
-4.19169
-4.19623
-4.20093
-4.20579
-4.21081
-4.216
-4.22134
-4.22684
-4.2325
-4.23831
-4.24426
-4.25035
-4.16001
-4.16305
-4.16682
-4.17066
-4.1743
-4.17775
-4.18103
-4.18411
-4.187
-4.1897
-4.1922
-4.19454
-4.19673
-4.19879
-4.20077
-4.20268
-4.20457
-4.20647
-4.2084
-4.21039
-4.21246
-4.21464
-4.21694
-4.21938
-4.22197
-4.22472
-4.22763
-4.2307
-4.23394
-4.23735
-4.24092
-4.24466
-4.24856
-4.25262
-4.25684
-4.26121
-4.26574
-4.27042
-4.27525
-4.28023
-4.28536
-4.29063
-4.29606
-4.30162
-4.30731
-4.31313
-4.23014
-4.23297
-4.23646
-4.24003
-4.24342
-4.24664
-4.2497
-4.25258
-4.25529
-4.25781
-4.26015
-4.26234
-4.26438
-4.26632
-4.26817
-4.26997
-4.27175
-4.27355
-4.27538
-4.27728
-4.27927
-4.28137
-4.28359
-4.28595
-4.28845
-4.2911
-4.29391
-4.29688
-4.3
-4.30329
-4.30673
-4.31032
-4.31407
-4.31797
-4.32202
-4.32622
-4.33056
-4.33505
-4.33968
-4.34445
-4.34936
-4.35441
-4.3596
-4.36492
-4.37035
-4.3759
-4.30041
-4.30303
-4.30627
-4.30959
-4.31275
-4.31575
-4.3186
-4.32129
-4.32381
-4.32615
-4.32833
-4.33036
-4.33227
-4.33407
-4.3358
-4.3375
-4.33918
-4.34088
-4.34262
-4.34444
-4.34634
-4.34835
-4.35048
-4.35274
-4.35514
-4.35768
-4.36037
-4.36321
-4.36621
-4.36935
-4.37263
-4.37607
-4.37965
-4.38338
-4.38725
-4.39126
-4.39541
-4.3997
-4.40412
-4.40868
-4.41337
-4.41819
-4.42313
-4.42821
-4.43338
-4.43867
-4.37078
-4.37322
-4.37623
-4.37933
-4.38226
-4.38506
-4.3877
-4.39019
-4.39252
-4.39468
-4.3967
-4.39858
-4.40035
-4.40202
-4.40364
-4.40523
-4.40682
-4.40842
-4.41008
-4.41181
-4.41362
-4.41553
-4.41756
-4.41971
-4.422
-4.42442
-4.42698
-4.42968
-4.43252
-4.4355
-4.43862
-4.44189
-4.4453
-4.44884
-4.45252
-4.45633
-4.46028
-4.46436
-4.46858
-4.47291
-4.47738
-4.48197
-4.48668
-4.4915
-4.49643
-4.50145
-4.44123
-4.44351
-4.44632
-4.4492
-4.45193
-4.45452
-4.45697
-4.45926
-4.46139
-4.46338
-4.46523
-4.46696
-4.46859
-4.47014
-4.47165
-4.47314
-4.47463
-4.47614
-4.47771
-4.47934
-4.48106
-4.48287
-4.48479
-4.48682
-4.48898
-4.49127
-4.49368
-4.49623
-4.49891
-4.50173
-4.50468
-4.50777
-4.51099
-4.51434
-4.51783
-4.52144
-4.52519
-4.52906
-4.53305
-4.53717
-4.5414
-4.54576
-4.55023
-4.5548
-4.55948
-4.56424
-4.51174
-4.51387
-4.51649
-4.51918
-4.52172
-4.52411
-4.52635
-4.52845
-4.5304
-4.53221
-4.53389
-4.53547
-4.53696
-4.5384
-4.5398
-4.54118
-4.54257
-4.544
-4.54547
-4.54701
-4.54862
-4.55032
-4.55213
-4.55404
-4.55606
-4.5582
-4.56047
-4.56286
-4.56538
-4.56802
-4.5708
-4.5737
-4.57673
-4.57989
-4.58318
-4.58658
-4.59012
-4.59377
-4.59755
-4.60144
-4.60544
-4.60956
-4.61379
-4.61812
-4.62253
-4.62704
-4.5823
-4.58429
-4.58674
-4.58925
-4.5916
-4.59379
-4.59584
-4.59774
-4.5995
-4.60113
-4.60266
-4.60409
-4.60545
-4.60676
-4.60805
-4.60933
-4.61062
-4.61195
-4.61332
-4.61476
-4.61627
-4.61786
-4.61954
-4.62132
-4.62321
-4.62521
-4.62732
-4.62955
-4.6319
-4.63437
-4.63696
-4.63968
-4.64252
-4.64548
-4.64856
-4.65176
-4.65508
-4.65852
-4.66207
-4.66573
-4.6695
-4.67338
-4.67736
-4.68143
-4.68559
-4.68984
-4.65289
-4.65477
-4.65706
-4.65939
-4.66155
-4.66356
-4.66541
-4.66711
-4.66869
-4.67015
-4.67151
-4.67279
-4.67402
-4.67521
-4.67639
-4.67756
-4.67875
-4.67998
-4.68125
-4.68258
-4.68398
-4.68545
-4.68701
-4.68866
-4.6904
-4.69225
-4.69421
-4.69627
-4.69845
-4.70075
-4.70316
-4.70569
-4.70833
-4.7111
-4.71397
-4.71696
-4.72007
-4.72328
-4.72661
-4.73004
-4.73357
-4.7372
-4.74093
-4.74476
-4.74866
-4.75264
-4.72352
-4.7253
-4.72745
-4.72961
-4.73159
-4.73339
-4.73505
-4.73656
-4.73796
-4.73924
-4.74044
-4.74158
-4.74268
-4.74374
-4.7448
-4.74587
-4.74696
-4.74808
-4.74924
-4.75046
-4.75174
-4.75309
-4.75452
-4.75603
-4.75764
-4.75934
-4.76114
-4.76304
-4.76505
-4.76717
-4.7694
-4.77173
-4.77418
-4.77675
-4.77942
-4.78219
-4.78508
-4.78807
-4.79116
-4.79435
-4.79764
-4.80103
-4.80451
-4.80808
-4.81172
-4.81544
-4.79417
-4.79589
-4.7979
-4.79989
-4.80169
-4.80331
-4.80477
-4.8061
-4.8073
-4.80841
-4.80946
-4.81045
-4.81141
-4.81235
-4.81329
-4.81425
-4.81523
-4.81624
-4.81729
-4.81839
-4.81955
-4.82077
-4.82207
-4.82344
-4.8249
-4.82645
-4.82809
-4.82983
-4.83167
-4.83361
-4.83566
-4.83781
-4.84006
-4.84242
-4.84488
-4.84744
-4.85011
-4.85287
-4.85573
-4.85868
-4.86172
-4.86486
-4.86808
-4.8714
-4.87478
-4.87824
-4.86486
-4.86653
-4.86842
-4.87026
-4.87188
-4.87331
-4.87458
-4.87571
-4.87673
-4.87766
-4.87855
-4.87939
-4.88021
-4.88103
-4.88185
-4.88269
-4.88355
-4.88444
-4.88538
-4.88636
-4.88739
-4.88849
-4.88965
-4.89088
-4.8922
-4.89359
-4.89508
-4.89665
-4.89832
-4.90008
-4.90194
-4.9039
-4.90596
-4.90811
-4.91036
-4.91271
-4.91514
-4.91767
-4.92029
-4.923
-4.9258
-4.92868
-4.93165
-4.93471
-4.93784
-4.94104
-4.93558
-4.93724
-4.93902
-4.94071
-4.94216
-4.9434
-4.94447
-4.9454
-4.94623
-4.94699
-4.94771
-4.9484
-4.94909
-4.94978
-4.95047
-4.95119
-4.95193
-4.9527
-4.95351
-4.95437
-4.95527
-4.95623
-4.95726
-4.95835
-4.95951
-4.96076
-4.96208
-4.96349
-4.96498
-4.96657
-4.96824
-4.97001
-4.97186
-4.97381
-4.97585
-4.97797
-4.98018
-4.98248
-4.98486
-4.98732
-4.98987
-4.9925
-4.99521
-4.99801
-5.00088
-5.00383
-5.00635
-5.00801
-5.00969
-5.01124
-5.01251
-5.01356
-5.01442
-5.01515
-5.01579
-5.01638
-5.01693
-5.01748
-5.01802
-5.01858
-5.01915
-5.01974
-5.02036
-5.021
-5.02168
-5.02241
-5.02318
-5.02401
-5.02489
-5.02583
-5.02685
-5.02793
-5.0291
-5.03034
-5.03166
-5.03306
-5.03454
-5.03611
-5.03777
-5.03951
-5.04133
-5.04323
-5.04522
-5.04728
-5.04942
-5.05163
-5.05392
-5.0563
-5.05876
-5.0613
-5.06392
-5.06661
-5.07715
-5.07881
-5.08041
-5.08183
-5.08293
-5.08377
-5.08443
-5.08495
-5.0854
-5.08581
-5.0862
-5.0866
-5.087
-5.08742
-5.08787
-5.08833
-5.08882
-5.08934
-5.08989
-5.09048
-5.09112
-5.0918
-5.09253
-5.09333
-5.09419
-5.09512
-5.09612
-5.09718
-5.09833
-5.09955
-5.10084
-5.10222
-5.10367
-5.1052
-5.10681
-5.10849
-5.11024
-5.11207
-5.11396
-5.11592
-5.11796
-5.12008
-5.12229
-5.12458
-5.12695
-5.12939
-5.14798
-5.14967
-5.1512
-5.15249
-5.1534
-5.15402
-5.15446
-5.15477
-5.15503
-5.15526
-5.1555
-5.15575
-5.15601
-5.1563
-5.15662
-5.15695
-5.15731
-5.1577
-5.15812
-5.15857
-5.15906
-5.1596
-5.16019
-5.16083
-5.16154
-5.1623
-5.16313
-5.16403
-5.16499
-5.16603
-5.16714
-5.16832
-5.16957
-5.17089
-5.17228
-5.17374
-5.17526
-5.17684
-5.17848
-5.18019
-5.18197
-5.18383
-5.18579
-5.18783
-5.18997
-5.19217
-5.21886
-5.22059
-5.22205
-5.22319
-5.22389
-5.22428
-5.22448
-5.22458
-5.22465
-5.22471
-5.2248
-5.22491
-5.22504
-5.2252
-5.22539
-5.22559
-5.22582
-5.22607
-5.22636
-5.22667
-5.22702
-5.22741
-5.22785
-5.22833
-5.22888
-5.22948
-5.23014
-5.23086
-5.23165
-5.2325
-5.23342
-5.2344
-5.23546
-5.23657
-5.23774
-5.23898
-5.24026
-5.2416
-5.243
-5.24444
-5.24596
-5.24755
-5.24925
-5.25106
-5.25296
-5.25494
-5.28982
-5.29164
-5.29299
-5.29395
-5.29439
-5.2945
-5.29445
-5.29435
-5.29424
-5.29415
-5.29409
-5.29407
-5.29408
-5.29411
-5.29417
-5.29424
-5.29434
-5.29446
-5.2946
-5.29477
-5.29498
-5.29522
-5.2955
-5.29583
-5.29621
-5.29664
-5.29713
-5.29768
-5.29829
-5.29896
-5.29969
-5.30048
-5.30134
-5.30224
-5.3032
-5.30421
-5.30527
-5.30636
-5.3075
-5.30868
-5.30991
-5.31122
-5.31266
-5.31424
-5.31593
-5.3177
-5.36071
-5.3629
-5.36409
-5.36478
-5.36487
-5.36466
-5.36436
-5.36405
-5.36378
-5.36356
-5.36338
-5.36324
-5.36312
-5.36303
-5.36296
-5.3629
-5.36287
-5.36285
-5.36285
-5.36288
-5.36293
-5.36302
-5.36315
-5.36332
-5.36354
-5.3638
-5.36412
-5.3645
-5.36493
-5.36542
-5.36596
-5.36656
-5.36722
-5.36792
-5.36867
-5.36946
-5.37028
-5.37113
-5.37201
-5.3729
-5.37382
-5.37482
-5.376
-5.37737
-5.37888
-5.38046
-5.43115
-5.43449
-5.43541
-5.43566
-5.4353
-5.43473
-5.43417
-5.4337
-5.4333
-5.43296
-5.43267
-5.43241
-5.43218
-5.43197
-5.43177
-5.43158
-5.43141
-5.43125
-5.4311
-5.43098
-5.43089
-5.43083
-5.4308
-5.43081
-5.43086
-5.43096
-5.43111
-5.43131
-5.43157
-5.43188
-5.43224
-5.43265
-5.43311
-5.43361
-5.43415
-5.43473
-5.43533
-5.43593
-5.43654
-5.43712
-5.4377
-5.43832
-5.43922
-5.44043
-5.44179
-5.44322
-5.50149
-5.50662
-5.5071
-5.50652
-5.50556
-5.50465
-5.5039
-5.50331
-5.50282
-5.50239
-5.50199
-5.50162
-5.50127
-5.50093
-5.5006
-5.50027
-5.49996
-5.49965
-5.49937
-5.4991
-5.49886
-5.49864
-5.49846
-5.4983
-5.49819
-5.49812
-5.4981
-5.49813
-5.49821
-5.49834
-5.49852
-5.49875
-5.49901
-5.49933
-5.49967
-5.50004
-5.50042
-5.50079
-5.50113
-5.5014
-5.50157
-5.5017
-5.50229
-5.50342
-5.5047
-5.506
-5.57409
-5.5807
-5.58008
-5.57724
-5.57544
-5.57434
-5.57355
-5.57291
-5.57235
-5.57184
-5.57134
-5.57085
-5.57037
-5.56989
-5.56942
-5.56895
-5.56849
-5.56804
-5.56761
-5.56719
-5.5668
-5.56643
-5.56608
-5.56577
-5.5655
-5.56527
-5.56508
-5.56494
-5.56484
-5.5648
-5.5648
-5.56484
-5.56493
-5.56506
-5.56522
-5.5654
-5.56559
-5.56575
-5.56585
-5.56581
-5.56545
-5.56472
-5.56486
-5.56615
-5.56749
-5.56876
-5.64873
-5.66338
-5.65713
-5.64807
-5.6451
-5.64405
-5.64331
-5.64264
-5.64201
-5.64138
-5.64076
-5.64013
-5.6395
-5.63888
-5.63825
-5.63764
-5.63703
-5.63643
-5.63584
-5.63528
-5.63473
-5.6342
-5.6337
-5.63323
-5.63279
-5.6324
-5.63204
-5.63173
-5.63147
-5.63124
-5.63107
-5.63094
-5.63085
-5.6308
-5.63079
-5.63081
-5.63083
-5.63084
-5.63075
-5.6304
-5.62912
-5.6262
-5.6255
-5.62774
-5.62964
-5.63116
-5.70005
-5.76219
-5.73672
-5.72054
-5.71689
-5.7155
-5.71449
-5.71359
-5.71275
-5.71191
-5.71108
-5.71026
-5.70945
-5.70864
-5.70784
-5.70705
-5.70627
-5.7055
-5.70474
-5.704
-5.70328
-5.70258
-5.70191
-5.70127
-5.70065
-5.70007
-5.69953
-5.69903
-5.69857
-5.69816
-5.69779
-5.69746
-5.69718
-5.69694
-5.69674
-5.69657
-5.69642
-5.69623
-5.69591
-5.69515
-5.69265
-5.68545
-5.68509
-5.68973
-5.69241
-5.69386
-64.4156
-12.0083
-5.11646
-6.19717
-6.05332
-6.38938
-6.91725
-7.09539
-24.6624
-3.83263
-3.84554
-4.27126
-4.56245
-4.90928
-5.25519
-5.47768
-6.92266
-2.95473
-3.91223
-4.32483
-4.87467
-5.36871
-5.75174
-5.96866
0.0595512
-4.08224
-4.70273
-5.19068
-5.7848
-6.32667
-6.75097
-6.99973
3.66565
-4.48622
-6.2556
-6.77819
-7.23525
-7.73307
-8.12797
-8.34856
-7.08022
-14.8138
-9.86242
-8.4796
-8.94707
-9.37658
-9.68259
-9.84192
-8.78804
-21.8833
-17.3198
-10.0629
-9.77319
-10.5376
-11.0183
-11.138
-0.921642
-5.89856
-14.454
-14.1464
-10.5224
-9.95561
-10.96
-11.4981
1.0209
-0.0250508
-3.00885
-10.0144
-22.8268
-17.6695
-11.4445
-11.2177
1.27719
1.14785
0.648548
-0.645415
-3.18003
-7.74328
-12.9545
-10.2553
1.20641
1.2153
1.18175
1.01748
0.484518
-0.486189
-1.21358
-1.65735
0.999083
1.00165
0.979495
0.920125
0.792248
0.554541
0.369822
0.0312981
0.7243
0.707478
0.661527
0.576725
0.44391
0.267807
0.0873467
-0.167682
0.432258
0.402236
0.348215
0.265352
0.149349
0.000895304
-0.172619
-0.373736
0.150129
0.113897
0.0587432
-0.0166613
-0.113737
-0.232706
-0.372181
-0.530911
-0.114618
-0.153215
-0.206921
-0.275875
-0.360449
-0.46046
-0.57498
-0.701907
-0.358071
-0.396456
-0.446745
-0.508564
-0.581916
-0.666557
-0.76163
-0.86483
-0.578671
-0.615244
-0.661219
-0.715945
-0.779304
-0.851108
-0.930641
-1.01565
-0.777387
-0.811248
-0.852706
-0.900954
-0.955813
-1.01713
-1.08429
-1.1552
-0.95681
-0.987655
-1.02474
-1.06721
-1.11485
-1.16752
-1.22474
-1.28457
-1.11977
-1.14764
-1.18068
-1.21802
-1.25947
-1.30495
-1.35409
-1.40514
-1.26869
-1.29373
-1.32309
-1.35594
-1.39213
-1.43167
-1.47424
-1.51825
-1.40565
-1.42808
-1.45417
-1.48315
-1.51492
-1.54954
-1.58672
-1.625
-1.53243
-1.55256
-1.57581
-1.60151
-1.62958
-1.66007
-1.69274
-1.72628
-1.65047
-1.66858
-1.68941
-1.71235
-1.73731
-1.76433
-1.79323
-1.82281
-1.76106
-1.77742
-1.79619
-1.81677
-1.83909
-1.86319
-1.88892
-1.9152
-1.86535
-1.88025
-1.89726
-1.91582
-1.93588
-1.95749
-1.98052
-2.004
-1.96425
-1.97792
-1.99342
-2.01025
-2.02837
-2.04785
-2.06857
-2.08967
-2.05844
-2.07104
-2.08525
-2.1006
-2.11708
-2.13474
-2.15349
-2.17255
-2.14845
-2.16014
-2.17324
-2.18735
-2.20245
-2.21858
-2.23565
-2.25296
-2.23483
-2.24575
-2.25794
-2.27101
-2.28492
-2.29974
-2.31536
-2.33117
-2.31813
-2.32842
-2.33983
-2.35199
-2.36488
-2.37853
-2.39288
-2.40738
-2.39875
-2.40849
-2.41921
-2.43056
-2.44252
-2.45516
-2.4684
-2.48176
-2.47694
-2.48616
-2.49624
-2.50685
-2.51801
-2.52976
-2.54206
-2.55445
-2.55289
-2.56162
-2.57111
-2.58109
-2.59156
-2.60257
-2.61408
-2.62566
-2.62688
-2.63517
-2.64417
-2.65361
-2.6635
-2.67388
-2.68471
-2.69559
-2.69928
-2.7072
-2.71579
-2.72478
-2.73416
-2.74398
-2.75419
-2.76443
-2.77045
-2.77807
-2.78629
-2.79487
-2.80378
-2.81307
-2.8227
-2.83232
-2.84057
-2.84794
-2.85583
-2.864
-2.87246
-2.88123
-2.8903
-2.89936
-2.9097
-2.91682
-2.92438
-2.93217
-2.94019
-2.94849
-2.95705
-2.96559
-2.97785
-2.98471
-2.99195
-2.99938
-3.00701
-3.01488
-3.02298
-3.03106
-3.04506
-3.05165
-3.05858
-3.06568
-3.07296
-3.08046
-3.08817
-3.09586
-3.11141
-3.11774
-3.12439
-3.13119
-3.13816
-3.14534
-3.15272
-3.16007
-3.17705
-3.18314
-3.18952
-3.19606
-3.20275
-3.20964
-3.21672
-3.22378
-3.24214
-3.24799
-3.25412
-3.26041
-3.26684
-3.27347
-3.28029
-3.28707
-3.30677
-3.3124
-3.31831
-3.32436
-3.33056
-3.33694
-3.3435
-3.35004
-3.37105
-3.37648
-3.38217
-3.388
-3.39397
-3.40013
-3.40645
-3.41276
-3.43506
-3.4403
-3.44579
-3.45142
-3.45718
-3.46311
-3.46921
-3.47528
-3.49884
-3.50392
-3.50923
-3.51466
-3.52022
-3.52594
-3.53182
-3.53767
-3.56247
-3.56739
-3.57253
-3.57778
-3.58315
-3.58867
-3.59433
-3.59996
-3.62596
-3.63074
-3.63572
-3.64081
-3.646
-3.65132
-3.65676
-3.66216
-3.68934
-3.69399
-3.69883
-3.70375
-3.70875
-3.71387
-3.7191
-3.72428
-3.75261
-3.75713
-3.76182
-3.76658
-3.77141
-3.77633
-3.78135
-3.78631
-3.81578
-3.82016
-3.8247
-3.8293
-3.83395
-3.83868
-3.84348
-3.84823
-3.87883
-3.88307
-3.88745
-3.89188
-3.89635
-3.90089
-3.9055
-3.91005
-3.94177
-3.94586
-3.95008
-3.95433
-3.95863
-3.96299
-3.9674
-3.97176
-4.0046
-4.00853
-4.01258
-4.01667
-4.02079
-4.02497
-4.0292
-4.03338
-4.06734
-4.07111
-4.07499
-4.07891
-4.08286
-4.08687
-4.09092
-4.09492
-4.13
-4.13361
-4.13733
-4.14108
-4.14486
-4.1487
-4.15259
-4.15642
-4.19261
-4.19606
-4.19961
-4.2032
-4.20682
-4.2105
-4.21421
-4.21788
-4.25518
-4.25847
-4.26187
-4.2653
-4.26876
-4.27227
-4.27583
-4.27933
-4.31773
-4.32088
-4.32412
-4.3274
-4.3307
-4.33405
-4.33744
-4.34078
-4.38029
-4.38329
-4.38638
-4.3895
-4.39265
-4.39584
-4.39906
-4.40224
-4.44286
-4.44571
-4.44865
-4.45162
-4.45461
-4.45764
-4.46069
-4.46371
-4.50543
-4.50814
-4.51093
-4.51375
-4.51658
-4.51944
-4.52234
-4.52519
-4.56801
-4.57058
-4.57322
-4.57588
-4.57856
-4.58126
-4.58399
-4.58668
-4.6306
-4.63303
-4.63552
-4.63802
-4.64054
-4.64309
-4.64565
-4.64818
-4.69319
-4.69548
-4.69782
-4.70017
-4.70253
-4.70492
-4.70732
-4.70969
-4.75579
-4.75793
-4.76011
-4.76231
-4.76452
-4.76675
-4.76899
-4.77121
-4.81838
-4.82037
-4.82241
-4.82446
-4.82651
-4.82859
-4.83068
-4.83274
-4.88097
-4.88282
-4.88471
-4.8866
-4.88851
-4.89043
-4.89237
-4.89428
-4.94356
-4.94526
-4.947
-4.94875
-4.95051
-4.95228
-4.95407
-4.95584
-5.00614
-5.0077
-5.0093
-5.01091
-5.01252
-5.01415
-5.01579
-5.01742
-5.06873
-5.07015
-5.07161
-5.07307
-5.07455
-5.07604
-5.07754
-5.07903
-5.13131
-5.13261
-5.13393
-5.13525
-5.13659
-5.13794
-5.13931
-5.14066
-5.1939
-5.19506
-5.19625
-5.19745
-5.19865
-5.19987
-5.20111
-5.20233
-5.25649
-5.25753
-5.25859
-5.25966
-5.26074
-5.26183
-5.26294
-5.26403
-5.31909
-5.32001
-5.32095
-5.3219
-5.32286
-5.32383
-5.32481
-5.32578
-5.38169
-5.38251
-5.38334
-5.38418
-5.38502
-5.38587
-5.38673
-5.38758
-5.44431
-5.44503
-5.44576
-5.44649
-5.44723
-5.44796
-5.4487
-5.44943
-5.50696
-5.5076
-5.50823
-5.50886
-5.50949
-5.51011
-5.51073
-5.51134
-5.56968
-5.57024
-5.57078
-5.5713
-5.57182
-5.57233
-5.57283
-5.57332
-5.63232
-5.63292
-5.63342
-5.63386
-5.63427
-5.63467
-5.63504
-5.63538
-5.69439
-5.69481
-5.69529
-5.69574
-5.69615
-5.69654
-5.6969
-5.69725
-5.3646
-4.58899
-4.36755
-4.18605
-4.01789
-3.85138
-3.69083
-3.53943
-3.39863
-3.26883
-3.14976
-3.04086
-2.94146
-2.85074
-2.76804
-2.69264
-2.62384
-2.56102
-2.50362
-2.45117
-2.40322
-2.35939
-2.31934
-2.28282
-2.24961
-2.2195
-2.19232
-2.16789
-2.14605
-2.12666
-2.10961
-2.09481
-2.08217
-2.07161
-2.06306
-2.05642
-2.05162
-2.04852
-5.42758
-5.12658
-4.78456
-4.49475
-4.24303
-4.01665
-3.81301
-3.63136
-3.46942
-3.32523
-3.1965
-3.08135
-2.97807
-2.88521
-2.80151
-2.7259
-2.65741
-2.59524
-2.53871
-2.48725
-2.44037
-2.39763
-2.35867
-2.32321
-2.29102
-2.26187
-2.23558
-2.21195
-2.19081
-2.17204
-2.15552
-2.14116
-2.12886
-2.11857
-2.11019
-2.10361
-2.09878
-2.0956
-6.03633
-5.71429
-5.25619
-4.83663
-4.48044
-4.18167
-3.92803
-3.71347
-3.52923
-3.37094
-3.23309
-3.11256
-3.0064
-2.91229
-2.82844
-2.75335
-2.6858
-2.62483
-2.56965
-2.5196
-2.47413
-2.43278
-2.39517
-2.36099
-2.33
-2.30198
-2.27671
-2.25399
-2.23366
-2.21559
-2.19967
-2.1858
-2.17391
-2.16392
-2.15573
-2.14925
-2.14443
-2.14118
-7.0507
-6.5006
-5.80637
-5.19845
-4.71095
-4.33252
-4.02422
-3.77845
-3.57259
-3.40137
-3.25658
-3.13255
-3.02511
-2.93113
-2.84824
-2.77461
-2.70879
-2.64967
-2.59637
-2.54818
-2.50451
-2.46486
-2.42884
-2.39619
-2.36661
-2.33987
-2.31575
-2.29405
-2.27463
-2.25734
-2.24209
-2.22878
-2.21734
-2.2077
-2.19975
-2.1934
-2.1886
-2.18531
-8.30746
-7.42096
-6.3825
-5.53761
-4.89817
-4.45301
-4.09052
-3.81264
-3.59172
-3.41251
-3.26432
-3.13966
-3.0332
-2.94112
-2.8606
-2.78954
-2.72633
-2.66979
-2.61897
-2.57312
-2.53163
-2.49401
-2.45989
-2.42897
-2.40097
-2.37566
-2.35281
-2.33224
-2.31381
-2.29738
-2.28287
-2.27018
-2.25925
-2.24999
-2.24231
-2.23612
-2.23137
-2.22806
-9.65315
-8.31131
-6.86085
-5.78828
-5.02377
-4.49243
-4.10153
-3.80809
-3.58105
-3.40076
-3.25426
-3.13272
-3.03005
-2.94198
-2.86543
-2.79818
-2.73855
-2.68534
-2.63759
-2.59456
-2.55565
-2.52039
-2.48842
-2.45944
-2.43319
-2.40945
-2.388
-2.36866
-2.3513
-2.33581
-2.3221
-2.31009
-2.29971
-2.29087
-2.2835
-2.27748
-2.27281
-2.26951
-10.7725
-8.91992
-7.11408
-5.84025
-5.00873
-4.44568
-4.04797
-3.75717
-3.53664
-3.3641
-3.22547
-3.11142
-3.01566
-2.93386
-2.86297
-2.80079
-2.74571
-2.69658
-2.6525
-2.61276
-2.5768
-2.54418
-2.5146
-2.48776
-2.46343
-2.44138
-2.42143
-2.40342
-2.38722
-2.37273
-2.35989
-2.34861
-2.33881
-2.33043
-2.32339
-2.31759
-2.31301
-2.30974
-11.3137
-9.10148
-6.99451
-5.64008
-4.82555
-4.29187
-3.92262
-3.65715
-3.4579
-3.30283
-3.17857
-3.07647
-2.99073
-2.91743
-2.8538
-2.79788
-2.74826
-2.70391
-2.66402
-2.62799
-2.59531
-2.56562
-2.53863
-2.51411
-2.49183
-2.4716
-2.45325
-2.43664
-2.42167
-2.40826
-2.39633
-2.38582
-2.37665
-2.36876
-2.36208
-2.35651
-2.35207
-2.34885
-11.0512
-8.53798
-6.38925
-5.14542
-4.46428
-4.03031
-3.72951
-3.51255
-3.34869
-3.22004
-3.11599
-3.02974
-2.95673
-2.89383
-2.83885
-2.79022
-2.74682
-2.70783
-2.6726
-2.64062
-2.61151
-2.58496
-2.56076
-2.53869
-2.51859
-2.50027
-2.4836
-2.46847
-2.4548
-2.44252
-2.43155
-2.42185
-2.41334
-2.40597
-2.39967
-2.39437
-2.39007
-2.38692
-8.2344
-6.61223
-5.20639
-4.38493
-3.96193
-3.68772
-3.48708
-3.33584
-3.21742
-3.12145
-3.04172
-2.97411
-2.91576
-2.86465
-2.81933
-2.77875
-2.74215
-2.70897
-2.67873
-2.65109
-2.62575
-2.60252
-2.58124
-2.56175
-2.54391
-2.52758
-2.51267
-2.49908
-2.48675
-2.47564
-2.46567
-2.4568
-2.44898
-2.44215
-2.43627
-2.43125
-2.42713
-2.42406
-2.63641
-3.77377
-3.72222
-3.5318
-3.41619
-3.31752
-3.2256
-3.14514
-3.07541
-3.01444
-2.96074
-2.91304
-2.87033
-2.83174
-2.79664
-2.76457
-2.73511
-2.708
-2.68298
-2.65984
-2.63842
-2.61863
-2.60036
-2.58352
-2.56801
-2.55374
-2.54062
-2.52862
-2.51767
-2.50775
-2.49881
-2.49081
-2.48369
-2.47743
-2.47197
-2.46726
-2.46333
-2.46036
-0.758752
-2.0993
-2.66149
-2.8543
-2.94515
-2.97817
-2.97655
-2.95889
-2.93421
-2.90659
-2.87821
-2.85018
-2.82305
-2.79704
-2.77226
-2.74877
-2.72659
-2.70566
-2.68593
-2.66737
-2.64994
-2.63363
-2.61843
-2.60428
-2.59114
-2.57894
-2.56766
-2.55725
-2.54771
-2.53901
-2.53111
-2.52398
-2.51758
-2.5119
-2.50689
-2.5025
-2.49877
-2.49592
-0.70301
-1.54579
-2.09231
-2.40182
-2.58792
-2.69869
-2.75967
-2.79044
-2.80298
-2.8043
-2.7987
-2.78884
-2.77639
-2.76242
-2.74765
-2.73257
-2.71751
-2.70267
-2.68818
-2.67416
-2.66071
-2.64789
-2.63575
-2.6243
-2.61352
-2.60341
-2.59396
-2.58516
-2.57703
-2.56955
-2.56269
-2.55644
-2.55077
-2.54568
-2.54113
-2.53707
-2.53357
-2.53084
-0.756696
-1.32989
-1.78781
-2.11001
-2.3323
-2.48294
-2.58237
-2.64677
-2.68749
-2.71213
-2.72574
-2.73175
-2.73248
-2.72956
-2.72412
-2.71698
-2.70872
-2.69972
-2.69031
-2.68072
-2.67116
-2.66177
-2.65264
-2.64384
-2.6354
-2.62735
-2.61971
-2.61251
-2.60578
-2.5995
-2.59368
-2.58831
-2.58338
-2.57888
-2.57479
-2.57108
-2.5678
-2.5652
-0.824506
-1.25743
-1.63606
-1.93411
-2.15912
-2.32487
-2.44463
-2.53013
-2.59057
-2.63278
-2.66171
-2.68091
-2.69298
-2.69981
-2.70278
-2.70292
-2.70096
-2.69746
-2.69286
-2.68751
-2.68169
-2.6756
-2.6694
-2.66317
-2.65701
-2.65096
-2.6451
-2.63947
-2.6341
-2.62901
-2.62422
-2.61971
-2.61551
-2.6116
-2.60798
-2.60462
-2.60158
-2.59912
-0.929745
-1.26416
-1.57394
-1.83671
-2.04879
-2.21503
-2.34283
-2.43985
-2.5129
-2.5675
-2.60797
-2.63765
-2.65909
-2.67423
-2.68455
-2.69117
-2.69491
-2.69645
-2.69632
-2.69495
-2.69266
-2.68971
-2.68629
-2.68253
-2.67855
-2.67444
-2.6703
-2.66618
-2.66215
-2.65822
-2.65442
-2.65076
-2.64727
-2.64395
-2.6408
-2.63779
-2.635
-2.63267
-1.04597
-1.31004
-1.5645
-1.79195
-1.98503
-2.14388
-2.27191
-2.37366
-2.45377
-2.51639
-2.56507
-2.60268
-2.63156
-2.65355
-2.6701
-2.68232
-2.69111
-2.69718
-2.70113
-2.70341
-2.7044
-2.70439
-2.70358
-2.70214
-2.70024
-2.69798
-2.69547
-2.69281
-2.69005
-2.68723
-2.6844
-2.68158
-2.67878
-2.67604
-2.67335
-2.67069
-2.66814
-2.66596
-1.16241
-1.37558
-1.58667
-1.7825
-1.95531
-2.10306
-2.22671
-2.3286
-2.41166
-2.47887
-2.53293
-2.57623
-2.61078
-2.63821
-2.65987
-2.67683
-2.68997
-2.70004
-2.70762
-2.71322
-2.7172
-2.71987
-2.72148
-2.72221
-2.72224
-2.72172
-2.72077
-2.71948
-2.71794
-2.71619
-2.71428
-2.71226
-2.71014
-2.70796
-2.70572
-2.7034
-2.7011
-2.69906
-1.276
-1.45121
-1.62817
-1.79691
-1.95038
-2.08571
-2.20247
-2.30157
-2.38472
-2.45388
-2.51108
-2.55818
-2.59682
-2.62841
-2.65413
-2.67498
-2.6918
-2.70531
-2.71609
-2.72462
-2.73128
-2.73638
-2.74019
-2.74291
-2.74473
-2.74583
-2.74633
-2.74633
-2.74593
-2.7452
-2.74417
-2.74291
-2.74144
-2.7398
-2.738
-2.73602
-2.73396
-2.73206
-1.38549
-1.53172
-1.68163
-1.82757
-1.96349
-2.08638
-2.1951
-2.28968
-2.37097
-2.44021
-2.4988
-2.54815
-2.58955
-2.62416
-2.65299
-2.67695
-2.6968
-2.7132
-2.72672
-2.7378
-2.74681
-2.75408
-2.75986
-2.76438
-2.76785
-2.77043
-2.77227
-2.77348
-2.77415
-2.77436
-2.77416
-2.77362
-2.77277
-2.77166
-2.77028
-2.76863
-2.7668
-2.76505
-1.49057
-1.61428
-1.74251
-1.86937
-1.98977
-2.10085
-2.2012
-2.29035
-2.36857
-2.43656
-2.49524
-2.54561
-2.58866
-2.62531
-2.65642
-2.68278
-2.70505
-2.72384
-2.73965
-2.7529
-2.76394
-2.77309
-2.78062
-2.78676
-2.79171
-2.79564
-2.7987
-2.80102
-2.80268
-2.80377
-2.80435
-2.80449
-2.80423
-2.80361
-2.80264
-2.80131
-2.79971
-2.7981
-1.59143
-1.69728
-1.80796
-1.91883
-2.02565
-2.12588
-2.21802
-2.30137
-2.37582
-2.44167
-2.49949
-2.54993
-2.59374
-2.63163
-2.66431
-2.69243
-2.71657
-2.73726
-2.75493
-2.76998
-2.78275
-2.79352
-2.80258
-2.81014
-2.81641
-2.82155
-2.82573
-2.82905
-2.83162
-2.83352
-2.83483
-2.8356
-2.83589
-2.83573
-2.83514
-2.83412
-2.83274
-2.83128
-1.68832
-1.77981
-1.87611
-1.97353
-2.06856
-2.15899
-2.24339
-2.32091
-2.39123
-2.45439
-2.51066
-2.56047
-2.60435
-2.64282
-2.67646
-2.70579
-2.73131
-2.75344
-2.77258
-2.78909
-2.80328
-2.81543
-2.82579
-2.83459
-2.84203
-2.84825
-2.85342
-2.85765
-2.86104
-2.86369
-2.86566
-2.86702
-2.86782
-2.86809
-2.86787
-2.86713
-2.86597
-2.86465
-1.78154
-1.86132
-1.94574
-2.03182
-2.11665
-2.19834
-2.27555
-2.34742
-2.4135
-2.47363
-2.52792
-2.57659
-2.61999
-2.65853
-2.69262
-2.72269
-2.74913
-2.77231
-2.79257
-2.81023
-2.82557
-2.83886
-2.85033
-2.86019
-2.86863
-2.87581
-2.88185
-2.88689
-2.89102
-2.89433
-2.89691
-2.89881
-2.90008
-2.90076
-2.90088
-2.90041
-2.89946
-2.89827
-1.87142
-1.94156
-2.01607
-2.09254
-2.16855
-2.24248
-2.31313
-2.37964
-2.44151
-2.49847
-2.55049
-2.59766
-2.6402
-2.67838
-2.71251
-2.74291
-2.76989
-2.79377
-2.81483
-2.83336
-2.84961
-2.86382
-2.87621
-2.88697
-2.89627
-2.90426
-2.91107
-2.91682
-2.92161
-2.92553
-2.92865
-2.93104
-2.93274
-2.9338
-2.93422
-2.93401
-2.93326
-2.9322
-1.95828
-2.02039
-2.0866
-2.1549
-2.22327
-2.29034
-2.35502
-2.41652
-2.47431
-2.52807
-2.57767
-2.62311
-2.66449
-2.70199
-2.73582
-2.76621
-2.79342
-2.8177
-2.83929
-2.85844
-2.87538
-2.89031
-2.90344
-2.91494
-2.92496
-2.93365
-2.94112
-2.94749
-2.95286
-2.95732
-2.96093
-2.96376
-2.96585
-2.96724
-2.96795
-2.96798
-2.96741
-2.96648
-2.04244
-2.09783
-2.157
-2.21831
-2.28005
-2.34104
-2.40034
-2.4572
-2.51111
-2.56172
-2.60884
-2.65239
-2.69241
-2.72898
-2.76224
-2.79236
-2.81953
-2.84396
-2.86585
-2.88541
-2.90284
-2.91833
-2.93204
-2.94413
-2.95474
-2.964
-2.97203
-2.97894
-2.98482
-2.98974
-2.99379
-2.99701
-2.99945
-3.00115
-3.00212
-3.00237
-3.00197
-3.00116
-2.12417
-2.17387
-2.22706
-2.28236
-2.33832
-2.39393
-2.44837
-2.50097
-2.55123
-2.59879
-2.64343
-2.68502
-2.72354
-2.759
-2.79149
-2.82112
-2.84804
-2.87241
-2.89441
-2.9142
-2.93195
-2.94783
-2.96197
-2.97452
-2.9856
-2.99534
-3.00384
-3.0112
-3.0175
-3.02284
-3.02726
-3.03082
-3.03357
-3.03554
-3.03675
-3.03721
-3.03697
-3.03628
-2.2037
-2.24856
-2.29662
-2.34672
-2.39763
-2.44848
-2.49856
-2.54726
-2.59411
-2.63875
-2.68096
-2.72056
-2.75748
-2.7917
-2.82327
-2.85226
-2.87876
-2.90292
-2.92486
-2.94473
-2.96265
-2.97878
-2.99322
-3.00611
-3.01756
-3.02767
-3.03654
-3.04428
-3.05095
-3.05663
-3.06137
-3.06524
-3.06826
-3.07047
-3.07189
-3.07253
-3.07245
-3.07187
-2.28125
-2.32194
-2.36559
-2.41117
-2.45765
-2.50428
-2.55044
-2.59558
-2.63926
-2.68115
-2.72098
-2.75859
-2.79388
-2.8268
-2.85734
-2.88557
-2.91154
-2.93535
-2.9571
-2.97691
-2.99488
-3.01113
-3.02576
-3.03888
-3.05059
-3.06098
-3.07016
-3.07819
-3.08517
-3.09113
-3.09616
-3.10028
-3.10353
-3.10595
-3.10756
-3.10836
-3.10842
-3.10795
-2.35697
-2.39409
-2.4339
-2.47555
-2.51814
-2.56102
-2.60365
-2.64554
-2.68629
-2.72557
-2.76313
-2.79879
-2.83244
-2.86401
-2.89348
-2.92086
-2.9462
-2.96956
-2.99102
-3.01066
-3.02856
-3.04483
-3.05954
-3.0728
-3.08468
-3.09528
-3.10468
-3.11296
-3.12017
-3.12637
-3.13162
-3.13595
-3.1394
-3.142
-3.14378
-3.14473
-3.14492
-3.14455
-2.43103
-2.46504
-2.50153
-2.53974
-2.5789
-2.61844
-2.6579
-2.69682
-2.73485
-2.77168
-2.80708
-2.84086
-2.8729
-2.90312
-2.93147
-2.95796
-2.98261
-3.00544
-3.02651
-3.04588
-3.06363
-3.07982
-3.09452
-3.10783
-3.11982
-3.13055
-3.14011
-3.14856
-3.15596
-3.16235
-3.16777
-3.17228
-3.17589
-3.17864
-3.18056
-3.18165
-3.18196
-3.18169
-2.50355
-2.53488
-2.56847
-2.60366
-2.63978
-2.67635
-2.71293
-2.74915
-2.78468
-2.81922
-2.85258
-2.88455
-2.91503
-2.94391
-2.97115
-2.99672
-3.02061
-3.04285
-3.06346
-3.0825
-3.1
-3.11604
-3.13067
-3.14396
-3.15597
-3.16678
-3.17644
-3.18501
-3.19254
-3.19906
-3.20462
-3.20926
-3.21301
-3.21589
-3.21793
-3.21914
-3.21956
-3.21938
-2.57467
-2.60367
-2.63472
-2.66725
-2.70067
-2.73457
-2.76857
-2.80232
-2.83554
-2.86797
-2.89941
-2.92967
-2.95864
-2.98622
-3.01235
-3.03697
-3.06008
-3.08168
-3.10178
-3.12041
-3.13761
-3.15343
-3.16792
-3.18113
-3.19312
-3.20395
-3.21365
-3.22229
-3.2299
-3.23651
-3.24217
-3.24691
-3.25076
-3.25375
-3.25589
-3.2572
-3.25773
-3.25764
-2.64453
-2.6715
-2.70032
-2.73049
-2.7615
-2.793
-2.82466
-2.85617
-2.88728
-2.91775
-2.94739
-2.97605
-3.00358
-3.02989
-3.05491
-3.07859
-3.1009
-3.12182
-3.14136
-3.15955
-3.1764
-3.19195
-3.20624
-3.21932
-3.23123
-3.24202
-3.25172
-3.26038
-3.26803
-3.27469
-3.28042
-3.28522
-3.28915
-3.29222
-3.29445
-3.29586
-3.29648
-3.29647
-2.71328
-2.73846
-2.76529
-2.79336
-2.82222
-2.85156
-2.88111
-2.91058
-2.93976
-2.96842
-2.99639
-3.02352
-3.04968
-3.07477
-3.09871
-3.12144
-3.14293
-3.16316
-3.18212
-3.19982
-3.21628
-3.23152
-3.24558
-3.25849
-3.27028
-3.28098
-3.29064
-3.29927
-3.30691
-3.3136
-3.31935
-3.3242
-3.32818
-3.33131
-3.33362
-3.3351
-3.33581
-3.33587
-2.78105
-2.80462
-2.82968
-2.85587
-2.8828
-2.91021
-2.93784
-2.96546
-2.99287
-3.01986
-3.04628
-3.07197
-3.09683
-3.12073
-3.14362
-3.16542
-3.18609
-3.20561
-3.22397
-3.24116
-3.2572
-3.27211
-3.28589
-3.29859
-3.31021
-3.32079
-3.33036
-3.33893
-3.34654
-3.35321
-3.35896
-3.36383
-3.36784
-3.37102
-3.37338
-3.37493
-3.37572
-3.37585
-2.84795
-2.87007
-2.89354
-2.91804
-2.94324
-2.9689
-2.9948
-3.02074
-3.04652
-3.07197
-3.09694
-3.12128
-3.14489
-3.16767
-3.18953
-3.21041
-3.23028
-3.24909
-3.26684
-3.28351
-3.29911
-3.31365
-3.32713
-3.33958
-3.351
-3.36143
-3.37087
-3.37935
-3.38688
-3.39351
-3.39924
-3.40411
-3.40813
-3.41134
-3.41375
-3.41536
-3.41621
-3.41641
-2.91407
-2.93488
-2.95691
-2.9799
-3.00353
-3.02762
-3.05195
-3.07634
-3.10063
-3.12466
-3.14827
-3.17134
-3.19377
-3.21546
-3.23634
-3.25633
-3.2754
-3.29352
-3.31065
-3.3268
-3.34194
-3.35609
-3.36924
-3.38141
-3.39261
-3.40284
-3.41213
-3.42049
-3.42793
-3.43449
-3.44018
-3.44502
-3.44905
-3.45227
-3.45471
-3.45637
-3.45728
-3.45754
-2.97947
-2.9991
-3.01984
-3.04147
-3.06369
-3.08634
-3.10925
-3.13223
-3.15515
-3.17784
-3.20019
-3.22207
-3.24339
-3.26405
-3.28397
-3.30311
-3.32141
-3.33883
-3.35536
-3.37097
-3.38564
-3.39939
-3.41219
-3.42406
-3.435
-3.44501
-3.45412
-3.46233
-3.46966
-3.47613
-3.48176
-3.48657
-3.49057
-3.4938
-3.49626
-3.49796
-3.49892
-3.49924
-3.04421
-3.06279
-3.08238
-3.10277
-3.12372
-3.14507
-3.16667
-3.18836
-3.21
-3.23146
-3.25263
-3.2734
-3.29366
-3.31334
-3.33236
-3.35067
-3.36822
-3.38497
-3.40089
-3.41596
-3.43016
-3.44348
-3.45592
-3.46747
-3.47812
-3.4879
-3.49681
-3.50485
-3.51205
-3.51841
-3.52397
-3.52872
-3.5327
-3.53592
-3.53839
-3.54012
-3.54113
-3.5415
-3.10837
-3.126
-3.14455
-3.16383
-3.18363
-3.20379
-3.22418
-3.24468
-3.26515
-3.28547
-3.30554
-3.32526
-3.34453
-3.36328
-3.38145
-3.39896
-3.41579
-3.43188
-3.4472
-3.46173
-3.47545
-3.48834
-3.50039
-3.51159
-3.52196
-3.53148
-3.54017
-3.54803
-3.55507
-3.56132
-3.56678
-3.57148
-3.57542
-3.57862
-3.5811
-3.58285
-3.58389
-3.58431
-3.17202
-3.1888
-3.20641
-3.22468
-3.24342
-3.26249
-3.28179
-3.30118
-3.32057
-3.33983
-3.35887
-3.37761
-3.39595
-3.41382
-3.43117
-3.44792
-3.46404
-3.47949
-3.49422
-3.50821
-3.52144
-3.53389
-3.54555
-3.5564
-3.56646
-3.57571
-3.58417
-3.59183
-3.59872
-3.60484
-3.6102
-3.61482
-3.61872
-3.62189
-3.62436
-3.62612
-3.62721
-3.62767
-3.23523
-3.25124
-3.26799
-3.28534
-3.30311
-3.32119
-3.33947
-3.35785
-3.37623
-3.39451
-3.41259
-3.43041
-3.44787
-3.46492
-3.48148
-3.4975
-3.51294
-3.52776
-3.5419
-3.55536
-3.5681
-3.5801
-3.59136
-3.60186
-3.61159
-3.62057
-3.62878
-3.63625
-3.64296
-3.64894
-3.6542
-3.65874
-3.66257
-3.66572
-3.66817
-3.66994
-3.67105
-3.67155
-3.29808
-3.31338
-3.32934
-3.34584
-3.36272
-3.37988
-3.39723
-3.41467
-3.43212
-3.44948
-3.46668
-3.48363
-3.50027
-3.51652
-3.53234
-3.54766
-3.56243
-3.57663
-3.5902
-3.60312
-3.61537
-3.62693
-3.63778
-3.64792
-3.65733
-3.66602
-3.67399
-3.68124
-3.68778
-3.69362
-3.69876
-3.70321
-3.70698
-3.71008
-3.71252
-3.71429
-3.71542
-3.71595
-3.36063
-3.37528
-3.39051
-3.40623
-3.42228
-3.43859
-3.45508
-3.47165
-3.48823
-3.50474
-3.5211
-3.53724
-3.55309
-3.56859
-3.58369
-3.59833
-3.61246
-3.62605
-3.63906
-3.65146
-3.66322
-3.67434
-3.68478
-3.69455
-3.70364
-3.71205
-3.71977
-3.7268
-3.73316
-3.73885
-3.74386
-3.74822
-3.75192
-3.75497
-3.75738
-3.75915
-3.7603
-3.76086
-3.42294
-3.43698
-3.45154
-3.46652
-3.48181
-3.49734
-3.51302
-3.52878
-3.54455
-3.56026
-3.57583
-3.5912
-3.60631
-3.62109
-3.6355
-3.64948
-3.66298
-3.67598
-3.68844
-3.70032
-3.71161
-3.72228
-3.73233
-3.74174
-3.7505
-3.75862
-3.76609
-3.77291
-3.77908
-3.78461
-3.7895
-3.79375
-3.79738
-3.80038
-3.80275
-3.80451
-3.80568
-3.80626
-3.48509
-3.49854
-3.51246
-3.52676
-3.54134
-3.55612
-3.57105
-3.58606
-3.60107
-3.61602
-3.63084
-3.64548
-3.65988
-3.67397
-3.68771
-3.70106
-3.71396
-3.72638
-3.7383
-3.74967
-3.76049
-3.77073
-3.78039
-3.78944
-3.79789
-3.80572
-3.81293
-3.81954
-3.82552
-3.83089
-3.83565
-3.83979
-3.84333
-3.84627
-3.84861
-3.85036
-3.85153
-3.85214
-3.5471
-3.56
-3.57331
-3.58696
-3.60087
-3.61496
-3.62918
-3.64347
-3.65776
-3.672
-3.68612
-3.70006
-3.71377
-3.7272
-3.7403
-3.75303
-3.76535
-3.77721
-3.7886
-3.79949
-3.80985
-3.81967
-3.82894
-3.83764
-3.84577
-3.85332
-3.86028
-3.86666
-3.87246
-3.87766
-3.88228
-3.88632
-3.88977
-3.89265
-3.89495
-3.89668
-3.89785
-3.89848
-3.60902
-3.62137
-3.6341
-3.64715
-3.66041
-3.67385
-3.6874
-3.70101
-3.71462
-3.72817
-3.74161
-3.75489
-3.76795
-3.78075
-3.79323
-3.80537
-3.81711
-3.82844
-3.83932
-3.84973
-3.85965
-3.86906
-3.87795
-3.88631
-3.89413
-3.9014
-3.90812
-3.91428
-3.91988
-3.92492
-3.9294
-3.93332
-3.93668
-3.93948
-3.94174
-3.94345
-3.94463
-3.94527
-3.67085
-3.68268
-3.69485
-3.70731
-3.71997
-3.73278
-3.74569
-3.75866
-3.77162
-3.78452
-3.79732
-3.80996
-3.82239
-3.83458
-3.84647
-3.85803
-3.86924
-3.88005
-3.89044
-3.90039
-3.90988
-3.91889
-3.92741
-3.93543
-3.94295
-3.94994
-3.95641
-3.96235
-3.96776
-3.97263
-3.97696
-3.98077
-3.98403
-3.98677
-3.98898
-3.99067
-3.99184
-3.9925
-3.7326
-3.74393
-3.75556
-3.76746
-3.77954
-3.79175
-3.80406
-3.8164
-3.82874
-3.84103
-3.8532
-3.86523
-3.87707
-3.88867
-3.9
-3.91101
-3.92169
-3.932
-3.94192
-3.95143
-3.9605
-3.96913
-3.97729
-3.98499
-3.9922
-3.99892
-4.00514
-4.01086
-4.01607
-4.02078
-4.02497
-4.02865
-4.03182
-4.03449
-4.03664
-4.0383
-4.03947
-4.04014
-3.79427
-3.8051
-3.81622
-3.82758
-3.8391
-3.85075
-3.86247
-3.87423
-3.88598
-3.89767
-3.90926
-3.9207
-3.93197
-3.94301
-3.95379
-3.96428
-3.97446
-3.98429
-3.99376
-4.00283
-4.0115
-4.01975
-4.02757
-4.03494
-4.04186
-4.04831
-4.05429
-4.0598
-4.06482
-4.06935
-4.0734
-4.07696
-4.08003
-4.08262
-4.08472
-4.08635
-4.08751
-4.08819
-3.85585
-3.86621
-3.87683
-3.88767
-3.89866
-3.90977
-3.92094
-3.93213
-3.94331
-3.95444
-3.96546
-3.97635
-3.98707
-3.99757
-4.00784
-4.01783
-4.02752
-4.03689
-4.04592
-4.05458
-4.06287
-4.07075
-4.07823
-4.08529
-4.09192
-4.09811
-4.10385
-4.10913
-4.11396
-4.11833
-4.12223
-4.12567
-4.12864
-4.13115
-4.1332
-4.13479
-4.13594
-4.13663
-3.91733
-3.92724
-3.93739
-3.94774
-3.95822
-3.9688
-3.97944
-3.9901
-4.00075
-4.01133
-4.02182
-4.03217
-4.04237
-4.05236
-4.06213
-4.07164
-4.08087
-4.0898
-4.0984
-4.10667
-4.11457
-4.12211
-4.12926
-4.13601
-4.14235
-4.14828
-4.15378
-4.15886
-4.16349
-4.16769
-4.17145
-4.17476
-4.17764
-4.18006
-4.18205
-4.18361
-4.18474
-4.18544
-3.97873
-3.98821
-3.9979
-4.00778
-4.01778
-4.02786
-4.03799
-4.04814
-4.05827
-4.06833
-4.07831
-4.08816
-4.09785
-4.10735
-4.11664
-4.12569
-4.13448
-4.14299
-4.15118
-4.15906
-4.1666
-4.17379
-4.18062
-4.18707
-4.19314
-4.19881
-4.20408
-4.20894
-4.21339
-4.21743
-4.22104
-4.22423
-4.227
-4.22934
-4.23128
-4.2328
-4.23391
-4.23461
-4.04006
-4.04912
-4.05838
-4.0678
-4.07734
-4.08694
-4.09659
-4.10625
-4.11588
-4.12545
-4.13493
-4.14429
-4.15351
-4.16254
-4.17138
-4.17999
-4.18835
-4.19644
-4.20425
-4.21176
-4.21894
-4.2258
-4.23231
-4.23847
-4.24427
-4.24969
-4.25473
-4.25938
-4.26365
-4.26751
-4.27098
-4.27405
-4.27671
-4.27898
-4.28085
-4.28233
-4.28343
-4.28412
-4.10132
-4.10999
-4.11883
-4.12782
-4.1369
-4.14605
-4.15524
-4.16442
-4.17358
-4.18268
-4.19169
-4.20058
-4.20934
-4.21793
-4.22632
-4.23451
-4.24246
-4.25016
-4.25759
-4.26473
-4.27158
-4.27811
-4.28431
-4.29018
-4.29571
-4.30089
-4.3057
-4.31015
-4.31423
-4.31793
-4.32126
-4.3242
-4.32676
-4.32895
-4.33076
-4.3322
-4.33328
-4.33397
-4.16255
-4.17083
-4.17927
-4.18784
-4.19649
-4.2052
-4.21393
-4.22266
-4.23137
-4.24001
-4.24857
-4.25702
-4.26533
-4.27349
-4.28146
-4.28924
-4.2968
-4.30411
-4.31118
-4.31797
-4.32448
-4.3307
-4.33661
-4.3422
-4.34746
-4.3524
-4.35699
-4.36124
-4.36514
-4.36868
-4.37186
-4.37468
-4.37714
-4.37924
-4.38099
-4.38239
-4.38345
-4.38413
-4.22375
-4.23165
-4.2397
-4.24786
-4.2561
-4.26438
-4.27268
-4.28098
-4.28924
-4.29745
-4.30557
-4.31359
-4.32148
-4.32922
-4.3368
-4.34418
-4.35135
-4.3583
-4.36501
-4.37146
-4.37765
-4.38355
-4.38917
-4.39449
-4.39951
-4.4042
-4.40858
-4.41263
-4.41634
-4.41972
-4.42276
-4.42546
-4.42783
-4.42985
-4.43153
-4.43289
-4.43392
-4.4346
-4.28494
-4.29248
-4.30014
-4.30791
-4.31574
-4.32361
-4.33149
-4.33937
-4.34721
-4.35499
-4.3627
-4.3703
-4.37779
-4.38513
-4.3923
-4.3993
-4.40611
-4.4127
-4.41906
-4.42519
-4.43106
-4.43667
-4.442
-4.44705
-4.45182
-4.45628
-4.46045
-4.4643
-4.46784
-4.47106
-4.47396
-4.47655
-4.4788
-4.48074
-4.48237
-4.48368
-4.48468
-4.48535
-4.34613
-4.35331
-4.3606
-4.36798
-4.37541
-4.38288
-4.39036
-4.39783
-4.40526
-4.41264
-4.41994
-4.42714
-4.43423
-4.44118
-4.44798
-4.45461
-4.46105
-4.4673
-4.47333
-4.47913
-4.4847
-4.49002
-4.49508
-4.49987
-4.50439
-4.50863
-4.51258
-4.51624
-4.51961
-4.52268
-4.52544
-4.5279
-4.53006
-4.53192
-4.53348
-4.53475
-4.53572
-4.53638
-4.40732
-4.41415
-4.42107
-4.42808
-4.43513
-4.44221
-4.44929
-4.45636
-4.4634
-4.47039
-4.47729
-4.48411
-4.49081
-4.49739
-4.50382
-4.51009
-4.51618
-4.52209
-4.5278
-4.53329
-4.53856
-4.54359
-4.54838
-4.55292
-4.5572
-4.56122
-4.56497
-4.56844
-4.57164
-4.57455
-4.57718
-4.57953
-4.58159
-4.58336
-4.58486
-4.58608
-4.58702
-4.58767
-4.46853
-4.475
-4.48157
-4.4882
-4.49488
-4.50158
-4.50828
-4.51497
-4.52163
-4.52823
-4.53475
-4.54119
-4.54752
-4.55373
-4.55981
-4.56573
-4.57148
-4.57706
-4.58245
-4.58764
-4.59262
-4.59738
-4.60191
-4.6062
-4.61025
-4.61405
-4.6176
-4.62089
-4.62392
-4.62668
-4.62918
-4.63141
-4.63337
-4.63506
-4.63649
-4.63766
-4.63857
-4.63921
-4.52975
-4.53588
-4.54208
-4.54836
-4.55467
-4.561
-4.56733
-4.57365
-4.57993
-4.58615
-4.59231
-4.59838
-4.60435
-4.61021
-4.61594
-4.62152
-4.62695
-4.63221
-4.63729
-4.64219
-4.64688
-4.65137
-4.65564
-4.65969
-4.66351
-4.6671
-4.67045
-4.67356
-4.67643
-4.67904
-4.68141
-4.68352
-4.68538
-4.68699
-4.68836
-4.68948
-4.69036
-4.69098
-4.59099
-4.59677
-4.60263
-4.60855
-4.6145
-4.62047
-4.62644
-4.63239
-4.6383
-4.64417
-4.64997
-4.65568
-4.6613
-4.66681
-4.6722
-4.67746
-4.68257
-4.68752
-4.6923
-4.6969
-4.70132
-4.70554
-4.70957
-4.71338
-4.71698
-4.72036
-4.72352
-4.72646
-4.72916
-4.73163
-4.73386
-4.73586
-4.73763
-4.73916
-4.74045
-4.74153
-4.74237
-4.74298
-4.65223
-4.65768
-4.6632
-4.66877
-4.67437
-4.67998
-4.6856
-4.69119
-4.69675
-4.70226
-4.70771
-4.71308
-4.71836
-4.72354
-4.7286
-4.73353
-4.73833
-4.74298
-4.74746
-4.75179
-4.75593
-4.7599
-4.76368
-4.76726
-4.77064
-4.77382
-4.7768
-4.77955
-4.7821
-4.78443
-4.78653
-4.78842
-4.79009
-4.79153
-4.79276
-4.79379
-4.7946
-4.79518
-4.71349
-4.71861
-4.72379
-4.72902
-4.73428
-4.73955
-4.74481
-4.75006
-4.75528
-4.76044
-4.76555
-4.77058
-4.77553
-4.78038
-4.78512
-4.78974
-4.79423
-4.79858
-4.80278
-4.80683
-4.81071
-4.81443
-4.81797
-4.82132
-4.82449
-4.82747
-4.83026
-4.83285
-4.83523
-4.83742
-4.8394
-4.84117
-4.84274
-4.84411
-4.84527
-4.84625
-4.84702
-4.84758
-4.77476
-4.77956
-4.78441
-4.78931
-4.79423
-4.79916
-4.80409
-4.809
-4.81387
-4.8187
-4.82348
-4.82818
-4.8328
-4.83733
-4.84175
-4.84606
-4.85026
-4.85432
-4.85824
-4.86202
-4.86564
-4.86911
-4.87242
-4.87555
-4.87852
-4.8813
-4.8839
-4.88632
-4.88855
-4.8906
-4.89245
-4.89412
-4.89559
-4.89687
-4.89797
-4.89889
-4.89963
-4.90017
-4.83605
-4.84053
-4.84506
-4.84964
-4.85423
-4.85883
-4.86342
-4.868
-4.87254
-4.87704
-4.88149
-4.88587
-4.89017
-4.89438
-4.8985
-4.90251
-4.90641
-4.91018
-4.91383
-4.91735
-4.92072
-4.92395
-4.92702
-4.92994
-4.9327
-4.93529
-4.93771
-4.93996
-4.94204
-4.94395
-4.94568
-4.94723
-4.94861
-4.94981
-4.95084
-4.95171
-4.95241
-4.95292
-4.89736
-4.90153
-4.90575
-4.91
-4.91427
-4.91855
-4.92282
-4.92707
-4.93129
-4.93546
-4.93958
-4.94364
-4.94763
-4.95153
-4.95535
-4.95906
-4.96268
-4.96618
-4.96956
-4.97281
-4.97594
-4.97893
-4.98177
-4.98448
-4.98703
-4.98943
-4.99168
-4.99377
-4.9957
-4.99746
-4.99907
-5.00051
-5.00179
-5.00291
-5.00387
-5.00469
-5.00535
-5.00584
-4.95869
-4.96256
-4.96647
-4.97041
-4.97436
-4.97832
-4.98227
-4.9862
-4.9901
-4.99395
-4.99776
-5.0015
-5.00518
-5.00878
-5.0123
-5.01573
-5.01906
-5.02228
-5.0254
-5.0284
-5.03128
-5.03403
-5.03666
-5.03915
-5.0415
-5.04372
-5.04579
-5.04771
-5.04949
-5.05112
-5.05261
-5.05394
-5.05512
-5.05616
-5.05705
-5.05781
-5.05843
-5.0589
-5.02005
-5.02362
-5.02723
-5.03086
-5.0345
-5.03815
-5.04178
-5.04539
-5.04897
-5.05251
-5.05601
-5.05945
-5.06282
-5.06612
-5.06935
-5.07249
-5.07554
-5.0785
-5.08135
-5.0841
-5.08674
-5.08926
-5.09167
-5.09395
-5.09611
-5.09813
-5.10003
-5.1018
-5.10343
-5.10492
-5.10628
-5.1075
-5.10859
-5.10954
-5.11037
-5.11108
-5.11165
-5.11209
-5.08144
-5.08472
-5.08802
-5.09136
-5.09469
-5.09803
-5.10135
-5.10465
-5.10792
-5.11115
-5.11433
-5.11747
-5.12054
-5.12355
-5.12649
-5.12934
-5.13212
-5.13481
-5.13741
-5.13991
-5.14231
-5.1446
-5.14679
-5.14886
-5.15083
-5.15267
-5.15439
-5.156
-5.15748
-5.15884
-5.16007
-5.16119
-5.16218
-5.16305
-5.16381
-5.16446
-5.165
-5.16541
-5.14286
-5.14585
-5.14887
-5.1519
-5.15493
-5.15796
-5.16097
-5.16396
-5.16692
-5.16985
-5.17273
-5.17556
-5.17834
-5.18106
-5.18371
-5.18629
-5.18879
-5.19122
-5.19356
-5.19581
-5.19798
-5.20004
-5.20201
-5.20388
-5.20565
-5.20731
-5.20887
-5.21031
-5.21165
-5.21287
-5.21398
-5.21498
-5.21588
-5.21667
-5.21736
-5.21796
-5.21845
-5.21884
-5.20432
-5.20703
-5.20975
-5.21249
-5.21522
-5.21794
-5.22065
-5.22334
-5.22599
-5.22861
-5.23119
-5.23373
-5.23621
-5.23864
-5.24101
-5.24331
-5.24554
-5.24771
-5.2498
-5.2518
-5.25373
-5.25558
-5.25733
-5.259
-5.26057
-5.26205
-5.26344
-5.26472
-5.26591
-5.267
-5.26799
-5.26888
-5.26968
-5.27039
-5.27101
-5.27155
-5.27201
-5.27236
-5.26582
-5.26825
-5.27069
-5.27313
-5.27556
-5.27799
-5.28039
-5.28277
-5.28512
-5.28744
-5.28972
-5.29196
-5.29415
-5.29629
-5.29837
-5.3004
-5.30237
-5.30427
-5.30611
-5.30787
-5.30957
-5.31119
-5.31273
-5.3142
-5.31558
-5.31688
-5.31809
-5.31922
-5.32026
-5.32122
-5.32209
-5.32287
-5.32357
-5.3242
-5.32475
-5.32524
-5.32565
-5.32598
-5.32737
-5.32952
-5.33168
-5.33382
-5.33596
-5.33808
-5.34018
-5.34226
-5.34431
-5.34632
-5.3483
-5.35025
-5.35214
-5.354
-5.3558
-5.35756
-5.35926
-5.3609
-5.36249
-5.36401
-5.36548
-5.36687
-5.36821
-5.36947
-5.37066
-5.37178
-5.37283
-5.3738
-5.37469
-5.37551
-5.37626
-5.37694
-5.37754
-5.37808
-5.37856
-5.37899
-5.37936
-5.37966
-5.38897
-5.39085
-5.39272
-5.39457
-5.39641
-5.39823
-5.40003
-5.4018
-5.40355
-5.40526
-5.40694
-5.40859
-5.41019
-5.41176
-5.41329
-5.41477
-5.4162
-5.41759
-5.41893
-5.42021
-5.42144
-5.42262
-5.42374
-5.4248
-5.4258
-5.42674
-5.42762
-5.42844
-5.42919
-5.42987
-5.4305
-5.43107
-5.43157
-5.43203
-5.43243
-5.4328
-5.43313
-5.4334
-5.45062
-5.45223
-5.45381
-5.45538
-5.45692
-5.45844
-5.45993
-5.46139
-5.46283
-5.46424
-5.46562
-5.46697
-5.46829
-5.46957
-5.47082
-5.47202
-5.47319
-5.47432
-5.47541
-5.47646
-5.47746
-5.47841
-5.47932
-5.48018
-5.481
-5.48176
-5.48247
-5.48313
-5.48373
-5.48429
-5.48479
-5.48525
-5.48565
-5.48602
-5.48635
-5.48666
-5.48694
-5.48718
-5.51233
-5.51366
-5.51496
-5.51623
-5.51746
-5.51868
-5.51986
-5.52102
-5.52215
-5.52326
-5.52434
-5.52539
-5.52641
-5.52741
-5.52838
-5.52931
-5.53022
-5.53109
-5.53193
-5.53273
-5.53351
-5.53424
-5.53494
-5.5356
-5.53622
-5.53681
-5.53735
-5.53785
-5.53831
-5.53873
-5.53912
-5.53946
-5.53977
-5.54005
-5.5403
-5.54054
-5.54078
-5.54098
-5.57411
-5.57516
-5.57617
-5.57714
-5.57808
-5.57899
-5.57986
-5.58072
-5.58154
-5.58234
-5.58312
-5.58388
-5.58461
-5.58532
-5.586
-5.58667
-5.5873
-5.58792
-5.58851
-5.58907
-5.58961
-5.59012
-5.59061
-5.59107
-5.5915
-5.5919
-5.59228
-5.59262
-5.59294
-5.59322
-5.59348
-5.59371
-5.59392
-5.5941
-5.59427
-5.59444
-5.59463
-5.59479
-5.63592
-5.63673
-5.63749
-5.63819
-5.63885
-5.63947
-5.64005
-5.64061
-5.64114
-5.64164
-5.64212
-5.64258
-5.64302
-5.64344
-5.64384
-5.64422
-5.64459
-5.64494
-5.64527
-5.64559
-5.64589
-5.64617
-5.64644
-5.64669
-5.64692
-5.64714
-5.64733
-5.64751
-5.64767
-5.64782
-5.64794
-5.64805
-5.64814
-5.64822
-5.64828
-5.64835
-5.64846
-5.64857
-5.69778
-5.69833
-5.69878
-5.69916
-5.69951
-5.69981
-5.70008
-5.70032
-5.70054
-5.70074
-5.70092
-5.70108
-5.70123
-5.70136
-5.70149
-5.7016
-5.7017
-5.7018
-5.70188
-5.70196
-5.70203
-5.70209
-5.70215
-5.7022
-5.70225
-5.70229
-5.70232
-5.70234
-5.70236
-5.70238
-5.70238
-5.70238
-5.70237
-5.70235
-5.70232
-5.7023
-5.70231
-5.70235
)
;

boundaryField
{
    leftWall
    {
        type            calculated;
        value           nonuniform List<scalar> 
100
(
2307.41
2277.26
2246.75
2215.75
2184.29
2152.35
2119.93
2087.05
2053.72
2019.96
1985.78
1951.21
1916.25
1880.91
1845.18
1809.09
1752.14
1673.1
1592.64
1510.91
1428.1
1344.4
1259.98
1175.02
1089.7
1004.16
918.52
832.9
747.368
662.063
577.121
491.662
403.695
315.364
227.046
126.812
28.3197
-1.21598
-1.76239
-1.72157
-1.76027
-1.82569
-1.9
-1.97496
-2.0498
-2.12382
-2.19608
-2.26622
-2.33397
-2.399
-2.46063
-2.5197
-2.57699
-2.63315
-2.68871
-2.74414
-2.7998
-2.85603
-2.91303
-2.97098
-3.02998
-3.09007
-3.15127
-3.21356
-3.2769
-3.34124
-3.40649
-3.47255
-3.53932
-3.60672
-3.67467
-3.74309
-3.81193
-3.8811
-3.95053
-4.02018
-4.09002
-4.16001
-4.23014
-4.30041
-4.37078
-4.44123
-4.51174
-4.5823
-4.65289
-4.72352
-4.79417
-4.86486
-4.93558
-5.00635
-5.07715
-5.14798
-5.21886
-5.28982
-5.36071
-5.43115
-5.50149
-5.57409
-5.64873
-5.70005
)
;
    }
    rightWall
    {
        type            calculated;
        value           nonuniform List<scalar> 
100
(
-1.62277
-1.65181
-1.68038
-1.70848
-1.73614
-1.76335
-1.79012
-1.81646
-1.84238
-1.86789
-1.893
-1.91771
-1.94204
-1.96598
-1.98956
-2.01277
-2.04852
-2.0956
-2.14118
-2.18531
-2.22806
-2.26951
-2.30974
-2.34885
-2.38692
-2.42406
-2.46036
-2.49592
-2.53084
-2.5652
-2.59912
-2.63267
-2.66596
-2.69906
-2.73206
-2.76505
-2.7981
-2.83128
-2.86465
-2.89827
-2.9322
-2.96648
-3.00116
-3.03628
-3.07187
-3.10795
-3.14455
-3.18169
-3.21938
-3.25764
-3.29647
-3.33587
-3.37585
-3.41641
-3.45754
-3.49924
-3.5415
-3.58431
-3.62767
-3.67155
-3.71595
-3.76086
-3.80626
-3.85214
-3.89848
-3.94527
-3.9925
-4.04014
-4.08819
-4.13663
-4.18544
-4.23461
-4.28412
-4.33397
-4.38413
-4.4346
-4.48535
-4.53638
-4.58767
-4.63921
-4.69098
-4.74298
-4.79518
-4.84758
-4.90017
-4.95292
-5.00584
-5.0589
-5.11209
-5.16541
-5.21884
-5.27236
-5.32598
-5.37966
-5.4334
-5.48718
-5.54098
-5.59479
-5.64857
-5.70235
)
;
    }
    lowerWall
    {
        type            calculated;
        value           nonuniform List<scalar> 
124
(
2322.12
2326.56
2333.02
2338.42
2341.59
2342.43
2341.22
2338.26
2333.76
2327.87
2320.71
2312.34
2302.76
2291.99
2279.99
2266.73
2252.15
2236.22
2218.89
2200.14
2179.98
2158.42
2135.58
2111.59
2086.7
2061.27
2035.8
2011
1987.77
1967.36
1951.35
1941.79
1941.28
1953.15
1981.67
2032.73
2112.75
2229.08
2388.65
2594.81
2838.64
3090.8
3306.76
3462.83
3550.23
3644.38
3633.33
3616.4
3632.72
3671.38
3691.92
3687.8
3654.43
3590.45
3494.61
3365.17
3196.39
2978.94
2700.25
2344.52
1889.47
1323.58
-52.7623
-11.977
-5.08516
-6.16588
-6.02202
-6.35808
-6.88595
-7.06409
-3.09069
-3.12002
-3.1519
-3.18623
-3.22305
-3.2626
-3.30525
-3.35147
-3.40204
-3.45824
-3.5224
-3.59882
-3.69612
-3.82984
-4.03568
-4.35577
-3.07598
-3.08184
-3.07796
-3.06008
-3.02712
-2.9804
-2.92265
-2.85679
-2.78546
-2.71094
-2.63504
-2.55926
-2.48469
-2.41217
-2.34233
-2.27554
-2.21211
-2.15215
-2.09576
-2.04293
-1.99365
-1.94786
-1.90546
-1.86639
-1.83052
-1.79766
-1.76773
-1.74064
-1.71631
-1.69462
-1.67549
-1.65884
-1.64457
-1.63264
-1.623
-1.6156
-1.61066
-1.60806
)
;
    }
    atmosphere
    {
        type            calculated;
        value           nonuniform List<scalar> 
92
(
-5.7364
-5.76115
-5.75839
-5.75578
-5.75395
-5.75249
-5.75123
-5.75009
-5.74902
-5.748
-5.74702
-5.74606
-5.74511
-5.74419
-5.74328
-5.74238
-5.7415
-5.74063
-5.73978
-5.73894
-5.73812
-5.73732
-5.73654
-5.73579
-5.73508
-5.73439
-5.73374
-5.73313
-5.73256
-5.73203
-5.73154
-5.7311
-5.7307
-5.73034
-5.73003
-5.72977
-5.72954
-5.72936
-5.72922
-5.72912
-5.72906
-5.72904
-5.72904
-5.72904
-5.72904
-5.72904
-5.72904
-5.72904
-5.72904
-5.72904
-5.72904
-5.72904
-5.72904
-5.72904
-5.72904
-5.72904
-5.72904
-5.72904
-5.72904
-5.72904
-5.72904
-5.72904
-5.72904
-5.72904
-5.72904
-5.72904
-5.72904
-5.72904
-5.72904
-5.72904
-5.72904
-5.72904
-5.72904
-5.72904
-5.72904
-5.72904
-5.72904
-5.72904
-5.72904
-5.72904
-5.72904
-5.72904
-5.72904
-5.72904
-5.72904
-5.72904
-5.72904
-5.72904
-5.72904
-5.72904
-5.72904
-5.72904
)
;
    }
    defaultFaces
    {
        type            empty;
    }
}


// ************************************************************************* //
