/*--------------------------------*- C++ -*----------------------------------*\
  =========                 |
  \\      /  F ield         | OpenFOAM: The Open Source CFD Toolbox
   \\    /   O peration     | Website:  https://openfoam.org
    \\  /    A nd           | Version:  7
     \\/     M anipulation  |
\*---------------------------------------------------------------------------*/
FoamFile
{
    version     2.0;
    format      ascii;
    class       volScalarField;
    location    "0.2";
    object      p_rgh;
}
// * * * * * * * * * * * * * * * * * * * * * * * * * * * * * * * * * * * * * //

dimensions      [1 -1 -2 0 0 0 0];

internalField   nonuniform List<scalar> 
9072
(
2322.12
2326.56
2333.02
2338.42
2341.59
2342.43
2341.22
2338.26
2333.76
2327.87
2320.71
2312.34
2302.76
2291.99
2279.99
2266.73
2252.15
2236.22
2218.89
2200.14
2179.98
2158.42
2135.58
2111.59
2086.7
2061.27
2035.8
2011
1987.77
1967.36
1951.35
1941.79
1941.28
1953.15
1981.67
2032.73
2112.75
2229.08
2388.65
2594.81
2838.64
3090.8
3306.76
3462.83
3550.23
3644.38
2321.4
2324.79
2329.64
2333.98
2336.5
2336.98
2335.57
2332.47
2327.87
2321.89
2314.62
2306.12
2296.41
2285.46
2273.27
2259.79
2244.97
2228.76
2211.14
2192.07
2171.56
2149.66
2126.45
2102.09
2076.85
2051.08
2025.31
2000.25
1976.84
1956.33
1940.33
1930.91
1930.68
1942.95
1971.82
2021.96
2099.56
2212.2
2367.2
2569.84
2815.98
3080.38
3314.71
3480.8
3561.21
3652.48
2320.33
2323.73
2327.08
2330.03
2331.52
2331.24
2329.29
2325.77
2320.81
2314.51
2306.93
2298.11
2288.06
2276.76
2264.17
2250.26
2234.98
2218.29
2200.14
2180.51
2159.43
2136.93
2113.12
2088.17
2062.36
2036.07
2009.83
1984.39
1960.7
1940.03
1924.02
1914.74
1914.82
1927.51
1956.84
2007.47
2085.22
2196.45
2347.32
2541.53
2776.53
3036.64
3284.65
3481.36
3596.72
3697.63
2318.76
2322.68
2325.12
2326.91
2327.36
2326.24
2323.59
2319.5
2314.05
2307.29
2299.27
2290.02
2279.52
2267.75
2254.67
2240.23
2224.39
2207.09
2188.31
2168.02
2146.25
2123.05
2098.53
2072.88
2046.38
2019.44
1992.61
1966.63
1942.49
1921.48
1905.21
1895.76
1895.73
1908.34
1937.5
1987.82
2064.63
2173.74
2320.51
2507.73
2732.74
2984.54
3238.02
3464.21
3627.46
3762.33
2316.72
2321.25
2323.22
2324.22
2323.84
2321.95
2318.64
2313.96
2307.98
2300.74
2292.25
2282.53
2271.56
2259.29
2245.68
2230.69
2214.26
2196.35
2176.91
2155.94
2133.46
2109.53
2084.26
2057.86
2030.61
2002.92
1975.37
1948.7
1923.9
1902.24
1885.35
1875.28
1874.56
1886.34
1914.42
1963.25
2037.86
2143.69
2285.68
2466.59
2684.63
2931.66
3189.6
3436.9
3639.9
3808.86
2314.21
2319.27
2321.02
2321.5
2320.5
2317.99
2314.09
2308.88
2302.41
2294.69
2285.75
2275.57
2264.12
2251.36
2237.24
2221.7
2204.69
2186.17
2166.08
2144.43
2121.23
2096.55
2070.51
2043.31
2015.24
1986.72
1958.32
1930.78
1905.08
1882.5
1864.61
1853.41
1851.4
1861.6
1887.67
1933.89
2005.09
2106.43
2242.76
2417.21
2629.3
2873.52
3136.05
3398.82
3631.15
3830.85
2311.22
2316.72
2318.39
2318.55
2317.09
2314.08
2309.7
2304.02
2297.1
2288.95
2279.58
2268.96
2257.06
2243.83
2229.22
2213.15
2195.57
2176.44
2155.71
2133.38
2109.46
2084.02
2057.18
2029.13
2000.17
1970.72
1941.33
1912.75
1885.94
1862.12
1842.86
1830.08
1826.19
1834.09
1857.29
1899.86
1966.46
2062.09
2191.66
2358.84
2564.51
2805.49
3071.17
3345.57
3598.91
3840.26
2307.77
2313.62
2315.3
2315.27
2313.48
2310.08
2305.31
2299.24
2291.93
2283.39
2273.63
2262.61
2250.29
2236.61
2221.52
2204.94
2186.81
2167.09
2145.73
2122.72
2098.07
2071.85
2044.17
2015.22
1985.31
1954.83
1924.32
1894.53
1866.37
1841.05
1820.06
1805.26
1798.94
1803.86
1823.36
1861.32
1922.17
2010.82
2132.3
2290.85
2488.63
2724.38
2990.33
3272.6
3541.47
3811.17
2303.87
2310.01
2311.75
2311.62
2309.6
2305.91
2300.82
2294.43
2286.79
2277.92
2267.81
2256.43
2243.72
2229.63
2214.08
2197.01
2178.35
2158.05
2136.07
2112.38
2086.99
2059.97
2031.42
2001.53
1970.58
1938.97
1907.22
1876.05
1846.34
1819.24
1796.19
1778.95
1769.68
1771.01
1786.03
1818.44
1872.43
1952.8
2064.65
2212.74
2400.29
2627.64
2889.71
3175.42
3456.21
3744.76
2299.53
2305.92
2307.76
2307.58
2305.4
2301.5
2296.18
2289.53
2281.62
2272.46
2262.05
2250.34
2237.28
2222.8
2206.83
2189.3
2170.13
2149.27
2126.66
2102.29
2076.16
2048.32
2018.86
1987.98
1955.93
1923.1
1889.99
1857.27
1825.81
1796.69
1771.27
1751.2
1738.52
1735.65
1745.5
1771.47
1817.52
1888.25
1988.75
2124.11
2298.4
2513.19
2766.12
3049.74
3339.32
3644.75
2294.79
2301.38
2303.32
2303.14
2300.86
2296.82
2291.31
2284.47
2276.34
2266.96
2256.29
2244.3
2230.92
2216.09
2199.73
2181.75
2162.09
2140.68
2117.47
2092.42
2065.53
2036.85
2006.46
1974.53
1941.31
1907.17
1872.58
1838.18
1804.79
1773.42
1745.34
1722.1
1705.58
1697.99
1701.99
1720.71
1757.78
1817.5
1904.81
2024.86
2182.24
2379.35
2616.76
2891.63
3185.9
3505.4
2289.65
2296.41
2298.45
2298.3
2295.96
2291.82
2286.2
2279.21
2270.92
2261.35
2250.47
2238.24
2224.59
2209.44
2192.71
2174.33
2154.19
2132.25
2108.44
2082.71
2055.06
2025.52
1994.16
1961.15
1926.7
1891.17
1855
1818.79
1783.29
1749.47
1718.48
1691.77
1671.01
1658.23
1655.8
1666.52
1693.64
1741.03
1813.27
1915.23
2051.69
2225.16
2439.44
2697.51
2990.35
3317.38
2284.12
2291.03
2293.15
2293.04
2290.69
2286.5
2280.8
2273.71
2265.31
2255.6
2244.56
2232.12
2218.23
2202.8
2185.74
2166.97
2146.39
2123.93
2099.52
2073.13
2044.71
2014.3
1981.95
1947.81
1912.09
1875.09
1837.25
1799.11
1761.36
1724.9
1690.79
1660.32
1635
1616.62
1607.26
1609.34
1625.63
1659.48
1714.87
1796.14
1907.83
2051.11
2233.21
2464.74
2747.35
3068.11
2278.2
2285.24
2287.42
2287.36
2285.02
2280.81
2275.08
2267.95
2259.48
2249.68
2238.51
2225.91
2211.82
2196.14
2178.78
2159.64
2138.64
2115.68
2090.7
2063.63
2034.44
2003.15
1969.79
1934.48
1897.43
1858.91
1819.31
1779.13
1739.01
1699.75
1662.32
1627.86
1597.71
1573.4
1556.69
1549.59
1554.34
1573.61
1610.75
1669.49
1753.69
1860.21
1999.14
2192.89
2453.2
2741.81
2271.91
2279.05
2281.26
2281.25
2278.95
2274.77
2269.05
2261.91
2253.41
2243.55
2232.29
2219.57
2205.31
2189.42
2171.78
2152.32
2130.91
2107.48
2081.93
2054.2
2024.24
1992.05
1957.66
1921.17
1882.74
1842.64
1801.2
1758.89
1716.29
1674.11
1633.2
1594.57
1559.36
1528.85
1504.47
1487.78
1480.45
1484.47
1502.64
1537.8
1591.85
1652.71
1737.27
1884.65
2108.33
2316.19
2265.25
2272.39
2274.67
2274.68
2272.46
2268.35
2262.68
2255.58
2247.09
2237.22
2225.91
2213.11
2198.72
2182.64
2164.78
2145.01
2123.24
2099.36
2073.27
2044.91
2014.2
1981.13
1945.71
1908.03
1868.22
1826.51
1783.21
1738.72
1693.56
1648.36
1603.87
1560.93
1520.49
1483.58
1451.27
1424.69
1405.04
1393.8
1392.83
1400.55
1410.31
1402.49
1430.55
1544.02
1719.72
1779.73
-3.07598
-3.08184
-3.07796
-3.06008
-3.02712
-2.9804
-2.92265
-2.85679
-2.78546
-2.71094
-2.63504
-2.55926
-2.48469
-2.41217
-2.34233
-2.27554
-2.21211
-2.15215
-2.09576
-2.04293
-1.99365
-1.94786
-1.90546
-1.86639
-1.83052
-1.79766
-1.76773
-1.74064
-1.71631
-1.69462
-1.67549
-1.65884
-1.64457
-1.63264
-1.623
-1.6156
-1.61066
-1.60806
-3.07588
-3.08207
-3.07933
-3.06248
-3.03144
-2.98449
-2.92688
-2.86091
-2.78924
-2.71425
-2.63783
-2.56153
-2.48647
-2.4135
-2.34326
-2.27613
-2.21243
-2.15224
-2.09567
-2.04271
-1.99331
-1.94743
-1.90494
-1.86569
-1.82976
-1.79686
-1.7669
-1.73978
-1.71542
-1.69372
-1.67458
-1.65793
-1.64368
-1.63178
-1.62221
-1.61491
-1.61014
-1.60767
-3.07833
-3.08469
-3.08294
-3.06662
-3.03471
-2.98942
-2.93188
-2.86556
-2.79332
-2.71766
-2.64054
-2.56356
-2.48789
-2.41438
-2.34368
-2.27618
-2.21216
-2.15174
-2.09499
-2.04189
-1.99239
-1.94643
-1.90388
-1.8647
-1.82863
-1.79568
-1.7657
-1.73857
-1.7142
-1.6925
-1.67337
-1.65674
-1.64253
-1.63068
-1.62118
-1.61397
-1.60937
-1.60681
-3.08323
-3.09044
-3.08985
-3.07384
-3.04228
-2.9964
-2.93826
-2.87114
-2.79795
-2.72132
-2.64325
-2.5654
-2.48896
-2.41479
-2.34355
-2.27561
-2.21125
-2.15058
-2.09365
-2.04044
-1.99084
-1.94481
-1.9022
-1.86296
-1.8269
-1.79395
-1.76399
-1.73688
-1.71252
-1.69084
-1.67174
-1.65515
-1.64099
-1.62921
-1.61979
-1.61268
-1.60813
-1.60548
-3.09062
-3.09948
-3.1003
-3.08431
-3.05241
-3.00546
-2.94612
-2.87766
-2.80312
-2.72516
-2.64589
-2.56696
-2.4896
-2.41467
-2.34282
-2.2744
-2.20967
-2.14875
-2.09164
-2.03831
-1.98863
-1.94253
-1.89989
-1.86062
-1.8246
-1.79169
-1.76177
-1.73469
-1.71037
-1.68873
-1.66967
-1.65314
-1.63905
-1.62735
-1.61801
-1.61098
-1.60644
-1.60371
-3.10074
-3.11192
-3.11441
-3.0981
-3.06525
-3.01668
-2.95549
-2.88513
-2.80877
-2.72913
-2.64838
-2.56818
-2.48976
-2.41398
-2.34146
-2.27253
-2.20742
-2.14623
-2.08894
-2.03548
-1.98573
-1.93959
-1.89695
-1.8577
-1.82174
-1.7889
-1.75904
-1.73202
-1.70776
-1.68617
-1.66718
-1.65073
-1.63672
-1.6251
-1.61583
-1.60886
-1.60429
-1.60149
-3.11396
-3.12802
-3.1324
-3.11542
-3.08104
-3.03015
-2.96644
-2.89359
-2.81491
-2.73321
-2.6507
-2.56901
-2.48939
-2.41267
-2.33944
-2.26997
-2.20447
-2.14299
-2.08551
-2.03194
-1.98213
-1.93598
-1.89338
-1.8542
-1.81832
-1.78557
-1.7558
-1.72886
-1.70467
-1.68316
-1.66426
-1.6479
-1.63398
-1.62244
-1.61323
-1.60631
-1.60169
-1.59883
-3.13075
-3.14814
-3.15471
-3.13656
-3.10002
-3.04605
-2.97908
-2.90308
-2.82157
-2.73741
-2.65282
-2.56944
-2.48846
-2.4107
-2.3367
-2.26668
-2.20077
-2.139
-2.08133
-2.02766
-1.97783
-1.93172
-1.88919
-1.85011
-1.81435
-1.7817
-1.75204
-1.7252
-1.70111
-1.67971
-1.66091
-1.64465
-1.63083
-1.61937
-1.61022
-1.60332
-1.59866
-1.59574
-3.15189
-3.17281
-3.1819
-3.16195
-3.12249
-3.06455
-2.9935
-2.91365
-2.82875
-2.74171
-2.65475
-2.56944
-2.48695
-2.40806
-2.33322
-2.2626
-2.19626
-2.13421
-2.07637
-2.02263
-1.97282
-1.92679
-1.88438
-1.84543
-1.8098
-1.77729
-1.74775
-1.72104
-1.69708
-1.67581
-1.65713
-1.64099
-1.62727
-1.61588
-1.60678
-1.59989
-1.59519
-1.59223
-3.17866
-3.20274
-3.21484
-3.19213
-3.14878
-3.08582
-3.00975
-2.9253
-2.83643
-2.74608
-2.65642
-2.56898
-2.48482
-2.40467
-2.32893
-2.25768
-2.19092
-2.12859
-2.07061
-2.01685
-1.96711
-1.9212
-1.87893
-1.84014
-1.80467
-1.77231
-1.74293
-1.71638
-1.69258
-1.67145
-1.65292
-1.6369
-1.62328
-1.61198
-1.60292
-1.59605
-1.59131
-1.58831
-3.2134
-3.23906
-3.25473
-3.22782
-3.17931
-3.11002
-3.02787
-2.93796
-2.84449
-2.75038
-2.65773
-2.56795
-2.48199
-2.40049
-2.32378
-2.25188
-2.1847
-2.12213
-2.06406
-2.01032
-1.9607
-1.91494
-1.87286
-1.83425
-1.79895
-1.76678
-1.73758
-1.71122
-1.6876
-1.66665
-1.64828
-1.63239
-1.61888
-1.60765
-1.59864
-1.59178
-1.58701
-1.58399
-3.26038
-3.28352
-3.30331
-3.26995
-3.21451
-3.13731
-3.04782
-2.95153
-2.85278
-2.75445
-2.65852
-2.5662
-2.47834
-2.39543
-2.31771
-2.24516
-2.17759
-2.11482
-2.0567
-2.00304
-1.95357
-1.90801
-1.86613
-1.82772
-1.79263
-1.76068
-1.7317
-1.70556
-1.68216
-1.6614
-1.6432
-1.62745
-1.61405
-1.60291
-1.59395
-1.5871
-1.58231
-1.57927
-3.32825
-3.339
-3.36305
-3.31973
-3.25489
-3.16784
-3.06958
-2.9659
-2.86117
-2.75814
-2.65861
-2.56359
-2.47373
-2.38938
-2.31066
-2.23748
-2.16956
-2.10665
-2.04854
-1.99499
-1.94571
-1.90037
-1.85873
-1.82057
-1.78573
-1.75402
-1.7253
-1.69941
-1.67625
-1.65571
-1.63769
-1.62209
-1.60881
-1.59775
-1.58885
-1.58202
-1.57722
-1.57417
-3.43254
-3.41023
-3.43707
-3.37859
-3.30093
-3.20172
-3.09308
-2.98093
-2.86949
-2.7613
-2.65787
-2.55998
-2.46806
-2.38226
-2.30257
-2.22879
-2.16058
-2.09759
-2.03955
-1.98616
-1.93709
-1.89202
-1.85065
-1.81278
-1.77822
-1.7468
-1.71837
-1.69277
-1.66987
-1.64956
-1.63174
-1.6163
-1.60314
-1.59219
-1.58335
-1.57655
-1.57175
-1.56869
-3.60895
-3.50809
-3.52921
-3.44824
-3.35309
-3.23897
-3.11818
-2.99644
-2.87761
-2.7638
-2.6562
-2.55531
-2.46128
-2.37403
-2.2934
-2.21908
-2.15063
-2.08763
-2.0297
-1.97652
-1.92772
-1.88294
-1.84189
-1.80434
-1.77012
-1.73903
-1.71093
-1.68564
-1.66302
-1.64296
-1.62535
-1.61008
-1.59706
-1.58621
-1.57746
-1.5707
-1.5659
-1.56283
-3.89962
-3.66683
-3.6441
-3.53117
-3.41191
-3.2797
-3.14482
-3.01233
-2.88538
-2.76556
-2.65358
-2.54957
-2.45342
-2.36476
-2.28326
-2.20846
-2.13982
-2.07685
-2.01909
-1.96616
-1.91766
-1.87322
-1.83254
-1.79536
-1.76151
-1.7308
-1.70304
-1.67808
-1.65576
-1.63596
-1.61857
-1.60348
-1.5906
-1.57987
-1.5712
-1.56449
-1.55969
-1.55662
2254.31
2261.19
2263.69
2263.74
2261.64
2257.68
2252.14
2245.15
2236.75
2226.92
2215.61
2202.73
2188.21
2171.92
2153.76
2133.6
2111.32
2086.81
2059.95
2030.65
1998.84
1964.46
1927.5
1888.01
1846.08
1801.89
1755.68
1707.78
1658.6
1608.64
1558.45
1508.67
1459.92
1412.81
1367.91
1325.8
1287.2
1252.41
1217.87
1164.09
1040.58
806.163
811.423
994.343
1078.2
772.768
2237.87
2244.47
2246.99
2247.15
2245.28
2241.58
2236.32
2229.59
2221.42
2211.77
2200.58
2187.75
2173.18
2156.74
2138.31
2117.75
2094.92
2069.68
2041.91
2011.47
1978.26
1942.2
1903.23
1861.35
1816.59
1769.06
1718.93
1666.4
1611.76
1555.35
1497.51
1438.59
1378.87
1318.55
1257.78
1196.61
1133.86
1062.09
949.517
665.338
284.64
93.9916
107.829
317.862
649.75
569.886
2220
2226.22
2228.65
2228.92
2227.29
2223.91
2219
2212.63
2204.79
2195.43
2184.47
2171.8
2157.3
2140.84
2122.27
2101.43
2078.17
2052.33
2023.75
1992.28
1957.77
1920.1
1879.19
1834.96
1787.42
1736.58
1682.55
1625.44
1565.43
1502.71
1437.45
1369.8
1299.83
1227.57
1152.84
1073.82
982.221
813.239
385.706
67.4292
11.5142
9.92791
8.11041
10.2218
342.603
627.216
2200.87
2206.64
2208.92
2209.3
2207.92
2204.9
2200.39
2194.44
2187
2178.02
2167.38
2154.96
2140.64
2124.27
2105.67
2084.67
2061.11
2034.8
2005.54
1973.16
1937.48
1898.33
1855.59
1809.14
1758.92
1704.91
1647.13
1585.64
1520.53
1451.89
1379.78
1304.27
1225.4
1142.99
1055.11
954.162
730.192
229.748
9.91773
4.56719
3.26196
2.90058
2.76253
2.94605
18.11
675.816
2180.66
2185.91
2188.03
2188.53
2187.42
2184.78
2180.71
2175.22
2168.25
2159.7
2149.45
2137.38
2123.33
2107.14
2088.62
2067.6
2043.87
2017.21
1987.43
1954.29
1917.59
1877.12
1832.71
1784.21
1731.51
1674.55
1613.29
1547.76
1478
1404.03
1325.94
1243.82
1157.57
1065.48
961.967
695.958
155.169
3.84733
2.62886
2.16957
2.47739
2.71377
2.70407
2.75347
2.951
690.427
2159.55
2164.24
2166.24
2166.85
2166.02
2163.78
2160.18
2155.19
2148.72
2140.66
2130.87
2119.21
2105.51
2089.6
2071.28
2050.35
2026.57
1999.73
1969.57
1935.85
1898.31
1856.72
1810.85
1760.53
1705.6
1645.98
1581.6
1512.47
1438.61
1360.12
1277.15
1189.64
1096.23
993.236
707.856
128.679
2.7764
1.91262
1.96058
2.19274
2.49539
2.66548
2.65048
2.6081
2.85
340.362
2137.73
2141.84
2143.74
2144.48
2143.95
2142.13
2139.02
2134.55
2128.62
2121.09
2111.81
2100.63
2087.36
2071.82
2053.8
2033.07
2009.4
1982.53
1952.17
1918.05
1879.88
1837.39
1790.31
1738.43
1681.58
1619.64
1552.57
1480.36
1403.12
1321.07
1234.26
1141.49
1040.33
763.066
136.799
2.29437
1.55013
1.63941
1.86739
2.06622
2.22511
2.33726
2.39849
2.46818
2.6483
7.05563
2115.37
2118.91
2120.73
2121.63
2121.4
2120.01
2117.41
2113.49
2108.13
2101.17
2092.45
2081.8
2069.04
2053.96
2036.34
2015.95
1992.53
1965.78
1935.42
1901.12
1862.55
1819.41
1771.4
1718.28
1659.85
1596
1526.7
1452.03
1372.25
1287.6
1197.15
1098.59
856.378
178.852
1.97864
1.25057
1.32709
1.51433
1.69049
1.84533
1.9914
2.12394
2.23445
2.33413
2.53313
2.43079
2092.65
2095.61
2097.4
2098.46
2098.55
2097.61
2095.54
2092.2
2087.43
2081.08
2072.96
2062.9
2050.71
2036.18
2019.07
1999.14
1976.12
1949.68
1919.52
1885.26
1846.56
1803.06
1754.43
1700.4
1640.78
1575.47
1504.48
1428.06
1346.56
1259.62
1164.86
984.057
265.637
1.86774
1.02702
1.06576
1.21524
1.36874
1.52275
1.68151
1.84171
1.99277
2.12801
2.23947
2.37872
2.41942
2069.7
2072.09
2073.87
2075.1
2075.55
2075.08
2073.56
2070.82
2066.68
2060.97
2053.5
2044.09
2032.53
2018.63
2002.14
1982.8
1960.33
1934.4
1904.65
1870.7
1832.15
1788.6
1739.7
1685.16
1624.77
1558.47
1486.4
1408.93
1326.03
1235.97
1130.94
415.12
2.2515
0.909856
0.858818
0.97025
1.09669
1.2345
1.38792
1.55086
1.71462
1.87148
2.01941
2.15214
2.27659
2.35966
2046.66
2048.48
2050.27
2051.69
2052.5
2052.54
2051.6
2049.5
2046.02
2040.99
2034.21
2025.49
2014.64
2001.45
1985.68
1967.07
1945.32
1920.09
1891
1857.63
1819.54
1776.3
1727.52
1672.88
1612.19
1545.45
1472.96
1394.92
1309.92
1218.16
632.873
14.7378
0.771062
0.696258
0.766282
0.862621
0.979167
1.11673
1.27009
1.43161
1.59434
1.75254
1.90449
2.0485
2.18204
2.2885
2023.64
2024.85
2026.68
2028.27
2029.49
2030.08
2029.77
2028.35
2025.58
2021.27
2015.22
2007.25
1997.17
1984.77
1969.83
1952.08
1931.22
1906.9
1878.72
1846.23
1808.95
1766.42
1718.18
1663.91
1603.43
1536.87
1464.57
1385.78
1299.03
925.81
91.3464
0.602602
0.403263
0.53187
0.637494
0.743921
0.868403
1.00901
1.161
1.31958
1.47946
1.63533
1.78394
1.92339
2.05008
2.15209
2000.7
2001.24
2003.13
2004.89
2006.57
2007.77
2008.15
2007.46
2005.45
2001.91
1996.65
1989.48
1980.23
1968.71
1954.69
1937.94
1918.13
1894.94
1867.93
1836.65
1800.57
1759.17
1711.96
1658.57
1598.89
1533.14
1461.07
1380.75
1226.15
284.424
0.672942
0.185133
0.284209
0.413859
0.522605
0.638894
0.768894
0.909764
1.05883
1.21281
1.36697
1.51594
1.65528
1.7813
1.88861
1.96562
1978
1977.58
1979.59
1981.52
1983.74
1985.64
1986.81
1986.94
1985.75
1983.04
1978.61
1972.3
1963.94
1953.36
1940.37
1924.72
1906.14
1884.28
1858.73
1829
1794.54
1754.77
1709.13
1657.23
1599.04
1534.54
1462.02
1382.25
585.458
1.61447
0.180572
0.125721
0.228936
0.328815
0.433233
0.551319
0.680744
0.818617
0.962694
1.10982
1.25518
1.39341
1.51933
1.62784
1.7121
1.76031
1955.65
1953.61
1955.87
1958.04
1960.96
1963.72
1965.81
1966.86
1966.58
1964.77
1961.23
1955.82
1948.4
1938.83
1926.93
1912.5
1895.29
1874.99
1851.18
1823.37
1790.99
1753.39
1709.95
1660.26
1604.24
1541.07
1468.48
1074.25
93.7261
0.120178
0.0311246
0.0851321
0.160937
0.251547
0.357026
0.474627
0.601137
0.734319
0.871741
1.00996
1.14433
1.26945
1.3798
1.46969
1.53197
1.556
1932.79
1928.89
1931.65
1934.3
1938.16
1942.01
1945.19
1947.31
1948.05
1947.2
1944.62
1940.16
1933.72
1925.19
1914.44
1901.32
1885.61
1867.04
1845.24
1819.75
1789.95
1755.16
1714.68
1668.02
1614.61
1551.93
1483.09
366.407
0.453513
-0.142647
-0.0758747
0.00919717
0.0891101
0.183008
0.289938
0.405886
0.528505
0.655893
0.785478
0.91363
1.03576
1.14678
1.24114
1.31331
1.35671
1.36254
1907.42
1903.51
1906.51
1910.17
1915.33
1920.55
1925.06
1928.41
1930.28
1930.48
1928.89
1925.41
1919.96
1912.5
1902.93
1891.17
1877.05
1860.38
1840.85
1818.05
1791.4
1760.17
1723.57
1680.91
1630.54
1569.45
857.272
17.6304
-0.183218
-0.200042
-0.123257
-0.0512946
0.0301157
0.125805
0.231749
0.34467
0.462485
0.583184
0.704093
0.821567
0.931169
1.02812
1.10744
1.16407
1.19241
1.18569
1881.68
1876.57
1880.08
1885.58
1892.58
1899.57
1905.67
1910.4
1913.5
1914.8
1914.22
1911.72
1907.27
1900.86
1892.47
1882.07
1869.59
1854.93
1837.88
1818.14
1795.2
1768.38
1736.78
1699
1651.64
1535.02
247.696
-0.111788
-0.348902
-0.256341
-0.176547
-0.103281
-0.0184625
0.0775772
0.181332
0.290398
0.402755
0.516206
0.628024
0.734695
0.832097
0.915903
0.98189
1.02565
1.04279
1.02833
1855.93
1846.84
1851.86
1860.42
1870.1
1879.37
1887.38
1893.69
1898.09
1900.51
1900.93
1899.38
1895.87
1890.47
1883.21
1874.14
1863.28
1850.62
1836.13
1819.65
1800.87
1779.38
1754.09
1722.4
1679.73
773.805
2.19311
-0.346209
-0.356283
-0.279369
-0.214934
-0.142413
-0.0570661
0.0374512
0.138073
0.242645
0.349056
0.454965
0.55764
0.653799
0.73976
0.811728
0.866503
0.899999
0.90922
0.89066
1817.6
1812.03
1821.01
1834.92
1848.15
1859.97
1870.09
1878.15
1883.96
1887.53
1888.96
1888.3
1885.65
1881.13
1874.83
1866.87
1857.35
1846.42
1834.28
1821.09
1807.06
1792.41
1775.27
1750.59
1642.55
224.866
-0.114302
-0.402876
-0.360306
-0.3063
-0.246963
-0.173201
-0.0880068
0.00441137
0.101472
0.201134
0.301257
0.399489
0.493202
0.579425
0.65499
0.716759
0.761891
0.787572
0.791452
0.771203
1212.68
1248.14
1511.46
1754.95
1828.62
1842.67
1854.14
1863.39
1870.29
1874.82
1877.09
1877.18
1875.17
1871.29
1865.7
1858.55
1850.08
1840.62
1830.96
1821.65
1813.57
1808.4
1803.2
1786.05
734.102
8.62374
-0.472637
-0.448759
-0.390281
-0.338516
-0.27421
-0.19726
-0.11215
-0.0219691
0.071274
0.165716
0.259323
0.349861
0.434916
0.51189
0.578123
0.631064
0.668395
0.68805
0.688369
0.667852
50.9049
81.1734
250.048
657.455
1182.54
1546.57
1750.53
1837.61
1861.09
1866.08
1868.41
1868.72
1867.1
1863.93
1859.4
1853.69
1846.83
1830.84
1789.76
1712.5
1570.89
1464.2
1619.42
1375.95
131.386
-0.500393
-0.571602
-0.481055
-0.422765
-0.362749
-0.29196
-0.212963
-0.128828
-0.0414852
0.0474578
0.136312
0.223206
0.306109
0.382882
0.451317
0.509231
0.554579
0.585531
0.600538
0.598496
0.578493
0.116916
0.613521
0.446581
0.422936
46.6116
254.986
546.356
868.138
1149.82
1328
1439.72
1498.85
1505.96
1480.69
1418.11
1311.02
1158.21
935.632
698.609
482.969
273.395
175.06
319.874
131.694
-0.598921
-0.662341
-0.586337
-0.501997
-0.437452
-0.370702
-0.297318
-0.21901
-0.137454
-0.054002
0.0299185
0.112734
0.192729
0.268095
0.336985
0.397566
0.448067
0.486867
0.512541
0.523921
0.520314
0.501224
0.220339
0.248866
0.246219
0.290291
0.277677
0.17861
-0.00552925
-0.183552
14.583
78.3476
135.8
174.516
179.982
162.896
124.256
71.008
14.7587
-0.705835
-0.687791
-0.726029
-0.725377
-0.692616
-0.755457
-0.579466
-0.605231
-0.620186
-0.559075
-0.493197
-0.429943
-0.362721
-0.290941
-0.215797
-0.138409
-0.0599601
0.0181875
0.0945372
0.167506
0.235486
0.296907
0.350264
0.394143
0.427264
0.448524
0.457042
0.452401
0.434382
0.244237
0.301784
0.271973
0.27629
0.256199
0.226431
0.188564
0.154825
0.108293
0.00258609
-0.13323
-0.234027
-0.304555
-0.353146
-0.373814
-0.352222
-0.308937
-0.317447
-0.378414
-0.451314
-0.525061
-0.595671
-0.657324
-0.663833
-0.609583
-0.571832
-0.519254
-0.463505
-0.404946
-0.341898
-0.274801
-0.204748
-0.132858
-0.0603525
0.0114159
0.0810042
0.146937
0.207775
0.26218
0.308921
0.346872
0.375034
0.392556
0.398782
0.39347
0.376561
0.241409
0.273765
0.260188
0.254635
0.233446
0.20222
0.167085
0.136913
0.116511
0.0956112
0.0560972
0.0116017
-0.0338858
-0.0800435
-0.127713
-0.18058
-0.249774
-0.318776
-0.380012
-0.437719
-0.491174
-0.537871
-0.57168
-0.579266
-0.547828
-0.512113
-0.469999
-0.422831
-0.370551
-0.313341
-0.252142
-0.188118
-0.122473
-0.0564586
0.00859641
0.0713191
0.130343
0.18438
0.232275
0.273004
0.30567
0.32949
0.343811
0.348142
0.342367
0.326502
0.229698
0.25053
0.243773
0.235758
0.217418
0.189719
0.156953
0.124046
0.093266
0.0600063
0.019504
-0.0242809
-0.0688209
-0.11358
-0.158921
-0.20651
-0.259201
-0.312385
-0.36123
-0.406327
-0.446069
-0.478058
-0.498535
-0.499881
-0.482138
-0.455266
-0.420488
-0.379418
-0.332745
-0.28125
-0.225989
-0.168134
-0.10889
-0.0494804
0.00883819
0.0647999
0.11717
0.164805
0.206705
0.242007
0.269976
0.289987
0.301528
0.304232
0.298068
0.283091
0.21733
0.228169
0.224912
0.217216
0.201951
0.179169
0.15123
0.120532
0.0879126
0.0522294
0.0129664
-0.0282796
-0.0701944
-0.112364
-0.154681
-0.197419
-0.240983
-0.284266
-0.325474
-0.363347
-0.395963
-0.421063
-0.435886
-0.436503
-0.424215
-0.4025
-0.372582
-0.336189
-0.294376
-0.24811
-0.198446
-0.146509
-0.0934525
-0.0404336
0.0113912
0.0608858
0.106963
0.148631
0.185027
0.215418
0.239186
0.25582
0.264908
0.266171
0.259633
0.24537
0.205091
0.20792
0.205981
0.198933
0.185957
0.166928
0.143038
0.115595
0.0852872
0.0521881
0.0165645
-0.0207732
-0.05906
-0.0978925
-0.136996
-0.176193
-0.21522
-0.253297
-0.289228
-0.321714
-0.34909
-0.369487
-0.380945
-0.381566
-0.371695
-0.352967
-0.326682
-0.294243
-0.256778
-0.2153
-0.170837
-0.124448
-0.0772119
-0.0302022
0.0155325
0.0589871
0.099219
0.13538
0.166737
0.192668
0.212652
0.226262
0.23316
0.233131
0.226235
0.212558
0.193673
0.191038
0.189074
0.182328
0.170863
0.154406
0.133551
0.109121
0.0817502
0.0518352
0.0197916
-0.0138331
-0.0485063
-0.0838135
-0.119397
-0.154907
-0.189892
-0.22361
-0.255017
-0.282914
-0.305923
-0.322581
-0.331496
-0.331627
-0.322977
-0.306423
-0.283078
-0.254099
-0.220579
-0.183522
-0.143901
-0.102699
-0.0608997
-0.0194803
0.0206177
0.0585086
0.0933807
0.124516
0.151298
0.173201
0.189786
0.200692
0.205639
0.204461
0.197244
0.184074
0.184005
0.17786
0.175369
0.168509
0.157955
0.14327
0.124741
0.102923
0.078354
0.0514818
0.0227306
-0.00745733
-0.0386479
-0.0704375
-0.10244
-0.134242
-0.165327
-0.194995
-0.222332
-0.246272
-0.265651
-0.27931
-0.286222
-0.285704
-0.277727
-0.262848
-0.241944
-0.21602
-0.186094
-0.153121
-0.118011
-0.0816502
-0.0449205
-0.00869012
0.0262096
0.0590071
0.0890074
0.115603
0.138274
0.156575
0.170129
0.178632
0.18185
0.179652
0.172139
0.159388
0.176468
0.168523
0.165369
0.158055
0.147915
0.134423
0.117702
0.098128
0.0761154
0.05206
0.0263473
-0.00063871
-0.0285154
-0.0569091
-0.0854426
-0.113694
-0.141144
-0.167137
-0.190865
-0.2114
-0.227756
-0.238992
-0.244313
-0.243232
-0.235723
-0.222204
-0.203403
-0.180216
-0.153573
-0.124361
-0.0934207
-0.061547
-0.0295123
0.00192922
0.0320611
0.0602227
0.0858225
0.108344
0.127343
0.142435
0.153295
0.159663
0.161338
0.158218
0.150406
0.137967
0.171315
0.162994
0.159304
0.151071
0.140926
0.128197
0.112873
0.0951845
0.0754222
0.053899
0.0309473
0.00690838
-0.0178779
-0.0430779
-0.0683458
-0.0932793
-0.117383
-0.14005
-0.160567
-0.178137
-0.191931
-0.201174
-0.205237
-0.203748
-0.196697
-0.184424
-0.167557
-0.146893
-0.123278
-0.0975313
-0.0704205
-0.0426579
-0.0149168
0.0121592
0.0379646
0.0619424
0.0835917
0.102471
0.118194
0.130426
0.138884
0.143341
0.143629
0.139665
0.131554
0.11935
0.168878
0.161979
0.155803
0.147169
0.13685
0.124593
0.110347
0.0942182
0.0763876
0.057094
0.0366186
0.0152583
-0.00669472
-0.0289538
-0.0512106
-0.073096
-0.094148
-0.113816
-0.131469
-0.146432
-0.158019
-0.165601
-0.168674
-0.166955
-0.16044
-0.149418
-0.134425
-0.116164
-0.0953926
-0.0728574
-0.0492596
-0.0252384
-0.00138126
0.0217649
0.0436919
0.0639319
0.0820595
0.0976945
0.1105
0.120184
0.126499
0.12925
0.128296
0.123575
0.115194
0.103202
0.169841
0.163161
0.155385
0.145982
0.135401
0.123448
0.110034
0.095179
0.0789895
0.0616456
0.0433773
0.0244288
0.00503673
-0.0145608
-0.0340911
-0.0532195
-0.0715263
-0.0885154
-0.103636
-0.11632
-0.12601
-0.132204
-0.134509
-0.132712
-0.126818
-0.117071
-0.103923
-0.0879771
-0.0699031
-0.0503694
-0.0300074
-0.00938872
0.0109726
0.0306081
0.049087
0.0660117
0.0810178
0.0937758
0.103993
0.111415
0.115829
0.117073
0.115029
0.109657
0.101065
0.0892967
0.173373
0.16625
0.15731
0.147109
0.136231
0.124476
0.111706
0.0978946
0.0831036
0.0674649
0.0511528
0.0343516
0.0172427
2.17289e-05
-0.017072
-0.0337371
-0.0496019
-0.0642294
-0.0771451
-0.0878733
-0.0959629
-0.10102
-0.102745
-0.100985
-0.0957571
-0.0872697
-0.0759022
-0.0621659
-0.0466388
-0.0299061
-0.0125245
0.00500092
0.0222186
0.0387219
0.0541388
0.0681262
0.0803685
0.0905795
0.0985054
0.103928
0.106667
0.106588
0.103598
0.0976719
0.0889207
0.0773857
0.178677
0.170948
0.161032
0.150112
0.138942
0.127307
0.115044
0.102104
0.0885197
0.0743761
0.0597856
0.0448741
0.0297769
0.0146574
-0.000274743
-0.0147548
-0.0284646
-0.0410321
-0.0520567
-0.0611414
-0.0679193
-0.0720794
-0.0733961
-0.0717616
-0.0672099
-0.0599248
-0.0502291
-0.0385533
-0.0253886
-0.0112368
0.0034207
0.0181423
0.0325319
0.0462333
0.0589215
0.0702966
0.0800836
0.0880336
0.093928
0.0975805
0.0988405
0.0975966
0.093776
0.0873636
0.0784716
0.0671373
0.185119
0.176809
0.16607
0.154537
0.143101
0.131543
0.119697
0.107507
0.0949794
0.0821454
0.0690568
0.0557917
0.0424534
0.0291821
0.0161596
0.00360917
-0.00820887
-0.0189915
-0.0284103
-0.036137
-0.0418687
-0.0453539
-0.0464181
-0.0449884
-0.0411113
-0.0349556
-0.0268002
-0.0170082
-0.00599506
0.00581294
0.0180037
0.0301948
0.0420408
0.0532294
0.0634753
0.0725154
0.0801093
0.0860417
0.0901253
0.0922025
0.0921478
0.0898691
0.0853074
0.0784548
0.0694183
0.0582278
0.192154
0.183366
0.171965
0.159938
0.148285
0.136798
0.125321
0.113798
0.1022
0.0905049
0.078715
0.0668756
0.0550706
0.0434208
0.0320794
0.0212238
0.0110553
0.001809
-0.0062545
-0.0128668
-0.0177758
-0.0207729
-0.0217188
-0.020564
-0.0173618
-0.012268
-0.00552551
0.00255699
0.011627
0.021322
0.0312907
0.0412045
0.0507635
0.0596951
0.0677489
0.0746948
0.0803239
0.0844511
0.0869174
0.0875903
0.0863648
0.0831647
0.0779418
0.0706925
0.0615165
0.0504334
0.199327
0.190185
0.178291
0.165901
0.154107
0.142719
0.131597
0.120673
0.109886
0.0991705
0.0884981
0.0778943
0.0674281
0.0571996
0.0473277
0.0379433
0.0291937
0.0212549
0.0143285
0.00863042
0.00436933
0.00171844
0.00079042
0.00161938
0.00415058
0.00824268
0.0136837
0.0202106
0.0275229
0.0353119
0.043279
0.0511431
0.0586451
0.0655483
0.0716346
0.0767042
0.0805774
0.0830965
0.084127
0.0835572
0.0812993
0.0772903
0.071491
0.0639017
0.0546149
0.0436413
0.206254
0.196891
0.184675
0.172067
0.16023
0.148994
0.138222
0.127833
0.117742
0.107862
0.0981545
0.0886292
0.079336
0.070347
0.0617422
0.0536101
0.0460553
0.0392084
0.0332245
0.0282747
0.0245282
0.022125
0.0211534
0.0216344
0.0235137
0.026665
0.030905
0.0360099
0.041726
0.0477912
0.053953
0.059972
0.0656264
0.0707118
0.0750402
0.0784397
0.0807569
0.0818578
0.0816284
0.0799749
0.0768243
0.0721251
0.0658459
0.05799
0.0486435
0.0378101
0.212631
0.203173
0.19081
0.178139
0.166368
0.15534
0.14491
0.13499
0.125488
0.116324
0.107455
0.0988762
0.0906096
0.0826902
0.075159
0.0680699
0.0614977
0.0555424
0.0503257
0.0459825
0.0426458
0.0404223
0.0393744
0.0395086
0.0407706
0.0430483
0.0461852
0.0499937
0.0542627
0.0587729
0.0633122
0.0676788
0.0716841
0.0751536
0.0779264
0.0798554
0.0808098
0.0806756
0.0793568
0.0767749
0.0728697
0.0676
0.060941
0.0528979
0.0435511
0.0329001
0.218224
0.208793
0.196455
0.183875
0.172276
0.1615
0.151398
0.141886
0.132887
0.12434
0.116205
0.108455
0.101078
0.0940688
0.0874336
0.0811999
0.0754228
0.0701834
0.0655805
0.0617201
0.0587021
0.056601
0.0554528
0.0552489
0.0559343
0.0574105
0.0595456
0.0621851
0.0651563
0.0682789
0.0713762
0.0742799
0.0768314
0.0788827
0.0802965
0.0809473
0.0807235
0.0795286
0.0772817
0.073918
0.0693882
0.0636595
0.0567125
0.0485535
0.0392582
0.0288241
0.22287
0.21358
0.201425
0.189075
0.177735
0.167246
0.157462
0.148319
0.139764
0.13176
0.124265
0.117231
0.11061
0.104362
0.0984661
0.0929299
0.0877948
0.0831282
0.0790107
0.075524
0.0727386
0.0707005
0.0694232
0.0688859
0.0690338
0.0697811
0.0710182
0.0726191
0.0744448
0.0763484
0.0781844
0.0798135
0.0811031
0.0819279
0.082171
0.0817254
0.0804962
0.078402
0.0753755
0.0713631
0.0663252
0.0602356
0.0530789
0.044862
0.0356562
0.0254574
0.22647
0.217418
0.20558
0.193573
0.182563
0.172393
0.162937
0.154151
0.146012
0.138495
0.131554
0.125122
0.119126
0.113501
0.108208
0.103241
0.0986288
0.0944243
0.0906897
0.0874838
0.0848523
0.082819
0.0813813
0.0805112
0.0801567
0.0802442
0.080684
0.0813741
0.0822036
0.0830534
0.0838038
0.0843399
0.0845502
0.0843287
0.0835759
0.0822008
0.0801233
0.0772753
0.0736013
0.0690579
0.0636132
0.0572465
0.0499456
0.0417171
0.0326273
0.0226707
0.228976
0.220239
0.208822
0.197246
0.186626
0.176819
0.167721
0.159308
0.151574
0.144497
0.138025
0.132083
0.126585
0.121456
0.11665
0.112149
0.107968
0.104142
0.100712
0.0977145
0.0951743
0.0930991
0.091477
0.0902778
0.0894553
0.088949
0.0886863
0.0885858
0.0885587
0.0885086
0.0883364
0.0879457
0.0872426
0.0861369
0.0845444
0.082388
0.0796011
0.0761274
0.0719219
0.0669497
0.0611855
0.0546128
0.0472214
0.0390173
0.0300619
0.0203478
0.230376
0.222009
0.211087
0.200011
0.18984
0.18045
0.171754
0.163738
0.156401
0.149717
0.143635
0.138079
0.132966
0.128226
0.123809
0.119691
0.115869
0.112358
0.109174
0.106334
0.103843
0.101698
0.0998832
0.0983697
0.0971201
0.0960867
0.0952125
0.0944327
0.0936758
0.0928631
0.0919117
0.0907397
0.0892671
0.0874177
0.0851204
0.0823114
0.0789357
0.0749477
0.0703112
0.0649982
0.0589885
0.0522689
0.0448303
0.0366781
0.0278691
0.0183946
0.230683
0.22272
0.212347
0.201827
0.192158
0.183236
0.174981
0.167381
0.160428
0.154093
0.148331
0.143077
0.138262
0.133827
0.129724
0.125921
0.1224
0.119152
0.116171
0.113451
0.110986
0.108764
0.106765
0.104968
0.103342
0.101854
0.100457
0.0991009
0.0977274
0.0962717
0.0946643
0.0928347
0.0907153
0.0882422
0.0853564
0.0820055
0.0781449
0.073738
0.0687558
0.0631759
0.0569823
0.0501638
0.0427125
0.034633
0.0259781
0.0167379
0.229935
0.222395
0.212605
0.202678
0.193553
0.185133
0.177341
0.17016
0.163571
0.157552
0.152064
0.147058
0.142487
0.138302
0.134457
0.130916
0.127644
0.124613
0.121796
0.119171
0.116719
0.114423
0.112265
0.110226
0.108285
0.106416
0.104584
0.102747
0.100858
0.0988645
0.0967079
0.0943281
0.0916683
0.0886755
0.0853016
0.0815043
0.0772479
0.0725032
0.067247
0.0614617
0.0551343
0.0482559
0.0408191
0.0328278
0.0243311
0.0153181
0.228192
0.221086
0.211894
0.202581
0.194017
0.186108
0.17878
0.172006
0.165768
0.160046
0.154812
0.150036
0.145685
0.141719
0.138096
0.134772
0.131702
0.128842
0.12615
0.123594
0.121147
0.118788
0.116499
0.114265
0.11207
0.109894
0.107708
0.105479
0.103168
0.100732
0.0981225
0.0952888
0.0921833
0.0887629
0.0849893
0.080829
0.0762538
0.0712407
0.0657718
0.0598331
0.0534144
0.0465083
0.0391079
0.0312163
0.0228791
0.0140845
0.225541
0.21887
0.210277
0.201576
0.193566
0.186157
0.179276
0.172895
0.167
0.161574
0.156599
0.152057
0.147925
0.144164
0.140735
0.137591
0.134676
0.13194
0.129335
0.126821
0.12437
0.121956
0.119562
0.117177
0.114786
0.11237
0.109906
0.107367
0.10472
0.10193
0.0989555
0.0957553
0.0922898
0.0885249
0.0844308
0.0799818
0.0751563
0.0699366
0.0643091
0.058263
0.0517902
0.0448846
0.0375395
0.0297576
0.0215812
0.0129979
0.222081
0.215837
0.207829
0.199722
0.192243
0.18531
0.178856
0.172856
0.167302
0.162181
0.15748
0.153187
0.149277
0.145714
0.142457
0.139456
0.136655
0.134001
0.131445
0.12895
0.126483
0.12402
0.121546
0.119046
0.116508
0.113912
0.111238
0.108463
0.105558
0.102492
0.0992323
0.0957447
0.0919971
0.0879634
0.0836213
0.0789517
0.0739384
0.0685685
0.0628316
0.05672
0.0502275
0.0433488
0.036078
0.0284175
0.0204067
0.0120324
0.217908
0.212076
0.204629
0.197086
0.190107
0.183624
0.177576
0.17195
0.166739
0.161932
0.157519
0.153482
0.149795
0.14642
0.143315
0.140428
0.137707
0.135102
0.13257
0.130075
0.127586
0.125082
0.122546
0.119964
0.117319
0.114594
0.111767
0.108818
0.105721
0.102449
0.098974
0.0952687
0.091309
0.0870752
0.0825512
0.0777232
0.0725796
0.0671112
0.0613108
0.0551734
0.0486945
0.0418701
0.0346951
0.0271716
0.019336
0.0111744
0.213108
0.207668
0.20075
0.193734
0.187226
0.181168
0.175512
0.170252
0.165383
0.160891
0.156765
0.152983
0.14951
0.146309
0.143337
0.140544
0.137883
0.135312
0.132792
0.130292
0.127785
0.125251
0.122673
0.120035
0.117318
0.114502
0.111569
0.108496
0.105262
0.10184
0.0982093
0.094347
0.0902364
0.0858633
0.0812162
0.0762856
0.0710637
0.0655445
0.0597242
0.0535998
0.0471687
0.0404278
0.0333728
0.0260055
0.0183591
0.0104192
0.207756
0.202685
0.19626
0.189738
0.183674
0.17802
0.172742
0.167837
0.163296
0.159109
0.155259
0.151715
0.148442
0.145401
0.14255
0.139842
0.137237
0.134699
0.132196
0.1297
0.127189
0.124642
0.122044
0.119373
0.116611
0.113737
0.110731
0.107574
0.104244
0.100719
0.0969801
0.0930118
0.0888023
0.084342
0.079623
0.0746392
0.0693861
0.0638609
0.0580623
0.0519891
0.04564
0.0390124
0.0321026
0.024912
0.0174715
0.00976648
0.201924
0.197199
0.191234
0.185174
0.17953
0.17426
0.169342
0.164771
0.160539
0.156636
0.153037
0.14971
0.146619
0.143727
0.140991
0.13837
0.13583
0.13334
0.130872
0.128401
0.125907
0.12337
0.120771
0.118089
0.115303
0.112395
0.109344
0.106131
0.102737
0.0991444
0.0953376
0.0913058
0.0870413
0.0825384
0.0777922
0.0727993
0.0675581
0.0620682
0.0563302
0.050344
0.0441087
0.0376224
0.0308817
0.0238881
0.0166706
0.0092152
0.195687
0.191286
0.185749
0.180123
0.174875
0.16997
0.165388
0.161125
0.157175
0.153526
0.150151
0.147019
0.144095
0.141344
0.138725
0.136202
0.133745
0.131325
0.128916
0.126495
0.124041
0.121534
0.118953
0.116277
0.113486
0.110562
0.107486
0.104241
0.10081
0.0971786
0.0933373
0.0892784
0.0849972
0.0804908
0.0757569
0.0707943
0.0656036
0.0601861
0.0545431
0.0486751
0.0425815
0.0362608
0.0297103
0.022932
0.0159531
0.00876052
0.189115
0.18502
0.179886
0.174668
0.169791
0.165227
0.160954
0.156971
0.153274
0.14985
0.146673
0.143716
0.140949
0.138336
0.135839
0.133428
0.131072
0.128743
0.126415
0.124064
0.12167
0.119211
0.116664
0.114009
0.111228
0.108305
0.105222
0.101965
0.0985208
0.0948795
0.0910343
0.0869812
0.0827177
0.0782428
0.0735564
0.068659
0.0635524
0.0582387
0.0527196
0.0469958
0.0410669
0.0349321
0.0285895
0.0220411
0.0153128
0.00839227
0.182277
0.178471
0.173714
0.168879
0.16435
0.1601
0.156109
0.152378
0.148908
0.145683
0.142684
0.139891
0.137273
0.134797
0.132429
0.13014
0.127898
0.125674
0.123442
0.121176
0.118855
0.116455
0.113955
0.111335
0.108579
0.105673
0.102602
0.099355
0.0959223
0.0922982
0.088479
0.0844626
0.0802484
0.0758367
0.0712288
0.0664267
0.0614327
0.0562491
0.0508777
0.0453191
0.0395734
0.0336404
0.0275185
0.0212103
0.0147399
0.00809606
0.175223
0.171689
0.167288
0.16281
0.158603
0.15464
0.150906
0.147406
0.14414
0.141097
0.138266
0.135628
0.133155
0.130816
0.128581
0.126418
0.124296
0.122183
0.120053
0.11788
0.115639
0.113307
0.110863
0.108291
0.105576
0.102704
0.099666
0.0964518
0.0930567
0.0894777
0.0857134
0.0817632
0.0776274
0.0733076
0.0688061
0.0641254
0.0592681
0.0542364
0.0490317
0.0436548
0.0381061
0.0323859
0.0264934
0.0204308
0.0142216
0.0078555
0.167987
0.164709
0.160639
0.156491
0.15258
0.148881
0.145385
0.142099
0.139023
0.136155
0.133487
0.131
0.128669
0.126467
0.124364
0.122327
0.120323
0.118322
0.116294
0.114215
0.112057
0.109798
0.107421
0.104908
0.102249
0.0994311
0.0964465
0.09329
0.0899591
0.086453
0.0827717
0.0789154
0.0748853
0.0706835
0.0663128
0.0617761
0.0570757
0.0522132
0.04719
0.0420069
0.0366649
0.0311647
0.025506
0.0196915
0.0137438
0.00765372
0.160593
0.157551
0.153784
0.149939
0.146301
0.142848
0.139576
0.136492
0.133601
0.130906
0.128399
0.126063
0.123874
0.121807
0.119833
0.117917
0.116027
0.114132
0.112204
0.110215
0.108141
0.105961
0.103658
0.101217
0.0986293
0.095884
0.0929758
0.0899017
0.0866612
0.0832547
0.0796827
0.0759459
0.0720459
0.067985
0.0637662
0.059392
0.0548644
0.0501846
0.0453537
0.0403731
0.0352442
0.0299684
0.0245459
0.0189798
0.0132919
0.00747407
0.153054
0.15023
0.14674
0.143171
0.139783
0.136561
0.133502
0.130616
0.127911
0.125391
0.123047
0.120861
0.118815
0.116882
0.115031
0.11323
0.111447
0.109652
0.107818
0.105917
0.103928
0.10183
0.0996093
0.0972534
0.0947524
0.0920988
0.0892886
0.0863203
0.0831944
0.0799115
0.076472
0.0728768
0.0691273
0.0652262
0.0611759
0.0569786
0.0526357
0.0481484
0.043518
0.0387462
0.0338351
0.0287865
0.0236014
0.0182829
0.0128522
0.0073016
0.14539
0.142763
0.139523
0.136204
0.133049
0.130046
0.127195
0.124506
0.12199
0.119647
0.117467
0.115434
0.113529
0.111725
0.109993
0.1083
0.106618
0.104918
0.103173
0.10136
0.0994563
0.097447
0.0953183
0.093059
0.0906603
0.088116
0.0854232
0.0825811
0.07959
0.0764501
0.0731616
0.069725
0.066142
0.0624147
0.0585452
0.0545353
0.050386
0.0460988
0.0416752
0.0371174
0.0324278
0.0276088
0.0226616
0.0175896
0.0124132
0.00712565
0.137618
0.135173
0.132159
0.129068
0.12613
0.123337
0.12069
0.118199
0.115874
0.113708
0.111693
0.109813
0.108047
0.10637
0.104751
0.103162
0.101577
0.0999691
0.0983129
0.0965871
0.0947744
0.0928605
0.090833
0.0886816
0.0863983
0.0839781
0.0814182
0.0787177
0.0758762
0.0728934
0.0697689
0.0665032
0.0630976
0.059554
0.0558741
0.0520591
0.0481104
0.0440293
0.0398179
0.0354785
0.0310138
0.0264264
0.0217177
0.0168918
0.0119683
0.00694146
0.129763
0.127484
0.124674
0.121792
0.119059
0.11647
0.114024
0.111732
0.109596
0.107609
0.105759
0.104031
0.102402
0.100847
0.0993391
0.0978531
0.0963639
0.0948472
0.0932809
0.091647
0.0899306
0.088119
0.0862009
0.0841666
0.082009
0.0797234
0.0773072
0.0747587
0.0720766
0.0692598
0.0663078
0.0632209
0.0600001
0.0566469
0.0531627
0.0495485
0.0458055
0.0419355
0.0379407
0.0338235
0.0295868
0.0252331
0.0207646
0.0161857
0.0115153
0.00674903
0.121845
0.119719
0.117095
0.114407
0.11187
0.109479
0.107233
0.105139
0.103191
0.101381
0.0996954
0.0981173
0.0966232
0.0951892
0.0937919
0.0924085
0.0910159
0.0895923
0.0881194
0.0865823
0.084968
0.0832649
0.0814624
0.0795518
0.0775268
0.075383
0.0731171
0.0707266
0.0682095
0.0655641
0.0627898
0.0598866
0.0568554
0.0536971
0.0504127
0.0470034
0.0434703
0.0398152
0.0360407
0.0321493
0.0281437
0.0240267
0.019801
0.0154712
0.0110556
0.00655029
0.113883
0.111894
0.10944
0.106936
0.104588
0.102392
0.100346
0.0984459
0.0966845
0.0950503
0.0935281
0.0920978
0.0907368
0.0894237
0.0881378
0.0868581
0.0855637
0.0842365
0.0828616
0.0814263
0.0799193
0.0783294
0.0766472
0.0748651
0.0729774
0.0709796
0.0688679
0.0666387
0.0642896
0.0618186
0.059225
0.0565084
0.0536695
0.0507089
0.0476272
0.0444255
0.0411053
0.0376686
0.0341179
0.0304559
0.0266851
0.0228085
0.0188288
0.0147507
0.0105913
0.00634729
0.105888
0.104014
0.10172
0.0993913
0.0972283
0.0952265
0.0933766
0.0916694
0.0900933
0.0886341
0.0872732
0.0859888
0.0847605
0.0835691
0.0823958
0.0812213
0.080028
0.0788015
0.0775296
0.0762013
0.0748058
0.0733332
0.0717753
0.0701255
0.0683785
0.0665295
0.0645739
0.0625077
0.0603278
0.0580326
0.0556211
0.0530928
0.0504479
0.0476866
0.0448096
0.041818
0.0387135
0.0354984
0.0321752
0.0287464
0.0252144
0.0215818
0.0178512
0.0140269
0.0101248
0.00614216
0.0978639
0.0960808
0.0939346
0.0917745
0.0897943
0.0879855
0.0863303
0.0848148
0.0834238
0.0821386
0.0809372
0.0797983
0.0787034
0.077635
0.0765758
0.0755091
0.0744212
0.0733006
0.0721371
0.0709204
0.0696408
0.0682894
0.0668595
0.0653453
0.0637416
0.062043
0.0602443
0.0583414
0.0563313
0.0542125
0.0519839
0.0496449
0.0471951
0.0446347
0.0419642
0.0391851
0.0362994
0.0333094
0.0302174
0.0270256
0.0237359
0.0203505
0.0168715
0.0133027
0.00965867
0.00593761
0.0898084
0.0880904
0.0860795
0.0840824
0.0822831
0.0806654
0.0792043
0.0778812
0.0766757
0.0755637
0.0745217
0.0735292
0.0725693
0.0716256
0.0706829
0.0697281
0.0687508
0.0677417
0.0666917
0.0655912
0.0644316
0.0632057
0.0619076
0.060532
0.0590733
0.0575259
0.0558844
0.0541449
0.052305
0.0503632
0.0483185
0.0461699
0.0439166
0.0415586
0.0390969
0.0365331
0.0338693
0.0311077
0.0282504
0.0252989
0.0222545
0.0191189
0.0158932
0.012581
0.00919559
0.0057362
0.0817175
0.0800396
0.0781509
0.076311
0.0746894
0.0732613
0.0719955
0.0708669
0.0698478
0.0689096
0.0680281
0.0671839
0.0663609
0.0655442
0.0647215
0.0638835
0.0630223
0.0621299
0.061198
0.0602181
0.059183
0.0580868
0.0569241
0.0556896
0.0543775
0.052982
0.0514982
0.0499229
0.0482542
0.0464908
0.0446313
0.0426743
0.0406191
0.0384656
0.036215
0.0338691
0.03143
0.0288998
0.0262801
0.0235717
0.0207752
0.0178912
0.0149203
0.0118651
0.00873803
0.00553913
0.0735867
0.0719287
0.0701496
0.0684591
0.0670114
0.0657734
0.0647064
0.0637752
0.0629441
0.0621812
0.0614621
0.060768
0.0600835
0.0593964
0.0586978
0.0579815
0.0572411
0.0564698
0.0556602
0.0548054
0.0538993
0.052937
0.0519131
0.0508222
0.0496584
0.0484162
0.0470918
0.0456824
0.0441867
0.0426032
0.0409303
0.0391665
0.0373108
0.0353636
0.0333262
0.0312005
0.0289885
0.0266922
0.0243126
0.0218497
0.0193033
0.0166727
0.0139571
0.0111584
0.00828765
0.00534607
0.065417
0.0637632
0.0620812
0.0605307
0.0592545
0.0582108
0.0573477
0.0566173
0.0559764
0.0553905
0.054835
0.0542915
0.0537466
0.0531913
0.0526204
0.0520294
0.0514136
0.050767
0.0500837
0.0493584
0.0485861
0.0477617
0.0468801
0.0459353
0.044922
0.0438357
0.0426731
0.0414321
0.0401115
0.0387095
0.0372245
0.0356548
0.0339999
0.0322604
0.0304377
0.0285339
0.0265511
0.0244908
0.0223536
0.0201389
0.0178448
0.0154688
0.0130084
0.010464
0.0078458
0.00515656
0.0572157
0.0555512
0.0539534
0.052534
0.0514324
0.0505911
0.0499389
0.0494134
0.0489646
0.0485561
0.0481632
0.0477689
0.0473632
0.0469411
0.0464998
0.0460366
0.0455478
0.0450291
0.0444762
0.0438848
0.0432505
0.0425679
0.0418315
0.0410358
0.0401761
0.0392487
0.038251
0.037181
0.0360373
0.034818
0.0335214
0.0321465
0.0306931
0.029162
0.0275552
0.0258747
0.0241227
0.0223005
0.0204082
0.0184444
0.0164053
0.0142856
0.0120795
0.00978581
0.00741461
0.00497123
0.0489838
0.047293
0.0457679
0.0444781
0.0435633
0.0429388
0.042507
0.0421906
0.0419342
0.0417004
0.0414657
0.041217
0.0409487
0.0406592
0.0403479
0.0400133
0.0396534
0.0392655
0.0388467
0.0383932
0.0379003
0.0373624
0.0367742
0.0361306
0.0354279
0.0346628
0.0338328
0.0329359
0.0319702
0.0309341
0.0298263
0.0286462
0.0273945
0.0260724
0.024682
0.0232256
0.0217055
0.0201233
0.0184789
0.0167698
0.01499
0.0131296
0.0111771
0.00912914
0.00699744
0.0047916
0.0406963
0.0389675
0.0375149
0.0363687
0.0356677
0.0352829
0.035084
0.0349798
0.0349122
0.0348456
0.0347613
0.0346521
0.0345172
0.034358
0.0341755
0.0339697
0.0337403
0.033486
0.0332044
0.0328916
0.0325425
0.0321517
0.0317142
0.0312259
0.0306833
0.0300834
0.0294233
0.0287006
0.0279134
0.0270604
0.026141
0.0251556
0.0241052
0.0229917
0.0218173
0.020585
0.0192975
0.0179572
0.0165643
0.0151159
0.0136031
0.012009
0.0103107
0.00850148
0.00659864
0.00461875
0.0323342
0.0305203
0.0291653
0.0282051
0.0277674
0.0276564
0.027704
0.0278106
0.0279214
0.0280091
0.0280638
0.0280856
0.0280784
0.028046
0.0279907
0.0279141
0.0278169
0.0276984
0.0275562
0.027386
0.0271825
0.0269408
0.0266565
0.026326
0.025946
0.0255131
0.0250239
0.0244756
0.0238666
0.0231962
0.0224646
0.0216729
0.0208226
0.019916
0.018956
0.0179463
0.0168911
0.0157945
0.0146584
0.0134804
0.0122492
0.0109367
0.00949598
0.00791439
0.00622385
0.00445283
0.0240499
0.0218567
0.0206619
0.0199789
0.0198858
0.0200935
0.0203972
0.0207028
0.0209727
0.0211961
0.0213756
0.021519
0.0216338
0.0217252
0.0217965
0.0218501
0.0218871
0.0219066
0.0219055
0.0218793
0.0218229
0.021732
0.0216029
0.0214322
0.0212162
0.0209509
0.0206324
0.0202579
0.0198263
0.0193374
0.0187923
0.0181925
0.0175399
0.0168372
0.0160881
0.015298
0.0144735
0.013622
0.0127494
0.0118569
0.0109339
0.00993502
0.00875985
0.00738482
0.00587978
0.0042934
0.0162011
0.0128581
0.0119373
0.0116926
0.0120572
0.0126261
0.0131781
0.0136541
0.0140539
0.014391
0.0146815
0.0149389
0.0151721
0.0153868
0.0155863
0.0157728
0.0159469
0.0161067
0.0162486
0.0163679
0.0164603
0.0165221
0.0165499
0.0165401
0.0164884
0.0163902
0.0162416
0.0160401
0.0157847
0.0154762
0.0151159
0.0147053
0.0142467
0.0137432
0.0131998
0.0126239
0.012026
0.0114189
0.0108163
0.010229
0.00965583
0.00903093
0.00813412
0.0069232
0.00556335
0.00413333
0.00846123
0.00333194
0.00285258
0.0034251
0.00438741
0.00530283
0.00604557
0.00663929
0.00713269
0.00756349
0.00795619
0.00832532
0.00867869
0.0090204
0.00935278
0.00967681
0.0099917
0.0102947
0.0105819
0.010849
0.0110922
0.0113084
0.0114941
0.0116453
0.0117574
0.0118255
0.0118459
0.0118164
0.0117365
0.011607
0.0114291
0.0112044
0.0109349
0.0106243
0.0102786
0.00990761
0.00952629
0.00915532
0.00881997
0.00855145
0.00838411
0.0082504
0.00766115
0.00652604
0.00525232
0.00394835
-0.0015402
-0.00815456
-0.00753249
-0.00468854
-0.00288901
-0.00179221
-0.000999445
-0.000360609
0.000195734
0.000711822
0.00120912
0.00169681
0.00217837
0.00265502
0.00312706
0.00359382
0.00405327
0.00450217
0.00493669
0.0053532
0.00574847
0.0061194
0.00646244
0.00677335
0.00704735
0.00727993
0.00746766
0.00760866
0.0077025
0.00774955
0.00775051
0.0077064
0.00761899
0.00749175
0.00733097
0.0071477
0.00696044
0.00679717
0.00669753
0.00673967
0.00710096
0.00783041
0.00768945
0.00639912
0.00505832
0.00378482
-0.0135875
-0.0282399
-0.0219843
-0.0129283
-0.00995949
-0.00890343
-0.00816498
-0.00749921
-0.00686463
-0.00623824
-0.00561153
-0.00498389
-0.00435677
-0.00373161
-0.00310977
-0.00249297
-0.00188366
-0.00128482
-0.000699648
-0.00013113
0.000417854
0.000944226
0.00144439
0.0019142
0.00234928
0.00274566
0.00310031
0.00341137
0.00367793
0.00389963
0.0040763
0.00420813
0.00429604
0.0043424
0.00435212
0.00433489
0.0043094
0.00430842
0.00439079
0.00474527
0.00602148
0.00894477
0.00964881
0.00740114
0.00550194
0.00398638
-0.00230868
-0.0644475
-0.0389801
-0.0227949
-0.0191439
-0.0177547
-0.0167448
-0.0158533
-0.0150053
-0.0141711
-0.0133432
-0.0125212
-0.011706
-0.010898
-0.010098
-0.00930691
-0.00852596
-0.00775689
-0.00700173
-0.00626272
-0.00554238
-0.00484362
-0.0041697
-0.00352415
-0.00291051
-0.00233207
-0.0017916
-0.00129129
-0.000832786
-0.000417375
-4.60177e-05
0.00028075
0.000563037
0.000802051
0.00100108
0.00116806
0.00132227
0.00150854
0.00182689
0.00259003
0.00509093
0.0122925
0.0126481
0.00801478
0.00532849
0.0038857
122.555
-11.5061
-4.61429
-5.69501
-5.55115
-5.88721
-6.41508
-6.59322
222.625
-2.27482
-3.28077
-3.7065
-3.99769
-4.34452
-4.69043
-4.91292
319.461
2.79549
-3.28499
-3.69746
-4.24727
-4.74126
-5.12429
-5.34126
534.913
42.3109
-3.98547
-4.50084
-5.09483
-5.6367
-6.06091
-6.30955
660.429
343.657
3.15571
-6.02057
-6.48287
-6.9805
-7.3754
-7.59576
655.313
605.751
220.575
-7.06677
-8.11489
-8.56201
-8.86743
-9.02648
224.359
472.651
429.875
137.141
-8.2624
-9.63506
-10.1401
-10.2599
3.39436
63.2771
232.948
225.453
96.9922
-2.27162
-9.97062
-10.5545
2.56127
2.65057
7.2195
72.4388
94.4284
52.0795
12.5329
-8.36911
2.42012
2.45746
2.21241
1.48475
13.3791
17.9019
17.9523
13.8081
2.34459
2.36523
2.36584
2.28133
1.7824
0.828239
4.70839
4.89467
2.19101
2.19587
2.17805
2.11868
1.99662
1.76386
1.58239
1.24049
1.97777
1.96119
1.91562
1.83141
1.69892
1.5216
1.34246
1.08702
1.7482
1.7182
1.66422
1.5814
1.46543
1.31696
1.14336
0.942292
1.52866
1.49243
1.43728
1.36188
1.2648
1.14583
1.00636
0.847623
1.32651
1.28791
1.23421
1.16525
1.08068
0.980668
0.866148
0.739221
1.14565
1.10727
1.05698
0.995161
0.921808
0.837168
0.742095
0.638894
0.987651
0.951078
0.905103
0.850377
0.787018
0.715214
0.635681
0.550672
0.851532
0.817672
0.776213
0.727965
0.673106
0.61179
0.544625
0.473723
0.734707
0.703861
0.666772
0.624307
0.576669
0.523992
0.466777
0.406947
0.634344
0.606477
0.573438
0.536096
0.494646
0.449159
0.400021
0.348975
0.54802
0.522984
0.493623
0.460774
0.424582
0.385044
0.342469
0.298461
0.473658
0.451224
0.425137
0.396161
0.364387
0.329772
0.292587
0.254304
0.409472
0.389346
0.366091
0.340397
0.312327
0.281838
0.249161
0.215623
0.354029
0.335926
0.315088
0.292154
0.267196
0.240172
0.211276
0.181694
0.306039
0.28968
0.270909
0.250329
0.22801
0.203907
0.178184
0.151905
0.264345
0.249443
0.232433
0.213873
0.193816
0.172204
0.149179
0.125698
0.228047
0.214374
0.198871
0.182044
0.163921
0.14444
0.123724
0.102628
0.196453
0.183848
0.169644
0.154293
0.137816
0.120151
0.101404
0.0823431
0.169034
0.157352
0.144246
0.130134
0.11504
0.098912
0.0818439
0.0645265
0.145252
0.13434
0.122149
0.10908
0.095163
0.0803496
0.0647283
0.0489162
0.124549
0.114265
0.102851
0.09069
0.0778063
0.0641513
0.0497995
0.0353046
0.106527
0.0967876
0.0860681
0.0747201
0.0627564
0.050123
0.0368793
0.0235246
0.0909367
0.0817168
0.0716429
0.0610278
0.0498722
0.0381188
0.0258173
0.0134253
0.0775804
0.0688552
0.0593625
0.0493842
0.0389179
0.0279079
0.0163993
0.00481801
0.0661914
0.0579059
0.0489068
0.0394608
0.0295723
0.0191919
0.00836363
-0.00251356
0.0563878
0.0484683
0.0398839
0.0308941
0.0215102
0.0116899
0.00147635
-0.00875929
0.0478185
0.0401951
0.0319723
0.0233996
0.0144886
0.00519951
-0.00442893
-0.0140575
0.0402946
0.0329268
0.025039
0.0168646
0.0084091
-0.000368764
-0.00943847
-0.0184943
0.0337597
0.0266419
0.0190811
0.0112907
0.00326783
-0.00503274
-0.0135887
-0.0221243
0.0282059
0.0213471
0.0141068
0.00667849
-0.000947593
-0.00881999
-0.0169228
-0.0250033
0.0236006
0.0170064
0.0100713
0.00297266
-0.00430214
-0.0118022
-0.0195153
-0.0272051
0.0198454
0.0135125
0.00686232
5.96331e-05
-0.00690702
-0.0140848
-0.0214627
-0.0288162
0.0167968
0.0107133
0.00432777
-0.00220549
-0.00889578
-0.0157875
-0.0228697
-0.029927
0.0143131
0.00846295
0.00232387
-0.00395953
-0.010395
-0.0170246
-0.0238377
-0.0306267
0.0122756
0.00664339
0.000735091
-0.00531391
-0.0115108
-0.0178954
-0.0244579
-0.0309977
0.0105904
0.00516113
-0.000531341
-0.00636017
-0.0123322
-0.0184855
-0.0248107
-0.0311144
0.0091832
0.00394075
-0.00155213
-0.00717552
-0.0129357
-0.0188689
-0.0249661
-0.0310416
0.00799285
0.00291987
-0.00239029
-0.00782285
-0.0133832
-0.0191054
-0.0249808
-0.030832
0.00696858
0.00204858
-0.00309412
-0.00834846
-0.0137188
-0.0192368
-0.0248941
-0.0305218
0.00607419
0.00129389
-0.00369308
-0.00877849
-0.0139655
-0.0192836
-0.0247244
-0.0301283
0.00529042
0.000641837
-0.00419613
-0.0091177
-0.0141251
-0.0192456
-0.0244712
-0.0296518
0.00461214
9.37669e-05
-0.00459624
-0.00935479
-0.0141836
-0.0191082
-0.0241213
-0.0290823
0.00404277
-0.000340892
-0.00487927
-0.00947265
-0.0141227
-0.0188538
-0.0236597
-0.0284085
0.00358764
-0.000653207
-0.0050341
-0.00945948
-0.0139313
-0.018473
-0.0230792
-0.027626
0.00324756
-0.000842056
-0.00506017
-0.00931586
-0.0136113
-0.0179689
-0.0223842
-0.0267396
0.00301527
-0.000916925
-0.0049691
-0.00905503
-0.0131769
-0.017356
-0.0215884
-0.0257623
0.00287611
-0.000895491
-0.00478086
-0.00869828
-0.0126497
-0.0166554
-0.0207117
-0.024712
0.00281143
-0.000799168
-0.00451882
-0.00827006
-0.0120545
-0.0158913
-0.0197768
-0.0236095
0.00280142
-0.000650192
-0.00420699
-0.00779537
-0.0114165
-0.0150882
-0.0188069
-0.0224758
0.00282616
-0.000470462
-0.00386857
-0.00729792
-0.0107592
-0.0142686
-0.0178227
-0.0213292
0.00286672
-0.000279777
-0.00352343
-0.00679705
-0.0101007
-0.0134492
-0.0168389
-0.0201828
0.00290785
-9.25789e-05
-0.00318476
-0.00630445
-0.00945122
-0.0126387
-0.0158634
-0.0190438
0.0029409
8.43512e-05
-0.00285759
-0.00582373
-0.00881348
-0.0118395
-0.0148985
-0.0179148
0.00296394
0.000250683
-0.00254114
-0.00535358
-0.00818615
-0.0110507
-0.0139441
-0.0167967
0.00297866
0.00040879
-0.0022328
-0.00489159
-0.00756728
-0.0102709
-0.0129997
-0.0156896
0.00298728
0.000560982
-0.00193031
-0.00443568
-0.00695504
-0.00949867
-0.0120642
-0.0145928
0.00299176
0.000709488
-0.00163128
-0.00398339
-0.00634696
-0.00873169
-0.0111356
-0.0135051
0.00299477
0.000857295
-0.00133258
-0.00353162
-0.00574029
-0.00796778
-0.0102126
-0.0124261
0.00299941
0.00100739
-0.00103166
-0.00307853
-0.005134
-0.00720682
-0.00929586
-0.0113572
0.00300758
0.00116071
-0.000728673
-0.00262535
-0.00453033
-0.00645184
-0.00838899
-0.0103021
0.00301862
0.00131532
-0.00042671
-0.00217607
-0.00393387
-0.00570766
-0.0074967
-0.0092652
0.00303036
0.00146801
-0.000129693
-0.00173503
-0.00334904
-0.00497858
-0.006623
-0.00825027
0.00304123
0.00161668
0.000159885
-0.0013049
-0.00277861
-0.00426737
-0.00577066
-0.00726009
0.00305129
0.00176079
0.000440944
-0.00088725
-0.00222459
-0.00357647
-0.00494243
-0.00629763
0.00306086
0.0018996
0.000711744
-0.000484721
-0.00169039
-0.00290982
-0.00414255
-0.00536717
0.00306861
0.00203028
0.000968213
-0.000102333
-0.00118163
-0.00227331
-0.00337683
-0.00447416
0.00307121
0.00214794
0.00120438
0.000253339
-0.000705094
-0.00167359
-0.00265157
-0.00362435
0.00306468
0.00224699
0.00141377
0.000575512
-0.000267445
-0.00111699
-0.00197264
-0.00282313
0.00304322
0.00232142
0.00158978
0.000857457
0.000124813
-0.000609644
-0.00134582
-0.00207587
0.00298574
0.00235409
0.00171848
0.0010872
0.000461044
-0.000161108
-0.000779745
-0.00139017
0.00286542
0.00230844
0.00177134
0.00124421
0.000725826
0.00021628
-0.000284734
-0.000773855
0.00282541
0.00221996
0.00172879
0.00128533
0.000870508
0.000478898
0.000108883
-0.00023337
0.00334792
0.00293152
0.00245425
0.00200188
0.00158786
0.00120559
0.000845795
0.000495527
-4.86243
-4.08682
-3.86538
-3.68388
-3.51572
-3.34921
-3.18866
-3.03726
-2.89646
-2.76667
-2.64759
-2.5387
-2.43929
-2.34857
-2.26587
-2.19047
-2.12167
-2.05885
-2.00145
-1.949
-1.90105
-1.85722
-1.81718
-1.78065
-1.74744
-1.71733
-1.69016
-1.66572
-1.64388
-1.62449
-1.60744
-1.59264
-1.58
-1.56944
-1.56089
-1.55425
-1.54945
-1.54635
-4.86282
-4.56181
-4.21979
-3.92998
-3.67827
-3.45188
-3.24824
-3.06659
-2.90466
-2.76047
-2.63174
-2.51658
-2.41331
-2.32044
-2.23675
-2.16113
-2.09265
-2.03047
-1.97394
-1.92249
-1.87561
-1.83286
-1.79391
-1.75845
-1.72625
-1.69711
-1.67081
-1.64718
-1.62605
-1.60728
-1.59075
-1.57639
-1.5641
-1.5538
-1.54542
-1.53884
-1.53402
-1.53084
-5.40895
-5.08692
-4.62883
-4.20927
-3.85307
-3.55431
-3.30067
-3.08611
-2.90187
-2.74358
-2.60573
-2.4852
-2.37903
-2.28493
-2.20108
-2.12598
-2.05844
-1.99747
-1.94229
-1.89224
-1.84677
-1.80541
-1.76781
-1.73363
-1.70264
-1.67462
-1.64934
-1.62663
-1.6063
-1.58822
-1.5723
-1.55844
-1.54655
-1.53655
-1.52837
-1.52189
-1.51706
-1.51382
-6.36055
-5.81064
-5.11641
-4.50849
-4.02099
-3.64256
-3.33426
-3.08849
-2.88263
-2.71141
-2.56662
-2.44259
-2.33515
-2.24117
-2.15828
-2.08465
-2.01883
-1.95971
-1.90641
-1.85822
-1.81455
-1.7749
-1.73888
-1.70623
-1.67665
-1.64991
-1.62579
-1.60409
-1.58466
-1.56738
-1.55213
-1.53882
-1.52738
-1.51774
-1.50979
-1.50344
-1.49864
-1.49535
-7.55441
-6.6681
-5.62995
-4.78506
-4.14561
-3.70046
-3.33796
-3.06008
-2.83916
-2.65995
-2.51176
-2.3871
-2.28064
-2.18856
-2.10804
-2.03698
-1.97378
-1.91723
-1.86641
-1.82056
-1.77907
-1.74146
-1.70733
-1.67641
-1.64841
-1.6231
-1.60025
-1.57969
-1.56125
-1.54482
-1.53031
-1.51763
-1.50669
-1.49743
-1.48976
-1.48356
-1.47881
-1.4755
-8.83414
-7.49374
-6.04568
-4.97312
-4.20862
-3.67728
-3.28638
-2.99294
-2.7659
-2.5856
-2.4391
-2.31757
-2.2149
-2.12682
-2.05028
-1.98302
-1.9234
-1.87018
-1.82244
-1.77941
-1.7405
-1.70524
-1.67326
-1.64428
-1.61804
-1.5943
-1.57284
-1.55351
-1.53615
-1.52066
-1.50695
-1.49494
-1.48455
-1.47572
-1.46834
-1.46233
-1.45765
-1.45435
-9.88354
-8.03641
-6.23614
-4.9625
-4.13098
-3.56793
-3.17021
-2.87942
-2.65889
-2.48635
-2.34771
-2.23367
-2.13791
-2.05611
-1.98522
-1.92303
-1.86796
-1.81883
-1.77475
-1.735
-1.69904
-1.66643
-1.63684
-1.61
-1.58567
-1.56363
-1.54368
-1.52567
-1.50946
-1.49498
-1.48214
-1.47085
-1.46106
-1.45268
-1.44564
-1.43983
-1.43526
-1.43199
-10.3609
-8.15144
-6.05299
-4.69973
-3.8852
-3.35152
-2.98227
-2.7168
-2.51755
-2.36248
-2.23823
-2.13612
-2.05038
-1.97708
-1.91345
-1.85753
-1.80791
-1.76356
-1.72367
-1.68764
-1.65496
-1.62527
-1.59828
-1.57376
-1.55148
-1.53125
-1.5129
-1.49629
-1.48132
-1.46791
-1.45598
-1.44547
-1.4363
-1.42841
-1.42173
-1.41617
-1.41172
-1.4085
-10.0275
-7.52854
-5.38572
-4.14246
-3.46133
-3.02736
-2.72657
-2.5096
-2.34575
-2.21709
-2.11305
-2.0268
-1.95378
-1.89089
-1.8359
-1.78727
-1.74387
-1.70488
-1.66965
-1.63768
-1.60856
-1.58202
-1.55781
-1.53575
-1.51564
-1.49732
-1.48066
-1.46553
-1.45186
-1.43957
-1.42861
-1.4189
-1.41039
-1.40302
-1.39673
-1.39142
-1.38713
-1.38397
-6.72233
-5.53152
-4.13969
-3.31932
-2.89638
-2.62218
-2.42153
-2.27029
-2.15187
-2.05591
-1.97617
-1.90856
-1.85022
-1.79911
-1.75379
-1.71321
-1.67661
-1.64342
-1.61319
-1.58554
-1.56021
-1.53698
-1.51569
-1.4962
-1.47836
-1.46204
-1.44712
-1.43354
-1.42121
-1.41009
-1.40013
-1.39126
-1.38344
-1.37661
-1.37073
-1.36571
-1.36158
-1.35852
-0.0386803
-2.63526
-2.59328
-2.40361
-2.28805
-2.18938
-2.09746
-2.017
-1.94726
-1.8863
-1.83259
-1.7849
-1.74218
-1.7036
-1.6685
-1.63643
-1.60697
-1.57986
-1.55484
-1.5317
-1.51028
-1.49049
-1.47222
-1.45538
-1.43987
-1.4256
-1.41248
-1.40047
-1.38953
-1.37961
-1.37067
-1.36266
-1.35555
-1.34929
-1.34383
-1.33912
-1.33519
-1.33222
0.546352
-0.89458
-1.47069
-1.66355
-1.75441
-1.78744
-1.78581
-1.76815
-1.74347
-1.71585
-1.68747
-1.65945
-1.63231
-1.6063
-1.58153
-1.55803
-1.53585
-1.51492
-1.4952
-1.47663
-1.4592
-1.44289
-1.42769
-1.41354
-1.4004
-1.3882
-1.37692
-1.36652
-1.35698
-1.34827
-1.34037
-1.33324
-1.32684
-1.32116
-1.31615
-1.31176
-1.30804
-1.30518
0.550691
-0.292351
-0.838969
-1.14848
-1.33459
-1.44535
-1.50633
-1.5371
-1.54965
-1.55097
-1.54537
-1.53551
-1.52306
-1.50908
-1.49432
-1.47924
-1.46418
-1.44934
-1.43485
-1.42083
-1.40737
-1.39456
-1.38242
-1.37096
-1.36019
-1.35007
-1.34062
-1.33183
-1.3237
-1.31621
-1.30935
-1.3031
-1.29744
-1.29234
-1.28779
-1.28373
-1.28023
-1.2775
0.559261
-0.0139496
-0.471874
-0.794075
-1.01637
-1.16701
-1.26644
-1.33083
-1.37156
-1.39619
-1.40981
-1.41582
-1.41655
-1.41362
-1.40819
-1.40105
-1.39278
-1.38379
-1.37438
-1.36479
-1.35523
-1.34583
-1.33671
-1.32791
-1.31947
-1.31141
-1.30378
-1.29658
-1.28984
-1.28357
-1.27775
-1.27238
-1.26744
-1.26294
-1.25886
-1.25514
-1.25187
-1.24927
0.554026
0.121096
-0.257528
-0.555576
-0.780585
-0.94634
-1.0661
-1.1516
-1.21204
-1.25425
-1.28318
-1.30238
-1.31445
-1.32128
-1.32425
-1.32439
-1.32243
-1.31893
-1.31433
-1.30898
-1.30316
-1.29707
-1.29087
-1.28464
-1.27848
-1.27243
-1.26657
-1.26094
-1.25557
-1.25048
-1.24569
-1.24118
-1.23698
-1.23307
-1.22945
-1.22609
-1.22305
-1.22059
0.511382
0.176969
-0.132812
-0.395581
-0.607665
-0.773907
-0.901701
-0.998723
-1.07177
-1.12637
-1.16684
-1.19652
-1.21796
-1.2331
-1.24343
-1.25004
-1.25378
-1.25533
-1.2552
-1.25382
-1.25153
-1.24858
-1.24516
-1.2414
-1.23742
-1.23332
-1.22917
-1.22506
-1.22102
-1.21709
-1.21329
-1.20964
-1.20615
-1.20283
-1.19968
-1.19666
-1.19387
-1.19154
0.457758
0.193681
-0.0607781
-0.288221
-0.481303
-0.640159
-0.768185
-0.869934
-0.950041
-1.01267
-1.06134
-1.09895
-1.12783
-1.14983
-1.16637
-1.1786
-1.18738
-1.19346
-1.1974
-1.19969
-1.20068
-1.20066
-1.19985
-1.19842
-1.19651
-1.19425
-1.19175
-1.18908
-1.18632
-1.18351
-1.18068
-1.17785
-1.17506
-1.17232
-1.16963
-1.16696
-1.16441
-1.16223
0.403912
0.190737
-0.0203483
-0.216179
-0.388987
-0.536742
-0.660384
-0.762275
-0.845342
-0.912545
-0.966608
-1.00991
-1.04446
-1.07189
-1.09355
-1.1105
-1.12365
-1.13371
-1.1413
-1.14689
-1.15088
-1.15355
-1.15516
-1.15589
-1.15592
-1.1554
-1.15445
-1.15316
-1.15162
-1.14987
-1.14796
-1.14593
-1.14382
-1.14164
-1.1394
-1.13708
-1.13478
-1.13274
0.352918
0.177711
0.000751914
-0.167992
-0.321457
-0.456791
-0.573548
-0.672655
-0.755797
-0.824964
-0.882165
-0.929264
-0.967905
-0.999493
-1.02521
-1.04606
-1.06288
-1.07639
-1.08717
-1.0957
-1.10236
-1.10746
-1.11127
-1.11399
-1.11582
-1.11691
-1.11741
-1.11741
-1.11701
-1.11628
-1.11525
-1.11399
-1.11252
-1.11088
-1.10908
-1.10711
-1.10504
-1.10314
0.30603
0.159792
0.0098912
-0.136055
-0.271976
-0.394867
-0.503581
-0.598166
-0.679454
-0.748692
-0.807288
-0.856637
-0.898035
-0.93264
-0.961473
-0.985429
-1.00528
-1.02169
-1.0352
-1.04628
-1.0553
-1.06256
-1.06834
-1.07286
-1.07633
-1.07891
-1.08075
-1.08196
-1.08263
-1.08284
-1.08265
-1.08211
-1.08126
-1.08014
-1.07876
-1.07712
-1.07529
-1.07354
0.263539
0.139834
0.0116007
-0.11526
-0.235653
-0.34674
-0.447084
-0.536235
-0.614453
-0.682442
-0.741124
-0.791496
-0.834543
-0.871195
-0.90231
-0.928662
-0.950936
-0.969725
-0.985533
-0.998782
-1.00983
-1.01898
-1.02651
-1.03264
-1.03759
-1.04153
-1.04459
-1.04691
-1.04857
-1.04966
-1.05024
-1.05038
-1.05012
-1.04949
-1.04852
-1.04719
-1.04559
-1.04399
0.22528
0.119427
0.00874759
-0.102119
-0.208938
-0.309168
-0.401313
-0.48466
-0.559107
-0.624961
-0.682775
-0.733222
-0.777029
-0.814923
-0.847603
-0.87572
-0.899862
-0.920547
-0.938221
-0.953272
-0.966037
-0.976813
-0.985865
-0.993425
-0.999694
-1.00484
-1.00902
-1.01234
-1.01491
-1.01681
-1.01811
-1.01889
-1.01918
-1.01902
-1.01843
-1.01741
-1.01603
-1.01457
0.190985
0.0994977
0.00319582
-0.094224
-0.189256
-0.279686
-0.364077
-0.441597
-0.511919
-0.575078
-0.631351
-0.681166
-0.725038
-0.763516
-0.797156
-0.826486
-0.851997
-0.874129
-0.893276
-0.909786
-0.923974
-0.936123
-0.946486
-0.955287
-0.962718
-0.968947
-0.974115
-0.978343
-0.981734
-0.984377
-0.986347
-0.987707
-0.988507
-0.988786
-0.988561
-0.987824
-0.986664
-0.985338
0.160361
0.0805811
-0.00383615
-0.0899131
-0.174745
-0.25643
-0.333641
-0.405514
-0.471591
-0.531729
-0.586013
-0.634684
-0.678088
-0.716626
-0.750719
-0.780786
-0.807224
-0.830404
-0.850666
-0.868323
-0.883664
-0.896952
-0.908422
-0.918286
-0.926726
-0.9339
-0.939946
-0.944982
-0.949114
-0.952429
-0.955005
-0.956904
-0.958176
-0.958858
-0.958971
-0.958507
-0.957553
-0.956362
0.133082
0.0629476
-0.0115669
-0.0880384
-0.164051
-0.237979
-0.308624
-0.375139
-0.437005
-0.49397
-0.545985
-0.593158
-0.635697
-0.673877
-0.708007
-0.738406
-0.765391
-0.789269
-0.810332
-0.828857
-0.845106
-0.859315
-0.871704
-0.882463
-0.891764
-0.899754
-0.906566
-0.912316
-0.917106
-0.921026
-0.924149
-0.926537
-0.92824
-0.929294
-0.929719
-0.92951
-0.928753
-0.927693
0.108818
0.0467052
-0.0194981
-0.0877975
-0.156172
-0.223236
-0.287919
-0.349424
-0.407213
-0.460973
-0.51057
-0.556007
-0.59739
-0.634889
-0.668718
-0.699113
-0.726323
-0.7506
-0.772192
-0.791342
-0.808278
-0.823214
-0.836343
-0.847841
-0.857863
-0.866547
-0.874019
-0.88039
-0.885761
-0.890217
-0.893829
-0.896658
-0.89875
-0.900142
-0.900854
-0.900883
-0.900312
-0.899379
0.0872564
0.031872
-0.0273049
-0.0886135
-0.150355
-0.211345
-0.27064
-0.327505
-0.381414
-0.432022
-0.479139
-0.522695
-0.562714
-0.599285
-0.632545
-0.662665
-0.689836
-0.714263
-0.736154
-0.755715
-0.773145
-0.788629
-0.802339
-0.81443
-0.825042
-0.834305
-0.842337
-0.849243
-0.855118
-0.860044
-0.864089
-0.86731
-0.869751
-0.871448
-0.872422
-0.872671
-0.872274
-0.871464
0.0681244
0.0184276
-0.0347664
-0.0900617
-0.146022
-0.201636
-0.256078
-0.308678
-0.358936
-0.406497
-0.451135
-0.49273
-0.531243
-0.566703
-0.599192
-0.628824
-0.655746
-0.680119
-0.702115
-0.721906
-0.739659
-0.755533
-0.769676
-0.782226
-0.79331
-0.803046
-0.811543
-0.818901
-0.825209
-0.830542
-0.834964
-0.83853
-0.84128
-0.84325
-0.84446
-0.844911
-0.844678
-0.843986
0.0511885
0.00633512
-0.0417308
-0.0918275
-0.142735
-0.193588
-0.243666
-0.292365
-0.339214
-0.383863
-0.426065
-0.465664
-0.502585
-0.536811
-0.568379
-0.597365
-0.623873
-0.648029
-0.66997
-0.689835
-0.707762
-0.723885
-0.738331
-0.75122
-0.762666
-0.772776
-0.781652
-0.789385
-0.796056
-0.801736
-0.806483
-0.810347
-0.813368
-0.815579
-0.817001
-0.817635
-0.817555
-0.816976
0.0362428
-0.00445551
-0.0480999
-0.0936823
-0.140161
-0.186795
-0.232951
-0.27809
-0.321772
-0.363656
-0.403491
-0.441104
-0.476391
-0.509306
-0.539855
-0.568078
-0.594049
-0.617858
-0.639612
-0.659419
-0.677391
-0.693639
-0.70827
-0.721389
-0.733099
-0.743495
-0.752669
-0.760705
-0.767676
-0.773646
-0.778667
-0.782786
-0.78604
-0.788461
-0.79007
-0.790871
-0.790933
-0.790462
0.0231136
-0.0140006
-0.0538152
-0.0954634
-0.13805
-0.180937
-0.223568
-0.265457
-0.306202
-0.345479
-0.38304
-0.418704
-0.452354
-0.483923
-0.513392
-0.540774
-0.566114
-0.589475
-0.610932
-0.63057
-0.648476
-0.66474
-0.679454
-0.692709
-0.704594
-0.715197
-0.724597
-0.73287
-0.740081
-0.746285
-0.751533
-0.755864
-0.759315
-0.761916
-0.76369
-0.764641
-0.764835
-0.764466
0.0116544
-0.0223599
-0.0588468
-0.0970553
-0.136211
-0.175761
-0.215216
-0.25414
-0.292169
-0.329
-0.364395
-0.398175
-0.430214
-0.460432
-0.48879
-0.51528
-0.539921
-0.562752
-0.583825
-0.603199
-0.620944
-0.637132
-0.651841
-0.665148
-0.677133
-0.68787
-0.697431
-0.70588
-0.713274
-0.719663
-0.72509
-0.729593
-0.733206
-0.735961
-0.737878
-0.738964
-0.73928
-0.739009
0.00173265
-0.0296002
-0.0631866
-0.0983769
-0.134497
-0.171065
-0.207652
-0.243872
-0.279395
-0.313944
-0.347295
-0.379272
-0.409748
-0.438631
-0.465869
-0.491436
-0.515329
-0.537568
-0.558182
-0.577216
-0.594721
-0.610756
-0.625385
-0.638675
-0.650692
-0.6615
-0.671162
-0.67973
-0.687255
-0.69378
-0.699344
-0.703982
-0.707726
-0.710608
-0.712649
-0.713855
-0.714283
-0.714104
-0.00678756
-0.0357941
-0.0668433
-0.0993735
-0.132795
-0.166691
-0.200687
-0.234443
-0.267663
-0.300094
-0.331528
-0.361795
-0.390766
-0.418345
-0.444468
-0.469093
-0.492204
-0.513802
-0.533903
-0.552535
-0.569736
-0.585554
-0.600042
-0.613253
-0.625244
-0.636067
-0.645774
-0.654411
-0.662018
-0.668635
-0.674295
-0.679034
-0.682881
-0.685867
-0.688013
-0.689325
-0.689855
-0.689762
-0.0140505
-0.0410259
-0.0698408
-0.100013
-0.131028
-0.162527
-0.194182
-0.225696
-0.256804
-0.287276
-0.316918
-0.34557
-0.373102
-0.399415
-0.424436
-0.448114
-0.47042
-0.491344
-0.510888
-0.529071
-0.54592
-0.56147
-0.575764
-0.588846
-0.600759
-0.611546
-0.621249
-0.629906
-0.637552
-0.644219
-0.649941
-0.65475
-0.658674
-0.661743
-0.663976
-0.665381
-0.666004
-0.665992
-0.0202049
-0.0453841
-0.072215
-0.100285
-0.129147
-0.158491
-0.188033
-0.217509
-0.246684
-0.275347
-0.30332
-0.33045
-0.35661
-0.381698
-0.405638
-0.428371
-0.449861
-0.470088
-0.489048
-0.506747
-0.523206
-0.538449
-0.552507
-0.565414
-0.577203
-0.587909
-0.597563
-0.606197
-0.613841
-0.620524
-0.626276
-0.631127
-0.635105
-0.638238
-0.640542
-0.642027
-0.642733
-0.642798
-0.025382
-0.0489527
-0.0740094
-0.100198
-0.12713
-0.154536
-0.182169
-0.209793
-0.237196
-0.26419
-0.290607
-0.316303
-0.341156
-0.365064
-0.387949
-0.409748
-0.430421
-0.449942
-0.468299
-0.485493
-0.501533
-0.516436
-0.530222
-0.542915
-0.554541
-0.565124
-0.574689
-0.583262
-0.590869
-0.597536
-0.60329
-0.60816
-0.612172
-0.615349
-0.617711
-0.619264
-0.620045
-0.620181
-0.0296877
-0.0518068
-0.0752712
-0.0997729
-0.124971
-0.15063
-0.176533
-0.20247
-0.228251
-0.253702
-0.278668
-0.303014
-0.326623
-0.349398
-0.371259
-0.392144
-0.412008
-0.430822
-0.448569
-0.465242
-0.480843
-0.495379
-0.508862
-0.521309
-0.532735
-0.543158
-0.552599
-0.561078
-0.568617
-0.575241
-0.580974
-0.585841
-0.589867
-0.593074
-0.59548
-0.59709
-0.597939
-0.598141
-0.0332054
-0.0540138
-0.0760473
-0.0990338
-0.12267
-0.146751
-0.171083
-0.19548
-0.219769
-0.243791
-0.267403
-0.29048
-0.312909
-0.334599
-0.355473
-0.375469
-0.394541
-0.412655
-0.42979
-0.445933
-0.461078
-0.475225
-0.48838
-0.50055
-0.511745
-0.521979
-0.531265
-0.539621
-0.547067
-0.553624
-0.559314
-0.56416
-0.568184
-0.571407
-0.573844
-0.575502
-0.576412
-0.576675
-0.0360048
-0.0556349
-0.0763827
-0.0980055
-0.120233
-0.142883
-0.165784
-0.18877
-0.211684
-0.23438
-0.256729
-0.278612
-0.299926
-0.320584
-0.340511
-0.359648
-0.377947
-0.395372
-0.411898
-0.427506
-0.442183
-0.455925
-0.468729
-0.480597
-0.491535
-0.501551
-0.510657
-0.518867
-0.526198
-0.532667
-0.538296
-0.543104
-0.547113
-0.550339
-0.552798
-0.554495
-0.555458
-0.555777
-0.038152
-0.0567271
-0.0763189
-0.0967119
-0.117663
-0.139013
-0.160607
-0.182296
-0.20394
-0.225406
-0.246575
-0.267338
-0.287601
-0.307279
-0.326303
-0.344614
-0.362163
-0.378913
-0.394835
-0.409904
-0.424105
-0.437426
-0.449861
-0.461407
-0.472066
-0.481844
-0.490748
-0.498792
-0.505988
-0.512354
-0.517906
-0.522663
-0.526643
-0.529862
-0.532333
-0.53406
-0.53507
-0.535441
-0.0397158
-0.0573462
-0.0758963
-0.0951768
-0.11497
-0.135132
-0.155528
-0.176024
-0.196493
-0.216817
-0.236886
-0.256601
-0.275873
-0.294625
-0.312789
-0.330307
-0.34713
-0.36322
-0.378543
-0.393073
-0.40679
-0.419679
-0.43173
-0.442938
-0.453301
-0.462823
-0.471509
-0.47937
-0.486418
-0.492665
-0.498128
-0.502823
-0.506764
-0.509966
-0.51244
-0.514189
-0.515238
-0.515656
-0.040768
-0.0575485
-0.0751561
-0.0934258
-0.112162
-0.131238
-0.150534
-0.16993
-0.189313
-0.208576
-0.22762
-0.246353
-0.264695
-0.28257
-0.299914
-0.316671
-0.332791
-0.348235
-0.362967
-0.376959
-0.390188
-0.402637
-0.414293
-0.42515
-0.435204
-0.444457
-0.452913
-0.460579
-0.467466
-0.473584
-0.478947
-0.483569
-0.487462
-0.490639
-0.493107
-0.49487
-0.495952
-0.496412
-0.0413816
-0.0573916
-0.0741412
-0.0914878
-0.109256
-0.127335
-0.145618
-0.163999
-0.182377
-0.200655
-0.218744
-0.236558
-0.254023
-0.271067
-0.287629
-0.303654
-0.319093
-0.333905
-0.348054
-0.36151
-0.374249
-0.386252
-0.397507
-0.408005
-0.417741
-0.426716
-0.434932
-0.442394
-0.449111
-0.455092
-0.460347
-0.464887
-0.468724
-0.471867
-0.474322
-0.476092
-0.477201
-0.477698
-0.0416295
-0.0569337
-0.072896
-0.0893944
-0.106273
-0.123433
-0.140782
-0.158225
-0.175671
-0.193034
-0.21023
-0.227182
-0.243819
-0.260074
-0.275888
-0.291208
-0.305985
-0.320178
-0.333752
-0.346676
-0.358926
-0.370483
-0.381333
-0.391468
-0.400882
-0.409573
-0.417543
-0.424794
-0.431335
-0.43717
-0.44231
-0.446762
-0.450534
-0.453635
-0.45607
-0.457842
-0.458973
-0.459502
-0.0415816
-0.0562316
-0.0714655
-0.0871799
-0.103236
-0.119547
-0.136032
-0.152605
-0.169185
-0.185693
-0.202053
-0.218192
-0.234045
-0.249548
-0.264645
-0.279283
-0.293417
-0.307005
-0.320014
-0.332412
-0.344177
-0.35529
-0.365737
-0.375508
-0.384597
-0.393002
-0.400721
-0.407759
-0.414117
-0.419802
-0.42482
-0.429176
-0.432877
-0.435929
-0.438337
-0.440105
-0.441255
-0.441811
-0.0413024
-0.0553387
-0.0698931
-0.0848783
-0.10017
-0.115693
-0.131374
-0.147137
-0.162908
-0.178614
-0.194186
-0.209557
-0.224664
-0.239448
-0.253854
-0.267834
-0.281342
-0.29434
-0.306795
-0.318677
-0.329964
-0.340637
-0.350684
-0.360094
-0.36886
-0.376977
-0.384446
-0.391266
-0.397439
-0.402968
-0.407858
-0.412112
-0.415735
-0.418733
-0.421109
-0.422867
-0.424033
-0.424616
-0.0408481
-0.0543024
-0.0682176
-0.0825197
-0.0970973
-0.111883
-0.126812
-0.141816
-0.156826
-0.171777
-0.186604
-0.201244
-0.215639
-0.229733
-0.243475
-0.256817
-0.269719
-0.282142
-0.294056
-0.305433
-0.316252
-0.326495
-0.336148
-0.3452
-0.353645
-0.361478
-0.368695
-0.375296
-0.38128
-0.38665
-0.391406
-0.395553
-0.399093
-0.402031
-0.404371
-0.406119
-0.407292
-0.407896
-0.0402641
-0.0531606
-0.0664695
-0.0801268
-0.0940317
-0.108124
-0.122345
-0.136633
-0.150925
-0.16516
-0.179278
-0.193221
-0.206934
-0.220366
-0.233467
-0.246195
-0.258509
-0.270375
-0.281764
-0.29265
-0.303013
-0.312834
-0.322101
-0.330803
-0.338931
-0.346481
-0.353447
-0.359828
-0.365621
-0.370827
-0.375447
-0.379481
-0.382934
-0.385808
-0.388109
-0.38984
-0.391017
-0.391641
-0.0395816
-0.0519391
-0.0646683
-0.0777125
-0.0909794
-0.104415
-0.117965
-0.131574
-0.145184
-0.158738
-0.17218
-0.185457
-0.198517
-0.211312
-0.223797
-0.235932
-0.24768
-0.259008
-0.26989
-0.2803
-0.290218
-0.29963
-0.30852
-0.316878
-0.324695
-0.331965
-0.338682
-0.344842
-0.350442
-0.355482
-0.359961
-0.363881
-0.367242
-0.370049
-0.372306
-0.374017
-0.375194
-0.375836
-0.0388166
-0.0506505
-0.0628225
-0.0752806
-0.0879396
-0.10075
-0.113663
-0.126626
-0.139586
-0.15249
-0.165287
-0.177926
-0.19036
-0.202544
-0.214438
-0.226003
-0.237206
-0.248016
-0.258407
-0.268356
-0.277845
-0.286858
-0.295381
-0.303403
-0.310915
-0.317908
-0.324377
-0.330316
-0.335723
-0.340596
-0.344932
-0.348734
-0.352002
-0.354738
-0.356947
-0.358634
-0.359807
-0.360465
-0.0379718
-0.049297
-0.0609322
-0.0728289
-0.0849072
-0.0971217
-0.109427
-0.121774
-0.134114
-0.146397
-0.158576
-0.170605
-0.182439
-0.194039
-0.205366
-0.216385
-0.227063
-0.237374
-0.247293
-0.256798
-0.265872
-0.274498
-0.282664
-0.290357
-0.297568
-0.304289
-0.310512
-0.316232
-0.321446
-0.326149
-0.330342
-0.334024
-0.337195
-0.339858
-0.342016
-0.343675
-0.344842
-0.345513
-0.0370421
-0.0478754
-0.0589943
-0.070353
-0.081876
-0.0935211
-0.105246
-0.117005
-0.128752
-0.140442
-0.152031
-0.163477
-0.174739
-0.18578
-0.196564
-0.207058
-0.217234
-0.227065
-0.236529
-0.245605
-0.254277
-0.262528
-0.270346
-0.277719
-0.284635
-0.291087
-0.297068
-0.30257
-0.30759
-0.312126
-0.316174
-0.319734
-0.322806
-0.325393
-0.327497
-0.329126
-0.330282
-0.330963
-0.0360221
-0.0463823
-0.0570059
-0.0678494
-0.0788415
-0.0899424
-0.101113
-0.11231
-0.123491
-0.134615
-0.145641
-0.15653
-0.167245
-0.177751
-0.188015
-0.198007
-0.207701
-0.217071
-0.226097
-0.23476
-0.243043
-0.250931
-0.25841
-0.265468
-0.272096
-0.278283
-0.284024
-0.28931
-0.294139
-0.298506
-0.302409
-0.305846
-0.308818
-0.311326
-0.313374
-0.31497
-0.316114
-0.316803
-0.0349106
-0.0448182
-0.0549675
-0.0653179
-0.0758021
-0.0863829
-0.0970231
-0.107684
-0.118325
-0.128908
-0.139396
-0.149753
-0.159945
-0.169939
-0.179706
-0.189217
-0.198448
-0.207377
-0.215982
-0.224246
-0.232152
-0.239686
-0.246835
-0.253586
-0.25993
-0.265858
-0.271362
-0.276435
-0.281074
-0.285273
-0.28903
-0.292344
-0.295214
-0.297643
-0.299633
-0.301193
-0.302323
-0.303017
-0.0337133
-0.0431884
-0.0528837
-0.0627621
-0.0727602
-0.0828434
-0.092977
-0.103124
-0.113249
-0.123316
-0.13329
-0.143139
-0.15283
-0.162335
-0.171626
-0.180677
-0.189464
-0.197967
-0.206166
-0.214045
-0.221586
-0.228777
-0.235603
-0.242055
-0.248121
-0.253793
-0.259064
-0.263927
-0.268377
-0.272409
-0.276021
-0.279211
-0.281979
-0.284326
-0.286257
-0.287781
-0.288894
-0.28959
-0.0324415
-0.0415027
-0.0507629
-0.0601887
-0.0697211
-0.0793275
-0.0889759
-0.0986323
-0.108263
-0.117835
-0.127317
-0.136679
-0.145892
-0.154929
-0.163764
-0.172373
-0.180734
-0.188828
-0.196636
-0.204141
-0.211329
-0.218185
-0.224698
-0.230856
-0.23665
-0.242071
-0.247113
-0.251768
-0.256031
-0.259897
-0.263364
-0.266431
-0.269096
-0.271363
-0.273233
-0.274718
-0.275813
-0.276509
-0.0311104
-0.0397741
-0.048616
-0.0576069
-0.0666918
-0.0758405
-0.085023
-0.0942082
-0.103365
-0.112463
-0.121474
-0.13037
-0.139125
-0.147713
-0.15611
-0.164295
-0.172247
-0.179946
-0.187375
-0.194519
-0.201363
-0.207894
-0.214101
-0.219972
-0.2255
-0.230676
-0.235491
-0.239941
-0.244019
-0.247721
-0.251045
-0.253988
-0.256552
-0.258737
-0.260547
-0.261991
-0.263065
-0.263759
-0.0297375
-0.0380171
-0.0464554
-0.0550267
-0.0636801
-0.0723876
-0.0811219
-0.0898539
-0.0985553
-0.107199
-0.115758
-0.124207
-0.132521
-0.140678
-0.148655
-0.156431
-0.163987
-0.171305
-0.178368
-0.185162
-0.191672
-0.197887
-0.203795
-0.209388
-0.214655
-0.219589
-0.224183
-0.22843
-0.232326
-0.235865
-0.239047
-0.241869
-0.244331
-0.246434
-0.248182
-0.249585
-0.250636
-0.251325
-0.0283398
-0.0362458
-0.0442925
-0.0524571
-0.0606929
-0.0689742
-0.0772758
-0.0855713
-0.0938348
-0.102041
-0.110165
-0.118184
-0.126076
-0.133817
-0.141389
-0.14877
-0.155943
-0.162892
-0.1696
-0.176054
-0.18224
-0.188148
-0.193766
-0.199086
-0.204098
-0.208796
-0.213171
-0.217219
-0.220935
-0.224315
-0.227357
-0.230058
-0.232419
-0.23444
-0.236125
-0.237485
-0.23851
-0.239193
-0.0269322
-0.0344722
-0.0421366
-0.0499055
-0.0577359
-0.0656043
-0.0734879
-0.0813622
-0.0892035
-0.0969884
-0.104694
-0.112299
-0.119781
-0.127122
-0.1343
-0.1413
-0.148102
-0.154693
-0.161057
-0.167181
-0.173053
-0.178662
-0.183997
-0.189051
-0.193814
-0.198279
-0.202441
-0.206294
-0.209834
-0.213056
-0.215959
-0.218541
-0.220801
-0.22274
-0.224362
-0.225677
-0.226675
-0.227349
-0.0255254
-0.0327046
-0.0399946
-0.0473774
-0.0548134
-0.0622813
-0.0697601
-0.0772273
-0.0846607
-0.0920385
-0.0993395
-0.106543
-0.11363
-0.120582
-0.127381
-0.134009
-0.140453
-0.146697
-0.152727
-0.158531
-0.164097
-0.169415
-0.174474
-0.179267
-0.183787
-0.188026
-0.191978
-0.19564
-0.199006
-0.202074
-0.20484
-0.207303
-0.209463
-0.211319
-0.212877
-0.214146
-0.215116
-0.215779
-0.0241256
-0.0309487
-0.0378712
-0.0448767
-0.0519285
-0.0590072
-0.0660932
-0.0731657
-0.0802038
-0.0871871
-0.0940959
-0.100911
-0.107615
-0.11419
-0.12062
-0.12689
-0.132985
-0.138892
-0.144598
-0.150091
-0.155359
-0.160392
-0.165183
-0.169722
-0.174003
-0.178021
-0.181769
-0.185243
-0.18844
-0.191355
-0.193986
-0.196331
-0.198391
-0.200165
-0.201658
-0.20288
-0.20382
-0.20447
-0.0227363
-0.0292078
-0.0357695
-0.0424059
-0.0490829
-0.0557825
-0.0624864
-0.0691751
-0.0758291
-0.0824293
-0.0889573
-0.0953953
-0.101727
-0.107937
-0.114009
-0.119931
-0.125689
-0.131269
-0.136659
-0.141848
-0.146826
-0.151582
-0.15611
-0.160402
-0.164451
-0.168252
-0.1718
-0.175091
-0.17812
-0.180885
-0.183382
-0.185611
-0.187571
-0.189263
-0.190691
-0.191865
-0.192774
-0.193411
-0.0213591
-0.027484
-0.0336913
-0.0399663
-0.0462769
-0.0526065
-0.0589378
-0.0652527
-0.0715329
-0.0777604
-0.0839182
-0.0899901
-0.0959609
-0.101816
-0.107542
-0.113126
-0.118555
-0.123816
-0.128899
-0.133792
-0.138486
-0.142973
-0.147245
-0.151294
-0.155117
-0.158706
-0.162058
-0.165169
-0.168034
-0.17065
-0.173016
-0.17513
-0.176991
-0.178601
-0.179964
-0.181089
-0.181966
-0.182586
-0.019995
-0.0257784
-0.0316376
-0.0375581
-0.0435102
-0.0494781
-0.0554458
-0.061396
-0.0673119
-0.0731768
-0.0789748
-0.084691
-0.0903114
-0.0958225
-0.101212
-0.106466
-0.111575
-0.116526
-0.121308
-0.125913
-0.13033
-0.134553
-0.138575
-0.142389
-0.145989
-0.149372
-0.152532
-0.155465
-0.158168
-0.160639
-0.162874
-0.164874
-0.166637
-0.168165
-0.169463
-0.170539
-0.171382
-0.171985
-0.018644
-0.0240913
-0.0296086
-0.0351818
-0.0407829
-0.0463971
-0.0520095
-0.057604
-0.0631648
-0.0686765
-0.0741243
-0.0794944
-0.0847737
-0.0899497
-0.0950104
-0.0999441
-0.10474
-0.109387
-0.113877
-0.118199
-0.122347
-0.126313
-0.13009
-0.133673
-0.137057
-0.140237
-0.143208
-0.145967
-0.148511
-0.150837
-0.152944
-0.154831
-0.156497
-0.157944
-0.159175
-0.160201
-0.161009
-0.161593
-0.0173061
-0.0224233
-0.0276051
-0.032838
-0.0380957
-0.0433643
-0.0486296
-0.0538769
-0.0590913
-0.0642584
-0.0693647
-0.0743972
-0.0793436
-0.0841922
-0.0889318
-0.0935517
-0.0980418
-0.102393
-0.106596
-0.110643
-0.114527
-0.118242
-0.12178
-0.125138
-0.128309
-0.131289
-0.134074
-0.136662
-0.139049
-0.141233
-0.143213
-0.144988
-0.146558
-0.147923
-0.149088
-0.150063
-0.150835
-0.151397
-0.015982
-0.0207756
-0.025629
-0.0305289
-0.0354507
-0.0403814
-0.0453076
-0.0502155
-0.0550912
-0.0599216
-0.0646938
-0.069396
-0.0740164
-0.0785444
-0.0829696
-0.0872822
-0.0914732
-0.0955342
-0.0994574
-0.103236
-0.106862
-0.11033
-0.113635
-0.116771
-0.119733
-0.122517
-0.12512
-0.127539
-0.129771
-0.131815
-0.13367
-0.135333
-0.136807
-0.13809
-0.139188
-0.140111
-0.140845
-0.141385
-0.0146739
-0.0191509
-0.0236829
-0.0282571
-0.0328504
-0.0374503
-0.0420446
-0.0466201
-0.0511641
-0.0556643
-0.0601089
-0.0644868
-0.0687875
-0.073001
-0.0771179
-0.0811295
-0.0850277
-0.0888049
-0.0924542
-0.0959688
-0.0993425
-0.10257
-0.105644
-0.108562
-0.111318
-0.11391
-0.116333
-0.118585
-0.120665
-0.12257
-0.1243
-0.125853
-0.12723
-0.128431
-0.129462
-0.130331
-0.131027
-0.131544
-0.0133853
-0.0175525
-0.02177
-0.0260252
-0.0302965
-0.0345723
-0.0388408
-0.0430901
-0.0473082
-0.051484
-0.0556066
-0.059666
-0.0636525
-0.0675572
-0.0713717
-0.075088
-0.0786991
-0.0821981
-0.0855786
-0.0888345
-0.0919598
-0.0949493
-0.0977978
-0.100501
-0.103055
-0.105456
-0.107701
-0.10979
-0.111718
-0.113486
-0.115091
-0.116534
-0.117814
-0.118934
-0.119897
-0.120712
-0.121368
-0.121861
-0.0121202
-0.015984
-0.019893
-0.0238352
-0.0277904
-0.0317476
-0.0356958
-0.039624
-0.0435215
-0.0473779
-0.0511838
-0.0549298
-0.0586075
-0.0622087
-0.0657261
-0.0691525
-0.0724816
-0.075707
-0.078823
-0.081824
-0.0847046
-0.0874598
-0.090085
-0.0925764
-0.0949302
-0.0971437
-0.0992143
-0.10114
-0.102919
-0.104549
-0.106031
-0.107363
-0.108547
-0.109584
-0.110479
-0.111241
-0.111857
-0.112324
-0.010882
-0.0144482
-0.0180542
-0.0216886
-0.0253325
-0.0289758
-0.0326084
-0.0362202
-0.0398016
-0.0433435
-0.0468373
-0.0502749
-0.0536486
-0.0569513
-0.0601763
-0.0633173
-0.0663685
-0.0693242
-0.0721793
-0.0749286
-0.0775674
-0.0800912
-0.082496
-0.0847782
-0.0869346
-0.0889626
-0.0908596
-0.0926239
-0.0942537
-0.095748
-0.0971063
-0.0983287
-0.0994163
-0.100371
-0.101198
-0.101905
-0.102481
-0.102922
-0.0096737
-0.0129476
-0.0162554
-0.0195865
-0.0229235
-0.026257
-0.0295779
-0.0328774
-0.036147
-0.0393786
-0.0425646
-0.045698
-0.048772
-0.0517803
-0.0547168
-0.0575759
-0.0603526
-0.0630418
-0.0656388
-0.0681392
-0.0705388
-0.0728338
-0.0750205
-0.0770958
-0.0790568
-0.0809008
-0.0826257
-0.0842296
-0.0857112
-0.0870697
-0.0883049
-0.0894176
-0.0904091
-0.0912816
-0.0920399
-0.0926927
-0.0932285
-0.0936426
-0.00849839
-0.0114851
-0.0144992
-0.0175309
-0.0205645
-0.0235916
-0.0266043
-0.029595
-0.0325562
-0.035481
-0.0383629
-0.0411956
-0.0439732
-0.0466901
-0.0493411
-0.0519213
-0.0544261
-0.0568512
-0.0591926
-0.0614465
-0.0636093
-0.0656776
-0.0676484
-0.0695186
-0.0712857
-0.0729471
-0.0745009
-0.0759453
-0.0772793
-0.0785025
-0.0796152
-0.0806185
-0.0815141
-0.0823044
-0.0829942
-0.083592
-0.0840867
-0.0844732
-0.00736004
-0.0100643
-0.0127886
-0.0155241
-0.0182572
-0.0209806
-0.0236879
-0.0263725
-0.029028
-0.0316486
-0.0342288
-0.0367632
-0.0392467
-0.0416745
-0.0440422
-0.0463456
-0.0485807
-0.0507439
-0.0528318
-0.0548412
-0.0567692
-0.0586128
-0.0603693
-0.062036
-0.0636104
-0.0650902
-0.0664737
-0.0677594
-0.0689466
-0.0700351
-0.0710258
-0.0719199
-0.0727196
-0.0734275
-0.0740482
-0.0745903
-0.0750434
-0.0754015
-0.00626333
-0.00868939
-0.011127
-0.0135687
-0.0160034
-0.0184252
-0.0208288
-0.0232088
-0.0255603
-0.0278782
-0.0301581
-0.0323956
-0.0345864
-0.0367267
-0.0388126
-0.0408408
-0.042808
-0.044711
-0.0465473
-0.0483141
-0.0500089
-0.0516292
-0.0531727
-0.054637
-0.0560197
-0.057319
-0.058533
-0.0596607
-0.0607017
-0.0616562
-0.0625252
-0.0633103
-0.0640138
-0.0646384
-0.0651891
-0.0656745
-0.0660856
-0.0664147
-0.00521303
-0.00736422
-0.00951731
-0.0116669
-0.0138043
-0.0159254
-0.018026
-0.0201022
-0.0221501
-0.0241659
-0.0261461
-0.0280873
-0.0299862
-0.0318399
-0.0336452
-0.0353994
-0.0370999
-0.0387443
-0.0403303
-0.0418558
-0.0433186
-0.0447169
-0.0460484
-0.047311
-0.0485029
-0.0496222
-0.0506676
-0.0516381
-0.0525336
-0.0533545
-0.054102
-0.0547778
-0.0553843
-0.0559246
-0.0564039
-0.0568313
-0.0571999
-0.0574994
-0.00421351
-0.00609199
-0.00796161
-0.00981937
-0.0116596
-0.0134798
-0.0152772
-0.0170492
-0.0187932
-0.0205066
-0.022187
-0.0238321
-0.0254396
-0.0270071
-0.0285325
-0.0300136
-0.0314484
-0.032835
-0.0341717
-0.0354567
-0.0366885
-0.0378653
-0.0389855
-0.0400472
-0.0410488
-0.0419889
-0.0428662
-0.0436802
-0.0444306
-0.0451182
-0.0457441
-0.0463101
-0.0468185
-0.0472729
-0.0476789
-0.0480466
-0.0483721
-0.0486414
-0.00326905
-0.00487476
-0.00645963
-0.00802392
-0.00956523
-0.0110827
-0.0125754
-0.0140419
-0.015481
-0.0168913
-0.0182716
-0.0196204
-0.0209364
-0.0222181
-0.0234639
-0.0246724
-0.025842
-0.0269714
-0.0280593
-0.0291044
-0.0301056
-0.0310615
-0.0319708
-0.0328321
-0.033644
-0.0344054
-0.0351153
-0.0357732
-0.0363791
-0.0369336
-0.0374378
-0.0378932
-0.0383026
-0.0386694
-0.0389999
-0.0393057
-0.0395873
-0.0398255
-0.00238459
-0.00371385
-0.0050096
-0.00627619
-0.0075148
-0.00872647
-0.0099117
-0.0110706
-0.0122032
-0.0133093
-0.0143887
-0.0154408
-0.016465
-0.0174608
-0.0184271
-0.019363
-0.0202676
-0.0211399
-0.0219793
-0.0227847
-0.0235555
-0.0242908
-0.0249895
-0.0256507
-0.0262733
-0.0268564
-0.0273994
-0.0279018
-0.0283635
-0.0287852
-0.0291675
-0.0295121
-0.0298213
-0.0300988
-0.0303513
-0.0305922
-0.0308287
-0.0310338
-0.00156085
-0.00261436
-0.00362414
-0.00459527
-0.00553262
-0.00643944
-0.00731789
-0.00816965
-0.008996
-0.00979794
-0.0105762
-0.0113312
-0.0120631
-0.012772
-0.0134577
-0.0141198
-0.0147579
-0.0153716
-0.0159608
-0.0165248
-0.0170635
-0.0175763
-0.0180627
-0.0185219
-0.0189534
-0.0193565
-0.0197307
-0.0200756
-0.0203914
-0.0206781
-0.0209364
-0.0211674
-0.021373
-0.0215563
-0.021724
-0.0218919
-0.0220785
-0.0222465
-0.00077997
-0.00158847
-0.00234584
-0.00304898
-0.00370686
-0.00432584
-0.0049107
-0.00546526
-0.0059926
-0.00649522
-0.00697513
-0.00743394
-0.00787289
-0.00829292
-0.00869472
-0.00907878
-0.00944549
-0.00979516
-0.010128
-0.0104443
-0.0107441
-0.0110274
-0.011294
-0.0115438
-0.0117765
-0.0119917
-0.0121893
-0.012369
-0.0125306
-0.0126742
-0.0127998
-0.0129078
-0.0129991
-0.013075
-0.0131395
-0.0132086
-0.0133202
-0.0134291
-4.05183e-05
-0.000584555
-0.00103367
-0.00142353
-0.00176629
-0.00206986
-0.00234044
-0.00258286
-0.002801
-0.002998
-0.0031765
-0.00333867
-0.00348637
-0.00362114
-0.00374425
-0.0038568
-0.0039597
-0.00405375
-0.00413962
-0.00421787
-0.00428895
-0.00435322
-0.00441092
-0.0044622
-0.00450712
-0.00454566
-0.00457778
-0.00460335
-0.0046222
-0.0046341
-0.00463875
-0.00463583
-0.00462506
-0.00460614
-0.00457962
-0.00455506
-0.00456788
-0.0046098
)
;

boundaryField
{
    leftWall
    {
        type            fixedFluxPressure;
        gradient        uniform 0;
        value           nonuniform List<scalar> 
100
(
2322.12
2321.4
2320.33
2318.76
2316.72
2314.21
2311.22
2307.77
2303.87
2299.53
2294.79
2289.65
2284.12
2278.2
2271.91
2265.25
2254.31
2237.87
2220
2200.87
2180.66
2159.55
2137.73
2115.37
2092.65
2069.7
2046.66
2023.64
2000.7
1978
1955.65
1932.79
1907.42
1881.68
1855.93
1817.6
1212.68
50.9049
0.116916
0.220339
0.244237
0.241409
0.229698
0.21733
0.205091
0.193673
0.184005
0.176468
0.171315
0.168878
0.169841
0.173373
0.178677
0.185119
0.192154
0.199327
0.206254
0.212631
0.218224
0.22287
0.22647
0.228976
0.230376
0.230683
0.229935
0.228192
0.225541
0.222081
0.217908
0.213108
0.207756
0.201924
0.195687
0.189115
0.182277
0.175223
0.167987
0.160593
0.153054
0.14539
0.137618
0.129763
0.121845
0.113883
0.105888
0.0978639
0.0898084
0.0817175
0.0735867
0.065417
0.0572157
0.0489838
0.0406963
0.0323342
0.0240499
0.0162011
0.00846123
-0.0015402
-0.0135875
-0.00230868
)
;
    }
    rightWall
    {
        type            fixedFluxPressure;
        gradient        uniform 0;
        value           nonuniform List<scalar> 
100
(
-1.60806
-1.60767
-1.60681
-1.60548
-1.60371
-1.60149
-1.59883
-1.59574
-1.59223
-1.58831
-1.58399
-1.57927
-1.57417
-1.56869
-1.56283
-1.55662
-1.54635
-1.53084
-1.51382
-1.49535
-1.4755
-1.45435
-1.43199
-1.4085
-1.38397
-1.35852
-1.33222
-1.30518
-1.2775
-1.24927
-1.22059
-1.19154
-1.16223
-1.13274
-1.10314
-1.07354
-1.04399
-1.01457
-0.985338
-0.956362
-0.927693
-0.899379
-0.871464
-0.843986
-0.816976
-0.790462
-0.764466
-0.739009
-0.714104
-0.689762
-0.665992
-0.642798
-0.620181
-0.598141
-0.576675
-0.555777
-0.535441
-0.515656
-0.496412
-0.477698
-0.459502
-0.441811
-0.424616
-0.407896
-0.391641
-0.375836
-0.360465
-0.345513
-0.330963
-0.316803
-0.303017
-0.28959
-0.276509
-0.263759
-0.251325
-0.239193
-0.227349
-0.215779
-0.20447
-0.193411
-0.182586
-0.171985
-0.161593
-0.151397
-0.141385
-0.131544
-0.121861
-0.112324
-0.102922
-0.0936426
-0.0844732
-0.0754015
-0.0664147
-0.0574994
-0.0486414
-0.0398255
-0.0310338
-0.0222465
-0.0134291
-0.0046098
)
;
    }
    lowerWall
    {
        type            fixedFluxPressure;
        gradient        uniform 0;
        value           nonuniform List<scalar> 
124
(
2322.12
2326.56
2333.02
2338.42
2341.59
2342.43
2341.22
2338.26
2333.76
2327.87
2320.71
2312.34
2302.76
2291.99
2279.99
2266.73
2252.15
2236.22
2218.89
2200.14
2179.98
2158.42
2135.58
2111.59
2086.7
2061.27
2035.8
2011
1987.77
1967.36
1951.35
1941.79
1941.28
1953.15
1981.67
2032.73
2112.75
2229.08
2388.65
2594.81
2838.64
3090.8
3306.76
3462.83
3550.23
3644.38
3644.38
3652.48
3697.63
3762.33
3808.86
3830.85
3840.26
3811.17
3744.76
3644.75
3505.4
3317.38
3068.11
2741.81
2316.19
1779.73
122.555
-11.5061
-4.61429
-5.69501
-5.55115
-5.88721
-6.41508
-6.59322
-3.07598
-3.07588
-3.07833
-3.08323
-3.09062
-3.10074
-3.11396
-3.13075
-3.15189
-3.17866
-3.2134
-3.26038
-3.32825
-3.43254
-3.60895
-3.89962
-3.07598
-3.08184
-3.07796
-3.06008
-3.02712
-2.9804
-2.92265
-2.85679
-2.78546
-2.71094
-2.63504
-2.55926
-2.48469
-2.41217
-2.34233
-2.27554
-2.21211
-2.15215
-2.09576
-2.04293
-1.99365
-1.94786
-1.90546
-1.86639
-1.83052
-1.79766
-1.76773
-1.74064
-1.71631
-1.69462
-1.67549
-1.65884
-1.64457
-1.63264
-1.623
-1.6156
-1.61066
-1.60806
)
;
    }
    atmosphere
    {
        type            totalPressure;
        rho             rho;
        psi             none;
        gamma           1;
        p0              uniform 0;
        value           nonuniform List<scalar> 
92
(
-0.00736124
-0.0321059
-0.029351
-0.0267444
-0.0249106
-0.0234452
-0.0221875
-0.0210494
-0.0199834
-0.0189642
-0.0179778
-0.0170163
-0.0160748
-0.01515
-0.0142399
-0.0133434
-0.0124601
-0.0115903
-0.0107353
-0.00989651
-0.00907625
-0.00827707
-0.00750184
-0.00675354
-0.00603521
-0.00534975
-0.0046999
-0.00408807
-0.00351637
-0.0029865
-0.00249972
-0.00205687
-0.00165832
-0.00130407
-0.000993699
-0.000726511
-0.000501642
-0.000318309
-0.000176185
-7.57889e-05
-1.81169e-05
0
0
0
0
0
0
0
0
0
0
0
0
0
0
0
0
0
0
0
0
0
0
0
0
0
0
0
0
0
0
0
0
0
0
0
0
0
0
0
0
0
0
0
0
0
0
0
0
0
0
0
)
;
    }
    defaultFaces
    {
        type            empty;
    }
}


// ************************************************************************* //
