/*--------------------------------*- C++ -*----------------------------------*\
  =========                 |
  \\      /  F ield         | OpenFOAM: The Open Source CFD Toolbox
   \\    /   O peration     | Website:  https://openfoam.org
    \\  /    A nd           | Version:  7
     \\/     M anipulation  |
\*---------------------------------------------------------------------------*/
FoamFile
{
    version     2.0;
    format      ascii;
    class       volScalarField;
    location    "0.35";
    object      epsilon;
}
// * * * * * * * * * * * * * * * * * * * * * * * * * * * * * * * * * * * * * //

dimensions      [0 2 -3 0 0 0 0];

internalField   nonuniform List<scalar> 
9072
(
0.0304153
0.103538
0.197706
0.288959
0.373672
0.452403
0.525606
0.595978
0.665597
0.736203
0.809157
0.885421
0.965576
1.04986
1.13821
1.23028
1.32551
1.42309
1.52208
1.62134
1.7196
1.81548
1.90747
1.99399
2.07337
2.14391
2.2039
2.25163
2.28545
2.30371
2.3047
2.28541
2.25422
2.20655
2.14001
2.05368
1.94764
1.82346
1.68567
1.54343
1.40557
1.30549
1.12986
0.930861
0.788075
0.617038
0.039447
0.0662449
0.1048
0.143318
0.176769
0.206181
0.23306
0.258492
0.283362
0.308373
0.334057
0.360793
0.388823
0.418272
0.449161
0.481418
0.51489
0.54935
0.584506
0.620006
0.655452
0.6904
0.72437
0.75686
0.78735
0.815322
0.840273
0.861741
0.879331
0.892745
0.901837
0.906703
0.912898
0.919342
0.926695
0.936579
0.951435
0.974334
1.00839
1.05507
1.10555
1.13278
1.04412
0.794075
0.599207
0.683922
0.0506972
0.0643722
0.0935793
0.121145
0.144743
0.165157
0.183375
0.20025
0.216483
0.23262
0.249058
0.266075
0.28385
0.302478
0.321987
0.342344
0.363466
0.385223
0.407444
0.429922
0.45242
0.474674
0.4964
0.517302
0.537081
0.555446
0.572132
0.586917
0.599654
0.610303
0.618995
0.626224
0.634273
0.644144
0.657277
0.675905
0.703227
0.743603
0.802558
0.885624
0.989899
1.08122
1.07711
0.908143
0.733427
1.00603
0.0587634
0.0693848
0.0935654
0.116044
0.135436
0.152117
0.16682
0.180263
0.193053
0.205659
0.218422
0.231572
0.245259
0.259559
0.274498
0.290052
0.30616
0.322725
0.33962
0.356692
0.373765
0.390645
0.407125
0.422992
0.438034
0.452056
0.464887
0.47641
0.486581
0.495471
0.503329
0.510737
0.519158
0.5299
0.544644
0.565744
0.596405
0.640874
0.704525
0.793087
0.906494
1.01711
1.05541
0.98153
0.893116
1.37668
0.0700797
0.0769895
0.0973872
0.116475
0.13309
0.147442
0.160086
0.171615
0.182546
0.193281
0.204109
0.215229
0.226761
0.238772
0.251276
0.264254
0.277653
0.291391
0.305363
0.319444
0.33349
0.347344
0.360841
0.373814
0.386101
0.397558
0.408073
0.417587
0.426118
0.433803
0.44096
0.448202
0.456725
0.46788
0.483409
0.505649
0.53765
0.583271
0.647149
0.733986
0.844241
0.958059
1.02451
1.02773
1.06216
1.83696
0.0823957
0.0858118
0.10303
0.119299
0.133641
0.146186
0.157351
0.167605
0.177366
0.186965
0.19664
0.206552
0.2168
0.227432
0.238458
0.249855
0.261574
0.273541
0.285666
0.297839
0.309938
0.321829
0.333375
0.344439
0.354893
0.364629
0.373574
0.381709
0.389098
0.395923
0.402544
0.409597
0.418167
0.429598
0.445629
0.468532
0.501173
0.547023
0.610002
0.693773
0.798716
0.911614
1.00037
1.06825
1.2223
2.3075
0.09426
0.0948204
0.109332
0.123114
0.135457
0.14647
0.156459
0.165776
0.174739
0.183602
0.19255
0.201706
0.211143
0.220894
0.230959
0.241312
0.251906
0.262673
0.273531
0.284383
0.29512
0.305629
0.31579
0.325491
0.334628
0.34312
0.350926
0.358057
0.364612
0.370807
0.377035
0.383943
0.392563
0.404221
0.420627
0.443974
0.476962
0.522739
0.584687
0.665742
0.766341
0.878644
0.986576
1.1101
1.37359
2.77304
0.105087
0.103249
0.115475
0.127086
0.137675
0.147373
0.156402
0.165007
0.173411
0.181791
0.190277
0.198955
0.207871
0.217043
0.226461
0.236097
0.245903
0.255816
0.265759
0.275645
0.285379
0.29486
0.303986
0.312661
0.320804
0.328357
0.3353
0.341674
0.347604
0.353334
0.35928
0.366099
0.374789
0.386654
0.403368
0.427046
0.460247
0.505889
0.567004
0.646161
0.744176
0.857616
0.983071
1.1548
1.51823
3.24752
0.11471
0.110662
0.120921
0.13068
0.139781
0.148384
0.156645
0.164718
0.172737
0.18081
0.189014
0.197399
0.205987
0.214778
0.223756
0.232888
0.242125
0.251408
0.260667
0.269822
0.278788
0.287476
0.295799
0.303676
0.311044
0.317864
0.324138
0.329929
0.335385
0.340773
0.346525
0.353306
0.362089
0.374153
0.391134
0.415077
0.448432
0.493968
0.554545
0.632674
0.729866
0.846414
0.988691
1.20304
1.65954
3.78724
0.123267
0.116901
0.125387
0.133589
0.141473
0.149207
0.156887
0.164586
0.172361
0.180259
0.188311
0.196532
0.204923
0.21347
0.222148
0.23092
0.239739
0.248548
0.257281
0.265867
0.274229
0.282289
0.289972
0.297213
0.303963
0.3102
0.315946
0.321284
0.32638
0.331519
0.33715
0.343936
0.352832
0.365093
0.382313
0.406478
0.43996
0.485448
0.545775
0.623644
0.721504
0.842912
1.00187
1.25496
1.79752
4.29594
0.130658
0.121974
0.12879
0.135682
0.142606
0.149691
0.156966
0.164431
0.17208
0.179905
0.187899
0.196049
0.204335
0.212732
0.221208
0.229722
0.238229
0.246673
0.254994
0.263127
0.271004
0.278557
0.285722
0.292446
0.298695
0.304464
0.30979
0.314773
0.319598
0.324565
0.330131
0.33696
0.345988
0.358443
0.375882
0.400237
0.433829
0.479322
0.539632
0.617833
0.717496
0.845143
1.02099
1.31077
1.93765
4.83503
0.136967
0.126008
0.131188
0.136963
0.143152
0.149785
0.156811
0.164162
0.171778
0.179609
0.187614
0.195756
0.204001
0.212314
0.220656
0.228986
0.237255
0.245414
0.253407
0.261173
0.268654
0.27579
0.282529
0.288829
0.294669
0.300058
0.30505
0.309759
0.314386
0.319242
0.324792
0.331697
0.340872
0.353521
0.37116
0.39568
0.429362
0.474889
0.535331
0.614255
0.716468
0.851287
1.0444
1.37064
2.08701
5.43032
0.142527
0.129185
0.132718
0.137524
0.143162
0.149505
0.156409
0.163742
0.171396
0.179287
0.18735
0.195528
0.203776
0.212049
0.220305
0.2285
0.236588
0.24452
0.252245
0.259711
0.266864
0.273654
0.280039
0.285988
0.291492
0.296574
0.301301
0.305802
0.31029
0.315087
0.320663
0.327673
0.337011
0.349855
0.367681
0.392339
0.426087
0.471643
0.532274
0.612096
0.717198
0.8596
1.07022
1.43431
2.25486
6.11353
0.147625
0.131704
0.133558
0.137508
0.142734
0.148911
0.155786
0.163166
0.170905
0.178892
0.18704
0.195281
0.203558
0.21182
0.220021
0.228117
0.236062
0.243811
0.251316
0.258531
0.26541
0.27191
0.278
0.283657
0.288886
0.293721
0.298241
0.302589
0.306989
0.311774
0.317413
0.324555
0.334074
0.347116
0.36512
0.389893
0.423673
0.469219
0.530001
0.610681
0.71859
0.868325
1.09604
1.50017
2.45078
6.92747
0.152605
0.133769
0.133897
0.137075
0.141991
0.148081
0.154983
0.162449
0.170297
0.178396
0.186643
0.194958
0.203277
0.211544
0.219711
0.227731
0.235561
0.243158
0.250479
0.257483
0.26413
0.270387
0.276229
0.281646
0.28665
0.291288
0.295651
0.299894
0.304252
0.309064
0.314801
0.322104
0.331823
0.345072
0.363249
0.38812
0.421894
0.467365
0.528178
0.609477
0.719683
0.875671
1.11852
1.56293
2.66945
7.92573
0.157867
0.135567
0.133913
0.136387
0.141054
0.1471
0.154054
0.161615
0.169576
0.177786
0.186131
0.194521
0.202886
0.211166
0.219309
0.227269
0.235003
0.242472
0.249637
0.256461
0.262912
0.268962
0.274597
0.279815
0.284639
0.289124
0.293374
0.297553
0.301908
0.306785
0.312654
0.320145
0.330088
0.343559
0.361912
0.386868
0.420602
0.465915
0.526579
0.608099
0.719704
0.879926
1.13341
1.60982
2.86102
9.27529
0.057903
0.151054
0.221115
0.269259
0.304343
0.331566
0.353629
0.372079
0.386505
0.396458
0.402187
0.403951
0.402082
0.396994
0.389177
0.379181
0.367326
0.354484
0.341967
0.329851
0.318329
0.307526
0.297474
0.288111
0.279301
0.271008
0.263097
0.254963
0.246145
0.236181
0.224554
0.210667
0.193813
0.173128
0.147513
0.115541
0.0767272
0.0399583
0.0185032
0.113421
0.154534
0.178084
0.192457
0.202439
0.210252
0.216823
0.221908
0.224902
0.225822
0.224803
0.222047
0.217819
0.212427
0.206193
0.199306
0.192247
0.185687
0.17961
0.174051
0.169022
0.164488
0.160375
0.156584
0.153103
0.149767
0.146233
0.142217
0.13744
0.13159
0.124311
0.115185
0.103719
0.0893244
0.0712451
0.0478276
0.0160574
0.110027
0.114293
0.140858
0.155716
0.163563
0.168411
0.172074
0.175135
0.177238
0.177956
0.177247
0.175208
0.172001
0.167843
0.16298
0.15766
0.152046
0.146495
0.141444
0.136892
0.132849
0.129305
0.126218
0.123517
0.121116
0.118961
0.11692
0.11475
0.112234
0.109151
0.105255
0.10027
0.0938761
0.0857155
0.0753919
0.0624314
0.0453822
0.0179405
0.155483
0.123335
0.140782
0.151273
0.156114
0.158559
0.160171
0.16139
0.161812
0.161116
0.159261
0.156341
0.152516
0.147989
0.142985
0.137719
0.132345
0.127178
0.122532
0.118419
0.114841
0.111779
0.10919
0.107006
0.105142
0.103523
0.102029
0.100468
0.0986541
0.0963956
0.0934831
0.0896824
0.0847345
0.078366
0.070321
0.0604362
0.0485811
0.0185437
0.201654
0.137002
0.147574
0.155215
0.158214
0.159126
0.159322
0.159175
0.158249
0.156303
0.153327
0.149432
0.144792
0.139614
0.134116
0.128504
0.122921
0.117671
0.112992
0.108897
0.105381
0.102422
0.0999729
0.097966
0.0963165
0.0949371
0.0937125
0.0924758
0.0910602
0.0892924
0.0869861
0.0839384
0.0799347
0.0747692
0.0683062
0.0606755
0.0530724
0.0185478
0.251204
0.154812
0.159525
0.164859
0.16638
0.166028
0.164985
0.163576
0.161327
0.158077
0.15386
0.148822
0.143161
0.137099
0.130858
0.124636
0.118573
0.112978
0.108025
0.103721
0.100057
0.0970052
0.0945142
0.0925137
0.0909165
0.0896278
0.0885328
0.0874785
0.0863094
0.0848654
0.0829773
0.0804671
0.077157
0.072899
0.0676604
0.0618143
0.0576519
0.0820473
0.3068
0.177207
0.17633
0.179402
0.179421
0.1778
0.175508
0.172769
0.169089
0.16438
0.158732
0.152339
0.145434
0.138263
0.131055
0.124008
0.117259
0.11113
0.105734
0.10107
0.0971198
0.0938479
0.0911987
0.0890972
0.0874521
0.0861622
0.0851117
0.0841541
0.0831413
0.0819224
0.0803421
0.0782432
0.0754795
0.071953
0.0677179
0.0633355
0.0617022
0.0925001
0.371674
0.205231
0.198307
0.19877
0.197001
0.193944
0.190303
0.186068
0.180769
0.174381
0.16706
0.159061
0.150664
0.142144
0.133746
0.125669
0.118048
0.111222
0.105243
0.100095
0.0957487
0.0921595
0.0892645
0.0869824
0.0852166
0.0838598
0.0827931
0.0818727
0.0809548
0.0798951
0.0785495
0.0767787
0.074464
0.0715505
0.0681659
0.0650214
0.0654974
0.103216
0.450119
0.240592
0.226213
0.223284
0.219208
0.214426
0.209256
0.203313
0.196154
0.18781
0.178524
0.168624
0.158451
0.148317
0.138487
0.129159
0.120488
0.112808
0.106111
0.100363
0.095522
0.0915294
0.0883128
0.0857832
0.0838367
0.0823593
0.0812278
0.0802983
0.0794287
0.0784794
0.0773154
0.0758127
0.0738764
0.071489
0.06884
0.0667672
0.0690879
0.113482
0.548049
0.285956
0.261295
0.253619
0.246457
0.239541
0.232597
0.22469
0.215366
0.204729
0.193122
0.18097
0.168687
0.156633
0.145095
0.134276
0.124366
0.115664
0.10811
0.101647
0.0962114
0.0917316
0.0881217
0.0852821
0.0831003
0.0814544
0.0802156
0.0792374
0.0783776
0.0774996
0.0764754
0.0751941
0.0735813
0.0716516
0.0696476
0.0685187
0.0724977
0.12327
0.673843
0.345562
0.305582
0.290958
0.279583
0.269964
0.260915
0.250699
0.238814
0.225452
0.211082
0.196247
0.181451
0.167113
0.15355
0.140961
0.129603
0.119695
0.111133
0.103827
0.0976939
0.09264
0.0885638
0.0853522
0.082882
0.0810219
0.0796357
0.0785727
0.0776886
0.0768483
0.0759291
0.0748305
0.073496
0.0719678
0.0705346
0.0702479
0.0757438
0.132634
0.839708
0.426332
0.362552
0.337436
0.32015
0.306955
0.295285
0.282234
0.267229
0.250559
0.232849
0.214784
0.196976
0.179913
0.16394
0.14926
0.136209
0.124887
0.115143
0.106855
0.0999083
0.0941863
0.0895664
0.0859186
0.0831057
0.0809858
0.0794131
0.0782305
0.0772904
0.0764573
0.0756122
0.0746631
0.0735682
0.0723934
0.0714686
0.0719408
0.0788419
0.141636
1.06355
0.539406
0.438527
0.397101
0.371097
0.352796
0.337543
0.32077
0.301777
0.280962
0.259122
0.237105
0.215645
0.195301
0.17645
0.159299
0.144262
0.131281
0.120155
0.110723
0.102833
0.0963386
0.0910904
0.0869373
0.083725
0.0812982
0.0794995
0.0781632
0.0771365
0.0762821
0.0754829
0.0746533
0.0737638
0.0729006
0.0724308
0.0735926
0.0818079
0.150333
1.37137
0.701583
0.545458
0.477889
0.437934
0.411556
0.390762
0.368662
0.344266
0.318033
0.29093
0.263972
0.238012
0.213675
0.191355
0.17128
0.153901
0.138966
0.126222
0.115457
0.106474
0.099088
0.0931172
0.0883833
0.0847109
0.0819281
0.0798629
0.0783386
0.0771954
0.0762923
0.0755126
0.0747753
0.0740605
0.0734721
0.073411
0.075204
0.0846596
0.158782
1.80299
0.933343
0.706676
0.595553
0.530873
0.490396
0.45998
0.429623
0.39745
0.36381
0.329768
0.296469
0.264854
0.235583
0.209025
0.185498
0.165319
0.148072
0.133427
0.121105
0.110854
0.10244
0.0956402
0.0902419
0.0860433
0.0828526
0.0804797
0.0787331
0.0774437
0.0764657
0.0756808
0.0750104
0.0744426
0.0740964
0.0744041
0.0767804
0.0874195
0.167046
2.52571
1.28767
0.969164
0.781021
0.668187
0.60084
0.553181
0.509352
0.465444
0.421264
0.377767
0.336108
0.297234
0.261764
0.229981
0.20232
0.178774
0.158772
0.14188
0.127734
0.116011
0.106411
0.0986601
0.0925037
0.0877066
0.0840529
0.0813301
0.0793266
0.0778621
0.0767838
0.0759702
0.0753436
0.0748978
0.0747651
0.075408
0.0783301
0.0901184
0.175206
0.16458
0.13758
0.133722
0.135332
0.139676
0.145643
0.152638
0.160302
0.168391
0.176734
0.185198
0.193682
0.202106
0.210401
0.218514
0.226396
0.234007
0.241309
0.24827
0.25486
0.261056
0.266842
0.272213
0.277181
0.281783
0.286089
0.290216
0.294345
0.298737
0.303748
0.309851
0.317661
0.327974
0.341809
0.360448
0.385526
0.41914
0.464064
0.524154
0.605226
0.717175
0.87959
1.13795
1.61903
2.74147
5.84417
0.176931
0.140791
0.133558
0.133949
0.137802
0.14357
0.15051
0.158198
0.166356
0.174784
0.183332
0.191883
0.200343
0.208636
0.216702
0.224492
0.231964
0.239087
0.245834
0.252186
0.258129
0.263659
0.268786
0.273537
0.277963
0.282149
0.286227
0.290395
0.29493
0.300202
0.306683
0.314966
0.325797
0.34011
0.359065
0.384148
0.41729
0.461089
0.519205
0.597161
0.704091
0.857002
1.09174
1.49409
2.28429
3.96682
0.19271
0.144943
0.134261
0.133291
0.136412
0.141726
0.148379
0.155896
0.163963
0.17235
0.180883
0.189423
0.197863
0.206117
0.214117
0.221812
0.229161
0.236134
0.242713
0.248883
0.254641
0.259992
0.264958
0.269579
0.273916
0.278062
0.282156
0.286407
0.291104
0.296631
0.303455
0.312145
0.32339
0.338027
0.357088
0.381864
0.414061
0.455987
0.510883
0.583523
0.68141
0.817397
1.01563
1.3256
1.85338
2.77158
0.211978
0.15047
0.136276
0.133647
0.135665
0.140194
0.146302
0.153452
0.16128
0.169513
0.177942
0.186404
0.194775
0.202956
0.210873
0.218469
0.225704
0.232552
0.238996
0.24503
0.250656
0.255888
0.260756
0.265309
0.269618
0.273778
0.277925
0.282269
0.287111
0.292841
0.299925
0.308903
0.3204
0.335152
0.354048
0.378171
0.408969
0.448405
0.499216
0.565301
0.652429
0.769659
0.932167
1.16663
1.51933
2.03439
0.233337
0.157376
0.139686
0.134969
0.135458
0.138896
0.144257
0.150911
0.15841
0.166421
0.174692
0.183034
0.191302
0.199388
0.20721
0.214708
0.221841
0.228583
0.234924
0.24086
0.246398
0.251557
0.256375
0.260908
0.265234
0.269444
0.273669
0.278109
0.283071
0.288953
0.296211
0.305349
0.316929
0.331585
0.350059
0.37325
0.402336
0.438946
0.485324
0.544554
0.62091
0.720545
0.852645
1.03087
1.27344
1.58638
0.253383
0.165257
0.144219
0.136923
0.135524
0.137697
0.142246
0.148381
0.155538
0.163313
0.171409
0.179613
0.187763
0.195744
0.203468
0.210871
0.217913
0.224571
0.230836
0.236707
0.242195
0.24732
0.252123
0.256671
0.261043
0.26533
0.269649
0.274198
0.279283
0.285303
0.292686
0.301891
0.313413
0.327793
0.345652
0.367752
0.395034
0.428825
0.470933
0.523731
0.590288
0.674693
0.782389
0.920065
1.094
1.30104
0.26702
0.173145
0.148989
0.138827
0.135491
0.136488
0.140337
0.146034
0.152897
0.160456
0.168384
0.176446
0.184474
0.192345
0.19997
0.207285
0.21425
0.220843
0.227058
0.232896
0.238367
0.243493
0.24832
0.252914
0.257354
0.261723
0.266142
0.270819
0.276081
0.282297
0.289832
0.299072
0.310435
0.324406
0.341552
0.36255
0.388204
0.419567
0.458035
0.505336
0.563565
0.635417
0.724118
0.832756
0.962824
1.10991
0.269451
0.179274
0.152277
0.139742
0.135029
0.135271
0.138674
0.144075
0.150718
0.158101
0.165881
0.173815
0.181731
0.189505
0.197046
0.204291
0.211206
0.217771
0.223978
0.229828
0.235325
0.240496
0.245389
0.25007
0.2546
0.259039
0.263518
0.268301
0.2738
0.280353
0.288187
0.297558
0.308707
0.322116
0.338446
0.358444
0.382886
0.412579
0.448459
0.49153
0.543079
0.604961
0.679099
0.766703
0.8675
0.977819
0.260675
0.182442
0.153022
0.139467
0.134349
0.134332
0.137532
0.14276
0.149257
0.15652
0.1642
0.172049
0.179892
0.187603
0.195088
0.20229
0.209187
0.215759
0.222002
0.227905
0.233465
0.238709
0.2437
0.248519
0.253193
0.257689
0.262138
0.266909
0.272683
0.279844
0.288332
0.298273
0.309362
0.322099
0.337431
0.356535
0.380275
0.409218
0.443654
0.483591
0.529961
0.584353
0.64754
0.719567
0.799844
0.885836
0.250795
0.187873
0.153786
0.13942
0.134335
0.134258
0.137395
0.142588
0.14908
0.156361
0.16407
0.171946
0.17981
0.187555
0.195079
0.202318
0.209276
0.215879
0.222149
0.22808
0.233673
0.238956
0.243998
0.24888
0.253606
0.258125
0.262605
0.267472
0.2735
0.280741
0.289118
0.298769
0.310621
0.324783
0.339729
0.358176
0.38199
0.411974
0.446731
0.483864
0.525823
0.574912
0.629571
0.689206
0.754477
0.823624
0.339261
0.209345
0.160179
0.143813
0.13825
0.13817
0.141318
0.146582
0.153277
0.160934
0.169237
0.178099
0.187677
0.198106
0.207347
0.217187
0.226665
0.23627
0.245532
0.254642
0.26366
0.27259
0.281458
0.290313
0.29922
0.308259
0.317524
0.327206
0.337395
0.347663
0.356842
0.362515
0.359537
0.333415
0.341826
0.359357
0.382875
0.413759
0.452117
0.49137
0.535408
0.583285
0.629475
0.677244
0.730794
0.787583
0.69976
0.329314
0.258252
0.224389
0.207203
0.200367
0.19748
0.197088
0.198714
0.202006
0.206643
0.212349
0.218904
0.226114
0.233778
0.241868
0.250279
0.25901
0.267977
0.277177
0.286631
0.296352
0.30636
0.316691
0.327411
0.33863
0.350479
0.363142
0.376808
0.391364
0.406
0.418949
0.428243
0.436343
0.452261
0.474338
0.495324
0.504648
0.482986
0.496967
0.53742
0.589902
0.638024
0.683351
0.732137
0.780514
0.894438
0.417265
0.321748
0.271691
0.249645
0.23902
0.233096
0.229851
0.228705
0.229398
0.231706
0.235398
0.240259
0.246097
0.252721
0.259988
0.267804
0.276098
0.28482
0.293922
0.303402
0.31329
0.323627
0.334457
0.345837
0.35789
0.37084
0.38501
0.400724
0.418044
0.436491
0.454935
0.472442
0.490559
0.513355
0.542142
0.5717
0.594415
0.608714
0.628482
0.657396
0.675821
0.649128
0.685142
0.735634
0.786908
0.841426
0.400718
0.334125
0.297638
0.277308
0.26548
0.258033
0.25328
0.250628
0.24983
0.250703
0.253057
0.2567
0.26145
0.26713
0.273582
0.280696
0.288385
0.296593
0.305267
0.314393
0.323994
0.334119
0.344819
0.356155
0.368263
0.381414
0.395996
0.412377
0.430684
0.450606
0.471428
0.492626
0.515106
0.541436
0.573246
0.608462
0.642866
0.673666
0.704105
0.738579
0.768258
0.786973
0.81325
0.845063
0.813523
0.734398
0.375727
0.327862
0.303071
0.287017
0.276498
0.269546
0.265062
0.262527
0.261687
0.262376
0.26444
0.267724
0.272071
0.27733
0.283362
0.290055
0.29732
0.305096
0.313336
0.322022
0.331173
0.340836
0.351074
0.361969
0.373675
0.386465
0.400717
0.416787
0.434847
0.454751
0.476107
0.498686
0.523111
0.551007
0.583676
0.62051
0.659258
0.697762
0.736742
0.779167
0.821868
0.859171
0.897566
0.939709
0.966087
0.675994
0.371324
0.322244
0.299943
0.28623
0.277402
0.271834
0.268587
0.267133
0.267183
0.268552
0.271101
0.274698
0.279219
0.28454
0.290545
0.297136
0.304232
0.311774
0.319723
0.328063
0.336811
0.346016
0.35575
0.366115
0.377279
0.389501
0.403127
0.418496
0.435827
0.455139
0.476303
0.499287
0.524534
0.553047
0.585741
0.622574
0.662448
0.704071
0.747584
0.794396
0.843267
0.890673
0.938646
0.990376
1.03703
0.669929
0.381629
0.320339
0.294778
0.281032
0.273209
0.268987
0.267178
0.267123
0.268445
0.270914
0.274373
0.278698
0.283777
0.289506
0.295791
0.302548
0.30971
0.317226
0.325066
0.333221
0.341713
0.350594
0.359946
0.369891
0.380603
0.392334
0.405402
0.420139
0.436815
0.455582
0.476502
0.499682
0.52547
0.554506
0.587424
0.624385
0.664922
0.708322
0.754425
0.803663
0.855362
0.907744
0.961038
1.0164
1.06872
0.694219
0.397331
0.320971
0.290015
0.274822
0.267185
0.263845
0.263213
0.264431
0.267004
0.270636
0.275131
0.280346
0.286168
0.292499
0.299254
0.306362
0.313765
0.321424
0.329316
0.337446
0.345841
0.354565
0.363713
0.373421
0.383878
0.395337
0.408108
0.422528
0.438912
0.457517
0.478543
0.502205
0.528828
0.558881
0.592837
0.630924
0.672992
0.718646
0.7676
0.819745
0.874457
0.930435
0.987238
1.04468
1.09949
0.739584
0.414286
0.322796
0.28617
0.268982
0.260959
0.257997
0.258125
0.260288
0.263875
0.268513
0.273955
0.280031
0.28661
0.293588
0.30088
0.308419
0.316153
0.324051
0.332101
0.340316
0.348738
0.357442
0.366541
0.37619
0.386598
0.39803
0.410807
0.425287
0.441832
0.460781
0.482447
0.507139
0.535216
0.567094
0.603183
0.643742
0.688776
0.738057
0.791252
0.847954
0.907404
0.968369
1.02959
1.09001
1.14707
0.799006
0.430292
0.324804
0.28303
0.263807
0.255101
0.252134
0.252635
0.255387
0.25968
0.265068
0.27126
0.278046
0.285276
0.29283
0.300617
0.308567
0.316631
0.324783
0.333019
0.341363
0.349871
0.358633
0.367782
0.377498
0.388014
0.399621
0.412667
0.427542
0.444664
0.464447
0.487302
0.513638
0.543878
0.578465
0.61781
0.662211
0.711763
0.766322
0.825531
0.888801
0.955179
1.02326
1.09135
1.15742
1.21827
0.865593
0.444041
0.326298
0.280216
0.259167
0.249679
0.246473
0.247057
0.250093
0.254796
0.260665
0.267365
0.274656
0.282361
0.290347
0.29851
0.306775
0.315094
0.323443
0.331824
0.340273
0.34886
0.357693
0.366928
0.376773
0.387492
0.399409
0.412911
0.428436
0.446458
0.467472
0.491986
0.520508
0.553554
0.591635
0.635216
0.684651
0.740104
0.801484
0.868409
0.940157
1.01557
1.09298
1.17026
1.24479
1.31282
0.933507
0.454919
0.326913
0.277426
0.254857
0.244611
0.241046
0.241517
0.244608
0.249475
0.25558
0.262553
0.270129
0.27811
0.286346
0.294725
0.303164
0.311614
0.320051
0.328487
0.336967
0.345575
0.35444
0.363745
0.373725
0.384682
0.396981
0.411054
0.427393
0.446539
0.469069
0.495586
0.526707
0.563053
0.605233
0.653796
0.709175
0.771602
0.84103
0.917052
0.998829
1.08499
1.1736
1.26208
1.34726
1.42481
0.998518
0.462845
0.326566
0.274503
0.250733
0.239809
0.235841
0.236084
0.239064
0.243907
0.250044
0.257084
0.26474
0.2728
0.281101
0.289521
0.297974
0.306408
0.314802
0.323175
0.331581
0.340123
0.348951
0.358273
0.368358
0.379547
0.392249
0.406946
0.42419
0.444591
0.468811
0.49755
0.531535
0.571504
0.618176
0.672211
0.734135
0.804258
0.882572
0.968648
1.06154
1.15967
1.2608
1.36195
1.45942
1.54824
1.05788
0.468049
0.325338
0.271407
0.246725
0.235226
0.230855
0.230803
0.233566
0.238245
0.244256
0.25119
0.258752
0.266715
0.274909
0.283206
0.291517
0.299788
0.308003
0.316187
0.324409
0.332787
0.341493
0.350763
0.360902
0.372289
0.385379
0.400707
0.418885
0.440594
0.466579
0.497638
0.534608
0.578348
0.629702
0.689449
0.758224
0.83642
0.924072
1.02073
1.12534
1.23614
1.35058
1.4653
1.57608
1.67731
1.10995
0.470879
0.323373
0.268155
0.242809
0.23084
0.226091
0.225716
0.228193
0.232612
0.238378
0.245076
0.252402
0.260123
0.268064
0.276094
0.284123
0.292098
0.30001
0.307891
0.315823
0.323941
0.332442
0.341589
0.351721
0.363256
0.376694
0.392622
0.41171
0.434707
0.46244
0.495803
0.535742
0.58324
0.639268
0.704735
0.780392
0.866724
0.963811
1.07119
1.1877
1.3114
1.43944
1.56809
1.69266
1.8069
1.15391
0.471685
0.320811
0.264779
0.238979
0.226642
0.221552
0.220848
0.223002
0.227097
0.232537
0.238903
0.245885
0.253252
0.260824
0.268472
0.276104
0.283675
0.29118
0.29866
0.306212
0.313989
0.322209
0.331165
0.341226
0.352847
0.366573
0.383035
0.40296
0.42716
0.45654
0.492085
0.534849
0.585935
0.646449
0.71743
0.799755
0.894003
1.00031
1.1182
1.24642
1.38284
1.52436
1.66688
1.80527
1.9327
1.18946
0.470776
0.317759
0.261301
0.235226
0.222613
0.217227
0.216206
0.218021
0.221758
0.22682
0.232787
0.239352
0.246282
0.253401
0.26058
0.267731
0.274814
0.281832
0.288837
0.295938
0.303307
0.311184
0.319885
0.329811
0.34145
0.355382
0.372283
0.392926
0.418185
0.449032
0.486539
0.531866
0.586235
0.650882
0.726984
0.815545
0.917251
1.03229
1.16019
1.29962
1.44828
1.60281
1.75879
1.9107
2.0512
1.21667
0.468392
0.314283
0.25772
0.231525
0.218724
0.213092
0.211776
0.213255
0.216618
0.221273
0.226803
0.232904
0.239346
0.245955
0.252606
0.259219
0.265758
0.272233
0.27871
0.28531
0.292221
0.299702
0.308094
0.317821
0.329399
0.343441
0.360657
0.381862
0.40798
0.440048
0.479218
0.526746
0.583973
0.652265
0.732939
0.827133
0.935642
1.05873
1.19592
1.34582
1.50596
1.67279
1.84158
2.0065
2.15976
1.23586
0.464726
0.310418
0.254016
0.227836
0.21493
0.209105
0.207526
0.208683
0.211675
0.215914
0.22099
0.226602
0.232527
0.238595
0.244687
0.250728
0.25669
0.262592
0.268509
0.274575
0.280993
0.288039
0.296071
0.305535
0.316969
0.331009
0.348394
0.369972
0.39671
0.429702
0.470171
0.519466
0.579039
0.650389
0.734974
0.83407
0.948596
1.07889
1.22451
1.38399
1.55473
1.73298
1.9138
2.09109
2.25678
1.24749
0.459945
0.306173
0.250156
0.22411
0.211178
0.205215
0.20341
0.204271
0.206905
0.210734
0.215356
0.220476
0.225875
0.231393
0.236914
0.242372
0.247744
0.25306
0.258404
0.263921
0.269824
0.276404
0.284033
0.293171
0.304373
0.318291
0.335684
0.357428
0.384521
0.418106
0.459472
0.510052
0.571408
0.645169
0.732937
0.836139
0.955827
1.09244
1.24555
1.41367
1.59408
1.78285
1.97488
2.16394
2.34186
1.25215
0.454192
0.301542
0.246096
0.220294
0.207412
0.201366
0.199378
0.199973
0.202273
0.20571
0.20989
0.214527
0.21941
0.224383
0.22934
0.23422
0.239009
0.243744
0.248516
0.25348
0.258858
0.264951
0.272139
0.280892
0.291775
0.305449
0.322686
0.344378
0.371553
0.40539
0.447235
0.498603
0.56116
0.636666
0.726875
0.833374
0.957365
1.0994
1.25911
1.43497
1.62417
1.82264
2.02519
2.22562
2.41588
1.25048
0.447587
0.296506
0.241792
0.216335
0.203577
0.197504
0.195376
0.195741
0.197737
0.200808
0.204569
0.208745
0.213131
0.21758
0.221992
0.226315
0.230539
0.23471
0.238925
0.243344
0.248198
0.25379
0.260507
0.268822
0.279303
0.292615
0.309536
0.330967
0.357954
0.391708
0.433627
0.485298
0.548489
0.625094
0.717026
0.826048
0.953534
1.10018
1.26568
1.44851
1.64578
1.85334
2.06597
2.27771
2.48097
1.24321
0.440228
0.291041
0.237203
0.212188
0.199625
0.19358
0.191357
0.191529
0.193255
0.19599
0.199363
0.203106
0.207025
0.210979
0.214878
0.218673
0.222363
0.225997
0.229679
0.233573
0.23791
0.242997
0.249221
0.257054
0.26706
0.279903
0.296361
0.317336
0.343888
0.377251
0.418865
0.470389
0.533689
0.610795
0.70379
0.814633
0.944896
1.09544
1.26608
1.4553
1.66017
1.87648
2.09913
2.32259
2.54022
1.23109
0.432253
0.285123
0.232297
0.207819
0.195517
0.189553
0.187279
0.187298
0.188788
0.191222
0.19424
0.197585
0.201072
0.204569
0.207991
0.211297
0.21449
0.217624
0.220805
0.224199
0.228037
0.232623
0.238341
0.245658
0.25513
0.267415
0.283282
0.303634
0.329533
0.362233
0.40321
0.454187
0.517128
0.594203
0.687678
0.799729
0.932158
1.08604
1.26133
1.45658
1.66883
1.89387
2.12683
2.36292
2.59708
1.21363
0.423105
0.278596
0.227009
0.203189
0.191226
0.185396
0.183112
0.183013
0.184303
0.186471
0.189171
0.192156
0.195251
0.198331
0.201319
0.204179
0.206919
0.209595
0.212313
0.215239
0.218602
0.222701
0.227912
0.234692
0.243587
0.255243
0.270418
0.290009
0.315076
0.346886
0.386944
0.437033
0.499215
0.575802
0.669255
0.781991
0.916082
1.07286
1.25248
1.45359
1.67325
1.90727
2.15113
2.40113
2.65459
1.19131
0.412768
0.271482
0.221345
0.198288
0.186729
0.181083
0.17883
0.178652
0.179777
0.181715
0.184132
0.186796
0.18954
0.192248
0.194847
0.197308
0.199641
0.201904
0.204203
0.2067
0.209619
0.213252
0.217963
0.224198
0.23249
0.243469
0.257879
0.276604
0.3007
0.331439
0.370353
0.419277
0.480365
0.556077
0.64908
0.762057
0.897389
1.05672
1.24046
1.44741
1.67466
1.91809
2.17359
2.43886
2.71458
1.16479
0.401396
0.263855
0.215343
0.193133
0.182032
0.176608
0.174421
0.174197
0.175191
0.176933
0.179106
0.181489
0.183923
0.186302
0.188559
0.190668
0.192643
0.194541
0.196467
0.198577
0.201089
0.204283
0.208514
0.214211
0.221891
0.232166
0.245763
0.263552
0.286577
0.316112
0.353708
0.401244
0.460966
0.535478
0.627661
0.740488
0.876687
1.03827
1.22596
1.43878
1.67387
1.92715
2.19495
2.47661
2.77708
1.13472
0.389168
0.255803
0.209055
0.187757
0.177152
0.171981
0.169888
0.169644
0.170537
0.172116
0.174079
0.176218
0.178385
0.180479
0.18244
0.184245
0.185911
0.187493
0.189092
0.19086
0.193006
0.195798
0.199576
0.204753
0.211828
0.221392
0.234155
0.250966
0.272858
0.301097
0.337247
0.383225
0.441359
0.514391
0.605423
0.717731
0.854426
1.01794
1.2094
1.42806
1.67117
1.93464
2.21511
2.51362
2.84009
1.1017
0.376266
0.247424
0.202542
0.1822
0.172118
0.16722
0.16524
0.164999
0.165814
0.167259
0.169045
0.170977
0.172915
0.174767
0.176477
0.178026
0.17943
0.180744
0.182066
0.183539
0.185362
0.187791
0.19115
0.195836
0.202326
0.211191
0.22312
0.238939
0.259665
0.286553
0.321168
0.365459
0.42182
0.493125
0.58269
0.694103
0.830884
0.995939
1.19085
1.41521
1.66635
1.94011
2.23322
2.54812
2.89975
1.06635
0.362878
0.238818
0.195871
0.176511
0.166965
0.162352
0.160497
0.160275
0.161034
0.162368
0.164006
0.165762
0.167508
0.169157
0.170658
0.171995
0.173183
0.174277
0.175368
0.176593
0.17814
0.180252
0.183234
0.187465
0.193398
0.20159
0.212704
0.227538
0.247089
0.272599
0.305624
0.348128
0.402559
0.471908
0.559689
0.669798
0.806183
0.972261
1.17014
1.39981
1.65874
1.94259
2.24785
2.57764
2.95106
1.02927
0.34919
0.23009
0.189113
0.170741
0.161733
0.157407
0.155686
0.155493
0.15621
0.157453
0.158967
0.160577
0.162163
0.163645
0.164976
0.166141
0.167157
0.168074
0.168979
0.170002
0.171318
0.173157
0.175809
0.17963
0.185056
0.192611
0.202933
0.216801
0.235191
0.259321
0.290721
0.331359
0.383722
0.450894
0.536563
0.644916
0.780323
0.946744
1.14687
1.38118
1.64735
1.94075
2.25724
2.59954
2.9889
0.991072
0.335385
0.221341
0.182337
0.164944
0.156465
0.152423
0.150834
0.150676
0.151363
0.152531
0.153941
0.15543
0.156884
0.158231
0.159426
0.160457
0.16134
0.162121
0.162882
0.163744
0.164873
0.166483
0.168848
0.172304
0.177266
0.184234
0.193819
0.206771
0.224027
0.246773
0.276523
0.315227
0.365397
0.430187
0.513403
0.619494
0.753236
0.919141
1.12054
1.35849
1.63096
1.93304
2.25952
2.6115
3.00938
0.952316
0.321636
0.212668
0.175612
0.159175
0.151206
0.147435
0.145974
0.145852
0.146515
0.14762
0.148943
0.15033
0.151678
0.152917
0.154007
0.154937
0.155721
0.156403
0.157058
0.1578
0.158781
0.160204
0.162324
0.165459
0.17
0.176424
0.185315
0.197392
0.213558
0.23496
0.263079
0.299834
0.347712
0.409881
0.490271
0.593539
0.724825
0.889179
1.09061
1.33084
1.60826
1.91776
2.25285
2.61183
3.01079
0.913545
0.308102
0.204162
0.169004
0.153484
0.146
0.142483
0.14114
0.141051
0.141693
0.142743
0.143991
0.145293
0.146554
0.147709
0.14872
0.149577
0.150293
0.150908
0.151492
0.152149
0.153021
0.154294
0.156209
0.159064
0.163226
0.169148
0.177384
0.188622
0.203724
0.223797
0.25027
0.285015
0.330474
0.389803
0.466974
0.566794
0.694707
0.856263
1.05616
1.29692
1.57756
1.893
2.23553
2.60003
2.99534
0.875256
0.294927
0.195904
0.162573
0.147922
0.140889
0.137605
0.136367
0.136304
0.136924
0.137923
0.139105
0.140336
0.141526
0.142615
0.143569
0.144377
0.14505
0.145627
0.146169
0.146772
0.147568
0.148728
0.150476
0.153089
0.156913
0.162373
0.169992
0.180424
0.194488
0.213237
0.238041
0.2707
0.313583
0.369782
0.443253
0.538869
0.662293
0.819517
1.01594
1.255
1.53657
1.85597
2.20453
2.57364
2.96418
0.837893
0.282238
0.187968
0.156372
0.142533
0.135914
0.132836
0.131686
0.131641
0.132236
0.133186
0.134307
0.135476
0.136607
0.137645
0.138559
0.139337
0.139989
0.140549
0.141075
0.141652
0.142401
0.14348
0.145095
0.147503
0.151026
0.156063
0.163104
0.172764
0.185816
0.203252
0.226368
0.256872
0.297028
0.349818
0.419108
0.509746
0.627513
0.778751
0.96953
1.20427
1.48401
1.80487
2.15783
2.53135
2.91872
0.801842
0.270142
0.180412
0.150447
0.137358
0.131111
0.128212
0.127131
0.127092
0.127656
0.128556
0.12962
0.130732
0.131813
0.132811
0.133697
0.13446
0.135108
0.135671
0.136199
0.136772
0.137499
0.138525
0.140037
0.142273
0.145532
0.150182
0.156684
0.165608
0.177677
0.193817
0.215239
0.243541
0.280851
0.329995
0.394677
0.479626
0.590616
0.734209
0.917055
1.14459
1.41924
1.73848
2.09374
2.47162
2.85904
0.767425
0.258723
0.173288
0.144839
0.132431
0.126512
0.123762
0.122731
0.122686
0.123212
0.124058
0.125065
0.126123
0.12716
0.128126
0.128994
0.129752
0.130408
0.130986
0.131534
0.132121
0.132845
0.13384
0.135275
0.137369
0.140395
0.144696
0.150694
0.15892
0.170041
0.184913
0.204652
0.230731
0.26512
0.310445
0.370187
0.448854
0.552079
0.686481
0.859133
1.07642
1.34229
1.65605
2.01057
2.39208
2.78305
0.734899
0.248047
0.166634
0.139577
0.127781
0.122145
0.119514
0.118513
0.118447
0.118927
0.119716
0.120664
0.12167
0.122665
0.123603
0.124459
0.125219
0.125891
0.126494
0.127072
0.127685
0.128423
0.129405
0.130785
0.132762
0.135585
0.139569
0.145101
0.152668
0.162881
0.176522
0.194607
0.218476
0.249919
0.291334
0.345918
0.417873
0.51255
0.63644
0.796814
1.00083
1.25391
1.55755
1.90697
2.28971
2.68638
0.704458
0.238159
0.160475
0.134686
0.123431
0.118034
0.115492
0.1145
0.1144
0.114824
0.11555
0.116437
0.11739
0.118344
0.119256
0.120102
0.120869
0.12156
0.122195
0.122809
0.123458
0.12422
0.125203
0.126545
0.128426
0.131073
0.13477
0.139871
0.146819
0.156168
0.168627
0.185107
0.206811
0.235338
0.272834
0.322175
0.387179
0.472791
0.585174
0.731534
0.919482
1.15572
1.44397
1.78243
2.16156
2.56292
0.676235
0.229088
0.15483
0.130182
0.119399
0.114197
0.111716
0.110714
0.110566
0.110925
0.111582
0.112403
0.1133
0.114212
0.115099
0.115935
0.116708
0.117421
0.11809
0.118744
0.119433
0.120226
0.121219
0.122537
0.12434
0.126832
0.130271
0.134975
0.141345
0.14988
0.161212
0.176154
0.195768
0.22146
0.255114
0.29926
0.357278
0.433605
0.533899
0.665016
0.834636
1.0503
1.31768
1.63815
2.00613
2.40667
0.650312
0.220845
0.149707
0.126075
0.115697
0.11065
0.108202
0.10717
0.106962
0.107247
0.107828
0.10858
0.109418
0.110285
0.111143
0.111968
0.112747
0.11348
0.114181
0.114876
0.115606
0.116434
0.117444
0.118746
0.120485
0.122842
0.126047
0.130388
0.136221
0.143993
0.154265
0.16775
0.185375
0.208359
0.238323
0.277445
0.32864
0.395771
0.483848
0.599121
0.748927
0.941088
1.18262
1.47766
1.82489
2.21447
0.626725
0.213431
0.145108
0.122372
0.112335
0.107402
0.104962
0.103884
0.103602
0.103805
0.104304
0.104981
0.105756
0.106575
0.107401
0.108211
0.108993
0.109744
0.110475
0.111207
0.111978
0.112841
0.11387
0.115163
0.116847
0.119084
0.122079
0.126087
0.131425
0.138488
0.147769
0.15989
0.175651
0.196089
0.222579
0.256953
0.301662
0.359968
0.436147
0.535652
0.665116
0.832052
1.04402
1.30705
1.62348
1.98893
0.605474
0.206838
0.14103
0.119074
0.109316
0.104463
0.102006
0.100865
0.1005
0.100611
0.101022
0.101619
0.102327
0.103094
0.103884
0.104676
0.105455
0.106219
0.106974
0.10774
0.108548
0.109444
0.110492
0.111778
0.113415
0.115546
0.11835
0.122054
0.126937
0.133346
0.141711
0.152569
0.166602
0.184686
0.207962
0.237944
0.27664
0.326724
0.391717
0.476166
0.58575
0.72718
0.907748
1.13429
1.41155
1.73966
0.586535
0.201053
0.137469
0.116179
0.106644
0.101835
0.0993411
0.0981226
0.0976627
0.0976761
0.0979928
0.0985051
0.0991411
0.0998515
0.100602
0.101369
0.102141
0.102911
0.103686
0.10448
0.105319
0.106243
0.107308
0.108589
0.110184
0.112218
0.114849
0.118275
0.122742
0.128552
0.136076
0.145776
0.158229
0.174162
0.194515
0.220511
0.253759
0.296388
0.351196
0.421817
0.512856
0.629912
0.779383
0.967865
1.20106
1.48192
0.569866
0.196059
0.134416
0.113686
0.104319
0.0995234
0.096971
0.0956615
0.0950978
0.0950061
0.0952236
0.0956469
0.096207
0.0968564
0.0975617
0.0983001
0.0990576
0.0998286
0.100615
0.10143
0.102294
0.103241
0.104319
0.105593
0.107149
0.109094
0.111567
0.114741
0.118828
0.124091
0.13085
0.139498
0.150517
0.164512
0.182242
0.204681
0.233092
0.269123
0.314924
0.373282
0.447742
0.542684
0.663262
0.815099
1.00363
1.2329
0.555421
0.191842
0.131866
0.111593
0.102342
0.0975284
0.0948986
0.0934856
0.0928095
0.0926066
0.09272
0.0930501
0.0935304
0.0941147
0.0947701
0.095474
0.0962118
0.0969763
0.0977681
0.0985957
0.099477
0.10044
0.101527
0.102792
0.104308
0.106171
0.1085
0.111443
0.115186
0.119953
0.126019
0.133717
0.14345
0.155714
0.171118
0.190428
0.214617
0.244927
0.282961
0.33077
0.390955
0.466736
0.561951
0.680915
0.82805
1.00717
0.543154
0.188392
0.129815
0.109898
0.100712
0.0958513
0.0931257
0.091597
0.0908003
0.0904804
0.0904854
0.0907188
0.0911157
0.0916309
0.0922321
0.0928963
0.0936083
0.0943597
0.095149
0.0959821
0.0968731
0.0978456
0.098934
0.100186
0.101664
0.103449
0.105644
0.108377
0.111807
0.116126
0.121569
0.128415
0.137002
0.147733
0.161095
0.177685
0.198237
0.223672
0.255144
0.29411
0.342384
0.402198
0.476202
0.5674
0.678946
0.813747
0.533027
0.185702
0.128263
0.108603
0.0994313
0.0944932
0.091653
0.0899965
0.0890712
0.0886289
0.0885215
0.0886547
0.0889651
0.0894079
0.0899508
0.0905706
0.0912512
0.091983
0.0927627
0.0935937
0.0944868
0.0954611
0.0965453
0.0977797
0.0992176
0.100928
0.102999
0.105541
0.108687
0.112603
0.117487
0.123575
0.131146
0.140528
0.152111
0.166355
0.18381
0.205142
0.231162
0.262861
0.301447
0.348369
0.40532
0.474196
0.556969
0.655487
0.525013
0.183776
0.127215
0.107712
0.0985019
0.0934556
0.0904812
0.0886841
0.087622
0.0870517
0.0868281
0.0868583
0.0870793
0.0874468
0.087928
0.0884992
0.0891433
0.0898496
0.090613
0.0914347
0.0923223
0.0932912
0.094365
0.0955774
0.0969734
0.0986119
0.100567
0.102933
0.105823
0.109377
0.113763
0.119177
0.125852
0.134055
0.144095
0.156328
0.171163
0.189074
0.210615
0.236434
0.267287
0.304049
0.347702
0.399304
0.459905
0.530449
0.519107
0.182627
0.126684
0.107232
0.097929
0.0927408
0.0896106
0.0876592
0.0864513
0.0857473
0.0854037
0.0853281
0.0854576
0.0857473
0.0861639
0.0866828
0.0872861
0.0879617
0.0887028
0.0895085
0.0903838
0.0913405
0.0923977
0.0935835
0.0949355
0.0965033
0.0983499
0.100554
0.103212
0.106442
0.110384
0.115203
0.121091
0.128265
0.136973
0.147489
0.160117
0.175192
0.19308
0.214185
0.238946
0.267834
0.30134
0.339942
0.384048
0.433958
0.515326
0.182278
0.126687
0.107178
0.0977197
0.0923519
0.0890419
0.0869204
0.0855567
0.0847128
0.0842453
0.0840615
0.0840976
0.0843076
0.0846575
0.0851213
0.0856801
0.0863204
0.0870339
0.0878178
0.0886745
0.0896128
0.0906479
0.0918027
0.0931085
0.0946069
0.0963507
0.098406
0.100854
0.103794
0.107342
0.111636
0.116834
0.123114
0.130675
0.139728
0.150501
0.163228
0.178146
0.19549
0.215484
0.238333
0.264204
0.293201
0.325328
0.360476
0.513719
0.182768
0.127251
0.107564
0.0978832
0.092293
0.0887751
0.0864655
0.0849346
0.083944
0.0833487
0.0830545
0.0829957
0.0831249
0.0834064
0.0838131
0.0843246
0.0849259
0.0856075
0.0863645
0.0871973
0.0881117
0.0891196
0.0902394
0.091497
0.0929268
0.0945731
0.096491
0.0987486
0.101428
0.104627
0.108459
0.113054
0.11856
0.125133
0.132941
0.142155
0.152938
0.165439
0.179783
0.196056
0.214293
0.23446
0.256437
0.279991
0.304782
0.514376
0.184151
0.128411
0.108412
0.0984308
0.0925681
0.0888098
0.0862912
0.0845803
0.0834353
0.0827082
0.0823014
0.0821469
0.0821946
0.0824071
0.0827554
0.0832176
0.0837774
0.0844235
0.0851495
0.0859539
0.0868399
0.0878164
0.0888979
0.0901055
0.0914677
0.0930211
0.0948116
0.0968958
0.0993419
0.102231
0.105657
0.109727
0.114561
0.120286
0.127035
0.134935
0.144105
0.154634
0.166578
0.179938
0.194649
0.210561
0.227429
0.24489
0.262494
0.517437
0.186502
0.130213
0.109749
0.0993748
0.093181
0.0891443
0.0863926
0.084487
0.0831794
0.0823163
0.0817955
0.0815449
0.0815114
0.0816549
0.0819445
0.0823564
0.0828728
0.083481
0.084173
0.0849453
0.0857993
0.0867409
0.0877815
0.088938
0.0902335
0.0916984
0.0933705
0.0952968
0.0975336
0.100148
0.103217
0.106829
0.111081
0.116078
0.121924
0.128717
0.136543
0.145455
0.155467
0.166533
0.178533
0.191258
0.204399
0.217539
0.230175
0.523104
0.18992
0.132712
0.111602
0.100728
0.0941334
0.0897741
0.086762
0.0846456
0.0831669
0.0821641
0.0815283
0.0811821
0.0810685
0.081144
0.0813754
0.081737
0.0822092
0.0827779
0.0834337
0.0841715
0.0849907
0.085895
0.0868929
0.0879976
0.0892279
0.0906086
0.0921707
0.0939529
0.0960015
0.0983716
0.101127
0.104339
0.108089
0.112459
0.117535
0.123393
0.130095
0.137673
0.146117
0.155359
0.165254
0.17557
0.185977
0.196036
0.205236
0.53166
0.194532
0.135975
0.114006
0.1025
0.095424
0.0906913
0.0873881
0.0850439
0.0833857
0.0822401
0.0814893
0.0810493
0.0808577
0.0808674
0.0810422
0.0813543
0.0817825
0.0823113
0.0829297
0.0836315
0.0844141
0.0852796
0.0862337
0.0872868
0.0884538
0.0897546
0.0912146
0.0928654
0.0947449
0.0968981
0.0993771
0.102241
0.105555
0.109386
0.113804
0.118868
0.124626
0.131096
0.138258
0.146034
0.154275
0.162746
0.17112
0.178964
0.185778
0.543484
0.200502
0.140083
0.116991
0.104699
0.0970454
0.0918818
0.0882548
0.0856656
0.0838204
0.0825304
0.0816663
0.0811355
0.0808694
0.0808166
0.0809375
0.0812022
0.0815876
0.0820768
0.0826577
0.0833227
0.0840682
0.0848941
0.0858044
0.0868067
0.0879127
0.0891383
0.090504
0.0920353
0.093763
0.0957236
0.0979596
0.100519
0.103455
0.106822
0.110675
0.115065
0.120025
0.125569
0.131671
0.138254
0.145175
0.152212
0.15905
0.16528
0.170419
0.559075
0.208035
0.145125
0.120589
0.107323
0.0989817
0.0933241
0.0893393
0.0864891
0.0844518
0.0830182
0.0820446
0.081428
0.0810927
0.0809819
0.0810529
0.0812731
0.0816178
0.0820688
0.0826129
0.0832416
0.0839499
0.0847366
0.0856037
0.0865569
0.0876049
0.0887603
0.0900394
0.0914625
0.0930544
0.0948446
0.0968671
0.0991607
0.101768
0.104734
0.108104
0.111917
0.116201
0.120964
0.12618
0.131781
0.137633
0.143532
0.149188
0.154218
0.158167
0.579085
0.217388
0.151199
0.124821
0.110359
0.101205
0.0949862
0.0906111
0.0874873
0.0852563
0.0836833
0.082607
0.0819121
0.0815146
0.0813523
0.0813784
0.0815581
0.0818652
0.0822802
0.0827891
0.0833825
0.0840546
0.0848031
0.0856286
0.0865348
0.0875284
0.088619
0.0898193
0.0911454
0.0926168
0.0942568
0.0960926
0.098155
0.100478
0.103099
0.106052
0.109371
0.113077
0.117177
0.121648
0.126427
0.131398
0.136377
0.1411
0.145217
0.148303
0.60437
0.228869
0.158405
0.129692
0.113773
0.10367
0.0968235
0.0920302
0.0886263
0.0862058
0.0845025
0.083334
0.0825712
0.0821209
0.0819147
0.0819025
0.0820468
0.0823201
0.0827021
0.083178
0.0837379
0.0843754
0.0850873
0.0858732
0.0867355
0.0876788
0.0887103
0.0898399
0.0910798
0.0924452
0.0939543
0.0956281
0.0974908
0.0995691
0.101892
0.104487
0.107382
0.110593
0.114126
0.117961
0.122046
0.126278
0.130495
0.134464
0.137864
0.140304
0.636072
0.242851
0.166829
0.135178
0.117504
0.10631
0.0987757
0.0935465
0.0898655
0.0872677
0.0854494
0.0842041
0.083387
0.0828954
0.082655
0.082612
0.0827269
0.082971
0.0833234
0.0837691
0.0842977
0.0849026
0.0855801
0.086329
0.0871505
0.0880478
0.0890263
0.0900932
0.0912577
0.0925314
0.0939278
0.0954629
0.0971549
0.0990242
0.101093
0.103382
0.105913
0.1087
0.111746
0.115036
0.118524
0.122125
0.125698
0.129037
0.131854
0.133791
0.675762
0.259763
0.176526
0.141209
0.121452
0.109032
0.100766
0.0950995
0.0911581
0.0884058
0.0864954
0.0851936
0.0843396
0.0838207
0.0835571
0.0834919
0.083584
0.083804
0.0841307
0.0845491
0.085049
0.0856236
0.0862689
0.0869834
0.0877674
0.0886232
0.0895544
0.0905665
0.0916662
0.0928617
0.094163
0.0955815
0.0971304
0.0988242
0.100679
0.10271
0.104933
0.107357
0.109985
0.112804
0.115776
0.118828
0.121843
0.124638
0.126961
0.128484
0.725648
0.280073
0.187479
0.147643
0.12547
0.111712
0.1027
0.0966192
0.0924526
0.0895815
0.0876106
0.0862785
0.0854082
0.0848782
0.0846038
0.0845257
0.0846019
0.0848029
0.0851079
0.0855021
0.0859756
0.0865219
0.0871371
0.0878195
0.0885691
0.0893872
0.0902767
0.0912412
0.0922857
0.0934158
0.0946384
0.0959612
0.0973929
0.098943
0.100622
0.102439
0.104405
0.106524
0.108797
0.111211
0.113733
0.116305
0.118824
0.121137
0.12302
0.124177
0.788842
0.304239
0.199547
0.15424
0.129347
0.114194
0.104466
0.098029
0.0936957
0.0907564
0.0887658
0.0874349
0.0865723
0.0860489
0.0857766
0.0856951
0.0857623
0.0859493
0.086236
0.0866085
0.0870576
0.0875771
0.0881637
0.0888156
0.0895329
0.0903164
0.0911683
0.0920914
0.0930889
0.0941648
0.0953235
0.0965696
0.0979082
0.0993444
0.100884
0.10253
0.104288
0.106158
0.108135
0.110206
0.112342
0.11449
0.116566
0.118438
0.119913
0.120727
0.869605
0.332609
0.212398
0.160633
0.132806
0.11629
0.105944
0.0992508
0.0948359
0.0918951
0.0899344
0.0886411
0.0878121
0.0873137
0.0870565
0.0869805
0.087045
0.0872222
0.0874934
0.0878459
0.0882714
0.0887647
0.0893229
0.0899448
0.0906304
0.0913808
0.0921976
0.0930829
0.0940395
0.0950698
0.0961766
0.0973622
0.0986289
0.0999783
0.101411
0.102928
0.104527
0.106202
0.107944
0.109735
0.111546
0.113329
0.115008
0.116472
0.117557
0.11803
0.973452
0.365245
0.225406
0.166293
0.135499
0.117789
0.107009
0.100212
0.0958294
0.0929688
0.0910953
0.0898787
0.08911
0.0886544
0.0884242
0.0883616
0.0884282
0.0885985
0.0888556
0.0891884
0.08959
0.0900561
0.0905846
0.0911749
0.0918275
0.0925436
0.0933249
0.0941735
0.0950915
0.096081
0.0971436
0.0982804
0.0994916
0.100777
0.102133
0.103557
0.105041
0.106575
0.108144
0.109723
0.111277
0.112758
0.114095
0.115187
0.115893
0.116017
1.10733
0.40165
0.237528
0.170507
0.137017
0.11847
0.107547
0.100854
0.0966464
0.0939601
0.0922351
0.0911347
0.0904513
0.0900543
0.0898608
0.0898173
0.0898891
0.0900536
0.0902963
0.0906081
0.0909835
0.0914194
0.0919147
0.0924695
0.0930848
0.0937623
0.0945041
0.0953125
0.0961896
0.0971375
0.0981575
0.0992503
0.100415
0.10165
0.102952
0.104312
0.105722
0.107165
0.108621
0.110058
0.111434
0.11269
0.113753
0.114523
0.114875
0.114643
1.28028
0.440333
0.247153
0.172364
0.13691
0.11813
0.107473
0.101147
0.097278
0.0948664
0.0933505
0.0924023
0.0918253
0.091499
0.0913486
0.091327
0.0914044
0.091562
0.0917881
0.0920755
0.0924202
0.0928207
0.0932766
0.0937888
0.0943592
0.0949899
0.0956835
0.0964427
0.0972703
0.0981686
0.0991394
0.100184
0.101301
0.102489
0.103745
0.105059
0.106422
0.107814
0.10921
0.110574
0.111854
0.11298
0.113863
0.114393
0.114442
0.113861
1.50482
0.478102
0.251904
0.17077
0.134744
0.116622
0.106758
0.101102
0.0977439
0.0957032
0.0944493
0.0936816
0.0932254
0.0929762
0.092871
0.0928708
0.0929517
0.0930989
0.0933037
0.093561
0.0938685
0.0942257
0.0946331
0.0950926
0.0956063
0.0961772
0.0968084
0.0975032
0.0982649
0.0990966
0.100001
0.10098
0.102034
0.103163
0.104363
0.105629
0.10695
0.108309
0.109681
0.111026
0.112287
0.113384
0.114207
0.114623
0.114474
0.113603
1.79903
0.508646
0.248399
0.164534
0.130187
0.113913
0.105455
0.100785
0.0980963
0.0965055
0.0955504
0.0949791
0.0946487
0.0944766
0.0944138
0.0944308
0.0945101
0.0946411
0.0948179
0.0950374
0.0952987
0.0956023
0.0959494
0.0963423
0.0967837
0.097277
0.0978255
0.0984332
0.099104
0.0998416
0.10065
0.101531
0.102489
0.103524
0.104636
0.105822
0.107075
0.108383
0.109726
0.111069
0.112357
0.113509
0.114402
0.114872
0.114714
0.113709
2.19244
0.519073
0.231995
0.152589
0.123176
0.110163
0.103736
0.100325
0.098422
0.0973252
0.0966818
0.0963061
0.0960959
0.0959936
0.0959656
0.0959924
0.0960626
0.0961696
0.09631
0.0964825
0.096687
0.0969247
0.0971971
0.0975068
0.0978565
0.0982495
0.0986894
0.0991802
0.0997258
0.100331
0.100999
0.101734
0.102542
0.103424
0.104383
0.10542
0.106534
0.107721
0.108968
0.110254
0.111539
0.112758
0.113798
0.11449
0.114585
0.113768
2.75174
0.479669
0.196936
0.134594
0.114182
0.105822
0.101911
0.0999143
0.0988329
0.0982239
0.0978744
0.0976756
0.0975691
0.0975228
0.0975182
0.0975448
0.0975968
0.0976709
0.0977658
0.0978811
0.0980173
0.0981757
0.0983577
0.0985654
0.0988012
0.0990677
0.0993679
0.0997053
0.100083
0.100505
0.100976
0.1015
0.10208
0.102721
0.103428
0.104204
0.105053
0.105976
0.106973
0.108037
0.109155
0.110293
0.111386
0.112315
0.112866
0.112688
3.68419
0.315385
0.13985
0.112343
0.104606
0.101707
0.10042
0.0997828
0.0994448
0.0992579
0.0991531
0.0990956
0.0990673
0.0990583
0.0990628
0.099078
0.099102
0.099134
0.0991739
0.0992218
0.099278
0.0993433
0.0994184
0.0995043
0.0996022
0.0997133
0.0998392
0.0999814
0.100142
0.100322
0.100525
0.100752
0.101006
0.10129
0.101607
0.10196
0.102352
0.102787
0.103269
0.103802
0.104389
0.105033
0.105731
0.106471
0.107214
0.107833
11.3233
8.59879
6.21635
7.87918
13.9042
13.9233
6.23087
5.73166
5.37458
5.63429
5.64692
5.7946
5.87729
5.78164
5.54822
4.81037
3.39989
3.7538
3.95344
4.11185
4.2527
4.32702
4.26113
4.07251
2.38615
2.65374
2.8655
3.02656
3.14941
3.2374
3.28279
3.28074
1.8058
1.98506
2.15284
2.29991
2.42178
2.51724
2.58632
2.62883
1.4488
1.56972
1.69045
1.80608
1.91212
2.0051
2.08285
2.14427
1.21594
1.30139
1.38864
1.47564
1.56012
1.63991
1.71325
1.77915
1.05782
1.12116
1.18628
1.25232
1.31831
1.38329
1.44649
1.5077
0.948375
0.997086
1.04721
1.0984
1.15031
1.20266
1.25529
1.30848
0.873763
0.912214
0.951647
0.991995
1.03324
1.07543
1.11872
1.16352
0.827644
0.858026
0.889262
0.92139
0.954463
0.988606
1.02402
1.06106
0.81099
0.833696
0.857882
0.883416
0.910001
0.937477
0.965745
0.99527
0.81516
0.835904
0.857008
0.878386
0.90059
0.923776
0.945972
0.967604
0.821062
0.837729
0.857501
0.879016
0.903467
0.929875
0.951457
0.970711
0.976274
0.984782
0.994612
1.00296
1.0014
0.987897
0.971418
0.97606
1.06384
1.08438
1.10575
1.12566
1.13989
1.1454
1.14444
1.14471
1.10132
1.12574
1.15039
1.17465
1.19687
1.21542
1.23052
1.2448
1.13427
1.15979
1.18459
1.20859
1.23131
1.25229
1.27161
1.29024
1.18315
1.20936
1.23425
1.25776
1.27972
1.30003
1.31882
1.33669
1.25627
1.28367
1.30934
1.33311
1.35485
1.37449
1.39213
1.40816
1.35428
1.38382
1.41121
1.43627
1.45876
1.47855
1.49567
1.51035
1.47213
1.50567
1.53633
1.56384
1.58809
1.60905
1.62659
1.64082
1.60267
1.6413
1.67677
1.70862
1.73637
1.75968
1.77858
1.79336
1.73972
1.78408
1.82499
1.86192
1.89434
1.92178
1.94385
1.96038
1.87782
1.92829
1.97505
2.01749
2.05503
2.08714
2.11336
2.13342
2.01238
2.06917
2.12203
2.17031
2.21337
2.25064
2.28164
2.30608
2.13972
2.20295
2.26213
2.31657
2.3656
2.40861
2.44509
2.47479
2.25716
2.32697
2.39273
2.45375
2.50934
2.55887
2.60183
2.638
2.36317
2.43975
2.51249
2.58071
2.64371
2.70085
2.75164
2.79588
2.45754
2.54128
2.62165
2.69799
2.76964
2.83592
2.89634
2.95074
2.54155
2.63319
2.72225
2.80815
2.89022
2.9678
3.04031
3.10758
2.61796
2.71877
2.81822
2.91586
3.01102
3.10296
3.19097
3.27468
2.69072
2.80269
2.91515
3.02779
3.13997
3.25076
3.35911
3.46418
2.76434
2.89032
3.01952
3.15187
3.28674
3.42292
3.55866
3.69215
2.84283
2.98656
3.13742
3.29584
3.46132
3.6322
3.80559
3.97788
2.92868
3.09438
3.27281
3.46528
3.67174
3.89003
4.11563
4.34199
3.02176
3.21351
3.42562
3.66109
3.92091
4.20277
4.50007
4.80198
3.11869
3.33925
3.59
3.87672
4.20266
4.56614
4.95862
5.36379
3.2127
3.46202
3.75303
4.09569
4.4971
4.95802
5.46902
6.00794
3.29436
3.56806
3.89512
4.29073
4.76782
5.33209
5.97596
6.67271
3.35357
3.64233
3.99358
4.42797
4.96541
5.61936
6.38842
7.24613
3.38281
3.67367
4.0307
4.47836
5.04285
5.74658
6.5979
7.57757
3.38
3.66042
4.00329
4.43367
4.9807
5.6731
6.52911
7.5424
3.35068
3.61318
3.9271
4.31531
4.80552
5.42747
6.20618
7.14929
3.30232
3.54364
3.82304
4.15988
4.57838
5.10563
5.76683
6.57313
3.24106
3.46188
3.70692
3.99153
4.33582
4.7633
5.29787
5.95574
3.17052
3.37477
3.59001
3.82735
4.10234
4.43415
4.84373
5.34843
3.09076
3.28469
3.47811
3.67787
3.89482
4.1435
4.44094
4.80313
2.99779
3.18887
3.37099
3.54695
3.72312
3.90961
4.11983
4.36864
2.88343
3.07847
3.26017
3.42778
3.5834
3.73246
3.88402
4.05029
2.73687
2.93972
3.12932
3.30233
3.45716
3.5945
3.71798
3.83439
2.54847
2.75804
2.9584
3.14503
3.31402
3.46253
3.58941
3.69569
2.31482
2.52462
2.73152
2.93124
3.11937
3.29161
3.44428
3.57487
2.04241
2.2422
2.44536
2.6488
2.84891
3.04177
3.22347
3.3906
1.74783
1.92695
2.11388
2.30692
2.50377
2.70166
2.89764
3.08882
1.45341
1.60423
1.76476
1.93448
2.11225
2.29647
2.4853
2.67669
1.18038
1.29999
1.42907
1.56783
1.71596
1.87274
2.03716
2.20791
0.943469
1.03342
1.13131
1.23771
1.35278
1.47632
1.60788
1.74666
0.748944
0.813694
0.884415
0.961781
1.04616
1.13761
1.23601
1.34088
0.595861
0.640939
0.690161
0.744162
0.803348
0.867902
0.937835
1.01291
0.478852
0.509505
0.542865
0.579475
0.61971
0.663779
0.71176
0.763536
0.390926
0.411452
0.433664
0.45801
0.484814
0.514273
0.546487
0.581412
0.325313
0.338927
0.353547
0.36954
0.38718
0.406643
0.428031
0.451344
0.276313
0.285286
0.294826
0.30524
0.31676
0.329539
0.343678
0.359201
0.239485
0.245367
0.251537
0.258257
0.265726
0.274079
0.283412
0.293763
0.211524
0.215355
0.219296
0.223575
0.228365
0.233787
0.239932
0.246847
0.190037
0.192507
0.194974
0.197637
0.200649
0.204121
0.208137
0.212749
0.173312
0.174877
0.176367
0.177959
0.179787
0.181952
0.184533
0.187584
0.160132
0.161091
0.161934
0.162813
0.163849
0.165134
0.166741
0.168722
0.149629
0.150181
0.150592
0.150997
0.151502
0.152189
0.153127
0.154369
0.141183
0.141456
0.141578
0.141664
0.14181
0.14209
0.142565
0.143287
0.134344
0.134422
0.134345
0.134216
0.134116
0.134113
0.134263
0.134614
0.128786
0.12872
0.128501
0.128218
0.127945
0.127742
0.127659
0.127739
0.12427
0.124088
0.123758
0.123358
0.122955
0.122601
0.122341
0.122217
0.120625
0.120338
0.119909
0.119409
0.118896
0.118417
0.118014
0.117724
0.117731
0.117335
0.116806
0.116207
0.115589
0.114994
0.114461
0.114021
0.115504
0.114988
0.114347
0.113638
0.112907
0.112191
0.111524
0.110937
0.11389
0.113235
0.112462
0.111624
0.110762
0.109908
0.109092
0.108342
0.112847
0.112033
0.111105
0.110114
0.109095
0.108077
0.107085
0.106144
0.112325
0.111338
0.110236
0.109069
0.107869
0.106656
0.105449
0.104274
0.112222
0.111076
0.109798
0.108445
0.107047
0.105612
0.104148
0.102684
0.112271
0.111058
0.109662
0.108155
0.106575
0.104912
0.103155
0.101342
0.111684
0.110725
0.109494
0.108042
0.106398
0.104496
0.102421
0.100221
0.107973
0.107854
0.107486
0.10681
0.105776
0.103672
0.101306
0.098822
2.47776
2.02044
1.66635
1.26177
0.998429
0.846974
0.747045
0.666732
0.594505
0.527165
0.464313
0.406428
0.354011
0.307313
0.266317
0.231504
0.202122
0.177364
0.156607
0.139332
0.125083
0.113453
0.104076
0.096621
0.090796
0.0863419
0.0830045
0.080544
0.0787603
0.0774868
0.0765941
0.076003
0.0757133
0.0758756
0.0769989
0.0807321
0.094326
0.188458
4.03488
4.40604
3.9062
2.80098
2.02212
1.54278
1.25957
1.05931
0.900729
0.767837
0.653521
0.554822
0.470055
0.397792
0.337379
0.287516
0.246229
0.21203
0.183777
0.160558
0.141605
0.12626
0.113954
0.104195
0.096565
0.0907104
0.0862899
0.0830128
0.080639
0.078972
0.0778602
0.0772104
0.0770179
0.0774443
0.079043
0.083622
0.0991797
0.203835
3.77012
3.49067
3.22228
3.51706
3.44539
2.81903
2.23227
1.78193
1.44688
1.18426
0.970489
0.794967
0.651395
0.53533
0.442371
0.367988
0.308156
0.259801
0.220658
0.189024
0.16356
0.143176
0.126969
0.11419
0.104224
0.096572
0.0907628
0.0864275
0.0832698
0.081051
0.079588
0.0787651
0.0785649
0.0791516
0.0811178
0.0864301
0.103869
0.219414
3.17854
3.00768
2.87461
2.68468
2.59553
3.0301
3.19068
2.79688
2.2947
1.85824
1.49097
1.18814
0.943954
0.751225
0.601613
0.486099
0.396478
0.326331
0.271027
0.227278
0.192676
0.165376
0.143923
0.127157
0.114156
0.104196
0.0966106
0.0909185
0.0867433
0.0837867
0.0818212
0.0806981
0.0803785
0.0810214
0.0832514
0.0891911
0.108414
0.235007
2.65015
2.60694
2.51635
2.41014
2.32848
2.19401
2.31492
2.81171
2.94946
2.6498
2.20402
1.77109
1.39442
1.08611
0.84504
0.661984
0.524251
0.420047
0.340372
0.278929
0.231337
0.194439
0.165865
0.143799
0.126844
0.113909
0.104056
0.0966403
0.0911684
0.0872571
0.0846167
0.0830528
0.0824943
0.0830865
0.0854786
0.0919423
0.112847
0.250623
2.22002
2.24329
2.22487
2.17773
2.10605
2.03717
1.97392
1.89993
2.14735
2.68266
2.72682
2.4101
1.98159
1.56221
1.20362
0.921484
0.709618
0.552894
0.436434
0.348996
0.282809
0.23249
0.194178
0.165022
0.142911
0.126112
0.113365
0.103772
0.096669
0.0915503
0.0880396
0.0858789
0.0849533
0.0853841
0.0878359
0.0947214
0.117207
0.266328
1.87857
1.93983
1.96293
1.95832
1.9315
1.88901
1.83442
1.78987
1.73298
1.75608
2.19156
2.57122
2.46748
2.09997
1.67078
1.28207
0.971872
0.739624
0.5693
0.444132
0.351423
0.282329
0.230664
0.191983
0.163068
0.141281
0.124849
0.112519
0.103382
0.096761
0.0921576
0.089228
0.0877969
0.0879502
0.0903577
0.0975639
0.121533
0.282211
1.60904
1.68998
1.73907
1.76182
1.76368
1.74936
1.72148
1.68333
1.64401
1.61222
1.58367
1.80279
2.30408
2.40075
2.12385
1.71219
1.31494
0.992205
0.749732
0.572211
0.44254
0.347489
0.277611
0.226159
0.188264
0.160004
0.138873
0.12311
0.111454
0.102985
0.0970374
0.0931487
0.0910632
0.0908173
0.0930744
0.100501
0.125863
0.298354
1.40061
1.4865
1.54974
1.59091
1.61253
1.61792
1.61011
1.59147
1.56418
1.5317
1.50578
1.47962
1.60714
2.04605
2.26632
2.07305
1.6926
1.30428
0.983255
0.740226
0.561858
0.432036
0.337761
0.26941
0.219646
0.182973
0.15585
0.135791
0.121033
0.110315
0.102738
0.0976817
0.0947827
0.0940105
0.0960096
0.103558
0.130229
0.314831
1.24281
1.32449
1.392
1.44352
1.47881
1.49895
1.50586
1.5017
1.48853
1.4677
1.44189
1.41887
1.40044
1.47655
1.84513
2.11519
1.97538
1.62638
1.25782
0.949096
0.713375
0.539836
0.414071
0.323846
0.2585
0.210953
0.176226
0.150814
0.13226
0.118829
0.109305
0.102855
0.0989742
0.0975449
0.0991775
0.106752
0.134653
0.331694
1.12721
1.19996
1.26484
1.31945
1.36228
1.3927
1.41096
1.41813
1.41576
1.40551
1.38887
1.36794
1.348
1.33584
1.40221
1.7201
1.97508
1.85198
1.52869
1.18517
0.895493
0.672975
0.509183
0.391295
0.306113
0.244728
0.20044
0.168416
0.145254
0.128584
0.116762
0.108676
0.10364
0.101421
0.102581
0.110089
0.13915
0.348972
1.0485
1.11023
1.1682
1.22026
1.2648
1.30045
1.3263
1.34216
1.34854
1.34654
1.33766
1.32342
1.30557
1.28886
1.281
1.36129
1.65037
1.85286
1.7171
1.41281
1.09614
0.829461
0.625075
0.473468
0.363637
0.284995
0.228875
0.188782
0.160092
0.139599
0.125102
0.115129
0.108762
0.105624
0.106208
0.113564
0.143723
0.366664
1.00777
1.05704
1.10398
1.14864
1.18977
1.22548
1.25436
1.27543
1.28815
1.29271
1.28995
1.28127
1.26819
1.2524
1.2387
1.23641
1.34107
1.61486
1.73976
1.57855
1.29094
1.00144
0.758103
0.569965
0.431443
0.332121
0.261741
0.211992
0.176778
0.151839
0.134277
0.122164
0.114295
0.110116
0.110031
0.117159
0.14836
0.384738
1.00578
1.04374
1.077
1.11025
1.14283
1.17254
1.19915
1.22104
1.23675
1.24551
1.2473
1.24288
1.23361
1.22093
1.20666
1.19628
1.20669
1.34563
1.59065
1.62732
1.44004
1.16668
0.899597
0.677756
0.508659
0.385889
0.298951
0.237961
0.195208
0.1652
0.144188
0.129695
0.120167
0.114838
0.114004
0.120839
0.153038
0.403119
1.00876
1.04848
1.07761
1.10493
1.12849
1.1478
1.16676
1.18347
1.19745
1.20715
1.21124
1.20956
1.20288
1.19258
1.17995
1.16738
1.16104
1.19962
1.37856
1.55586
1.50978
1.29907
1.03565
0.790578
0.59273
0.445238
0.339989
0.266362
0.215142
0.179487
0.154678
0.137592
0.126273
0.119708
0.118062
0.124555
0.157717
0.421693
1.15545
1.09483
1.08418
1.10774
1.13169
1.14793
1.16047
1.16785
1.17477
1.18038
1.18351
1.18252
1.17703
1.16792
1.15651
1.14398
1.13375
1.13543
1.2204
1.4128
1.49852
1.38373
1.15338
0.900734
0.679718
0.50823
0.38383
0.296585
0.236168
0.194404
0.165521
0.145683
0.132479
0.124619
0.122122
0.128244
0.162344
0.440307
1.27147
1.28849
1.29095
1.29197
1.17568
1.15526
1.16412
1.16928
1.17055
1.16829
1.16612
1.16277
1.15673
1.14757
1.13628
1.12409
1.11245
1.10604
1.13325
1.26968
1.4272
1.41667
1.24351
1.00074
0.764938
0.572204
0.428964
0.327722
0.257702
0.209548
0.176429
0.153753
0.138621
0.129445
0.126086
0.131828
0.166854
0.458764
1.32226
1.35573
1.38818
1.41966
1.41497
1.38662
1.28669
1.18791
1.17212
1.16848
1.15988
1.15074
1.14191
1.13152
1.11943
1.10674
1.09436
1.08517
1.08948
1.16762
1.33011
1.40519
1.30221
1.08484
0.84377
0.634104
0.473504
0.358607
0.278998
0.224423
0.187056
0.161551
0.144512
0.134044
0.129844
0.135222
0.171169
0.476838
1.36669
1.39833
1.42959
1.46216
1.48709
1.50428
1.49282
1.43228
1.32113
1.18221
1.16066
1.14548
1.13142
1.11878
1.10538
1.09165
1.07867
1.06777
1.06347
1.09994
1.23837
1.36535
1.3316
1.14986
0.912333
0.690861
0.515369
0.387902
0.299199
0.238465
0.197017
0.168806
0.149953
0.138265
0.13328
0.138334
0.175207
0.494275
1.43357
1.45739
1.47853
1.50028
1.52151
1.54168
1.55462
1.55005
1.50477
1.38128
1.20162
1.14318
1.12369
1.10764
1.09291
1.07811
1.06426
1.05223
1.04509
1.06063
1.16638
1.31424
1.3379
1.19528
0.967886
0.739742
0.552505
0.414224
0.317403
0.251084
0.205916
0.175241
0.154745
0.14196
0.136281
0.141074
0.178883
0.510808
1.53168
1.54686
1.5558
1.56258
1.56949
1.57814
1.58766
1.59279
1.57844
1.51937
1.38296
1.17246
1.11868
1.09676
1.08053
1.06505
1.05042
1.03758
1.029
1.03635
1.12054
1.26933
1.33044
1.22289
1.00902
0.77864
0.58311
0.436283
0.332749
0.261712
0.213374
0.180595
0.1587
0.144991
0.13874
0.143358
0.182117
0.526171
1.65961
1.66742
1.66481
1.65639
1.64636
1.63833
1.63411
1.6318
1.62257
1.5879
1.50071
1.32554
1.10922
1.0852
1.06718
1.05155
1.03657
1.02326
1.01376
1.01556
1.08672
1.23544
1.31719
1.23595
1.03565
0.806264
0.605815
0.453019
0.344505
0.269863
0.219066
0.184646
0.161663
0.147242
0.140572
0.145115
0.184838
0.540114
1.81139
1.81386
1.80154
1.77946
1.75294
1.72714
1.70586
1.68982
1.674
1.64438
1.57569
1.44165
1.17885
1.07496
1.05308
1.03722
1.02224
1.00878
0.99852
0.997154
1.05854
1.21238
1.30313
1.23768
1.04845
0.822042
0.619762
0.46369
0.352135
0.275174
0.222749
0.187228
0.163516
0.14863
0.14171
0.146293
0.186989
0.552418
1.97945
1.97891
1.95932
1.92595
1.88485
1.84222
1.80336
1.77098
1.74262
1.70733
1.64117
1.51767
1.28508
1.05522
1.03752
1.02187
1.00721
0.993746
0.983296
0.98142
1.04384
1.206
1.2921
1.23039
1.04829
0.825936
0.62459
0.46792
0.355345
0.277437
0.224283
0.188248
0.164196
0.149106
0.142119
0.14686
0.188532
0.562908
2.15648
2.15544
2.1314
2.08967
2.03661
1.97907
1.92328
1.87329
1.82833
1.7794
1.70426
1.57551
1.35709
1.04353
1.02196
1.00588
0.991453
0.978101
0.967938
0.967188
1.04451
1.21587
1.28371
1.2151
1.03608
0.818387
0.620439
0.465718
0.354104
0.27662
0.223644
0.18769
0.163691
0.148665
0.141793
0.14681
0.189448
0.571463
2.336
2.33764
2.31244
2.26566
2.20366
2.13341
2.06159
1.99295
1.92782
1.85852
1.76474
1.61944
1.39829
1.05006
1.0063
0.989161
0.97487
0.961819
0.952326
0.954297
1.06836
1.23822
1.27472
1.19193
1.01285
0.800315
0.607935
0.457464
0.348636
0.272859
0.22092
0.185613
0.162045
0.14734
0.140759
0.146161
0.189744
0.578021
2.51323
2.52192
2.49918
2.45096
2.38307
2.30208
2.21455
2.12556
2.03627
1.9404
1.81987
1.64969
1.41051
1.03367
0.986824
0.971042
0.957436
0.945018
0.93673
0.944785
1.12198
1.26427
1.26093
1.16061
0.979713
0.772998
0.588089
0.443847
0.339382
0.266438
0.216296
0.182146
0.159351
0.145198
0.139069
0.144951
0.189445
0.582579
2.68747
2.70723
2.69086
2.64477
2.5736
2.48288
2.37856
2.26587
2.14697
2.0176
1.86232
1.65977
1.39088
1.0033
0.965829
0.951976
0.939285
0.92787
0.92174
0.942425
1.20508
1.28298
1.23853
1.12086
0.937851
0.737957
0.562178
0.425771
0.326944
0.257748
0.210036
0.177471
0.155739
0.14234
0.136797
0.143239
0.188592
0.585192
2.85952
2.89391
2.88841
2.84787
2.77501
2.6737
2.54903
2.40662
2.25051
2.07945
1.88144
1.64045
1.33495
0.966574
0.944204
0.932399
0.920618
0.910634
0.9085
0.959366
1.28595
1.28191
1.2053
1.07268
0.888587
0.696858
0.531612
0.404254
0.312008
0.247249
0.20245
0.171804
0.151368
0.138881
0.134036
0.141097
0.187246
0.585963
3.03249
3.08584
3.09502
3.06214
2.98693
2.87098
2.71869
2.53712
2.33389
2.11246
1.86525
1.58257
1.23227
0.931676
0.922238
0.912315
0.901536
0.893752
0.900557
1.04255
1.33483
1.25944
1.16134
1.01663
0.833432
0.65141
0.497816
0.380336
0.29529
0.235424
0.193868
0.165378
0.146406
0.134953
0.130887
0.138605
0.185473
0.585036
3.21228
3.28911
3.31549
3.28963
3.20723
3.06758
2.87547
2.64145
2.37956
2.09975
1.79956
1.47253
1.04368
0.909785
0.900388
0.891457
0.882404
0.87855
0.910425
1.22873
1.32865
1.2198
1.1075
0.953758
0.774074
0.603293
0.462147
0.355001
0.277471
0.222741
0.184618
0.158428
0.141029
0.130688
0.127453
0.135848
0.183348
0.582583
3.40834
3.51277
3.55613
3.53137
3.42995
3.25034
3.00024
2.69691
2.36448
2.02054
1.66658
1.27996
0.895698
0.883342
0.877971
0.87035
0.864234
0.87046
0.982664
1.36716
1.28676
1.16824
1.04487
0.88564
0.712306
0.554088
0.425827
0.329134
0.25917
0.20963
0.175001
0.151173
0.1354
0.126214
0.123838
0.132909
0.180948
0.578791
3.63455
3.76974
3.82487
3.7864
3.64352
3.39835
3.06572
2.67336
2.26052
1.85243
1.44193
0.946582
0.86061
0.858702
0.854678
0.849686
0.849286
0.895239
1.22906
1.37297
1.22629
1.10779
0.975029
0.814254
0.649912
0.505207
0.389902
0.303478
0.240911
0.196463
0.165287
0.143812
0.12967
0.121648
0.120135
0.129867
0.178344
0.573857
3.9099
4.07797
4.13224
4.05218
3.8315
3.48502
3.03836
2.53186
2.03357
1.56657
1.0556
0.831882
0.83243
0.833363
0.831252
0.830751
0.84951
1.09422
1.40939
1.30505
1.15887
1.03998
0.900068
0.741705
0.588534
0.457834
0.355207
0.278625
0.223118
0.183546
0.155701
0.136514
0.123972
0.117096
0.11643
0.126793
0.175607
0.567973
4.25874
4.46211
4.49418
4.32876
3.98074
3.49133
2.88869
2.22117
1.62346
1.05749
0.797409
0.800791
0.806029
0.807906
0.809312
0.818756
0.970252
1.41187
1.3986
1.21987
1.08887
0.96615
0.822322
0.66999
0.52956
0.412888
0.322368
0.255019
0.20611
0.171116
0.146422
0.129419
0.118415
0.112647
0.112796
0.123751
0.172799
0.561321
4.70979
4.95548
4.93723
4.62885
4.10346
3.44783
2.63927
1.70542
0.913282
0.772206
0.769565
0.775825
0.780789
0.784487
0.791913
0.874452
1.38227
1.49608
1.30369
1.1366
1.01599
0.887977
0.744112
0.600842
0.474057
0.371014
0.291804
0.232957
0.190114
0.159348
0.137587
0.122635
0.113087
0.108372
0.109294
0.120792
0.169972
0.554068
5.29221
5.59991
5.50192
4.98801
4.26068
3.49025
2.52049
1.02385
0.766668
0.753379
0.752503
0.755949
0.759712
0.766374
0.808295
1.3103
1.58109
1.40923
1.19683
1.05838
0.939518
0.807493
0.667588
0.535635
0.422755
0.332606
0.263763
0.212622
0.175275
0.148361
0.129296
0.116245
0.108057
0.104328
0.105972
0.117958
0.167173
0.546363
6.02539
6.43828
6.23184
5.44107
4.52192
3.76561
2.80852
0.875737
0.763169
0.7481
0.74364
0.744179
0.748218
0.77396
1.17686
1.64194
1.52445
1.27463
1.10367
0.982033
0.859855
0.726999
0.5946
0.475349
0.376078
0.297843
0.238343
0.194093
0.161669
0.138227
0.121611
0.110304
0.103371
0.100557
0.102864
0.115282
0.164438
0.538334
6.89899
7.49064
7.13763
5.96319
4.85565
4.32436
3.78749
1.22966
0.790075
0.757394
0.745414
0.745699
0.769994
1.04871
1.70055
1.63456
1.36399
1.15896
1.02319
0.904938
0.779106
0.648886
0.526597
0.420581
0.334184
0.266734
0.215538
0.17738
0.149319
0.128978
0.11457
0.104847
0.0990634
0.0970872
0.0999971
0.112788
0.161794
0.530086
7.8469
8.68406
8.14726
6.40024
5.05268
4.68138
4.48816
3.86751
0.989522
0.817114
0.776868
0.79474
0.998898
1.65319
1.7231
1.45184
1.22334
1.0685
0.946368
0.825274
0.699001
0.57564
0.464674
0.37161
0.297029
0.239169
0.195257
0.162433
0.138212
0.120619
0.108186
0.0998925
0.0951512
0.0939355
0.0973862
0.11049
0.159262
0.521707
8.73171
9.88133
9.0792
6.629
4.84618
4.23086
3.93199
3.67134
3.16263
1.53836
1.07515
1.31948
1.60372
1.66982
1.50506
1.28816
1.12106
0.989461
0.867633
0.744107
0.621618
0.508043
0.409555
0.328542
0.264443
0.214956
0.177362
0.149171
0.128302
0.113132
0.102455
0.0954437
0.0916412
0.0911094
0.0950387
0.108396
0.156856
0.513263
9.33389
10.8583
9.68547
6.49256
4.066
3.66746
3.75304
2.7852
2.29495
1.90205
1.55479
1.51644
1.53855
1.48287
1.33964
1.17984
1.03821
0.909933
0.785555
0.663665
0.548955
0.446958
0.360876
0.291123
0.236238
0.193886
0.161692
0.137489
0.119531
0.106484
0.0973627
0.0914939
0.088531
0.0886083
0.0929554
0.106511
0.154585
0.504803
9.42055
11.2875
9.68701
5.59396
2.90898
1.71281
3.39983
4.0117
2.64124
2.13204
1.83191
1.64888
1.52782
1.40226
1.24951
1.09569
0.95524
0.825237
0.702042
0.586654
0.482583
0.392832
0.318472
0.258765
0.211903
0.17571
0.148104
0.127291
0.111835
0.100638
0.0928847
0.0880286
0.0858111
0.086426
0.0911325
0.104832
0.152456
0.496359
8.9325
11.0092
8.54689
2.7255
1.32531
0.687097
0.781393
2.75427
3.79048
2.72798
2.32939
1.94839
1.62466
1.37736
1.17638
1.00896
0.865681
0.737676
0.620937
0.515671
0.423568
0.345738
0.28198
0.231017
0.191017
0.16005
0.136355
0.118448
0.105151
0.0955568
0.0889985
0.0850319
0.08347
0.0845545
0.0895677
0.103377
0.150639
0.488079
8.09887
10.3159
7.80112
2.07032
0.721188
0.655246
0.666486
0.705817
2.65181
3.00411
2.56939
2.1459
1.68026
1.33471
1.09315
0.915725
0.774159
0.653042
0.546298
0.452682
0.37242
0.305445
0.250918
0.207395
0.173183
0.146623
0.126241
0.110818
0.0993799
0.0911799
0.0856673
0.082481
0.0814926
0.0829839
0.0882573
0.102153
0.149117
0.480048
7.1772
9.26072
8.14902
1.00155
0.686817
0.6437
0.630828
0.647804
0.793678
2.39011
2.43873
2.14011
1.65914
1.26788
1.00519
0.825029
0.688961
0.576991
0.481086
0.398721
0.3291
0.271479
0.224726
0.187411
0.158027
0.135159
0.117579
0.104274
0.0944376
0.0874489
0.0828492
0.0803442
0.0798539
0.0816944
0.0871852
0.101146
0.147846
0.472222
6.26939
7.96387
8.5851
0.880697
0.691666
0.645008
0.613638
0.605824
0.636327
0.98726
2.2098
2.02293
1.60109
1.19937
0.92736
0.747227
0.616717
0.51307
0.426664
0.353873
0.293115
0.24319
0.202808
0.170593
0.1452
0.125415
0.110198
0.0987007
0.090245
0.0843072
0.0805021
0.078589
0.0785283
0.0806651
0.0863347
0.100342
0.146793
0.464577
5.45132
6.73974
8.2431
1.20081
0.727211
0.661261
0.611209
0.58615
0.591107
0.660117
1.37021
1.91284
1.54955
1.14982
0.870664
0.688419
0.560473
0.46233
0.382909
0.317466
0.263649
0.219829
0.184561
0.15649
0.134382
0.117167
0.103947
0.0939937
0.0867276
0.0817007
0.0785847
0.0771828
0.0774893
0.0798749
0.0856887
0.0997237
0.145928
0.457096
4.80776
5.75326
6.9528
5.98247
0.810401
0.703384
0.622897
0.580235
0.572856
0.599353
0.936061
1.89805
1.53411
1.12889
0.838475
0.649445
0.519838
0.423781
0.34862
0.288334
0.239705
0.200614
0.169405
0.144687
0.125284
0.110217
0.0986882
0.0900564
0.0838162
0.0795771
0.0770563
0.0760929
0.0767103
0.0793016
0.0852294
0.0992768
0.145221
0.449771
4.3316
4.96564
5.88016
6.50364
1.12165
0.803228
0.648196
0.584793
0.570228
0.610074
0.972674
1.96014
1.55708
1.13382
0.82707
0.626863
0.491932
0.395091
0.321953
0.265061
0.220229
0.184782
0.156801
0.134811
0.117648
0.104388
0.0942976
0.0868005
0.0814453
0.0778862
0.0758768
0.0752866
0.0761643
0.0789233
0.084938
0.0989829
0.144639
0.442609
4.00483
4.34429
4.8566
5.25737
4.10378
0.968189
0.687581
0.598275
0.584405
0.724318
1.29545
2.04576
1.60752
1.15449
0.828168
0.614589
0.472471
0.373273
0.300821
0.246186
0.204202
0.171628
0.146265
0.126531
0.111248
0.0995218
0.0906643
0.0841448
0.0795531
0.0765791
0.0750065
0.0747312
0.0758244
0.0787173
0.0847953
0.0988221
0.144146
0.435623
3.82276
3.97741
4.13891
4.26537
4.12524
2.82687
0.902264
0.654398
0.715266
0.988105
1.87217
2.1296
1.65746
1.17494
0.830947
0.605414
0.456752
0.355259
0.283201
0.230362
0.19072
0.160541
0.137381
0.119562
0.105887
0.0954805
0.0876878
0.0820135
0.0780806
0.0756083
0.0744065
0.0743944
0.0756635
0.0786609
0.0847811
0.0987727
0.143709
0.428831
3.72693
3.86045
3.88497
3.79753
3.60992
3.1308
2.0973
1.31286
1.36748
1.76501
2.33174
2.21923
1.67802
1.17711
0.824189
0.592396
0.440488
0.338364
0.267374
0.216463
0.179031
0.151014
0.129805
0.113666
0.101397
0.0921419
0.0852765
0.0803358
0.0769711
0.0749274
0.0740384
0.0742443
0.0756549
0.0787314
0.0848749
0.0988125
0.143302
0.422249
3.60181
3.82964
3.92919
3.86564
3.65569
3.34961
2.95768
2.48178
2.34441
2.53958
2.61908
2.23174
1.64188
1.14603
0.799125
0.570371
0.420573
0.320655
0.252094
0.20366
0.168573
0.142657
0.123261
0.108646
0.0976332
0.0893978
0.0833468
0.0790448
0.0761699
0.0744913
0.0738646
0.0742496
0.0757723
0.0789061
0.085056
0.0989198
0.142904
0.415884
3.34788
3.68049
3.92058
4.02301
3.97275
3.79573
3.552
3.2774
3.10106
2.96582
2.66478
2.12125
1.53905
1.07616
0.752409
0.537233
0.395609
0.30116
0.23666
0.19144
0.158966
0.135188
0.117538
0.104343
0.0944742
0.0871525
0.0818217
0.0780774
0.0756247
0.0742564
0.0738488
0.0743797
0.0759897
0.0791623
0.0853035
0.0990736
0.142503
0.409735
2.94796
3.3284
3.65362
3.88034
3.98075
3.94536
3.80154
3.57388
3.30057
2.94826
2.47165
1.90552
1.38022
0.973183
0.686827
0.494148
0.365937
0.279842
0.220886
0.179579
0.149995
0.128421
0.112484
0.10063
0.0918165
0.0853208
0.0806303
0.0773744
0.075286
0.0741812
0.0739561
0.0746052
0.0762819
0.0794779
0.0855971
0.0992546
0.142089
0.403795
2.45721
2.82222
3.15555
3.41861
3.58065
3.62584
3.54733
3.34431
3.03068
2.61761
2.13016
1.62748
1.18806
0.849955
0.609276
0.444551
0.333142
0.257347
0.204971
0.16807
0.141576
0.122247
0.107987
0.0974083
0.0895724
0.0838268
0.0797076
0.0768806
0.0751071
0.0742264
0.0741536
0.0748982
0.0766248
0.0798315
0.085917
0.099445
0.141656
0.398052
1.95372
2.2632
2.55357
2.79288
2.95378
3.02156
2.97423
2.80357
2.51944
2.14928
1.73598
1.33292
0.987997
0.721179
0.52788
0.392699
0.299331
0.234651
0.189313
0.157037
0.1337
0.116605
0.103969
0.0945967
0.0876667
0.0826032
0.0789948
0.0765455
0.0750452
0.074356
0.0744107
0.0752325
0.0769956
0.0802027
0.0862448
0.0996286
0.141194
0.392499
1.50005
1.74005
1.96739
2.15758
2.29004
2.35078
2.31832
2.18531
1.96129
1.67303
1.35865
1.05795
0.800898
0.599177
0.449688
0.342442
0.266508
0.212739
0.174358
0.146646
0.126399
0.111462
0.100372
0.0921298
0.0860349
0.0815907
0.0784396
0.0763237
0.0750617
0.0745372
0.0746996
0.0755841
0.0773734
0.0805729
0.0865637
0.0997914
0.140698
0.387129
1.12849
1.30313
1.46858
1.60717
1.70543
1.75036
1.72644
1.62923
1.46701
1.26038
1.03697
0.82367
0.639412
0.491792
0.37945
0.296527
0.236182
0.19239
0.160477
0.137047
0.119709
0.106797
0.0971506
0.0899527
0.0846218
0.0807379
0.0779961
0.0761757
0.0751227
0.0747412
0.0749956
0.0759319
0.0777395
0.0809254
0.086859
0.0999215
0.14016
0.381942
0.844272
0.966093
1.08086
1.17603
1.24464
1.27448
1.2564
1.18839
1.07683
0.935788
0.783415
0.636844
0.508049
0.402292
0.319447
0.256432
0.209238
0.174095
0.147914
0.128342
0.11365
0.102591
0.094264
0.0880186
0.0833803
0.0800011
0.0776253
0.0760676
0.0751994
0.0749433
0.0752775
0.0762573
0.0780777
0.081246
0.0871181
0.100009
0.139578
0.37694
0.636527
0.719484
0.797088
0.860869
0.906215
0.924564
0.910789
0.864266
0.789517
0.695566
0.593696
0.494494
0.405529
0.330525
0.270008
0.222566
0.186002
0.158061
0.136777
0.120569
0.108221
0.0988174
0.0916757
0.0862868
0.0822708
0.0793439
0.0772952
0.0759716
0.0752678
0.0751232
0.0755278
0.076545
0.0783746
0.0815228
0.0873312
0.100048
0.138952
0.372128
0.488573
0.544497
0.596403
0.638702
0.667751
0.678386
0.667836
0.636131
0.586329
0.524042
0.456125
0.389043
0.327592
0.274411
0.230253
0.194619
0.16639
0.144277
0.127065
0.113718
0.103397
0.0954449
0.0893507
0.0847226
0.0812606
0.0787369
0.0769802
0.075866
0.0753095
0.0752649
0.0757326
0.0767832
0.0786197
0.0817469
0.0874907
0.100032
0.13828
0.367512
0.384298
0.421989
0.456651
0.484656
0.503048
0.508874
0.500715
0.478855
0.445331
0.403608
0.357847
0.31201
0.269159
0.231157
0.198754
0.171898
0.150078
0.132586
0.118693
0.107734
0.0991376
0.0924373
0.0872562
0.0832962
0.0803234
0.0781573
0.0766609
0.0757342
0.0753104
0.0753566
0.075882
0.0769631
0.0788056
0.0819118
0.0875917
0.0999586
0.137568
0.363098
0.310735
0.336298
0.359546
0.378179
0.389771
0.392701
0.386285
0.370866
0.347804
0.319265
0.287809
0.255904
0.225533
0.198006
0.173975
0.153581
0.13663
0.122758
0.111535
0.10254
0.0953905
0.0897561
0.0853618
0.0819827
0.0794387
0.0775884
0.0763236
0.0755651
0.0752615
0.0753906
0.0759695
0.0770792
0.0789275
0.0820137
0.0876315
0.0998281
0.136818
0.358894
0.258376
0.275884
0.291708
0.304072
0.311329
0.312534
0.307371
0.296164
0.279835
0.259769
0.237583
0.214848
0.192874
0.172586
0.154516
0.138863
0.125595
0.114537
0.105443
0.0980489
0.0920993
0.087363
0.0836399
0.0807618
0.0785912
0.0770185
0.0759593
0.0753518
0.0751573
0.0753628
0.0759916
0.0771289
0.0789835
0.0820513
0.0876096
0.0996413
0.136036
0.354903
0.2206
0.232684
0.243553
0.251777
0.256255
0.256425
0.25216
0.243735
0.23179
0.217242
0.201138
0.184513
0.168249
0.153005
0.1392
0.127036
0.116551
0.107673
0.100268
0.094169
0.0892073
0.0852213
0.0820662
0.0796171
0.0777699
0.0764405
0.0755634
0.0750914
0.0749962
0.0752722
0.0759481
0.0771121
0.0789739
0.0820253
0.0875275
0.0994012
0.135228
0.351133
0.192919
0.201278
0.208788
0.214244
0.216911
0.21645
0.212825
0.206267
0.197233
0.186344
0.174309
0.161824
0.149501
0.137815
0.12709
0.117506
0.109129
0.101941
0.0958702
0.0908143
0.0866608
0.0832975
0.08062
0.0785362
0.0769678
0.0758507
0.0751348
0.0747843
0.0747793
0.0751206
0.0758411
0.0770313
0.0789011
0.0819385
0.0873885
0.099112
0.134402
0.347586
0.172316
0.178097
0.183259
0.186824
0.188281
0.187423
0.184258
0.178977
0.171915
0.16351
0.154253
0.14463
0.135075
0.125934
0.117457
0.109796
0.103022
0.0971436
0.0921256
0.0879062
0.0844108
0.0815616
0.0792839
0.0775098
0.0761809
0.0752486
0.0746748
0.074433
0.0745101
0.0749118
0.0756744
0.0768903
0.0787694
0.0817951
0.0871969
0.098779
0.133564
0.344265
0.156741
0.160708
0.164196
0.166439
0.167068
0.16595
0.163118
0.158729
0.153033
0.146351
0.139034
0.13143
0.123851
0.116557
0.109739
0.103522
0.0979728
0.0931118
0.0889246
0.085375
0.0824141
0.0799881
0.0780437
0.0765314
0.0754076
0.0746357
0.0741871
0.0740423
0.0741937
0.0746512
0.0754535
0.0766947
0.0785839
0.0816004
0.0869583
0.0984081
0.132721
0.341173
0.144788
0.147449
0.149731
0.151032
0.151078
0.149785
0.147196
0.143441
0.138714
0.133254
0.12732
0.121166
0.115024
0.109089
0.103508
0.0983832
0.0937743
0.0897053
0.0861743
0.0831607
0.0806332
0.078555
0.0768881
0.0755967
0.0746481
0.0740151
0.0736763
0.0736178
0.0738365
0.0743453
0.0751851
0.0764509
0.0783512
0.0813607
0.0866789
0.0980058
0.13188
0.338311
0.135481
0.137186
0.138583
0.139198
0.138823
0.137409
0.134999
0.131705
0.127679
0.123105
0.118176
0.113083
0.108002
0.103079
0.0984313
0.0941401
0.0902572
0.0868076
0.083796
0.0812122
0.0790364
0.077244
0.0758082
0.0747027
0.0739037
0.0733907
0.073148
0.0731662
0.0734455
0.0740012
0.0748762
0.0761659
0.0780779
0.0810825
0.0863653
0.0975787
0.131048
0.335679
0.128138
0.129121
0.129855
0.129957
0.129271
0.127769
0.125495
0.122543
0.119037
0.115117
0.110934
0.106632
0.102346
0.0981885
0.0942519
0.0906026
0.0872848
0.0843226
0.0817242
0.0794863
0.077597
0.0760399
0.0747966
0.073848
0.0731765
0.0727671
0.0726082
0.0726942
0.0730278
0.0736264
0.0745342
0.075847
0.0777713
0.080773
0.0860243
0.0971334
0.130231
0.333275
0.122258
0.122678
0.122897
0.122605
0.121683
0.120116
0.117947
0.115257
0.112145
0.108722
0.105104
0.101403
0.0977237
0.0941545
0.0907681
0.0876194
0.0847461
0.082171
0.0799043
0.0779466
0.0762919
0.0749297
0.0738473
0.0730312
0.0724686
0.0721484
0.0720627
0.0722084
0.0725905
0.0732282
0.0741664
0.0755014
0.0774383
0.0804388
0.0856626
0.0966766
0.129435
0.331097
0.11747
0.117431
0.117233
0.116625
0.115516
0.113899
0.111817
0.109334
0.106531
0.103496
0.100318
0.0970865
0.093881
0.0907727
0.08782
0.0850683
0.0825503
0.080287
0.0782897
0.0765619
0.0751013
0.0739017
0.0729549
0.0722513
0.0717819
0.0715389
0.0715168
0.0717151
0.0721405
0.0728135
0.0737799
0.075136
0.0770858
0.0800866
0.0852864
0.0962142
0.128666
0.329141
0.113505
0.113063
0.112504
0.111626
0.110361
0.108707
0.106698
0.104388
0.101839
0.0991182
0.0962966
0.0934419
0.0906177
0.0878806
0.0852784
0.0828491
0.0806212
0.0786143
0.0768402
0.0753041
0.0740066
0.0729447
0.0721134
0.0715065
0.0711176
0.0709415
0.0709753
0.07122
0.0716839
0.0723888
0.0733812
0.0747574
0.0767201
0.0797227
0.084902
0.095752
0.127928
0.327402
0.110161
0.109329
0.108431
0.107307
0.105903
0.104219
0.10228
0.100122
0.097792
0.0953398
0.0928181
0.0902793
0.0877734
0.085346
0.0830365
0.0808772
0.0788934
0.0771032
0.0755187
0.0741466
0.0729895
0.0720469
0.0713161
0.0707936
0.0704754
0.0703584
0.0704415
0.0707275
0.0712261
0.0719599
0.0729763
0.0743715
0.0763471
0.0793527
0.0845147
0.0952954
0.127226
0.325872
0.107282
0.10604
0.104795
0.103428
0.101895
0.100189
0.0983186
0.096305
0.0941755
0.0919638
0.0897072
0.0874452
0.0852166
0.0830582
0.0810029
0.0790785
0.0773077
0.0757074
0.0742899
0.073063
0.0720307
0.0711946
0.0705541
0.0701076
0.0698533
0.0697897
0.0699176
0.0702411
0.0707712
0.0715317
0.0725703
0.0739836
0.0759719
0.0789816
0.0841295
0.0948492
0.126565
0.324542
0.104749
0.103041
0.10142
0.0998022
0.0981442
0.0964236
0.0946288
0.0927588
0.0908221
0.0888361
0.0868245
0.0848155
0.0828388
0.0809239
0.0790986
0.077387
0.0758096
0.0743826
0.0731183
0.0720251
0.0711086
0.0703717
0.0698157
0.0694407
0.0692466
0.0692335
0.0694037
0.0697626
0.0703224
0.0711079
0.0721677
0.0735982
0.0755992
0.0786139
0.0837508
0.0944179
0.125949
0.323397
0.102469
0.100214
0.0981756
0.0962951
0.094518
0.0927943
0.0910839
0.0893611
0.0876147
0.0858463
0.0840675
0.0822965
0.0805556
0.0788684
0.0772581
0.075746
0.0743509
0.073088
0.0719697
0.071005
0.0702004
0.0695602
0.069087
0.0687826
0.0686481
0.0686853
0.0688976
0.0692918
0.0698811
0.0706914
0.0717718
0.0732192
0.0752329
0.0782536
0.0833823
0.0940054
0.125384
0.32242
0.100371
0.0974813
0.0949906
0.0928477
0.0909651
0.0892527
0.0876358
0.0860625
0.0845022
0.0829427
0.0813846
0.0798382
0.0783194
0.0768469
0.0754404
0.0741185
0.0728982
0.0717941
0.0708182
0.0699801
0.0692868
0.0687438
0.0683548
0.0681228
0.0680501
0.0681398
0.0683963
0.0688277
0.0694481
0.0702842
0.0713859
0.0728506
0.0748772
0.0779045
0.0830281
0.0936165
0.124877
0.321589
0.098421
0.0948355
0.0918962
0.0895193
0.0875588
0.0858739
0.0843543
0.0829238
0.0815357
0.0801664
0.0788084
0.0774658
0.0761492
0.0748736
0.0736553
0.0725107
0.0714552
0.0705024
0.069664
0.0689494
0.0683663
0.0679207
0.0676172
0.0674596
0.0674515
0.0675968
0.0679009
0.0683726
0.0690271
0.0698914
0.0710162
0.0724992
0.0745389
0.0775731
0.0826933
0.0932556
0.124436
0.320858
0.0966375
0.09239
0.0890925
0.0865604
0.0845674
0.0829246
0.0814937
0.080182
0.0789329
0.0777159
0.0765184
0.0753402
0.0741887
0.0730757
0.0720149
0.0710208
0.070107
0.0692863
0.0685694
0.0679658
0.0674832
0.0671277
0.0669047
0.0668186
0.0668735
0.0670741
0.0674265
0.0679402
0.0686308
0.0695259
0.0706763
0.0721797
0.0742346
0.0772777
0.082399
0.0929506
0.124106
0.320234
0.0949233
0.0904809
0.0870969
0.0845441
0.0825695
0.0809691
0.0795964
0.0783546
0.0771845
0.0760535
0.0749477
0.0738649
0.0728109
0.0717956
0.0708313
0.069931
0.0691073
0.0683718
0.0677348
0.0672052
0.0667906
0.0664973
0.0663305
0.0662951
0.0663955
0.0666367
0.0670253
0.0675709
0.0682895
0.0692089
0.0703798
0.0718997
0.0739662
0.0770149
0.0821339
0.0926774
0.123864
0.31943
)
;

boundaryField
{
    leftWall
    {
        type            epsilonWallFunction;
        value           nonuniform List<scalar> 
100
(
0.0304153
0.039447
0.0506972
0.0587634
0.0700797
0.0823957
0.09426
0.105087
0.11471
0.123267
0.130658
0.136967
0.142527
0.147625
0.152605
0.157867
0.16458
0.176931
0.19271
0.211978
0.233337
0.253383
0.26702
0.269451
0.260675
0.250795
0.339261
0.69976
0.894438
0.841426
0.734398
0.675994
0.669929
0.694219
0.739584
0.799006
0.865593
0.933507
0.998518
1.05788
1.10995
1.15391
1.18946
1.21667
1.23586
1.24749
1.25215
1.25048
1.24321
1.23109
1.21363
1.19131
1.16479
1.13472
1.1017
1.06635
1.02927
0.991072
0.952316
0.913545
0.875256
0.837893
0.801842
0.767425
0.734899
0.704458
0.676235
0.650312
0.626725
0.605474
0.586535
0.569866
0.555421
0.543154
0.533027
0.525013
0.519107
0.515326
0.513719
0.514376
0.517437
0.523104
0.53166
0.543484
0.559075
0.579085
0.60437
0.636072
0.675762
0.725648
0.788842
0.869605
0.973452
1.10733
1.28028
1.50482
1.79903
2.19244
2.75174
3.68419
)
;
    }
    rightWall
    {
        type            epsilonWallFunction;
        value           nonuniform List<scalar> 
100
(
0.0399583
0.0160574
0.0179405
0.0185437
0.0185478
0.0820473
0.0925001
0.103216
0.113482
0.12327
0.132634
0.141636
0.150333
0.158782
0.167046
0.175206
0.188458
0.203835
0.219414
0.235007
0.250623
0.266328
0.282211
0.298354
0.314831
0.331694
0.348972
0.366664
0.384738
0.403119
0.421693
0.440307
0.458764
0.476838
0.494275
0.510808
0.526171
0.540114
0.552418
0.562908
0.571463
0.578021
0.582579
0.585192
0.585963
0.585036
0.582583
0.578791
0.573857
0.567973
0.561321
0.554068
0.546363
0.538334
0.530086
0.521707
0.513263
0.504803
0.496359
0.488079
0.480048
0.472222
0.464577
0.457096
0.449771
0.442609
0.435623
0.428831
0.422249
0.415884
0.409735
0.403795
0.398052
0.392499
0.387129
0.381942
0.37694
0.372128
0.367512
0.363098
0.358894
0.354903
0.351133
0.347586
0.344265
0.341173
0.338311
0.335679
0.333275
0.331097
0.329141
0.327402
0.325872
0.324542
0.323397
0.32242
0.321589
0.320858
0.320234
0.31943
)
;
    }
    lowerWall
    {
        type            epsilonWallFunction;
        value           nonuniform List<scalar> 
124
(
0.0304153
0.103538
0.197706
0.288959
0.373672
0.452403
0.525606
0.595978
0.665597
0.736203
0.809157
0.885421
0.965576
1.04986
1.13821
1.23028
1.32551
1.42309
1.52208
1.62134
1.7196
1.81548
1.90747
1.99399
2.07337
2.14391
2.2039
2.25163
2.28545
2.30371
2.3047
2.28541
2.25422
2.20655
2.14001
2.05368
1.94764
1.82346
1.68567
1.54343
1.40557
1.30549
1.12986
0.930861
0.788075
0.617038
0.617038
0.683922
1.00603
1.37668
1.83696
2.3075
2.77304
3.24752
3.78724
4.29594
4.83503
5.43032
6.11353
6.92747
7.92573
9.27529
11.3233
8.59879
6.21635
7.87918
13.9042
13.9233
6.23087
5.73166
0.057903
0.0185032
0.110027
0.155483
0.201654
0.251204
0.3068
0.371674
0.450119
0.548049
0.673843
0.839708
1.06355
1.37137
1.80299
2.52571
0.057903
0.151054
0.221115
0.269259
0.304343
0.331566
0.353629
0.372079
0.386505
0.396458
0.402187
0.403951
0.402082
0.396994
0.389177
0.379181
0.367326
0.354484
0.341967
0.329851
0.318329
0.307526
0.297474
0.288111
0.279301
0.271008
0.263097
0.254963
0.246145
0.236181
0.224554
0.210667
0.193813
0.173128
0.147513
0.115541
0.0767272
0.0399583
)
;
    }
    atmosphere
    {
        type            inletOutlet;
        inletValue      uniform 0.1;
        value           nonuniform List<scalar> 
92
(
0.1
0.1
0.1
0.1
0.1
0.1
0.1
0.1
0.1
0.1
0.1
0.1
0.1
0.1
0.1
0.1
0.1
0.1
0.1
0.1
0.1
0.1
0.1
0.1
0.1
0.1
0.1
0.1
0.1
0.1
0.1
0.1
0.1
0.1
0.1
0.1
0.1
0.1
0.1
0.1
0.1
0.1
0.1
0.1
0.1
0.1
0.1
0.1
0.1
0.1
0.1
0.103672
0.101306
0.098822
0.0949233
0.0904809
0.0870969
0.0845441
0.0825695
0.0809691
0.0795964
0.0783546
0.0771845
0.0760535
0.0749477
0.0738649
0.0728109
0.0717956
0.0708313
0.069931
0.0691073
0.0683718
0.0677348
0.0672052
0.0667906
0.0664973
0.0663305
0.0662951
0.0663955
0.0666367
0.0670253
0.0675709
0.0682895
0.0692089
0.0703798
0.0718997
0.0739662
0.0770149
0.0821339
0.0926774
0.123864
0.31943
)
;
    }
    defaultFaces
    {
        type            empty;
    }
}


// ************************************************************************* //
