/*--------------------------------*- C++ -*----------------------------------*\
  =========                 |
  \\      /  F ield         | OpenFOAM: The Open Source CFD Toolbox
   \\    /   O peration     | Website:  https://openfoam.org
    \\  /    A nd           | Version:  7
     \\/     M anipulation  |
\*---------------------------------------------------------------------------*/
FoamFile
{
    version     2.0;
    format      ascii;
    class       volScalarField;
    location    "0.35";
    object      k;
}
// * * * * * * * * * * * * * * * * * * * * * * * * * * * * * * * * * * * * * //

dimensions      [0 2 -2 0 0 0 0];

internalField   nonuniform List<scalar> 
9072
(
0.00287788
0.00530604
0.00816363
0.0105151
0.0124794
0.0141787
0.0156714
0.0170423
0.0183464
0.0196232
0.0209
0.022194
0.0235143
0.0248633
0.0262386
0.0276341
0.0290405
0.0304467
0.0318401
0.0332068
0.034532
0.0358005
0.0369964
0.0381034
0.0391049
0.0399842
0.0407243
0.0413085
0.0417202
0.041942
0.0419546
0.0417216
0.0413443
0.0407622
0.0399413
0.0388625
0.0375157
0.0359063
0.0340766
0.0321347
0.0301941
0.0287456
0.0260961
0.022932
0.0205204
0.0174139
0.00460094
0.0110255
0.0168323
0.021761
0.0257353
0.02906
0.0319736
0.0346286
0.037138
0.0395824
0.0420152
0.0444689
0.0469594
0.0494899
0.0520544
0.0546403
0.0572296
0.0598012
0.0623315
0.0647952
0.0671662
0.0694177
0.0715229
0.0734553
0.0751892
0.0767004
0.077967
0.0789702
0.0796963
0.0801369
0.0802917
0.0801559
0.0796814
0.0789582
0.0780346
0.0769792
0.0758879
0.074897
0.0741903
0.0739479
0.0739674
0.0729909
0.0680691
0.0582051
0.044105
0.0307498
0.0054393
0.014056
0.0209966
0.0268551
0.0317393
0.0359203
0.0396135
0.0429889
0.0461774
0.0492738
0.0523415
0.0554188
0.0585242
0.0616619
0.064825
0.0679988
0.071163
0.0742933
0.0773627
0.0803425
0.0832027
0.0859132
0.0884438
0.090765
0.092849
0.0946704
0.0962077
0.0974448
0.0983733
0.0989947
0.0993225
0.0993795
0.0991775
0.0987942
0.0983052
0.0977955
0.0973534
0.0970772
0.0971012
0.0976003
0.0984501
0.098177
0.0945387
0.0842843
0.0645818
0.0397676
0.00599789
0.0163008
0.0238277
0.0302135
0.035683
0.0404441
0.044692
0.0485948
0.0522862
0.0558646
0.0593964
0.0629216
0.06646
0.0700158
0.0735821
0.0771434
0.0806788
0.0841629
0.0875677
0.0908632
0.0940183
0.0970018
0.0997825
0.102331
0.104618
0.106622
0.108321
0.109706
0.110774
0.111536
0.112021
0.112275
0.112351
0.112349
0.11237
0.112515
0.112864
0.113454
0.114291
0.115365
0.116468
0.116279
0.113052
0.104419
0.0860396
0.0490063
0.00673876
0.0180946
0.0260673
0.0328174
0.0386923
0.0438866
0.0485754
0.0529143
0.0570303
0.0610179
0.0649417
0.0688408
0.0727345
0.0766269
0.0805108
0.0843711
0.0881865
0.0919318
0.095579
0.099098
0.102458
0.105627
0.108576
0.111274
0.113696
0.11582
0.11763
0.11912
0.120295
0.121178
0.12181
0.122255
0.122598
0.12296
0.123467
0.124232
0.125327
0.126743
0.128374
0.130022
0.131331
0.13117
0.128007
0.120883
0.104975
0.0593979
0.00750468
0.0197026
0.0280087
0.0350043
0.0411665
0.0466963
0.0517503
0.0564667
0.0609589
0.0653129
0.0695877
0.0738193
0.0780252
0.0822087
0.0863626
0.0904719
0.0945159
0.0984699
0.102307
0.105997
0.10951
0.112816
0.115885
0.11869
0.121207
0.123417
0.125309
0.126882
0.128149
0.129141
0.129914
0.130548
0.131147
0.131855
0.132813
0.134147
0.13592
0.138089
0.140468
0.142721
0.14436
0.144418
0.141689
0.135929
0.122042
0.0691463
0.00820828
0.0211835
0.0297489
0.0369173
0.0432922
0.0490908
0.0544557
0.0595057
0.0643382
0.069027
0.0736234
0.0781583
0.0826467
0.0870905
0.0914824
0.0958075
0.100046
0.104174
0.108166
0.111992
0.115625
0.119035
0.122196
0.12508
0.127668
0.129943
0.1319
0.133543
0.134893
0.135991
0.136903
0.137722
0.138571
0.139607
0.140985
0.142838
0.145225
0.148081
0.151168
0.154065
0.156193
0.156717
0.154812
0.150445
0.137878
0.0781483
0.00882541
0.0225175
0.031308
0.0386172
0.045165
0.0511911
0.0568286
0.0621786
0.0673217
0.0723187
0.0772116
0.0820256
0.0867723
0.0914522
0.0960572
0.100573
0.104981
0.109258
0.113379
0.117317
0.121046
0.124538
0.127768
0.130714
0.133356
0.135683
0.137695
0.139401
0.14083
0.142031
0.143081
0.144085
0.145176
0.146524
0.148295
0.150623
0.153569
0.157056
0.160822
0.164401
0.167169
0.168389
0.167527
0.164497
0.152724
0.0868036
0.00935633
0.0236829
0.0326845
0.0401306
0.0468379
0.05307
0.0589548
0.0645788
0.0700072
0.0752882
0.0804545
0.0855254
0.0905086
0.0954031
0.1002
0.104886
0.109442
0.113847
0.118078
0.12211
0.125917
0.129474
0.132759
0.135751
0.138437
0.140808
0.142868
0.144633
0.146139
0.147444
0.148633
0.149819
0.151145
0.152791
0.154927
0.157694
0.161152
0.165224
0.169645
0.173939
0.177474
0.179588
0.179913
0.178136
0.16679
0.0961767
0.00981608
0.0246761
0.033881
0.0414747
0.0483448
0.0547751
0.0608915
0.0667692
0.0724607
0.0780029
0.0834203
0.0887263
0.0939253
0.0990142
0.103984
0.108821
0.113508
0.118024
0.122348
0.126457
0.130328
0.133937
0.137266
0.140296
0.143017
0.145426
0.14753
0.149353
0.150937
0.152346
0.153672
0.155039
0.156594
0.158522
0.161
0.164171
0.1681
0.172718
0.177773
0.182807
0.187211
0.190375
0.191998
0.191427
0.180264
0.104599
0.0102061
0.0255095
0.0349112
0.0426679
0.0497117
0.0563402
0.0626782
0.068793
0.0747273
0.080509
0.0861554
0.0916752
0.0970694
0.102333
0.107457
0.112428
0.117229
0.121842
0.126245
0.130419
0.134341
0.137992
0.141355
0.144416
0.147167
0.149609
0.151756
0.153637
0.155298
0.156812
0.158278
0.159822
0.1616
0.163797
0.166594
0.170139
0.174502
0.179629
0.185294
0.19108
0.196421
0.200759
0.203786
0.204449
0.193499
0.113169
0.0105333
0.0262065
0.0357992
0.0437332
0.0509627
0.0577915
0.0643434
0.0706802
0.0768379
0.0828377
0.0886916
0.0944039
0.0999732
0.105393
0.110654
0.115743
0.120643
0.125337
0.129808
0.134034
0.137999
0.141683
0.145074
0.148159
0.150936
0.15341
0.155599
0.157537
0.159278
0.160898
0.162503
0.164223
0.166217
0.16867
0.171767
0.175656
0.180418
0.186017
0.192264
0.198794
0.20511
0.210707
0.215246
0.217283
0.206948
0.12227
0.010818
0.0267966
0.036575
0.0446973
0.0521213
0.0591505
0.0659075
0.0724512
0.078813
0.0850099
0.0910496
0.0969335
0.102658
0.108216
0.113597
0.118788
0.123773
0.128537
0.133063
0.137333
0.141331
0.145042
0.148454
0.15156
0.154361
0.156866
0.159097
0.161093
0.162915
0.164643
0.166387
0.168282
0.170486
0.173184
0.176561
0.180769
0.185896
0.191929
0.19872
0.205968
0.213255
0.220152
0.226307
0.229985
0.221191
0.132314
0.0110764
0.0273104
0.0372709
0.0455875
0.053209
0.0604345
0.0673854
0.0741193
0.0806654
0.0870381
0.0932424
0.0992777
0.105139
0.110817
0.116301
0.12158
0.126637
0.13146
0.136031
0.140336
0.14436
0.148092
0.151521
0.154646
0.157468
0.160003
0.162277
0.164334
0.166238
0.168077
0.169961
0.172029
0.174439
0.17737
0.181012
0.185515
0.190976
0.197402
0.204689
0.212605
0.220821
0.229001
0.236834
0.242538
0.236882
0.143806
0.0113265
0.0277784
0.0379173
0.0464292
0.0542447
0.0616568
0.0687867
0.0756922
0.0824021
0.0889293
0.0952775
0.101444
0.107423
0.113205
0.118778
0.12413
0.129248
0.134118
0.138726
0.143058
0.147103
0.15085
0.154294
0.157435
0.160279
0.162844
0.165162
0.167282
0.169272
0.171223
0.173249
0.175489
0.1781
0.181258
0.185151
0.189929
0.195693
0.202472
0.210199
0.21871
0.227768
0.237139
0.246617
0.25476
0.254165
0.157301
0.0115882
0.0282283
0.0385401
0.0472433
0.0552428
0.0628266
0.0701169
0.0771735
0.084026
0.0906868
0.0971586
0.103438
0.109517
0.115386
0.121034
0.126448
0.131616
0.136524
0.14116
0.145513
0.149573
0.153332
0.156789
0.159944
0.16281
0.165407
0.167771
0.169956
0.172035
0.174101
0.176271
0.178683
0.181492
0.184873
0.189008
0.194044
0.200084
0.207174
0.215281
0.224298
0.234067
0.244452
0.255375
0.266118
0.27204
0.174687
0.00437721
0.0114659
0.0167977
0.0204594
0.0231285
0.0252018
0.0268852
0.0282962
0.0294029
0.0301696
0.0306146
0.030757
0.0306212
0.0302382
0.0296448
0.0288828
0.0279743
0.0269906
0.0260291
0.0250969
0.0242096
0.0233772
0.0226025
0.0218811
0.021203
0.0205657
0.0199589
0.0193366
0.0186634
0.0179043
0.0170198
0.0159645
0.0146848
0.0131153
0.0111727
0.00874924
0.00581014
0.00513499
0.00780183
0.0172213
0.0235457
0.0276762
0.0306522
0.0329965
0.03495
0.0366088
0.0379228
0.0388739
0.0394644
0.0397039
0.0396113
0.0392153
0.038554
0.0376718
0.0366011
0.0354209
0.0342341
0.0330678
0.0319479
0.0308931
0.0299115
0.0290014
0.0281526
0.0273502
0.0265817
0.0258047
0.0249794
0.0240637
0.0230104
0.0217651
0.0202628
0.0184223
0.0161344
0.0132392
0.00952864
0.00673738
0.00979075
0.0220396
0.0290463
0.0335805
0.0367878
0.039293
0.0413841
0.0431623
0.0445799
0.0456166
0.046265
0.0465289
0.0464239
0.045978
0.0452304
0.0442275
0.0430087
0.0416604
0.0402866
0.0389274
0.0376168
0.0363795
0.0352284
0.0341643
0.033177
0.0322481
0.0313588
0.030466
0.0295256
0.0284894
0.0273035
0.0259057
0.0242219
0.0221594
0.0195921
0.0163253
0.0120027
0.00753237
0.0123227
0.0263679
0.0339812
0.0388468
0.0422182
0.044809
0.0469568
0.04878
0.0502316
0.051289
0.0519394
0.0521831
0.0520336
0.0515181
0.0506763
0.0495558
0.0482007
0.0467036
0.0451672
0.0436398
0.0421621
0.0407638
0.039462
0.0382603
0.0371493
0.0361092
0.0351165
0.0341264
0.0330907
0.0319562
0.0306636
0.0291444
0.027318
0.0250839
0.0223061
0.0187707
0.0140148
0.00781178
0.0146611
0.030558
0.0387405
0.0438794
0.0473664
0.0499971
0.0521529
0.0539711
0.0554056
0.0564356
0.0570455
0.0572342
0.0570137
0.0564106
0.0554646
0.0542238
0.0527351
0.0510973
0.0494091
0.047725
0.0460903
0.0445395
0.0430936
0.041759
0.0405279
0.0393802
0.0382889
0.0372077
0.0360848
0.0348628
0.0334775
0.0318559
0.0299121
0.0275406
0.0245988
0.0208609
0.0158037
0.00782769
0.0169782
0.0348203
0.0435553
0.048914
0.0524678
0.0550978
0.057222
0.0589926
0.0603667
0.0613278
0.0618603
0.0619624
0.0616459
0.0609368
0.0598743
0.0585063
0.0568814
0.0551047
0.0532691
0.0514328
0.0496452
0.0479445
0.0463554
0.0448875
0.0435348
0.0422778
0.0410874
0.0399156
0.0387077
0.0374027
0.0359325
0.03422
0.0321754
0.0296892
0.0266139
0.0227117
0.0174071
0.00803699
0.0194014
0.039318
0.0485849
0.0541012
0.0576631
0.0602486
0.0623047
0.0639874
0.0652621
0.0661169
0.0665382
0.0665246
0.0660879
0.0652537
0.0640606
0.0625561
0.0607894
0.0588719
0.056889
0.0549016
0.0529618
0.0511108
0.0493767
0.0477723
0.0462941
0.0449234
0.0436302
0.0423651
0.0410712
0.0396843
0.0381328
0.0363364
0.0342019
0.0316163
0.0284271
0.0243818
0.018841
0.00870191
0.0220485
0.0442088
0.0539532
0.0595429
0.0630391
0.0655309
0.0674863
0.0690408
0.070181
0.0708962
0.0711752
0.0710182
0.0704378
0.0694593
0.0681207
0.0664683
0.0645525
0.06249
0.0603578
0.0582178
0.0561242
0.0541206
0.0522382
0.0504926
0.0488831
0.0473929
0.0459913
0.0446284
0.0432453
0.0417752
0.0401435
0.0382669
0.0360494
0.0333746
0.030084
0.0259079
0.0201402
0.00936227
0.0250483
0.0496675
0.0597666
0.0653096
0.0686494
0.0709927
0.0728111
0.0742069
0.0751821
0.0757277
0.075836
0.0755097
0.0747627
0.0736207
0.0721208
0.0703077
0.0682352
0.0660214
0.0637358
0.0614403
0.0591898
0.0570302
0.0549948
0.0531025
0.0513552
0.0497383
0.0482216
0.0467549
0.0452778
0.0437215
0.0420087
0.0400535
0.037757
0.0349993
0.031615
0.0273156
0.02133
0.00997453
0.0285544
0.0559087
0.0661287
0.0714545
0.0745292
0.0766659
0.0783134
0.0795254
0.0803091
0.080658
0.0805689
0.0800482
0.0791123
0.0777874
0.0761096
0.0741218
0.0718847
0.069512
0.0670675
0.0646119
0.0622006
0.0598803
0.0576868
0.0556413
0.053749
0.0519977
0.0503582
0.0487806
0.0472037
0.0455568
0.0437605
0.0417263
0.0393527
0.0365156
0.0330421
0.0286242
0.0224291
0.0105416
0.03276
0.0632197
0.0731615
0.0780322
0.0807151
0.082585
0.0840311
0.0850359
0.0856029
0.0857282
0.0854149
0.0846744
0.0835265
0.0819985
0.0801256
0.0779483
0.0755375
0.0729974
0.0703871
0.0677659
0.0651885
0.0627023
0.0603446
0.0581392
0.0560941
0.0542002
0.0524296
0.0507334
0.0490498
0.0473069
0.0454234
0.0433085
0.0408576
0.0379426
0.0343823
0.0298487
0.0234519
0.0110704
0.0379182
0.0720048
0.0810463
0.0851339
0.0872764
0.0888128
0.0900243
0.090794
0.0911145
0.0909848
0.090416
0.0894268
0.0880411
0.0862878
0.0842009
0.0818184
0.0792236
0.0765063
0.0737224
0.0709286
0.0681789
0.0655208
0.0629925
0.0606198
0.0584139
0.0563688
0.0544586
0.0526354
0.0508376
0.0489925
0.0470171
0.0448185
0.042289
0.0392959
0.0356492
0.0310017
0.0244101
0.0115673
0.0443615
0.0828129
0.0900964
0.0929536
0.0943672
0.0954801
0.0964041
0.0968926
0.0969205
0.0964902
0.0956235
0.094348
0.0926926
0.0906874
0.0883645
0.0857597
0.0829685
0.0800632
0.077096
0.0741215
0.0711922
0.0683551
0.0656491
0.0631018
0.0607269
0.058522
0.0564635
0.0545048
0.0525848
0.0506305
0.0485578
0.0462714
0.0436607
0.040588
0.0368545
0.0320939
0.0253135
0.0120377
0.0525145
0.0962918
0.100884
0.101908
0.10231
0.102844
0.103372
0.10349
0.103143
0.102338
0.101108
0.0994921
0.0975229
0.0952307
0.092644
0.0897979
0.0867953
0.0836887
0.0805271
0.0773621
0.0742445
0.0712206
0.0683292
0.0655993
0.063047
0.0606739
0.0584587
0.056356
0.0543057
0.052235
0.0500588
0.04768
0.0449848
0.0418303
0.0380085
0.0331349
0.0261708
0.0124864
0.0629648
0.112877
0.11447
0.112842
0.111719
0.111367
0.111267
0.110843
0.109977
0.108672
0.106975
0.104934
0.102586
0.0999571
0.0970682
0.0939597
0.0907251
0.087401
0.0840312
0.080664
0.0773479
0.0741279
0.0710427
0.0681219
0.0653839
0.0628343
0.0604548
0.0582001
0.0560117
0.0538172
0.0515312
0.0490549
0.0462712
0.043032
0.0391203
0.0341338
0.0269906
0.0129178
0.0787429
0.134678
0.132816
0.127332
0.123637
0.121758
0.120615
0.119344
0.117712
0.115704
0.113374
0.110778
0.107952
0.104915
0.101672
0.098271
0.0947778
0.0912155
0.0876206
0.084037
0.0805103
0.0770838
0.0737953
0.0706748
0.0677427
0.0650088
0.0624585
0.0600449
0.0577109
0.0553856
0.0529836
0.0504045
0.0475283
0.0442015
0.0401981
0.0350991
0.027782
0.0133371
0.0119185
0.028789
0.0393481
0.0483273
0.0565881
0.0644115
0.0719231
0.0791864
0.0862327
0.0930746
0.0997138
0.106145
0.11236
0.118347
0.124095
0.129591
0.134824
0.139783
0.144457
0.148838
0.15292
0.156698
0.160175
0.163358
0.166263
0.168918
0.171363
0.17366
0.175888
0.178147
0.180558
0.183256
0.186392
0.190123
0.194629
0.200045
0.206479
0.213993
0.222596
0.232249
0.242885
0.254463
0.267016
0.280544
0.291119
0.226317
0.0125141
0.029683
0.0405966
0.0498981
0.05842
0.0664602
0.074162
0.0816001
0.088811
0.0958081
0.102592
0.109155
0.115487
0.121574
0.127405
0.132967
0.138249
0.143243
0.147941
0.152339
0.156433
0.160226
0.163725
0.166942
0.169901
0.172635
0.175192
0.17764
0.180067
0.182582
0.185306
0.188373
0.19192
0.196078
0.200995
0.206792
0.213562
0.221365
0.230225
0.240121
0.250983
0.262691
0.275008
0.287227
0.295114
0.270488
0.0132533
0.0307076
0.041968
0.0515036
0.0601702
0.0683101
0.0760951
0.0836137
0.0909064
0.0979858
0.104849
0.111487
0.117884
0.124027
0.129901
0.135495
0.140798
0.145804
0.150508
0.154908
0.159006
0.162807
0.166324
0.169575
0.172587
0.175399
0.178063
0.180651
0.183261
0.186006
0.189012
0.192405
0.19631
0.200839
0.206087
0.21216
0.219125
0.227025
0.235875
0.245642
0.256214
0.267353
0.278574
0.288829
0.29542
0.288728
0.0141248
0.0318463
0.0433931
0.0530396
0.0617244
0.0698551
0.0776351
0.0851626
0.0924774
0.0995879
0.106486
0.113158
0.119585
0.125752
0.131642
0.137245
0.142551
0.147554
0.152252
0.156647
0.160743
0.16455
0.168084
0.171368
0.174434
0.177321
0.180083
0.182797
0.185564
0.188507
0.191751
0.195417
0.199614
0.204429
0.209923
0.216163
0.223188
0.231023
0.23967
0.249086
0.259132
0.269521
0.279719
0.28876
0.294945
0.294557
0.0150533
0.0330161
0.0447333
0.0543538
0.0629477
0.0709933
0.0787164
0.086215
0.0935211
0.100635
0.107542
0.114222
0.120656
0.126826
0.132716
0.138312
0.143608
0.1486
0.153287
0.157674
0.161766
0.165578
0.169128
0.172445
0.175563
0.178522
0.181374
0.184197
0.187099
0.190209
0.193652
0.19754
0.201963
0.206983
0.212636
0.218944
0.225924
0.233586
0.241927
0.250902
0.260368
0.270048
0.27946
0.287819
0.293974
0.296239
0.0158881
0.034043
0.0457787
0.0552648
0.0637156
0.07166
0.079325
0.0867949
0.0940884
0.101196
0.108099
0.114775
0.121201
0.12736
0.133236
0.138817
0.144096
0.14907
0.153744
0.158121
0.162211
0.166027
0.169593
0.172941
0.176108
0.179133
0.182066
0.184985
0.188008
0.191268
0.194887
0.198958
0.203551
0.208705
0.214435
0.220738
0.227614
0.235064
0.243083
0.251626
0.260553
0.269617
0.278421
0.286348
0.292564
0.2961
0.0164265
0.0345748
0.0462282
0.0555887
0.0639526
0.0718585
0.0795126
0.08698
0.0942699
0.10137
0.108261
0.11492
0.121327
0.127464
0.133316
0.138872
0.144128
0.149083
0.153741
0.158109
0.162197
0.16602
0.169603
0.172982
0.176195
0.179276
0.182273
0.185274
0.188415
0.191837
0.195636
0.199877
0.204597
0.209818
0.215558
0.221817
0.228588
0.235865
0.243631
0.251822
0.26029
0.268828
0.277133
0.28471
0.290918
0.295085
0.0164935
0.0340091
0.0457609
0.055238
0.063702
0.0716896
0.0793947
0.0868831
0.0941728
0.10126
0.10813
0.114763
0.121142
0.12725
0.133073
0.138601
0.143833
0.148772
0.153423
0.157791
0.161885
0.16572
0.169326
0.172744
0.176006
0.179128
0.182153
0.185196
0.188455
0.192085
0.196112
0.200548
0.205354
0.210557
0.216221
0.222404
0.229119
0.236339
0.244002
0.251972
0.260069
0.268152
0.276002
0.283208
0.289263
0.293684
0.0161144
0.0320221
0.044531
0.0544832
0.0632121
0.0713572
0.0791388
0.0866502
0.0939364
0.10101
0.107861
0.114472
0.120828
0.126912
0.132708
0.138212
0.143428
0.148361
0.153019
0.157405
0.161516
0.165369
0.169004
0.172479
0.175818
0.178976
0.181969
0.184958
0.188305
0.19225
0.196659
0.201472
0.206376
0.211419
0.216829
0.222845
0.229528
0.236802
0.244489
0.252294
0.260067
0.267781
0.275212
0.281973
0.287708
0.292104
0.0157198
0.0291503
0.0434829
0.0539399
0.0628703
0.0711516
0.0790081
0.0865521
0.0938566
0.100947
0.107812
0.114431
0.120788
0.126896
0.132711
0.13822
0.143467
0.148413
0.153082
0.157477
0.1616
0.165466
0.169119
0.172614
0.175969
0.179132
0.182133
0.185155
0.188589
0.192556
0.196923
0.201638
0.206864
0.212498
0.217846
0.223684
0.230409
0.238001
0.245863
0.253265
0.26054
0.267891
0.274797
0.280923
0.286203
0.29042
0.0198433
0.0312178
0.0444457
0.0547959
0.0637692
0.0721566
0.0801181
0.0877885
0.0952678
0.102602
0.109809
0.116955
0.124204
0.131696
0.13835
0.145052
0.151362
0.15748
0.163228
0.168691
0.173901
0.178874
0.183648
0.188275
0.192794
0.197216
0.201561
0.205935
0.210459
0.215058
0.219356
0.222571
0.223014
0.215211
0.218483
0.224038
0.23067
0.238454
0.24709
0.254849
0.262481
0.269662
0.275531
0.280542
0.285146
0.288956
0.0319194
0.0483665
0.062848
0.0725657
0.0809902
0.0892475
0.0969014
0.104087
0.110981
0.117688
0.124255
0.130701
0.137038
0.143264
0.149316
0.15525
0.161031
0.166685
0.172181
0.17753
0.182749
0.187852
0.192861
0.197814
0.202754
0.207715
0.212737
0.217905
0.223328
0.229005
0.234666
0.239697
0.243336
0.246033
0.250907
0.257252
0.262736
0.264181
0.255791
0.256426
0.263041
0.270663
0.276737
0.281369
0.285481
0.288614
0.0369094
0.061197
0.0745401
0.0828281
0.0913871
0.0998297
0.107655
0.114865
0.121614
0.128052
0.134273
0.140332
0.146257
0.152061
0.157735
0.163281
0.168705
0.174013
0.179212
0.184306
0.189313
0.194256
0.199167
0.20408
0.209036
0.214083
0.219298
0.22479
0.23068
0.236991
0.243545
0.249928
0.255747
0.26136
0.267998
0.275934
0.28348
0.288358
0.289976
0.292213
0.295708
0.294733
0.279841
0.28196
0.285915
0.289212
0.0351619
0.0614581
0.0782765
0.0890485
0.0986389
0.107533
0.115643
0.123016
0.129799
0.136148
0.142186
0.147991
0.153614
0.159083
0.164409
0.169598
0.174657
0.1796
0.184439
0.189185
0.193861
0.198495
0.203126
0.207791
0.212535
0.217417
0.222532
0.228006
0.233952
0.2404
0.24722
0.254135
0.260914
0.26775
0.275334
0.284014
0.293018
0.301016
0.307182
0.312365
0.317493
0.320057
0.318423
0.317942
0.316672
0.296713
0.0321621
0.0600522
0.0785237
0.0915722
0.102434
0.112014
0.120582
0.128298
0.135324
0.141812
0.147891
0.153653
0.159165
0.164467
0.169584
0.174531
0.179323
0.183973
0.188499
0.192919
0.197258
0.201549
0.205835
0.210161
0.214579
0.219158
0.224
0.229227
0.234945
0.241188
0.247879
0.254847
0.26196
0.269336
0.277364
0.286298
0.295802
0.3051
0.313515
0.321165
0.32865
0.335007
0.338851
0.341786
0.343912
0.340659
0.0305499
0.0595043
0.0782209
0.0924707
0.104277
0.114509
0.123571
0.131695
0.139057
0.145804
0.152061
0.157924
0.163464
0.168732
0.173761
0.178577
0.183197
0.187643
0.191933
0.19609
0.200144
0.204131
0.208096
0.212091
0.216175
0.220426
0.224943
0.229841
0.235221
0.241133
0.247547
0.254378
0.261557
0.269145
0.27735
0.286318
0.295894
0.305633
0.315074
0.324156
0.333111
0.341505
0.348443
0.354347
0.359726
0.362702
0.0304398
0.0594542
0.0781833
0.0929795
0.105338
0.116035
0.125499
0.133985
0.141673
0.148703
0.155189
0.161222
0.166873
0.172194
0.177224
0.181994
0.186528
0.190849
0.194982
0.198954
0.202798
0.206554
0.210269
0.214001
0.217816
0.221795
0.226036
0.230648
0.235729
0.241346
0.247511
0.254194
0.261368
0.269061
0.277371
0.286369
0.295971
0.305914
0.31589
0.325757
0.335525
0.344935
0.353497
0.361216
0.368281
0.373682
0.0312082
0.0599125
0.0786424
0.0936631
0.106269
0.117209
0.126914
0.135646
0.143579
0.150844
0.157543
0.163755
0.169545
0.174963
0.180048
0.184833
0.189345
0.193611
0.197658
0.201519
0.205231
0.208836
0.212389
0.215951
0.219593
0.223401
0.227472
0.231911
0.23682
0.242275
0.248318
0.254958
0.262191
0.270032
0.278522
0.287682
0.297449
0.307655
0.318078
0.328546
0.33895
0.349076
0.358583
0.367344
0.375323
0.38193
0.0325686
0.0608812
0.0796392
0.0946941
0.107324
0.118307
0.128087
0.136926
0.144993
0.152409
0.159261
0.165618
0.171535
0.177056
0.182216
0.187047
0.191577
0.195835
0.199851
0.203662
0.207308
0.210838
0.214311
0.217793
0.221362
0.225109
0.229132
0.233538
0.238429
0.243892
0.249987
0.256746
0.264184
0.272311
0.281138
0.290659
0.300815
0.311476
0.322465
0.333599
0.34471
0.355573
0.365901
0.375448
0.384048
0.391295
0.0342889
0.0622772
0.0810798
0.0960287
0.108518
0.119389
0.129101
0.137921
0.146013
0.153485
0.160416
0.166862
0.172867
0.178467
0.183694
0.188575
0.193137
0.19741
0.201428
0.205228
0.208857
0.212369
0.215827
0.219305
0.222889
0.226673
0.230762
0.235265
0.240287
0.245922
0.252242
0.259296
0.26711
0.275694
0.285048
0.295147
0.30593
0.317281
0.329037
0.34101
0.352993
0.364737
0.37595
0.386335
0.3956
0.403316
0.0361552
0.0639524
0.0827921
0.097529
0.109766
0.120414
0.129954
0.138656
0.146678
0.154123
0.161057
0.167527
0.173569
0.179209
0.184473
0.189386
0.193973
0.198263
0.202292
0.206101
0.20974
0.213269
0.216758
0.220288
0.223952
0.227851
0.232097
0.236802
0.242077
0.248021
0.254717
0.262221
0.270568
0.279773
0.289828
0.300701
0.312322
0.324578
0.337307
0.350309
0.363346
0.37614
0.38837
0.399693
0.409755
0.418101
0.0380033
0.0657546
0.0845962
0.0990468
0.110961
0.121319
0.130619
0.139132
0.147015
0.154363
0.161234
0.167667
0.173688
0.179321
0.184583
0.189497
0.194085
0.198377
0.20241
0.206228
0.209885
0.213448
0.216993
0.220609
0.224396
0.228466
0.232933
0.237919
0.243537
0.249894
0.257077
0.26515
0.274155
0.284108
0.295002
0.306797
0.319419
0.332747
0.346613
0.360799
0.375042
0.389027
0.402399
0.41477
0.425736
0.434811
0.0397264
0.067558
0.0863472
0.100466
0.112023
0.122056
0.131077
0.139358
0.147053
0.15425
0.161003
0.167344
0.173295
0.178871
0.184088
0.188964
0.193522
0.197791
0.201808
0.205622
0.209292
0.21289
0.216499
0.220218
0.224154
0.228425
0.233156
0.238472
0.244494
0.25133
0.259074
0.267794
0.277538
0.288325
0.300146
0.31296
0.326685
0.341192
0.356299
0.371771
0.387314
0.40258
0.417174
0.430669
0.442616
0.452497
0.0412641
0.0692692
0.0879467
0.101713
0.112905
0.122604
0.131329
0.139354
0.146828
0.153838
0.160431
0.166636
0.17247
0.177945
0.183075
0.187875
0.192367
0.196581
0.200557
0.204346
0.208014
0.211637
0.215308
0.219131
0.223224
0.227713
0.232728
0.2384
0.244855
0.252206
0.260547
0.269955
0.280477
0.292138
0.304928
0.318803
0.333675
0.349407
0.3658
0.382596
0.399473
0.416048
0.431889
0.446529
0.459484
0.470199
0.042587
0.0708234
0.0893375
0.102751
0.113588
0.12296
0.131389
0.139147
0.146384
0.15318
0.159583
0.165618
0.171299
0.176636
0.18164
0.186327
0.190719
0.194847
0.198753
0.202494
0.206138
0.209771
0.213491
0.217411
0.221657
0.226362
0.231663
0.237696
0.24459
0.25246
0.261405
0.271502
0.282805
0.295337
0.309092
0.324023
0.340037
0.356983
0.374648
0.39275
0.410936
0.42879
0.445845
0.461597
0.47553
0.487059
0.0436854
0.0721774
0.090492
0.103567
0.114072
0.123133
0.131276
0.138769
0.145761
0.152331
0.158523
0.164363
0.169862
0.17503
0.179878
0.184421
0.188681
0.192694
0.196503
0.20017
0.203768
0.20739
0.211141
0.215143
0.219528
0.224435
0.230008
0.236387
0.243702
0.252071
0.261596
0.272355
0.284404
0.29777
0.312447
0.328386
0.345488
0.363591
0.382466
0.401804
0.421226
0.44028
0.458465
0.475245
0.490079
0.502353
0.0445609
0.0733051
0.0914003
0.104161
0.114362
0.123138
0.13101
0.138247
0.144995
0.151332
0.157303
0.162931
0.168229
0.173205
0.177872
0.182244
0.186349
0.19022
0.193908
0.197476
0.201006
0.204595
0.208356
0.212417
0.216918
0.222003
0.227821
0.234513
0.242213
0.251039
0.261094
0.272459
0.285192
0.299323
0.314845
0.331709
0.34981
0.368975
0.388957
0.409425
0.429968
0.450104
0.469296
0.486983
0.502598
0.515511
0.0452226
0.0741923
0.0920626
0.104539
0.114469
0.122985
0.130607
0.137601
0.144112
0.150218
0.155963
0.161371
0.166454
0.171223
0.175691
0.179875
0.183802
0.187512
0.191056
0.194505
0.197944
0.201477
0.205224
0.209318
0.213905
0.219135
0.225158
0.232119
0.24015
0.249373
0.259889
0.271783
0.285114
0.299914
0.316179
0.333859
0.352842
0.372948
0.39391
0.415374
0.436899
0.457972
0.478025
0.496469
0.512722
0.526144
0.045683
0.0748339
0.0924829
0.104707
0.114398
0.122682
0.130077
0.136845
0.143129
0.14901
0.154531
0.159715
0.164578
0.169132
0.173389
0.177371
0.181107
0.184639
0.188023
0.191334
0.194662
0.198116
0.201822
0.205921
0.21056
0.215893
0.222074
0.229246
0.237545
0.24709
0.257984
0.270312
0.284138
0.299497
0.316385
0.334754
0.354489
0.375397
0.397199
0.419515
0.441876
0.463733
0.484491
0.503534
0.52027
0.534063
0.0459568
0.0752299
0.0926667
0.10467
0.114152
0.122232
0.129421
0.135981
0.142054
0.14772
0.153022
0.157986
0.162629
0.166963
0.171006
0.174778
0.178313
0.181656
0.184867
0.188024
0.191223
0.194577
0.198217
0.202287
0.20694
0.212332
0.218616
0.225937
0.23443
0.244214
0.255392
0.268053
0.282263
0.298059
0.315445
0.33437
0.35472
0.376294
0.398796
0.421825
0.44488
0.467381
0.488697
0.508192
0.525267
0.539303
0.0460599
0.0753847
0.09262
0.10443
0.113731
0.121632
0.128639
0.13501
0.140887
0.14635
0.151443
0.156194
0.160621
0.164738
0.168565
0.172126
0.175457
0.178605
0.181633
0.184625
0.187678
0.190912
0.19446
0.19847
0.203098
0.2085
0.21483
0.222234
0.230844
0.24078
0.252148
0.265036
0.279514
0.295628
0.313385
0.332738
0.353573
0.375685
0.398764
0.422387
0.446021
0.469049
0.490808
0.510638
0.527941
0.542123
0.046009
0.0753066
0.0923495
0.10399
0.113134
0.120879
0.127725
0.133926
0.139624
0.144898
0.149795
0.154343
0.158561
0.162468
0.166084
0.169436
0.172562
0.175512
0.178354
0.181171
0.184067
0.187163
0.190595
0.194515
0.199078
0.204442
0.210763
0.218182
0.226834
0.236837
0.248299
0.261312
0.275951
0.292268
0.310278
0.329943
0.35115
0.373693
0.397252
0.42138
0.445514
0.468999
0.491133
0.511233
0.528704
0.542997
0.0458212
0.0750062
0.0918628
0.103352
0.112359
0.119968
0.126672
0.132722
0.138257
0.143358
0.148073
0.15243
0.156452
0.160158
0.163571
0.16672
0.169645
0.1724
0.175053
0.177691
0.18042
0.183363
0.186659
0.190459
0.194921
0.200204
0.20646
0.213833
0.222455
0.232446
0.243914
0.256958
0.271658
0.288076
0.306236
0.326113
0.347601
0.370495
0.394468
0.419054
0.443657
0.467581
0.490084
0.510457
0.528112
0.542563
0.0455146
0.0744951
0.0911679
0.102518
0.111404
0.118896
0.125475
0.13139
0.136779
0.141723
0.14627
0.150451
0.15429
0.157807
0.161027
0.163983
0.166716
0.16928
0.171747
0.174206
0.176762
0.17954
0.182682
0.186339
0.190668
0.195829
0.201972
0.209242
0.21777
0.227677
0.239075
0.252066
0.266742
0.283173
0.3014
0.321409
0.34311
0.366305
0.390663
0.415702
0.440794
0.465199
0.488132
0.508856
0.526796
0.541549
0.0450773
0.0737922
0.0902794
0.101499
0.110276
0.11766
0.124128
0.129924
0.135183
0.139986
0.144382
0.148401
0.152071
0.155413
0.158455
0.161229
0.16378
0.166163
0.16845
0.17073
0.173112
0.17572
0.178694
0.182188
0.186358
0.191362
0.197352
0.20447
0.21285
0.222612
0.233874
0.246744
0.261323
0.277698
0.295924
0.316009
0.33788
0.361352
0.386099
0.411625
0.437272
0.462257
0.485743
0.506967
0.525375
0.540677
0.0445184
0.0729118
0.0892038
0.100297
0.108973
0.116264
0.122634
0.128324
0.133468
0.138143
0.142401
0.146275
0.14979
0.152973
0.155852
0.158459
0.160841
0.163053
0.165169
0.167278
0.169487
0.171921
0.174721
0.178037
0.182027
0.186848
0.192652
0.19958
0.207766
0.217336
0.228409
0.241103
0.25553
0.271793
0.289969
0.31009
0.332107
0.355857
0.381021
0.407099
0.433406
0.459112
0.483327
0.505255
0.524374
0.540546
0.0438521
0.0718674
0.0879521
0.098919
0.107501
0.114707
0.120991
0.126588
0.131629
0.136192
0.140328
0.144071
0.147449
0.150488
0.153218
0.155673
0.1579
0.159956
0.161913
0.163859
0.165901
0.168164
0.170786
0.173917
0.177713
0.182332
0.187924
0.194633
0.202592
0.211932
0.222777
0.235253
0.249486
0.265597
0.283688
0.303818
0.325971
0.35001
0.375637
0.402351
0.429444
0.456038
0.481186
0.504055
0.524157
0.541555
0.0430919
0.070674
0.0865379
0.0973768
0.105868
0.112995
0.119201
0.124716
0.129667
0.134131
0.138159
0.141787
0.145043
0.147955
0.150553
0.152873
0.154962
0.156876
0.158687
0.160482
0.162367
0.164464
0.16691
0.169853
0.173449
0.177853
0.183218
0.189687
0.197397
0.20648
0.217068
0.229297
0.243305
0.259235
0.277215
0.297336
0.31962
0.343967
0.370103
0.397538
0.425547
0.453204
0.479498
0.503545
0.524895
0.543841
0.0422508
0.0693482
0.0849775
0.0956848
0.104085
0.111138
0.117273
0.122714
0.127584
0.131961
0.135895
0.139422
0.142572
0.145373
0.147857
0.15006
0.152027
0.153816
0.155497
0.157156
0.158896
0.160836
0.163111
0.165869
0.169264
0.17345
0.178578
0.184797
0.192242
0.201053
0.211365
0.223325
0.237088
0.252814
0.270661
0.290758
0.313166
0.337829
0.364512
0.392742
0.421784
0.450667
0.478306
0.503751
0.526566
0.547286
0.0413422
0.0679079
0.083289
0.0938596
0.102169
0.109149
0.115217
0.12059
0.125388
0.129688
0.13354
0.136979
0.140038
0.142744
0.14513
0.147232
0.149096
0.150777
0.152345
0.153884
0.155494
0.157291
0.159408
0.161988
0.165184
0.169151
0.174043
0.180006
0.187181
0.195709
0.205735
0.217414
0.230914
0.246418
0.264113
0.284164
0.30668
0.331655
0.358899
0.387971
0.418134
0.448376
0.477531
0.504556
0.528989
0.55155
0.0403795
0.0663721
0.081492
0.0919201
0.100136
0.107043
0.113047
0.118355
0.123089
0.12732
0.131099
0.134464
0.137444
0.140071
0.142374
0.144393
0.14617
0.147761
0.149234
0.150669
0.152165
0.153834
0.155806
0.158222
0.161232
0.164989
0.169646
0.175353
0.182253
0.190497
0.200233
0.211621
0.224846
0.240109
0.257628
0.277605
0.300198
0.325457
0.353247
0.383169
0.4145
0.446191
0.476993
0.50574
0.531867
0.556164
0.0393762
0.0647606
0.0796074
0.0898866
0.098005
0.104838
0.110778
0.116025
0.120698
0.124867
0.128583
0.131883
0.134797
0.137357
0.139594
0.141544
0.143252
0.14477
0.146165
0.147514
0.148912
0.15047
0.152313
0.154578
0.157414
0.160972
0.165407
0.170868
0.177503
0.185461
0.194899
0.205988
0.218922
0.233926
0.251243
0.271108
0.293729
0.319215
0.347498
0.378233
0.410724
0.443904
0.476437
0.507005
0.534853
0.560649
0.0383458
0.063094
0.0776571
0.0877807
0.0957971
0.102553
0.108427
0.113615
0.11823
0.122342
0.126002
0.129245
0.132105
0.13461
0.136793
0.13869
0.140344
0.141806
0.143139
0.144419
0.145738
0.147201
0.148929
0.151059
0.153735
0.157107
0.161331
0.166556
0.172933
0.180614
0.189761
0.200551
0.213189
0.227911
0.244983
0.26468
0.287257
0.312886
0.341568
0.373027
0.406613
0.441259
0.475553
0.508008
0.537592
0.564629
0.0373017
0.0613927
0.0756632
0.0856245
0.0935336
0.100209
0.106015
0.111143
0.115701
0.11976
0.123369
0.126563
0.129376
0.131838
0.133979
0.135836
0.13745
0.138871
0.140159
0.141387
0.142642
0.144026
0.145658
0.147667
0.150197
0.153397
0.15742
0.162418
0.168544
0.175952
0.184808
0.195294
0.207621
0.222037
0.238824
0.258291
0.280737
0.306395
0.335342
0.367385
0.401943
0.437978
0.474028
0.508434
0.53983
0.567988
0.0362566
0.0596772
0.073648
0.0834406
0.0912364
0.0978258
0.103561
0.108627
0.113129
0.117137
0.120698
0.123849
0.126623
0.129049
0.131159
0.132988
0.134575
0.135968
0.137225
0.138416
0.139624
0.140946
0.142496
0.1444
0.146799
0.149839
0.153672
0.158452
0.164333
0.17147
0.180032
0.190202
0.202198
0.216272
0.232721
0.251876
0.274076
0.299615
0.328649
0.361083
0.396431
0.433721
0.471479
0.507898
0.541258
0.57069
0.0352225
0.0579671
0.0716333
0.0812512
0.0889278
0.0954259
0.101087
0.106087
0.110532
0.114489
0.118004
0.121117
0.123857
0.126255
0.128342
0.130151
0.131722
0.1331
0.13434
0.135507
0.136682
0.137958
0.139441
0.141256
0.143537
0.146429
0.150084
0.154653
0.160293
0.167159
0.175421
0.185263
0.196902
0.210594
0.226641
0.245393
0.267218
0.292465
0.321371
0.353951
0.389841
0.428177
0.467528
0.505994
0.541534
0.572628
0.0342106
0.0562814
0.06964
0.0790779
0.0866293
0.0930306
0.0986112
0.103543
0.107929
0.111834
0.115305
0.11838
0.121091
0.123466
0.125537
0.127335
0.128898
0.130271
0.131504
0.132661
0.133816
0.135058
0.136489
0.138228
0.140405
0.143161
0.146646
0.151012
0.156413
0.163008
0.170963
0.180462
0.191718
0.204984
0.220566
0.238816
0.260129
0.284896
0.313433
0.345868
0.381985
0.421072
0.461809
0.502283
0.540221
0.573512
0.0332307
0.0546376
0.0676882
0.0769417
0.0843622
0.0906607
0.0961561
0.101016
0.105339
0.10919
0.112617
0.115656
0.118339
0.120695
0.122754
0.124547
0.12611
0.127485
0.128722
0.129878
0.131024
0.132244
0.133635
0.13531
0.137395
0.140026
0.143351
0.147518
0.152684
0.159004
0.166643
0.175783
0.186629
0.199429
0.214481
0.232136
0.2528
0.276895
0.304807
0.336772
0.372738
0.412184
0.453974
0.49629
0.536754
0.572797
0.0322916
0.0530518
0.0657961
0.0748621
0.0821464
0.0883365
0.0937413
0.0985235
0.10278
0.106576
0.109957
0.11296
0.115616
0.117955
0.120005
0.121797
0.123365
0.124749
0.125995
0.127158
0.128304
0.129513
0.130875
0.132497
0.134499
0.137015
0.140186
0.144161
0.149091
0.155133
0.162448
0.171212
0.181624
0.193919
0.208382
0.225356
0.245242
0.268482
0.29551
0.326664
0.36205
0.401371
0.443737
0.487537
0.530456
0.56967
0.0314005
0.0515382
0.0639807
0.0728571
0.0800008
0.0860772
0.091386
0.096086
0.100273
0.104009
0.107342
0.110307
0.112936
0.115258
0.117301
0.119094
0.12067
0.122067
0.123327
0.124504
0.125658
0.126862
0.128203
0.129781
0.131711
0.134119
0.137143
0.140928
0.145624
0.151384
0.158366
0.166739
0.176692
0.188448
0.202272
0.21849
0.237487
0.259706
0.285609
0.315611
0.349967
0.388601
0.430917
0.475615
0.520615
0.563087
0.0305632
0.0501091
0.0622569
0.0709432
0.0779427
0.0839007
0.0891086
0.0937216
0.0978336
0.101507
0.104789
0.107714
0.110315
0.112619
0.114654
0.116449
0.118035
0.119446
0.120725
0.121919
0.123085
0.124291
0.125618
0.12716
0.129024
0.131331
0.134214
0.137813
0.142274
0.147747
0.154387
0.162355
0.17183
0.183018
0.196162
0.211564
0.229582
0.250642
0.275211
0.303751
0.336631
0.37398
0.415504
0.460281
0.506614
0.551934
0.0297843
0.0487748
0.0606374
0.0691349
0.075988
0.0818236
0.086926
0.0914475
0.0954805
0.0990875
0.102314
0.105197
0.107766
0.110051
0.112077
0.113873
0.115468
0.116895
0.118193
0.119406
0.120587
0.121799
0.123117
0.124628
0.126432
0.128645
0.131391
0.134807
0.139033
0.144217
0.150506
0.158058
0.167038
0.177634
0.190069
0.20461
0.221585
0.241384
0.264456
0.291276
0.322282
0.357764
0.397702
0.441564
0.488127
0.535292
0.029067
0.0475436
0.0591334
0.067445
0.0741505
0.0798609
0.084854
0.0892796
0.0932295
0.0967656
0.0999337
0.10277
0.105305
0.107567
0.109582
0.111377
0.112979
0.114421
0.115738
0.11697
0.118168
0.119388
0.1207
0.122184
0.123934
0.126057
0.128671
0.131906
0.135899
0.14079
0.146723
0.153848
0.162319
0.172307
0.184011
0.197666
0.213557
0.232032
0.253499
0.278412
0.307232
0.340347
0.377945
0.419841
0.465295
0.512784
0.0284135
0.046422
0.0577538
0.0658843
0.0724427
0.0780259
0.0829066
0.0872328
0.0910956
0.0945568
0.0976623
0.100448
0.102946
0.105182
0.107182
0.108972
0.11058
0.112034
0.113367
0.114618
0.115831
0.11706
0.118368
0.119828
0.121528
0.123565
0.126052
0.12911
0.132869
0.137467
0.14304
0.14973
0.157683
0.167054
0.178015
0.190771
0.205563
0.222688
0.242498
0.2654
0.291832
0.322213
0.356856
0.39583
0.438804
0.484828
0.0278252
0.0454148
0.0565057
0.0644618
0.0708751
0.0763305
0.0810967
0.0853205
0.0890925
0.092475
0.0955139
0.0982457
0.100701
0.102907
0.104888
0.10667
0.108279
0.109741
0.111088
0.112355
0.113583
0.11482
0.116124
0.117562
0.119214
0.121169
0.123533
0.126418
0.129948
0.134252
0.139463
0.145716
0.153145
0.161892
0.172108
0.183965
0.197664
0.213445
0.2316
0.252467
0.276428
0.303876
0.33516
0.370493
0.409827
0.452672
0.0273029
0.0445254
0.0553949
0.0631851
0.0694567
0.0747848
0.0794354
0.0835545
0.0872328
0.090533
0.0935014
0.0961747
0.0985834
0.100754
0.102713
0.104482
0.106087
0.107553
0.10891
0.110189
0.111429
0.112672
0.113972
0.115388
0.116994
0.118872
0.121116
0.123833
0.127138
0.131153
0.136004
0.141818
0.148723
0.156845
0.166319
0.177288
0.189913
0.204385
0.220927
0.239806
0.261324
0.285806
0.313572
0.344868
0.379791
0.418152
0.0268468
0.0437563
0.0544257
0.0620603
0.0681951
0.0733979
0.0779326
0.0819454
0.0855275
0.0887423
0.0916364
0.094247
0.0966048
0.0987364
0.100666
0.102418
0.104014
0.10548
0.106841
0.108129
0.109376
0.110623
0.111916
0.113311
0.114873
0.116675
0.118806
0.121361
0.124448
0.12818
0.132675
0.138055
0.144438
0.151941
0.160682
0.17078
0.182363
0.195575
0.210579
0.227566
0.246755
0.268382
0.292689
0.319883
0.350085
0.38325
0.0264574
0.0431092
0.0536017
0.0610925
0.0670968
0.0721771
0.0765968
0.0805025
0.0839865
0.087113
0.0899294
0.0924733
0.0947756
0.096863
0.0987594
0.100488
0.10207
0.103529
0.104891
0.106181
0.107431
0.108678
0.109963
0.111336
0.112854
0.114585
0.116607
0.119007
0.121883
0.125341
0.129491
0.134445
0.140315
0.147209
0.15523
0.164481
0.17506
0.187072
0.200629
0.215854
0.232884
0.251864
0.272939
0.296234
0.321821
0.349677
0.0261348
0.0425857
0.0529258
0.060286
0.0661672
0.071129
0.0754352
0.0792337
0.0826182
0.085654
0.0883895
0.0908629
0.0931054
0.0951437
0.0970015
0.098701
0.100264
0.101711
0.103066
0.104354
0.105603
0.106845
0.108119
0.109468
0.110943
0.112605
0.114523
0.116777
0.119453
0.122648
0.126465
0.131006
0.136378
0.142678
0.15
0.158431
0.168049
0.178927
0.191134
0.204739
0.219807
0.236399
0.254569
0.274345
0.295716
0.318611
0.0258795
0.0421875
0.0524009
0.0596447
0.0654113
0.0702594
0.0744543
0.0781459
0.0814299
0.0843729
0.0870246
0.0894239
0.0916023
0.0935867
0.0954008
0.0970661
0.0986031
0.100033
0.101376
0.102656
0.103898
0.105132
0.106391
0.107714
0.109146
0.110742
0.112562
0.114677
0.117164
0.120111
0.123611
0.127759
0.13265
0.138378
0.145026
0.15267
0.161372
0.171183
0.182139
0.194265
0.207571
0.222051
0.237677
0.254392
0.272098
0.290654
0.0256923
0.0419166
0.0520302
0.0591729
0.0648339
0.0695734
0.0736596
0.0772451
0.0804277
0.0832761
0.0858413
0.0881629
0.0902732
0.0921993
0.0939645
0.0955901
0.0970959
0.0985015
0.0998268
0.101093
0.102323
0.103544
0.104784
0.106079
0.10747
0.109001
0.110728
0.112713
0.115024
0.117739
0.120941
0.124717
0.129154
0.134337
0.140342
0.147236
0.15507
0.163879
0.173678
0.184459
0.196193
0.208821
0.222256
0.236372
0.251
0.265932
0.0255747
0.0417761
0.0518178
0.0588749
0.0644396
0.0690759
0.0730561
0.0765361
0.0796167
0.0823688
0.0848447
0.0870854
0.0891237
0.0909869
0.0926984
0.0942791
0.0957482
0.0971242
0.0984258
0.0996725
0.100885
0.102088
0.103306
0.104571
0.105918
0.107388
0.109028
0.110891
0.113038
0.115539
0.118465
0.121894
0.125906
0.130576
0.135975
0.142162
0.149181
0.157055
0.165785
0.175345
0.185676
0.196686
0.208247
0.220185
0.232279
0.244274
0.0255289
0.0417704
0.0517687
0.0587559
0.0642334
0.0687717
0.0726481
0.0760231
0.0790009
0.0816547
0.0840389
0.0861954
0.0881578
0.0899539
0.091607
0.0931377
0.0945647
0.0959056
0.097178
0.0983996
0.0995898
0.10077
0.101962
0.103195
0.104498
0.105908
0.107464
0.109215
0.111212
0.113515
0.116187
0.119298
0.122917
0.127112
0.131948
0.137476
0.143735
0.150742
0.158489
0.166939
0.176018
0.185614
0.195573
0.205693
0.215722
0.225373
0.0255582
0.0419053
0.0518893
0.0588223
0.0642211
0.0686654
0.0724397
0.0757097
0.0785834
0.0811368
0.0834264
0.0854954
0.0873783
0.0891031
0.0906933
0.0921692
0.093549
0.0948496
0.0960873
0.0972787
0.0984413
0.0995938
0.100757
0.101955
0.103214
0.104565
0.106043
0.107689
0.109547
0.11167
0.114112
0.116933
0.120194
0.123955
0.128273
0.133195
0.138754
0.144964
0.151812
0.159256
0.167217
0.175573
0.184158
0.192758
0.201104
0.208896
0.0256671
0.0421887
0.052188
0.0590813
0.0644085
0.0687619
0.0724346
0.0755984
0.078366
0.0808165
0.0830084
0.0849866
0.0867861
0.0884356
0.0899586
0.0913752
0.092703
0.0939583
0.0951564
0.0963127
0.097443
0.0985641
0.0996945
0.100855
0.102069
0.103362
0.104766
0.106315
0.108047
0.110006
0.11224
0.1148
0.117738
0.121107
0.124957
0.129328
0.13425
0.139734
0.145767
0.152305
0.159269
0.166535
0.173938
0.181258
0.188227
0.194541
0.0258621
0.0426306
0.0526747
0.0595416
0.0648025
0.069066
0.0726358
0.0756911
0.0783496
0.0806939
0.0827847
0.0846684
0.0863809
0.0879511
0.0894028
0.0907557
0.0920272
0.0932326
0.0943865
0.0955031
0.0965968
0.0976826
0.098777
0.099898
0.101066
0.102304
0.103637
0.105095
0.106712
0.108524
0.110571
0.112896
0.115546
0.118565
0.121995
0.125873
0.130223
0.135055
0.140355
0.146082
0.15216
0.15847
0.164851
0.17109
0.176924
0.182055
0.0261516
0.0432438
0.0533615
0.0602129
0.0654101
0.0695821
0.0730456
0.0759884
0.0785337
0.0807676
0.0827533
0.0845386
0.0861603
0.0876475
0.0890239
0.0903092
0.0915201
0.0926715
0.093777
0.0948498
0.095903
0.0969501
0.0980056
0.0990852
0.100207
0.101389
0.102656
0.10403
0.105541
0.10722
0.1091
0.111218
0.113611
0.11632
0.119378
0.122818
0.12666
0.130912
0.135561
0.14057
0.145866
0.15134
0.156838
0.16216
0.167054
0.171232
0.0265464
0.0440437
0.0542625
0.0611059
0.0662381
0.0703139
0.0736652
0.0764894
0.0789157
0.0810343
0.0829105
0.0845933
0.0861202
0.0875206
0.0888182
0.0900321
0.0911788
0.0922724
0.0933258
0.0943512
0.0953604
0.0963657
0.0973798
0.0984165
0.099491
0.10062
0.101822
0.103119
0.104534
0.106092
0.107823
0.109756
0.111925
0.11436
0.117092
0.120146
0.123542
0.127283
0.13136
0.135737
0.140349
0.145096
0.149835
0.154379
0.158492
0.161899
0.0270606
0.0450483
0.0553931
0.0622314
0.0672928
0.0712635
0.0744936
0.077191
0.0794915
0.0814887
0.0832504
0.0848263
0.0862546
0.0875647
0.08878
0.0899192
0.0909983
0.0920308
0.0930289
0.0940036
0.094966
0.0959269
0.0968975
0.0978899
0.0989172
0.0999936
0.101135
0.102359
0.103686
0.105136
0.106734
0.108505
0.110475
0.112671
0.115117
0.117836
0.120841
0.124138
0.127716
0.131542
0.13556
0.139678
0.143766
0.147652
0.151116
0.153899
0.0277115
0.0462786
0.0567699
0.0635996
0.0685785
0.0724308
0.0755273
0.0780876
0.0802538
0.082123
0.0837647
0.0852294
0.0865554
0.0877719
0.0889017
0.0899634
0.0909721
0.0919407
0.0928805
0.093802
0.094715
0.0956293
0.0965547
0.0975019
0.0984818
0.0995069
0.10059
0.101747
0.102993
0.104347
0.105827
0.107455
0.109251
0.111238
0.113436
0.115863
0.11853
0.12144
0.124585
0.127935
0.13144
0.135017
0.138549
0.14188
0.144806
0.147084
0.0285216
0.0477586
0.0584099
0.0652191
0.0700967
0.0738123
0.0767596
0.0791703
0.0811926
0.0829266
0.0844427
0.0857919
0.0870121
0.088132
0.0891739
0.0901556
0.0910915
0.0919939
0.0928733
0.0937392
0.0946008
0.0954666
0.0963455
0.0972466
0.0981794
0.0991544
0.100183
0.101277
0.102449
0.103716
0.105092
0.106593
0.108238
0.110044
0.112027
0.114201
0.116576
0.119153
0.121923
0.124862
0.127924
0.131037
0.134096
0.136958
0.139437
0.141308
0.0295196
0.0495151
0.0603292
0.0670953
0.0718447
0.0753998
0.0781791
0.0804261
0.0822942
0.0838856
0.0852709
0.0865007
0.0876121
0.0886331
0.089585
0.0904848
0.0913462
0.0921805
0.0929977
0.0938064
0.0946148
0.0954308
0.096262
0.0971164
0.0980022
0.0989282
0.0999038
0.100939
0.102045
0.103233
0.104516
0.105908
0.107422
0.109071
0.110869
0.112825
0.114948
0.117238
0.119686
0.122271
0.124952
0.127666
0.13032
0.132785
0.134891
0.13643
0.0307442
0.0515783
0.0625424
0.0692287
0.073814
0.0771797
0.0797696
0.0818378
0.0835413
0.084983
0.0862328
0.08734
0.0883406
0.089261
0.0901216
0.0909383
0.0917239
0.092489
0.0932426
0.0939927
0.0947467
0.0955116
0.0962942
0.0971014
0.0979402
0.0988183
0.0997432
0.100723
0.101768
0.102886
0.104088
0.105383
0.106783
0.108298
0.109937
0.111708
0.113616
0.11566
0.117831
0.120111
0.122464
0.124833
0.127138
0.129263
0.131055
0.13232
0.0322477
0.0539818
0.0650601
0.0716134
0.0759892
0.0791319
0.0815094
0.0833835
0.0849128
0.0861987
0.0873093
0.088292
0.0891804
0.0899996
0.0907685
0.0915017
0.092211
0.0929061
0.0935953
0.0942858
0.0949842
0.0956969
0.0964299
0.0971892
0.0979809
0.0988114
0.0996873
0.100615
0.101603
0.102657
0.103787
0.104998
0.1063
0.1077
0.109205
0.110819
0.112544
0.114379
0.116315
0.118333
0.120403
0.122474
0.124476
0.126306
0.127826
0.128859
0.0341012
0.0567634
0.0678879
0.0742354
0.0783468
0.0812295
0.0833711
0.0850369
0.0863836
0.0875095
0.088479
0.0893364
0.0901129
0.0908313
0.0915089
0.092159
0.0927921
0.0934171
0.0940413
0.0946714
0.0953133
0.0959727
0.0966549
0.0973653
0.0981092
0.0988921
0.0997195
0.100597
0.101531
0.102527
0.103591
0.104729
0.105947
0.107249
0.10864
0.110122
0.111695
0.113355
0.115092
0.116888
0.118715
0.120529
0.122266
0.123836
0.125116
0.125945
0.0363953
0.0599631
0.0710239
0.0770706
0.0808543
0.0834386
0.0853221
0.0867677
0.0879261
0.0888899
0.0897183
0.0904516
0.0911178
0.0917372
0.0923251
0.0928931
0.0934508
0.0940059
0.0945651
0.0951342
0.0957185
0.0963232
0.0969531
0.097613
0.0983075
0.0990416
0.0998199
0.100647
0.101529
0.10247
0.103474
0.104546
0.105689
0.106908
0.108203
0.109576
0.111023
0.112539
0.114112
0.115724
0.117347
0.11894
0.120445
0.121784
0.122847
0.123489
0.0392367
0.0636219
0.074456
0.0800839
0.0834704
0.0857185
0.087325
0.0885421
0.0895102
0.0903128
0.0910028
0.0916152
0.0921744
0.0926978
0.0931984
0.0936865
0.0941701
0.094656
0.09515
0.0956575
0.0961831
0.0967314
0.0973068
0.0979136
0.0985562
0.0992389
0.0999658
0.100741
0.10157
0.102455
0.103401
0.104411
0.105488
0.106633
0.107847
0.109128
0.110472
0.111872
0.113313
0.114776
0.116233
0.117643
0.118951
0.120086
0.120951
0.121417
0.042746
0.0677797
0.0781581
0.0832269
0.0861442
0.0880227
0.0893389
0.0903247
0.0911045
0.0917505
0.0923075
0.0928045
0.0932617
0.0936934
0.0941104
0.0945211
0.0949325
0.0953501
0.0957792
0.0962242
0.0966895
0.0971791
0.0976971
0.0982474
0.098834
0.0994609
0.100132
0.100851
0.101623
0.102449
0.103335
0.104283
0.105294
0.10637
0.107511
0.108713
0.109972
0.111278
0.112616
0.113965
0.115293
0.116559
0.117708
0.118671
0.119359
0.119659
0.0470658
0.072475
0.082085
0.0864359
0.0888154
0.0902994
0.0913205
0.092079
0.0926782
0.0931762
0.0936085
0.0939978
0.0943596
0.0947052
0.0950431
0.0953798
0.0957211
0.0960717
0.0964357
0.0968174
0.0972203
0.0976482
0.0981048
0.0985938
0.0991188
0.0996836
0.100292
0.100948
0.101654
0.102415
0.103234
0.104112
0.105053
0.106058
0.107125
0.108252
0.109434
0.110661
0.111917
0.11318
0.114417
0.115582
0.116617
0.117449
0.117991
0.118142
0.0523835
0.0777483
0.0861634
0.0896281
0.0914137
0.092493
0.093226
0.0937697
0.0942019
0.0945649
0.0948839
0.0951752
0.0954498
0.095716
0.0959798
0.0962464
0.0965201
0.0968048
0.0971039
0.0974208
0.0977589
0.0981213
0.0985115
0.0989329
0.0993888
0.0998828
0.100419
0.101
0.10163
0.102312
0.10305
0.103847
0.104705
0.105625
0.106607
0.107651
0.108751
0.1099
0.111082
0.112277
0.11345
0.114554
0.115525
0.116283
0.116732
0.116771
0.0589581
0.0836391
0.090276
0.0926954
0.093859
0.0945459
0.0950131
0.0953649
0.0956502
0.0958951
0.096115
0.0963198
0.0965166
0.0967106
0.0969061
0.0971067
0.0973155
0.0975355
0.0977694
0.0980201
0.0982903
0.0985828
0.0989006
0.0992467
0.0996242
0.100036
0.100487
0.100979
0.101516
0.102101
0.102739
0.103432
0.104183
0.104995
0.105869
0.106804
0.107799
0.108849
0.109942
0.111061
0.112177
0.113244
0.114198
0.114948
0.115385
0.115387
0.0672075
0.0901419
0.0942248
0.0954954
0.096063
0.0964025
0.0966453
0.0968387
0.0970035
0.097151
0.0972878
0.0974189
0.0975478
0.0976776
0.0978107
0.0979496
0.0980963
0.0982529
0.0984216
0.0986043
0.0988034
0.0990209
0.0992595
0.0995215
0.0998097
0.100127
0.100476
0.100861
0.101283
0.101748
0.102258
0.102816
0.103426
0.104092
0.104815
0.105597
0.106439
0.10734
0.108294
0.109292
0.110312
0.111322
0.112265
0.113058
0.113579
0.11368
0.0781242
0.0968459
0.0976438
0.0978428
0.0979332
0.0980148
0.098096
0.0981747
0.0982501
0.0983227
0.0983936
0.098464
0.0985354
0.0986089
0.0986859
0.0987675
0.0988551
0.0989499
0.0990533
0.0991665
0.0992911
0.0994286
0.0995808
0.0997493
0.0999363
0.100144
0.100374
0.100629
0.100912
0.101226
0.101573
0.101956
0.102379
0.102844
0.103355
0.103915
0.104526
0.10519
0.105908
0.106678
0.107492
0.108336
0.10918
0.10997
0.110612
0.110962
0.0947885
0.101167
0.0998949
0.0995258
0.0993927
0.0993564
0.099356
0.0993688
0.0993867
0.0994068
0.0994281
0.0994504
0.099474
0.0994989
0.0995257
0.0995546
0.0995862
0.0996209
0.0996592
0.0997016
0.0997487
0.0998012
0.0998598
0.0999252
0.0999984
0.10008
0.100171
0.100274
0.100388
0.100515
0.100657
0.100815
0.100991
0.101186
0.101403
0.101644
0.10191
0.102204
0.102528
0.102886
0.103279
0.103709
0.104177
0.104681
0.105213
0.105738
0.200296
0.166745
0.134094
0.155816
0.228828
0.229726
0.13748
0.127158
0.244922
0.225821
0.217883
0.225288
0.232102
0.234346
0.236191
0.236555
0.275708
0.261323
0.248783
0.241537
0.238477
0.238119
0.238523
0.236125
0.289291
0.282261
0.273394
0.264345
0.256331
0.249934
0.245006
0.240859
0.294576
0.291626
0.287086
0.281258
0.274615
0.267679
0.26087
0.254341
0.296234
0.295276
0.293225
0.290106
0.286001
0.281054
0.275431
0.269193
0.296222
0.296326
0.295647
0.294167
0.29188
0.288796
0.284913
0.280155
0.295388
0.296082
0.296181
0.295662
0.294505
0.292692
0.29018
0.286873
0.294074
0.295067
0.295585
0.29561
0.295128
0.294121
0.292553
0.290347
0.292462
0.293566
0.294268
0.294561
0.294443
0.29391
0.29294
0.291478
0.290797
0.291819
0.292525
0.292904
0.292952
0.292667
0.292036
0.291019
0.289889
0.290591
0.291108
0.291388
0.291394
0.291103
0.290509
0.28962
0.290094
0.290536
0.290781
0.290802
0.290573
0.290023
0.289202
0.288216
0.292006
0.291362
0.291249
0.291099
0.290915
0.290224
0.28906
0.287706
0.336707
0.333832
0.330758
0.326442
0.318422
0.306697
0.294909
0.289593
0.362961
0.362861
0.362443
0.361132
0.358056
0.35278
0.345956
0.339101
0.375993
0.377301
0.378251
0.378674
0.378229
0.376623
0.373905
0.370458
0.385287
0.3873
0.388851
0.389898
0.390329
0.390032
0.388985
0.387271
0.395178
0.397566
0.399441
0.400776
0.401527
0.40165
0.401128
0.399993
0.407507
0.410115
0.412183
0.413679
0.414569
0.414822
0.414424
0.413389
0.422579
0.425358
0.427568
0.429173
0.430133
0.430418
0.430005
0.428893
0.439714
0.44276
0.445161
0.446877
0.447887
0.448171
0.447696
0.446446
0.457861
0.461209
0.463878
0.465812
0.466953
0.467256
0.466706
0.465306
0.476043
0.479699
0.482634
0.484788
0.486104
0.486524
0.485997
0.484483
0.49337
0.497321
0.500509
0.502871
0.504347
0.504875
0.504403
0.502879
0.50909
0.513309
0.516725
0.519275
0.520898
0.521532
0.521122
0.519619
0.522614
0.52706
0.530673
0.533391
0.535152
0.535896
0.535568
0.534121
0.533538
0.538167
0.541944
0.54481
0.546707
0.547578
0.547369
0.546037
0.541671
0.546437
0.550347
0.55335
0.555392
0.556419
0.556383
0.555243
0.547056
0.551921
0.555944
0.559083
0.561292
0.562523
0.562729
0.561876
0.549979
0.554925
0.559061
0.562358
0.564781
0.566285
0.566825
0.566367
0.550961
0.556002
0.560289
0.563807
0.566528
0.568412
0.569409
0.569476
0.55071
0.555919
0.560453
0.564314
0.567481
0.569911
0.571541
0.572303
0.550049
0.555567
0.560524
0.564939
0.568796
0.572038
0.574568
0.576266
0.549798
0.555847
0.561497
0.566791
0.571712
0.576174
0.580017
0.583025
0.550647
0.55752
0.56423
0.570849
0.577363
0.583639
0.589415
0.594321
0.553038
0.561068
0.569263
0.577753
0.586536
0.595418
0.603995
0.611666
0.557083
0.56657
0.576666
0.58759
0.599381
0.611794
0.624246
0.635828
0.562526
0.573647
0.585915
0.599694
0.615114
0.631915
0.649338
0.666096
0.56878
0.581475
0.595883
0.612567
0.631823
0.653456
0.676585
0.699537
0.575061
0.588962
0.605043
0.624094
0.646648
0.672694
0.701378
0.730746
0.580628
0.595102
0.611963
0.632196
0.656596
0.685445
0.718088
0.752521
0.585039
0.599401
0.615966
0.635817
0.659945
0.688928
0.72244
0.758715
0.58836
0.602152
0.61755
0.635622
0.657437
0.68378
0.714716
0.748936
0.590971
0.60404
0.617913
0.633565
0.652054
0.67428
0.700626
0.730265
0.593156
0.605674
0.618105
0.631281
0.646186
0.663782
0.684742
0.708909
0.594927
0.607334
0.618756
0.629822
0.641375
0.654335
0.669516
0.687205
0.595931
0.608865
0.619995
0.629701
0.638617
0.647546
0.657308
0.668422
0.595395
0.609613
0.621398
0.630859
0.638375
0.644574
0.650239
0.656102
0.592104
0.608328
0.621796
0.632343
0.640056
0.645288
0.648647
0.6509
0.584493
0.603198
0.619208
0.632133
0.641765
0.648108
0.651412
0.652161
0.57097
0.592164
0.611109
0.627294
0.6403
0.649831
0.655754
0.658132
0.550425
0.573529
0.595104
0.61464
0.631653
0.645695
0.656401
0.663534
0.522713
0.546634
0.569821
0.591867
0.612336
0.630788
0.646809
0.660062
0.488908
0.5123
0.535646
0.558682
0.581081
0.602487
0.622544
0.640928
0.451113
0.472727
0.494769
0.51711
0.539544
0.561818
0.583662
0.604801
0.411879
0.43083
0.450444
0.470706
0.491515
0.512711
0.534105
0.555478
0.373572
0.389448
0.406027
0.423374
0.441472
0.460237
0.479547
0.499236
0.337935
0.350751
0.364186
0.378355
0.393296
0.408985
0.425355
0.442286
0.305931
0.315996
0.326539
0.3377
0.349553
0.362112
0.375353
0.389198
0.277839
0.285596
0.293685
0.302254
0.311393
0.321142
0.331505
0.342437
0.253485
0.259397
0.265515
0.271983
0.2789
0.286317
0.294256
0.3027
0.23248
0.236959
0.241546
0.246379
0.251553
0.257128
0.263137
0.269579
0.21438
0.217763
0.221183
0.224768
0.228609
0.232769
0.237286
0.242171
0.198775
0.201324
0.203859
0.206498
0.209329
0.212411
0.215789
0.21948
0.185323
0.187233
0.189095
0.191017
0.193079
0.195342
0.197849
0.200623
0.173747
0.175167
0.176514
0.177887
0.179362
0.180995
0.182831
0.184895
0.163824
0.164864
0.165814
0.166765
0.167787
0.168934
0.170247
0.171756
0.155361
0.156106
0.15675
0.157376
0.158048
0.158816
0.159721
0.160793
0.148182
0.148698
0.149108
0.149484
0.149887
0.150361
0.150947
0.151674
0.142121
0.142461
0.142692
0.142879
0.143076
0.143325
0.143662
0.144118
0.137022
0.137227
0.137322
0.137367
0.137407
0.137484
0.137629
0.137872
0.132737
0.132838
0.132832
0.132768
0.132692
0.132637
0.132635
0.132712
0.129135
0.129155
0.129069
0.128924
0.128758
0.128602
0.128485
0.128432
0.126101
0.126054
0.125905
0.125694
0.125457
0.125221
0.125012
0.124854
0.123538
0.123432
0.123228
0.122962
0.122664
0.122361
0.122075
0.121828
0.121363
0.121202
0.120946
0.120629
0.120276
0.119912
0.119557
0.119229
0.119505
0.119288
0.118981
0.118614
0.118209
0.117786
0.117362
0.116955
0.117891
0.117618
0.117261
0.116845
0.116389
0.115908
0.115415
0.114926
0.116434
0.116113
0.115711
0.115253
0.114752
0.114217
0.113654
0.113077
0.115005
0.114654
0.114227
0.113747
0.113225
0.112655
0.112031
0.111362
0.113352
0.113029
0.112627
0.112181
0.1117
0.111155
0.110509
0.109762
0.110891
0.110739
0.110515
0.110258
0.109985
0.109623
0.109066
0.108297
0.10607
0.106251
0.106423
0.106639
0.107051
0.107632
0.107471
0.106835
0.131557
0.174511
0.173097
0.159187
0.148469
0.142193
0.13805
0.134526
0.131043
0.127468
0.123814
0.120121
0.116402
0.11264
0.108804
0.10494
0.101045
0.0971199
0.0931857
0.0892774
0.0854351
0.0816987
0.0781045
0.0746825
0.071455
0.0684364
0.0656114
0.0629393
0.0603675
0.0578276
0.055235
0.0524874
0.0494602
0.045992
0.0418431
0.0365706
0.0289939
0.0140056
0.23377
0.260178
0.26247
0.233747
0.207478
0.188292
0.175798
0.166022
0.157498
0.149765
0.142661
0.136172
0.130259
0.124813
0.119747
0.114955
0.110316
0.10576
0.101263
0.0968351
0.0924999
0.088289
0.0842333
0.0803599
0.0766908
0.0732418
0.0699944
0.0669201
0.0639749
0.0610963
0.0582019
0.0551878
0.0519231
0.0482349
0.0438652
0.0383401
0.030409
0.0147616
0.231993
0.231551
0.231584
0.251774
0.266263
0.252408
0.23325
0.214293
0.197741
0.183083
0.169956
0.158406
0.148461
0.140008
0.13278
0.12644
0.120668
0.115239
0.110023
0.104967
0.100059
0.0953107
0.0907423
0.0863733
0.082222
0.0783043
0.0745977
0.0710817
0.0677209
0.0644605
0.0612227
0.0579042
0.0543692
0.0504343
0.0458243
0.0400372
0.031761
0.0155096
0.234656
0.23051
0.228985
0.228302
0.230159
0.258886
0.278886
0.269882
0.250556
0.229756
0.209356
0.19057
0.174196
0.160529
0.149404
0.140318
0.132658
0.1259
0.119691
0.113833
0.108236
0.102867
0.0977211
0.0928046
0.0881267
0.083699
0.0794919
0.0754915
0.0716703
0.0679817
0.0643545
0.0606878
0.0568433
0.0526284
0.0477521
0.0416865
0.0330628
0.016242
0.243491
0.235126
0.23002
0.226846
0.22619
0.225426
0.235472
0.269755
0.285895
0.277494
0.257005
0.233231
0.209903
0.189096
0.171818
0.158083
0.147202
0.138284
0.130589
0.123637
0.117168
0.111056
0.105246
0.0997176
0.0944639
0.0894793
0.0847279
0.0801996
0.0758734
0.0717101
0.0676457
0.063584
0.0593863
0.054853
0.0496788
0.0433116
0.0343291
0.0169607
0.257254
0.245683
0.236625
0.230113
0.226089
0.223775
0.223483
0.223359
0.241749
0.279489
0.288637
0.275461
0.25224
0.226277
0.201961
0.181612
0.165638
0.153217
0.1432
0.134662
0.127028
0.119989
0.113394
0.107169
0.101285
0.0956842
0.0903409
0.085241
0.0803663
0.0756835
0.0711352
0.0666309
0.0620338
0.0571399
0.0516315
0.0449338
0.0355739
0.0176701
0.270228
0.258471
0.247489
0.238128
0.230858
0.225752
0.222619
0.221229
0.220785
0.224486
0.256739
0.285732
0.284784
0.265152
0.238399
0.211842
0.189344
0.171769
0.1582
0.147304
0.138046
0.129804
0.122249
0.115212
0.108611
0.102337
0.096352
0.0906365
0.0851717
0.079927
0.0748506
0.0698576
0.0648147
0.0595159
0.0536334
0.0465716
0.0368096
0.0183748
0.279638
0.269649
0.25898
0.248592
0.239265
0.231531
0.225676
0.221766
0.21949
0.218862
0.219037
0.236839
0.274757
0.285972
0.271664
0.24571
0.218299
0.194764
0.176342
0.162061
0.150519
0.140675
0.131914
0.123909
0.116483
0.109456
0.102772
0.0963942
0.0902984
0.0844529
0.0788078
0.0732831
0.0677494
0.0620013
0.055703
0.0482403
0.0380469
0.0190791
0.28535
0.277592
0.268455
0.258618
0.248791
0.239635
0.231691
0.225351
0.220778
0.217936
0.216685
0.216352
0.227261
0.262225
0.281976
0.27284
0.24855
0.221482
0.197958
0.179379
0.164772
0.152802
0.142509
0.133338
0.124935
0.117055
0.1096
0.102509
0.0957417
0.0892591
0.0830094
0.0769144
0.0708488
0.0646086
0.0578527
0.0499509
0.0392939
0.0197864
0.288058
0.28223
0.274879
0.266381
0.257207
0.247894
0.238997
0.231042
0.224448
0.219497
0.216247
0.214594
0.214189
0.220922
0.251781
0.275934
0.270353
0.247841
0.221953
0.199235
0.181007
0.166366
0.154154
0.143573
0.133995
0.125134
0.116824
0.108962
0.101482
0.0943295
0.087444
0.080746
0.0741125
0.0673415
0.0600886
0.0517097
0.0405559
0.0204992
0.288569
0.28413
0.2783
0.271256
0.263255
0.254634
0.245805
0.237243
0.229435
0.222822
0.217735
0.214304
0.212514
0.212119
0.217931
0.245767
0.269919
0.265585
0.244629
0.220424
0.198989
0.181412
0.166937
0.154633
0.143673
0.133682
0.124418
0.115722
0.107487
0.099633
0.0920857
0.0847586
0.077528
0.0701935
0.0624085
0.0535177
0.0418347
0.0212185
0.287594
0.283994
0.279247
0.273411
0.26661
0.259023
0.250889
0.242539
0.234376
0.226856
0.220425
0.215438
0.212073
0.210349
0.210013
0.217073
0.243496
0.264782
0.259637
0.239941
0.217636
0.197666
0.180901
0.166545
0.15396
0.142671
0.132343
0.122742
0.113707
0.105124
0.0968941
0.0889191
0.0810704
0.0731476
0.0648022
0.0553695
0.0431286
0.0219444
0.286202
0.282798
0.278486
0.27341
0.267548
0.260956
0.25373
0.246052
0.238185
0.230485
0.223378
0.217307
0.212639
0.209552
0.208043
0.20796
0.217543
0.243921
0.26022
0.25329
0.234801
0.214345
0.195586
0.179151
0.164782
0.152042
0.140536
0.129957
0.12008
0.110742
0.101815
0.0931805
0.0847018
0.0761753
0.0672501
0.0572533
0.0444319
0.0226754
0.285079
0.281219
0.276955
0.272269
0.266797
0.260805
0.25436
0.247476
0.240253
0.232895
0.225724
0.219148
0.213603
0.20944
0.206809
0.205641
0.206424
0.219869
0.245662
0.255905
0.247078
0.229498
0.210194
0.19211
0.175976
0.16169
0.148911
0.137286
0.126525
0.116412
0.106779
0.0974834
0.0883727
0.0792376
0.0697237
0.0591504
0.0457343
0.0234085
0.285422
0.280986
0.27605
0.270672
0.264884
0.259307
0.253319
0.246945
0.240396
0.233658
0.226864
0.220303
0.214377
0.209502
0.205985
0.203942
0.203207
0.206521
0.22515
0.247391
0.251701
0.24099
0.223571
0.204864
0.187268
0.171455
0.157348
0.144623
0.132947
0.122047
0.111708
0.101757
0.0920226
0.0822858
0.0721862
0.0610355
0.0470219
0.0241393
0.328058
0.293825
0.278019
0.270818
0.264325
0.257751
0.250904
0.244827
0.238868
0.232681
0.226486
0.220333
0.214478
0.209313
0.205226
0.202445
0.201017
0.201
0.209588
0.231945
0.248404
0.247516
0.234631
0.216758
0.19829
0.181116
0.165691
0.151845
0.139237
0.127546
0.116511
0.105921
0.0955826
0.0852629
0.0745934
0.0628777
0.0482763
0.0248622
0.363762
0.350106
0.33501
0.318793
0.274846
0.259419
0.250594
0.243105
0.235995
0.230134
0.224579
0.219018
0.213589
0.208525
0.204212
0.200987
0.199002
0.198181
0.200641
0.216341
0.23906
0.248721
0.242589
0.227169
0.208636
0.190409
0.173753
0.158802
0.145269
0.132801
0.121091
0.10989
0.0989776
0.0881061
0.0768958
0.0646411
0.0494765
0.02557
0.383356
0.376074
0.367505
0.357049
0.337716
0.315901
0.279111
0.247179
0.23536
0.227713
0.221325
0.216356
0.21156
0.206921
0.20271
0.199302
0.19694
0.195694
0.195966
0.204887
0.227028
0.245324
0.247154
0.235636
0.217919
0.199052
0.181328
0.165333
0.150908
0.137695
0.125345
0.113573
0.10213
0.0907499
0.0790408
0.0662871
0.0505988
0.0262547
0.397133
0.391742
0.384995
0.376877
0.365547
0.35165
0.331277
0.303893
0.269158
0.230145
0.219141
0.212901
0.208459
0.204438
0.200597
0.197258
0.194745
0.193216
0.192716
0.196719
0.215503
0.238982
0.248633
0.241949
0.225835
0.206774
0.1882
0.171269
0.156018
0.142111
0.129173
0.116882
0.104963
0.0931292
0.0809755
0.0677762
0.0516185
0.0269078
0.410629
0.405336
0.398547
0.390603
0.381069
0.36981
0.355622
0.337373
0.311842
0.274082
0.228058
0.210544
0.204844
0.201193
0.197867
0.194795
0.192315
0.190641
0.189854
0.191568
0.20615
0.231531
0.247767
0.246169
0.232194
0.213346
0.194168
0.176446
0.160464
0.145939
0.13248
0.119736
0.107405
0.0951828
0.0826496
0.0690701
0.0525115
0.0275204
0.425866
0.419962
0.412308
0.403414
0.393422
0.382359
0.369808
0.354853
0.335196
0.307395
0.266913
0.21525
0.201513
0.19751
0.194617
0.191926
0.189611
0.187932
0.187041
0.187928
0.199864
0.225095
0.245725
0.248619
0.236946
0.218605
0.199063
0.180719
0.164127
0.14908
0.135182
0.122062
0.109395
0.0968573
0.0840189
0.0701344
0.0532554
0.028084
0.443027
0.436275
0.427443
0.417147
0.405839
0.393799
0.380971
0.366743
0.349547
0.326661
0.294335
0.248085
0.198638
0.19372
0.191008
0.18872
0.186654
0.185064
0.184147
0.18454
0.194796
0.220209
0.243472
0.24976
0.240169
0.222469
0.202764
0.183974
0.166913
0.151454
0.137213
0.123803
0.110881
0.0981098
0.0850471
0.0709409
0.0538315
0.0285909
0.461476
0.453849
0.443792
0.432001
0.419104
0.405593
0.391665
0.376999
0.360462
0.339804
0.311489
0.271945
0.21236
0.189983
0.187271
0.185296
0.1835
0.18205
0.181141
0.181272
0.190147
0.216804
0.241599
0.250018
0.242004
0.22492
0.205197
0.186134
0.168753
0.153007
0.138527
0.12492
0.111831
0.0989107
0.085709
0.071469
0.0542254
0.0290344
0.48028
0.471859
0.460682
0.447495
0.433033
0.417929
0.402566
0.386854
0.369944
0.349909
0.323345
0.286668
0.233522
0.18621
0.183472
0.181762
0.180225
0.178942
0.178129
0.178295
0.187332
0.215928
0.240718
0.249732
0.24259
0.225977
0.206336
0.187162
0.169615
0.153712
0.139103
0.125395
0.112228
0.0992453
0.0859911
0.0717069
0.0544286
0.0294096
0.49848
0.489419
0.477324
0.462961
0.447116
0.430502
0.41361
0.3965
0.378508
0.357919
0.331526
0.295666
0.246079
0.183337
0.179779
0.178225
0.176886
0.175768
0.175092
0.175469
0.186704
0.217702
0.240875
0.249049
0.242037
0.225693
0.206199
0.187064
0.169502
0.153572
0.138943
0.125231
0.112075
0.0991142
0.0858926
0.0716528
0.0544384
0.0297135
0.515194
0.505744
0.493013
0.477775
0.460819
0.442871
0.42446
0.405716
0.386089
0.364011
0.33651
0.299983
0.251481
0.183439
0.176104
0.174657
0.173495
0.172549
0.17204
0.172807
0.189451
0.22178
0.241661
0.247941
0.240436
0.224153
0.204851
0.185889
0.168454
0.152619
0.138077
0.124452
0.111391
0.0985331
0.0854251
0.0713142
0.0542586
0.0299448
0.529753
0.520254
0.507218
0.491453
0.473691
0.454604
0.434688
0.414086
0.392323
0.367983
0.338349
0.300032
0.250543
0.179644
0.172098
0.171007
0.170072
0.169317
0.169015
0.170497
0.19676
0.227138
0.242513
0.246306
0.237851
0.221465
0.202395
0.183722
0.166538
0.150911
0.136552
0.1231
0.110211
0.0975307
0.0846112
0.0707071
0.0538983
0.0301043
0.541868
0.532604
0.51962
0.503679
0.485391
0.465299
0.443806
0.421033
0.39658
0.36923
0.336551
0.295514
0.243619
0.173842
0.168132
0.167374
0.166652
0.166102
0.166093
0.169068
0.208533
0.232482
0.242897
0.24401
0.234333
0.217751
0.19896
0.180675
0.163849
0.148527
0.134435
0.121232
0.108583
0.0961469
0.0834825
0.0698552
0.0533718
0.0301945
0.55144
0.54266
0.530089
0.514284
0.495653
0.474541
0.451212
0.425768
0.397944
0.366799
0.330239
0.28577
0.230643
0.167416
0.164241
0.163786
0.16326
0.162937
0.16342
0.170148
0.220742
0.236089
0.242403
0.240925
0.22993
0.213142
0.194687
0.176875
0.160494
0.145558
0.131805
0.118913
0.106565
0.0944297
0.0820782
0.0687876
0.0526972
0.0302195
0.558632
0.550598
0.538704
0.523209
0.504217
0.481805
0.456093
0.427224
0.395194
0.359462
0.318341
0.269962
0.210287
0.16141
0.160421
0.16023
0.159911
0.159876
0.161416
0.18
0.230464
0.237617
0.240921
0.236979
0.224711
0.207777
0.189725
0.172456
0.15659
0.142104
0.128747
0.116218
0.10422
0.0924326
0.0804417
0.0675375
0.0518956
0.0301844
0.563888
0.556817
0.545714
0.530446
0.510725
0.486334
0.457302
0.42395
0.386743
0.345668
0.299475
0.24657
0.176701
0.156391
0.156679
0.156687
0.156638
0.157044
0.161313
0.204793
0.23466
0.237496
0.238434
0.232152
0.218766
0.201797
0.184221
0.167553
0.152253
0.138264
0.125347
0.113223
0.101612
0.0902114
0.078619
0.0661399
0.0509894
0.0300953
0.567978
0.561978
0.55151
0.535962
0.514605
0.487004
0.453235
0.414002
0.370545
0.323459
0.271761
0.212233
0.153328
0.152293
0.152961
0.153193
0.153514
0.15509
0.16916
0.22624
0.235298
0.236264
0.234925
0.226488
0.212212
0.195345
0.178316
0.162294
0.147595
0.134137
0.121691
0.110001
0.0988072
0.0878217
0.0766563
0.0646306
0.0500015
0.0299589
0.572023
0.567034
0.556632
0.539648
0.515002
0.482267
0.441764
0.394832
0.344013
0.290556
0.232445
0.158631
0.147196
0.148492
0.149257
0.149867
0.150813
0.156667
0.20043
0.234531
0.23408
0.23412
0.230403
0.22009
0.205187
0.188562
0.172144
0.156796
0.142722
0.129814
0.11786
0.106625
0.0958676
0.0853172
0.074598
0.0630439
0.0489546
0.0297818
0.577511
0.573279
0.561819
0.541391
0.510909
0.47037
0.420362
0.362952
0.303611
0.243534
0.172774
0.141584
0.143155
0.144633
0.14565
0.146741
0.149783
0.179476
0.228217
0.234266
0.23221
0.231055
0.224947
0.213096
0.197834
0.181584
0.165824
0.151168
0.137725
0.125377
0.113926
0.103158
0.0928509
0.0827478
0.0724859
0.0614122
0.0478698
0.0295706
0.586268
0.582404
0.568183
0.541421
0.501855
0.450413
0.386882
0.313355
0.242462
0.169554
0.13557
0.137348
0.139345
0.140859
0.142254
0.144342
0.161689
0.220199
0.236152
0.23185
0.230034
0.227026
0.218681
0.205664
0.190296
0.174531
0.159461
0.1455
0.132688
0.120901
0.109956
0.0996603
0.0898088
0.0801587
0.0703576
0.0597649
0.0467665
0.0293315
0.600356
0.596563
0.577528
0.54105
0.489501
0.42554
0.344035
0.243344
0.146547
0.131102
0.131963
0.133944
0.135776
0.137432
0.139345
0.148709
0.210209
0.238962
0.234527
0.229417
0.227315
0.22203
0.211755
0.197953
0.182702
0.167508
0.153143
0.13987
0.12768
0.116447
0.106006
0.0961823
0.0867871
0.0775895
0.0682464
0.0581279
0.0456618
0.0290704
0.621781
0.618255
0.592475
0.543158
0.47896
0.406847
0.312921
0.15557
0.129814
0.128948
0.129799
0.131274
0.13282
0.134618
0.139751
0.197113
0.240687
0.240016
0.23092
0.22725
0.223754
0.21613
0.204339
0.190112
0.175163
0.160599
0.146943
0.134343
0.122759
0.112069
0.102124
0.0927679
0.083825
0.0750745
0.0661807
0.056523
0.0445704
0.0287922
0.651867
0.649708
0.615462
0.550255
0.475142
0.404186
0.314503
0.138448
0.12943
0.128421
0.128699
0.129671
0.131032
0.134522
0.177817
0.24018
0.246672
0.235068
0.228236
0.224835
0.219186
0.209463
0.196614
0.182277
0.167773
0.153875
0.140918
0.12897
0.117972
0.10781
0.0983511
0.0894538
0.0809553
0.0726421
0.0641841
0.0549687
0.0435046
0.0285014
0.690234
0.691514
0.646654
0.560948
0.476009
0.419315
0.358522
0.163047
0.132055
0.129452
0.128891
0.129686
0.132822
0.160011
0.238836
0.252953
0.241034
0.231119
0.226353
0.221632
0.21364
0.202228
0.188754
0.174564
0.160606
0.14739
0.135113
0.123792
0.113357
0.103705
0.0947191
0.0862699
0.0782047
0.0703154
0.0622756
0.0534794
0.0424742
0.0282017
0.733728
0.739825
0.681654
0.566245
0.468646
0.425958
0.398723
0.343557
0.148354
0.135333
0.13225
0.134777
0.154507
0.229203
0.25713
0.247147
0.235773
0.229186
0.224228
0.217292
0.207214
0.194679
0.180934
0.167076
0.153724
0.141186
0.129563
0.118839
0.108943
0.0997828
0.0912542
0.08324
0.0755943
0.0681123
0.0604697
0.0520662
0.0414867
0.027896
0.775975
0.787585
0.711461
0.559879
0.438767
0.388294
0.372157
0.363236
0.330941
0.199418
0.159625
0.188235
0.228644
0.249802
0.250215
0.241213
0.233765
0.227846
0.221015
0.211755
0.200106
0.186959
0.173315
0.159908
0.147178
0.135297
0.124295
0.114136
0.104753
0.0960638
0.0879765
0.0803823
0.0731401
0.0660463
0.0587769
0.0507369
0.0405477
0.0275868
0.807396
0.824922
0.72414
0.531257
0.372744
0.333501
0.34377
0.308242
0.289547
0.264163
0.231795
0.231881
0.242846
0.248902
0.246649
0.240193
0.233134
0.225497
0.216286
0.205161
0.192562
0.179256
0.165949
0.153119
0.141023
0.129756
0.119331
0.109702
0.100804
0.0925644
0.084901
0.0777105
0.0708538
0.0641266
0.0572042
0.0494966
0.0396609
0.0272757
0.818163
0.838566
0.704517
0.451155
0.275055
0.17904
0.296281
0.363181
0.315508
0.296865
0.278973
0.267467
0.26207
0.257396
0.24994
0.240807
0.231322
0.22125
0.210089
0.197822
0.184861
0.171747
0.158936
0.146722
0.135254
0.12458
0.114694
0.105556
0.0971103
0.0892978
0.0820394
0.0752344
0.0687432
0.0623588
0.0557553
0.0483479
0.0388284
0.0269639
0.805735
0.824513
0.625833
0.251064
0.146853
0.10085
0.107876
0.266741
0.376847
0.348846
0.337913
0.314855
0.289987
0.269825
0.253395
0.239548
0.227197
0.215196
0.202884
0.190167
0.177291
0.164593
0.152354
0.140754
0.129881
0.119758
0.110375
0.101699
0.0936853
0.0862776
0.0794032
0.0729629
0.0668142
0.0607464
0.0544316
0.0472907
0.0380493
0.0266586
0.780033
0.804872
0.591135
0.196121
0.103025
0.0982278
0.0997855
0.103117
0.27222
0.359827
0.364203
0.345848
0.309457
0.277316
0.253422
0.235665
0.221232
0.208124
0.195356
0.182658
0.170117
0.157928
0.146265
0.13524
0.124911
0.115292
0.106374
0.0981309
0.0905239
0.0835017
0.0769934
0.0708979
0.0650686
0.0592903
0.053234
0.0463265
0.037328
0.0263603
0.74988
0.783002
0.622173
0.119984
0.100718
0.0973804
0.0966032
0.0985579
0.111311
0.28224
0.347918
0.350848
0.316569
0.279065
0.250706
0.230422
0.214711
0.201048
0.188185
0.175696
0.163551
0.15185
0.140704
0.130188
0.120343
0.111179
0.102688
0.0948485
0.0876259
0.0809702
0.0748092
0.0690376
0.0635033
0.0579867
0.0521584
0.045452
0.0366622
0.026068
0.71727
0.747844
0.667588
0.113846
0.101665
0.0978777
0.0952508
0.0948266
0.0979635
0.134393
0.311266
0.339687
0.316508
0.278391
0.247642
0.225639
0.208954
0.194844
0.181894
0.169561
0.157722
0.146409
0.135684
0.125595
0.116169
0.10741
0.0993101
0.0918479
0.0849887
0.0786808
0.0728475
0.0673777
0.062113
0.0568299
0.0511997
0.0446632
0.0360495
0.0257807
0.687037
0.709099
0.696296
0.139836
0.105155
0.0999441
0.0954851
0.0933366
0.0942734
0.102117
0.19827
0.325399
0.315507
0.278875
0.246463
0.222768
0.204883
0.190055
0.176771
0.164381
0.152672
0.141604
0.131188
0.121441
0.112371
0.103973
0.0962317
0.0891227
0.0826073
0.0766284
0.0711027
0.0659115
0.0608903
0.0558126
0.0503513
0.0439554
0.0354874
0.025498
0.665841
0.680377
0.677262
0.506241
0.111425
0.104563
0.0972977
0.0933592
0.0931131
0.0967153
0.139251
0.323316
0.319156
0.282908
0.248412
0.222494
0.202858
0.186845
0.172864
0.160145
0.148363
0.137391
0.127176
0.117695
0.108927
0.100851
0.0934413
0.0866645
0.0804745
0.074806
0.069567
0.0646306
0.0598264
0.0549264
0.0496063
0.0433236
0.0349733
0.0252195
0.653858
0.659229
0.657746
0.599551
0.139297
0.114272
0.10064
0.0945787
0.093655
0.0992249
0.14497
0.33747
0.329487
0.290976
0.253494
0.224661
0.202686
0.185027
0.170008
0.156717
0.144689
0.13369
0.123591
0.114315
0.105808
0.0980251
0.0909254
0.0844632
0.0785815
0.0732046
0.0682305
0.0635243
0.0589109
0.0541618
0.0489569
0.0427625
0.0345054
0.0249457
0.650647
0.643961
0.63283
0.583347
0.414382
0.130755
0.105669
0.0968047
0.096172
0.115973
0.19514
0.359959
0.345583
0.302067
0.26069
0.228427
0.203734
0.184147
0.167886
0.153875
0.141498
0.130399
0.120363
0.111256
0.102983
0.0954745
0.0886691
0.0825067
0.0769171
0.0718127
0.0670813
0.0625806
0.0581323
0.0535089
0.0483954
0.0422676
0.0340825
0.0246769
0.656974
0.643066
0.617386
0.570574
0.490632
0.329436
0.129768
0.104125
0.112646
0.155621
0.297805
0.388625
0.36392
0.313911
0.268269
0.232519
0.205113
0.183604
0.166099
0.151359
0.138618
0.127404
0.117419
0.108469
0.100421
0.0931769
0.086656
0.0807811
0.0754681
0.070617
0.0661058
0.0617862
0.0574785
0.0529574
0.0479141
0.0418343
0.0337035
0.0244141
0.66867
0.659922
0.632253
0.583617
0.517643
0.4282
0.29305
0.198139
0.214813
0.283403
0.391944
0.421337
0.379931
0.323504
0.274161
0.235518
0.205879
0.182783
0.164248
0.14891
0.135883
0.124599
0.114689
0.105909
0.0980902
0.0911104
0.0848685
0.0792711
0.0742196
0.0696023
0.0652888
0.0611269
0.0569367
0.0524971
0.0475055
0.0414581
0.033367
0.0241578
0.674944
0.681756
0.669524
0.63553
0.582538
0.522577
0.462872
0.392428
0.380608
0.423153
0.462142
0.445087
0.388684
0.327949
0.276493
0.236206
0.20524
0.181171
0.162003
0.146315
0.133154
0.121892
0.112112
0.103534
0.0959621
0.0892531
0.0832885
0.0779595
0.0731546
0.0687517
0.0646142
0.0605877
0.0564943
0.0521176
0.0471621
0.0411343
0.0330706
0.0239088
0.664782
0.688471
0.697154
0.687722
0.660778
0.622147
0.580026
0.537855
0.518448
0.515654
0.499647
0.451823
0.387269
0.325526
0.27418
0.233877
0.202731
0.178457
0.159153
0.143431
0.130335
0.119218
0.109642
0.101311
0.0940114
0.0875842
0.081897
0.0768281
0.0722548
0.0680474
0.0640651
0.0601536
0.0561385
0.0518089
0.0468765
0.0408579
0.0328109
0.0236669
0.634125
0.669368
0.693518
0.703316
0.697792
0.6782
0.649328
0.615476
0.583616
0.54947
0.502956
0.441347
0.375587
0.316187
0.267182
0.228469
0.19827
0.174558
0.155625
0.140198
0.127376
0.116536
0.107249
0.0992157
0.0922169
0.0860842
0.080675
0.0758576
0.0715011
0.0674707
0.0636243
0.0598096
0.0558568
0.0515612
0.0466413
0.0406234
0.0325842
0.0234323
0.58628
0.626244
0.657816
0.677597
0.683731
0.675996
0.655955
0.625057
0.585606
0.537605
0.480496
0.417308
0.355578
0.301195
0.256293
0.220438
0.1921
0.169589
0.151465
0.136624
0.124269
0.113833
0.104916
0.0972311
0.0905613
0.0847351
0.0796036
0.0750284
0.070874
0.0670031
0.063275
0.0595411
0.0556371
0.0513648
0.0464494
0.0404257
0.0323864
0.0232045
0.528362
0.567547
0.60012
0.622726
0.633192
0.630985
0.615664
0.58745
0.547652
0.498376
0.442606
0.384794
0.330233
0.282489
0.242745
0.210533
0.184654
0.163792
0.146798
0.132771
0.12104
0.111116
0.10264
0.0953473
0.089031
0.0835203
0.0786641
0.0743211
0.0703539
0.0666264
0.063001
0.0593343
0.0554682
0.0512109
0.0462938
0.0402595
0.0322138
0.0229833
0.467846
0.502889
0.53258
0.55383
0.564632
0.564276
0.551696
0.526876
0.491095
0.446981
0.398167
0.348792
0.302649
0.262079
0.227831
0.199565
0.176426
0.157455
0.141789
0.12873
0.117737
0.108405
0.100426
0.0935604
0.0876155
0.0824249
0.077839
0.0737166
0.0699222
0.0663232
0.0627869
0.0591763
0.0553395
0.0510909
0.0461681
0.0401201
0.0320631
0.0227686
0.410462
0.439925
0.465014
0.483043
0.492423
0.492301
0.481708
0.460732
0.430647
0.39389
0.35365
0.313224
0.275335
0.241622
0.212651
0.188249
0.167869
0.15086
0.13661
0.1246
0.114416
0.10573
0.0982855
0.0918703
0.0863065
0.0814354
0.0771114
0.0731972
0.0695615
0.0660775
0.0626189
0.0590553
0.0552414
0.0509974
0.0460663
0.0400031
0.0319315
0.0225603
0.35949
0.383277
0.403495
0.417847
0.42536
0.424952
0.416025
0.398817
0.374478
0.345004
0.31287
0.280522
0.249912
0.222239
0.197984
0.177121
0.159344
0.144244
0.131411
0.120477
0.111133
0.103124
0.0962335
0.0902791
0.0850973
0.0805392
0.0764659
0.0727463
0.069256
0.065875
0.0624846
0.0589611
0.0551655
0.0509237
0.0459834
0.0399048
0.0318164
0.0223586
0.316065
0.33481
0.350681
0.361802
0.367442
0.366683
0.359205
0.345321
0.325996
0.302758
0.277425
0.251757
0.227155
0.204523
0.184288
0.166527
0.151105
0.137789
0.126319
0.116446
0.107945
0.100617
0.0942848
0.0887892
0.0839821
0.0797252
0.0758885
0.0723494
0.0689916
0.0657034
0.0623734
0.0588848
0.0551047
0.050864
0.0459149
0.0398218
0.0317157
0.0221637
0.27992
0.294507
0.306805
0.31532
0.319396
0.318391
0.312155
0.301011
0.285732
0.267452
0.247478
0.227066
0.207234
0.188677
0.171774
0.156661
0.143315
0.131623
0.121432
0.112576
0.104896
0.0982372
0.0924524
0.0874026
0.0829549
0.0789829
0.0753667
0.0719936
0.0687565
0.065552
0.0622763
0.0588191
0.055053
0.0508136
0.045857
0.0397512
0.0316277
0.021976
0.250122
0.261414
0.270889
0.277383
0.28028
0.279151
0.273951
0.264976
0.25283
0.238347
0.222467
0.206094
0.189979
0.174665
0.160488
0.14761
0.136071
0.125836
0.116822
0.108924
0.102026
0.0960079
0.090746
0.0861196
0.0820098
0.0783026
0.0748897
0.0716683
0.068541
0.0654125
0.0621863
0.0587581
0.0550056
0.0507686
0.0458066
0.0396908
0.0315508
0.0217959
0.225574
0.234304
0.241586
0.246546
0.248578
0.24741
0.243051
0.235758
0.225994
0.214378
0.201596
0.188308
0.175082
0.162348
0.150397
0.139397
0.129424
0.120485
0.112542
0.10553
0.0993626
0.093944
0.0891711
0.0849381
0.0811403
0.0776759
0.0744482
0.0713648
0.0683372
0.0652783
0.062098
0.0586975
0.054959
0.0507261
0.0457614
0.0396387
0.0314841
0.0216235
0.205278
0.212026
0.217646
0.221399
0.222789
0.221624
0.217935
0.211933
0.203977
0.19453
0.184102
0.173188
0.162223
0.151555
0.141432
0.132017
0.123398
0.115604
0.108626
0.10242
0.0969217
0.0920538
0.0877284
0.0838543
0.0803397
0.0770951
0.0740348
0.0710763
0.0681396
0.0651447
0.0620075
0.0586341
0.0549106
0.050684
0.0457197
0.0395934
0.0314264
0.0214593
0.188423
0.193617
0.197943
0.200756
0.201661
0.200513
0.197349
0.19234
0.185764
0.177975
0.169359
0.160296
0.151125
0.14213
0.133521
0.125448
0.117997
0.111211
0.10509
0.099606
0.0947103
0.0903379
0.0864147
0.0828623
0.0796013
0.0765536
0.0736436
0.0707979
0.0679442
0.0650087
0.0619126
0.0585661
0.0548589
0.050641
0.0456802
0.0395538
0.0313771
0.0213035
0.174391
0.178344
0.181647
0.183717
0.184239
0.183105
0.180346
0.176103
0.170593
0.164089
0.15689
0.149292
0.141565
0.133939
0.126593
0.119657
0.113214
0.107304
0.101935
0.0970889
0.0927254
0.088791
0.0852233
0.0819554
0.0789189
0.076046
0.0732704
0.0705265
0.0677487
0.0648686
0.0618119
0.0584925
0.0548032
0.0505965
0.0456423
0.0395194
0.0313357
0.0211564
0.162719
0.165678
0.168147
0.169612
0.16982
0.168686
0.166238
0.162588
0.157909
0.152415
0.146339
0.139917
0.133364
0.126868
0.120578
0.114605
0.109021
0.103867
0.0991496
0.0948568
0.0909561
0.0874031
0.0841453
0.0811259
0.0782865
0.0755681
0.0729123
0.0702603
0.067552
0.0647239
0.0617053
0.0584134
0.0547435
0.0505504
0.0456059
0.0394897
0.0313019
0.0210181
0.153035
0.155195
0.156973
0.157937
0.15788
0.156732
0.154519
0.15133
0.147305
0.142611
0.137436
0.131965
0.126372
0.120809
0.115399
0.110236
0.105382
0.100869
0.096709
0.0928898
0.089386
0.0861609
0.0831704
0.0803665
0.077699
0.0751166
0.0725674
0.0699984
0.0673541
0.0645749
0.0615933
0.0583292
0.0546802
0.0505029
0.0455709
0.0394645
0.0312754
0.0208889
0.145026
0.146539
0.147748
0.148296
0.14801
0.146837
0.144799
0.14197
0.13846
0.134406
0.129955
0.125255
0.120447
0.115654
0.110975
0.106488
0.102244
0.0982726
0.0945814
0.0911628
0.0879957
0.0850499
0.0822883
0.0796702
0.0771522
0.0746893
0.072235
0.069741
0.0671557
0.0644227
0.0614771
0.0582411
0.0546142
0.0504548
0.0455377
0.0394439
0.0312561
0.0207689
0.13842
0.139409
0.140152
0.140351
0.139869
0.138664
0.136756
0.134207
0.131106
0.127563
0.123695
0.119622
0.115455
0.111292
0.107216
0.103288
0.099551
0.0960294
0.0927304
0.0896478
0.0867645
0.0840552
0.0814889
0.0790305
0.0766424
0.0742846
0.0719149
0.0694889
0.0669581
0.0642687
0.0613581
0.0581504
0.0545467
0.0504069
0.0455069
0.039428
0.0312438
0.0206582
0.132974
0.133538
0.133896
0.133806
0.133156
0.131915
0.130104
0.127774
0.124998
0.121865
0.118468
0.114902
0.111256
0.107609
0.104026
0.100558
0.0972401
0.0940913
0.0911184
0.0883165
0.0856716
0.0831625
0.0807627
0.0784419
0.0761668
0.0739015
0.0716075
0.0692431
0.0667627
0.0641146
0.0612381
0.0580587
0.054479
0.0503602
0.045479
0.039417
0.0312386
0.0205567
0.128467
0.128681
0.128722
0.128389
0.127596
0.126321
0.124583
0.122427
0.119912
0.11711
0.114094
0.11094
0.107718
0.104492
0.101314
0.0982238
0.0952506
0.0924105
0.0897089
0.0871418
0.0846976
0.0823584
0.0801011
0.0778992
0.0757229
0.0735394
0.0713131
0.069005
0.0665713
0.0639622
0.0611186
0.0579674
0.0544124
0.0503155
0.0454547
0.0394112
0.0312402
0.0204645
0.124703
0.124625
0.124398
0.12386
0.122944
0.121637
0.119957
0.117942
0.11564
0.113108
0.110404
0.107588
0.104714
0.101834
0.098989
0.0962114
0.0935244
0.0909415
0.0884671
0.086098
0.0838242
0.0816302
0.0794959
0.0773976
0.0753082
0.0731975
0.0710323
0.0687756
0.0663853
0.0638132
0.0610015
0.0578782
0.0543481
0.050274
0.0454345
0.0394107
0.0312486
0.0203815
0.121515
0.121184
0.120723
0.120005
0.118981
0.117645
0.116014
0.114117
0.111995
0.109689
0.107246
0.104711
0.102128
0.0995369
0.0969701
0.0944542
0.0920079
0.0896422
0.0873608
0.0851609
0.0830337
0.0809657
0.078939
0.076932
0.07492
0.0728748
0.0707652
0.0685558
0.066206
0.063669
0.0608881
0.0577923
0.0542871
0.0502363
0.0454189
0.0394157
0.0312635
0.0203074
0.118767
0.1182
0.117523
0.11664
0.115519
0.114157
0.11257
0.110779
0.108813
0.106703
0.104484
0.102191
0.0998564
0.0975115
0.0951826
0.0928909
0.0906515
0.0884734
0.0863595
0.0843073
0.082309
0.0803526
0.0784218
0.0764969
0.074555
0.0725698
0.0705114
0.0683459
0.0660344
0.0635308
0.0607796
0.0577107
0.0542305
0.0502031
0.0454082
0.039426
0.0312847
0.020242
0.116346
0.115542
0.114652
0.11361
0.112398
0.111015
0.10947
0.107778
0.105955
0.104022
0.102003
0.0999234
0.0978078
0.0956799
0.0935605
0.0914664
0.0894098
0.0873983
0.0854339
0.0835144
0.0816327
0.0797777
0.0779348
0.0760857
0.0742089
0.0722797
0.0702695
0.0681457
0.0658706
0.0633991
0.0606768
0.0576343
0.0541786
0.0501748
0.0454025
0.0394416
0.0313115
0.020185
0.114159
0.113104
0.111992
0.11079
0.109491
0.108091
0.106592
0.104996
0.10331
0.101542
0.0997075
0.0978231
0.0959064
0.0939753
0.0920458
0.0901313
0.0882416
0.0863826
0.084556
0.0827595
0.0809865
0.079227
0.0774672
0.0756903
0.0738759
0.0720006
0.070037
0.0679538
0.065714
0.0632739
0.0605798
0.0575632
0.0541318
0.0501512
0.0454015
0.0394618
0.0313432
0.0201358
0.112135
0.110804
0.109456
0.108093
0.106711
0.105302
0.103854
0.102355
0.100801
0.0991903
0.0975292
0.0958267
0.0940948
0.0923462
0.090593
0.0888457
0.087112
0.0853965
0.0837005
0.0820213
0.0803529
0.0786858
0.0770072
0.0753013
0.0735487
0.071727
0.06981
0.0677673
0.0655631
0.0631543
0.0604882
0.0574972
0.0540898
0.050132
0.0454045
0.0394858
0.0313787
0.0200937
0.110228
0.108597
0.107005
0.105485
0.104031
0.102622
0.101229
0.099828
0.0984007
0.0969385
0.095439
0.0939057
0.0923451
0.090766
0.0891773
0.0875867
0.0860002
0.0844213
0.0828504
0.0812848
0.0797185
0.0781426
0.0765449
0.0749102
0.0732202
0.0714533
0.0695841
0.0675831
0.0654153
0.0630386
0.060401
0.0574356
0.0540519
0.0501165
0.0454106
0.0395122
0.0314166
0.0200578
0.108433
0.106495
0.104673
0.103017
0.101511
0.100113
0.0987777
0.0974678
0.0961563
0.0948269
0.0934715
0.0920886
0.0906811
0.0892543
0.0878142
0.0863666
0.0849158
0.0834638
0.0820105
0.0805528
0.0790846
0.0775973
0.0760791
0.0745154
0.0728883
0.071177
0.0693569
0.067399
0.065269
0.0629255
0.0603172
0.0573778
0.0540174
0.0501036
0.0454183
0.0395391
0.0314546
0.0200262
0.106814
0.10461
0.102615
0.100874
0.0993456
0.0979687
0.096686
0.0954513
0.094232
0.0930071
0.0917651
0.0905015
0.0892164
0.0879126
0.0865941
0.0852648
0.0839275
0.0825833
0.0812311
0.0798673
0.0784858
0.0770778
0.0756317
0.0741332
0.072565
0.0709066
0.0691337
0.0672181
0.0651257
0.0628156
0.0602369
0.0573238
0.0539868
0.050094
0.045428
0.0395664
0.031491
0.0199993
0.105425
0.103212
0.101197
0.0994503
0.0979325
0.0965796
0.0953315
0.0941407
0.0929732
0.0918067
0.0906286
0.089433
0.0882189
0.0869877
0.0857422
0.0844851
0.0832183
0.081942
0.0806545
0.0793519
0.0780277
0.076673
0.0752763
0.0738232
0.0722966
0.0706763
0.0689383
0.0670545
0.0649912
0.0627077
0.0601532
0.0572623
0.0539455
0.0500713
0.0454224
0.0395765
0.0315125
0.019965
)
;

boundaryField
{
    leftWall
    {
        type            kqRWallFunction;
        value           nonuniform List<scalar> 
100
(
0.00287788
0.00460094
0.0054393
0.00599789
0.00673876
0.00750468
0.00820828
0.00882541
0.00935633
0.00981608
0.0102061
0.0105333
0.010818
0.0110764
0.0113265
0.0115882
0.0119185
0.0125141
0.0132533
0.0141248
0.0150533
0.0158881
0.0164265
0.0164935
0.0161144
0.0157198
0.0198433
0.0319194
0.0369094
0.0351619
0.0321621
0.0305499
0.0304398
0.0312082
0.0325686
0.0342889
0.0361552
0.0380033
0.0397264
0.0412641
0.042587
0.0436854
0.0445609
0.0452226
0.045683
0.0459568
0.0460599
0.046009
0.0458212
0.0455146
0.0450773
0.0445184
0.0438521
0.0430919
0.0422508
0.0413422
0.0403795
0.0393762
0.0383458
0.0373017
0.0362566
0.0352225
0.0342106
0.0332307
0.0322916
0.0314005
0.0305632
0.0297843
0.029067
0.0284135
0.0278252
0.0273029
0.0268468
0.0264574
0.0261348
0.0258795
0.0256923
0.0255747
0.0255289
0.0255582
0.0256671
0.0258621
0.0261516
0.0265464
0.0270606
0.0277115
0.0285216
0.0295196
0.0307442
0.0322477
0.0341012
0.0363953
0.0392367
0.042746
0.0470658
0.0523835
0.0589581
0.0672075
0.0781242
0.0947885
)
;
    }
    rightWall
    {
        type            kqRWallFunction;
        value           nonuniform List<scalar> 
100
(
0.00513499
0.00673738
0.00753237
0.00781178
0.00782769
0.00803699
0.00870191
0.00936227
0.00997453
0.0105416
0.0110704
0.0115673
0.0120377
0.0124864
0.0129178
0.0133371
0.0140056
0.0147616
0.0155096
0.016242
0.0169607
0.0176701
0.0183748
0.0190791
0.0197864
0.0204992
0.0212185
0.0219444
0.0226754
0.0234085
0.0241393
0.0248622
0.02557
0.0262547
0.0269078
0.0275204
0.028084
0.0285909
0.0290344
0.0294096
0.0297135
0.0299448
0.0301043
0.0301945
0.0302195
0.0301844
0.0300953
0.0299589
0.0297818
0.0295706
0.0293315
0.0290704
0.0287922
0.0285014
0.0282017
0.027896
0.0275868
0.0272757
0.0269639
0.0266586
0.0263603
0.026068
0.0257807
0.025498
0.0252195
0.0249457
0.0246769
0.0244141
0.0241578
0.0239088
0.0236669
0.0234323
0.0232045
0.0229833
0.0227686
0.0225603
0.0223586
0.0221637
0.021976
0.0217959
0.0216235
0.0214593
0.0213035
0.0211564
0.0210181
0.0208889
0.0207689
0.0206582
0.0205567
0.0204645
0.0203815
0.0203074
0.020242
0.020185
0.0201358
0.0200937
0.0200578
0.0200262
0.0199993
0.019965
)
;
    }
    lowerWall
    {
        type            kqRWallFunction;
        value           nonuniform List<scalar> 
124
(
0.00287788
0.00530604
0.00816363
0.0105151
0.0124794
0.0141787
0.0156714
0.0170423
0.0183464
0.0196232
0.0209
0.022194
0.0235143
0.0248633
0.0262386
0.0276341
0.0290405
0.0304467
0.0318401
0.0332068
0.034532
0.0358005
0.0369964
0.0381034
0.0391049
0.0399842
0.0407243
0.0413085
0.0417202
0.041942
0.0419546
0.0417216
0.0413443
0.0407622
0.0399413
0.0388625
0.0375157
0.0359063
0.0340766
0.0321347
0.0301941
0.0287456
0.0260961
0.022932
0.0205204
0.0174139
0.0174139
0.0307498
0.0397676
0.0490063
0.0593979
0.0691463
0.0781483
0.0868036
0.0961767
0.104599
0.113169
0.12227
0.132314
0.143806
0.157301
0.174687
0.200296
0.166745
0.134094
0.155816
0.228828
0.229726
0.13748
0.127158
0.00437721
0.00780183
0.00979075
0.0123227
0.0146611
0.0169782
0.0194014
0.0220485
0.0250483
0.0285544
0.03276
0.0379182
0.0443615
0.0525145
0.0629648
0.0787429
0.00437721
0.0114659
0.0167977
0.0204594
0.0231285
0.0252018
0.0268852
0.0282962
0.0294029
0.0301696
0.0306146
0.030757
0.0306212
0.0302382
0.0296448
0.0288828
0.0279743
0.0269906
0.0260291
0.0250969
0.0242096
0.0233772
0.0226025
0.0218811
0.021203
0.0205657
0.0199589
0.0193366
0.0186634
0.0179043
0.0170198
0.0159645
0.0146848
0.0131153
0.0111727
0.00874924
0.00581014
0.00513499
)
;
    }
    atmosphere
    {
        type            inletOutlet;
        inletValue      uniform 0.1;
        value           nonuniform List<scalar> 
92
(
0.1
0.1
0.1
0.1
0.1
0.1
0.1
0.1
0.1
0.1
0.1
0.1
0.1
0.1
0.1
0.1
0.1
0.1
0.1
0.1
0.1
0.1
0.1
0.1
0.1
0.1
0.1
0.1
0.1
0.1
0.1
0.1
0.1
0.1
0.1
0.1
0.1
0.1
0.1
0.1
0.1
0.1
0.1
0.1
0.1
0.1
0.1
0.1
0.1
0.1
0.1
0.107632
0.107471
0.106835
0.105425
0.103212
0.101197
0.0994503
0.0979325
0.0965796
0.0953315
0.0941407
0.0929732
0.0918067
0.0906286
0.089433
0.0882189
0.0869877
0.0857422
0.0844851
0.0832183
0.081942
0.0806545
0.0793519
0.0780277
0.076673
0.0752763
0.0738232
0.0722966
0.0706763
0.0689383
0.0670545
0.0649912
0.0627077
0.0601532
0.0572623
0.0539455
0.0500713
0.0454224
0.0395765
0.0315125
0.019965
)
;
    }
    defaultFaces
    {
        type            empty;
    }
}


// ************************************************************************* //
