/*--------------------------------*- C++ -*----------------------------------*\
  =========                 |
  \\      /  F ield         | OpenFOAM: The Open Source CFD Toolbox
   \\    /   O peration     | Website:  https://openfoam.org
    \\  /    A nd           | Version:  7
     \\/     M anipulation  |
\*---------------------------------------------------------------------------*/
FoamFile
{
    version     2.0;
    format      ascii;
    class       volScalarField;
    location    "0.35";
    object      p;
}
// * * * * * * * * * * * * * * * * * * * * * * * * * * * * * * * * * * * * * //

dimensions      [1 -1 -2 0 0 0 0];

internalField   nonuniform List<scalar> 
9072
(
1098.86
1098.77
1102.85
1108.95
1115.34
1121.09
1125.95
1129.94
1133.16
1135.79
1137.95
1139.77
1141.33
1142.71
1143.97
1145.16
1146.31
1147.48
1148.69
1150
1151.47
1153.14
1155.12
1157.5
1160.39
1163.97
1168.41
1173.94
1180.86
1189.52
1200.35
1214.04
1230.96
1251.76
1277.01
1307.25
1342.65
1382.47
1424.6
1465.33
1499.87
1525.82
1533.94
1534.99
1553.88
1586.65
1069.2
1068.51
1071.79
1077.12
1082.89
1088.26
1092.92
1096.82
1100.03
1102.67
1104.84
1106.67
1108.22
1109.58
1110.8
1111.95
1113.05
1114.17
1115.34
1116.62
1118.06
1119.74
1121.75
1124.18
1127.18
1130.9
1135.55
1141.36
1148.63
1157.71
1169.03
1183.05
1200.63
1222.17
1248.36
1279.79
1316.69
1358.44
1402.96
1446.26
1482.5
1508.85
1514.64
1505.56
1510.74
1548.52
1038.94
1038.52
1041.27
1045.67
1050.61
1055.37
1059.62
1063.24
1066.27
1068.78
1070.84
1072.56
1074.01
1075.26
1076.36
1077.39
1078.37
1079.38
1080.45
1081.65
1083.04
1084.7
1086.73
1089.24
1092.37
1096.29
1101.22
1107.4
1115.13
1124.78
1136.78
1151.62
1170.01
1192.5
1219.75
1252.25
1290.16
1332.88
1378.41
1422.84
1459.87
1486.15
1493.04
1482.38
1472.86
1514.01
1008.46
1008.64
1011.09
1014.78
1018.99
1023.12
1026.87
1030.12
1032.86
1035.12
1036.98
1038.51
1039.78
1040.84
1041.77
1042.62
1043.44
1044.29
1045.22
1046.31
1047.61
1049.23
1051.25
1053.81
1057.05
1061.15
1066.33
1072.85
1081.01
1091.2
1103.82
1119.38
1138.48
1161.73
1189.72
1222.87
1261.21
1304.07
1349.48
1393.8
1431.07
1457.22
1467.11
1459.25
1444.09
1486.12
977.923
978.783
981.064
984.259
987.88
991.453
994.719
997.563
999.962
1001.94
1003.55
1004.84
1005.89
1006.74
1007.46
1008.11
1008.74
1009.41
1010.18
1011.13
1012.33
1013.86
1015.85
1018.42
1021.73
1025.96
1031.33
1038.11
1046.61
1057.2
1070.32
1086.41
1106.04
1129.81
1158.21
1191.58
1229.86
1272.31
1317.04
1360.79
1398.32
1425.35
1438.46
1435.42
1425.7
1466.38
947.248
948.753
950.987
953.835
956.986
960.071
962.887
965.336
967.391
969.067
970.404
971.45
972.259
972.887
973.391
973.828
974.256
974.738
975.338
976.132
977.201
978.642
980.569
983.116
986.444
990.744
996.243
1003.21
1011.95
1022.84
1036.3
1052.75
1072.74
1096.78
1125.33
1158.61
1196.48
1238.19
1281.97
1324.97
1362.81
1391.44
1407.64
1410.61
1410.3
1455.33
916.375
918.447
920.725
923.34
926.112
928.773
931.178
933.251
934.969
936.343
937.404
938.195
938.763
939.163
939.446
939.671
939.897
940.188
940.612
941.246
942.177
943.505
945.348
947.845
951.159
955.486
961.054
968.132
977.032
988.111
1001.77
1018.44
1038.59
1062.7
1091.15
1124.08
1161.3
1202.04
1244.72
1286.87
1324.9
1355.23
1374.81
1384.42
1396.02
1449.25
885.311
887.849
890.22
892.677
895.138
897.432
899.463
901.184
902.578
903.657
904.446
904.983
905.313
905.485
905.551
905.568
905.594
905.695
905.942
906.413
907.199
908.404
910.146
912.569
915.838
920.151
925.735
932.86
941.833
953.001
966.752
983.489
1003.64
1027.63
1055.77
1088.14
1124.51
1164.11
1205.56
1246.75
1284.78
1316.67
1339.88
1356.47
1381.04
1444.3
854.064
856.977
859.455
861.791
863.99
865.959
867.652
869.045
870.132
870.926
871.451
871.741
871.838
871.788
871.643
871.457
871.289
871.205
871.276
871.585
872.222
873.294
874.922
877.251
880.447
884.708
890.262
897.374
906.345
917.513
931.246
947.923
967.927
991.629
1019.28
1050.92
1086.25
1124.58
1164.67
1204.77
1242.55
1275.63
1302.3
1325.59
1363.08
1438.28
822.633
825.851
828.424
830.654
832.619
834.295
835.679
836.767
837.564
838.086
838.356
838.408
838.28
838.017
837.668
837.287
836.931
836.667
836.567
836.714
837.2
838.133
839.636
841.853
844.952
849.129
854.609
861.654
870.557
881.644
895.264
911.769
931.497
954.77
981.789
1012.53
1046.7
1083.63
1122.23
1161.02
1198.17
1231.88
1261.34
1290.39
1339.71
1425.98
791.018
794.485
797.129
799.252
800.999
802.404
803.499
804.302
804.825
805.089
805.117
804.941
804.598
804.13
803.585
803.016
802.48
802.043
801.776
801.762
802.096
802.885
804.253
806.343
809.323
813.386
818.756
825.686
834.462
845.398
858.822
875.058
894.403
917.127
943.388
973.117
1006
1041.4
1078.34
1115.57
1151.62
1185.15
1216.26
1249.37
1308.96
1405.24
759.224
762.892
765.576
767.582
769.118
770.265
771.088
771.621
771.885
771.904
771.702
771.308
770.759
770.095
769.363
768.614
767.905
767.3
766.87
766.699
766.88
767.521
768.745
770.695
773.537
777.461
782.685
789.458
798.057
808.78
821.937
837.825
856.698
878.779
904.181
932.795
964.283
998.031
1033.14
1068.49
1102.85
1135.19
1166.39
1200.97
1268.51
1371.77
727.256
731.088
733.777
735.65
736.974
737.871
738.433
738.708
738.726
738.51
738.088
737.488
736.742
735.891
734.979
734.057
733.181
732.412
731.823
731.496
731.523
732.012
733.085
734.883
737.569
741.33
746.38
752.959
761.335
771.795
784.627
800.103
818.435
839.8
864.268
891.69
921.7
953.683
986.768
1019.88
1051.9
1081.87
1111.13
1143.54
1215.68
1319.07
695.119
699.089
701.744
703.464
704.571
705.221
705.529
705.555
705.334
704.894
704.26
703.46
702.524
701.491
700.405
699.314
698.273
697.344
696.597
696.113
695.984
696.316
697.23
698.864
701.379
704.956
709.805
716.158
724.275
734.429
746.893
761.91
779.655
800.26
823.749
849.932
878.408
908.535
939.424
969.967
998.961
1025.28
1050.13
1075.56
1147.6
1236.66
662.827
666.911
669.492
671.036
671.921
672.326
672.385
672.168
671.716
671.056
670.215
669.221
668.101
666.891
665.634
664.377
663.173
662.084
661.178
660.536
660.247
660.417
661.164
662.624
664.953
668.329
672.954
679.054
686.879
696.695
708.755
723.28
740.412
760.232
782.719
807.642
834.552
862.76
891.313
918.978
944.301
965.63
983.159
995.733
1059.58
1104.88
630.398
634.539
637.023
638.38
639.045
639.216
639.037
638.589
637.916
637.047
636.011
634.832
633.539
632.163
630.746
629.334
627.978
626.738
625.683
624.89
624.449
624.46
625.041
626.325
628.462
631.625
636.007
641.828
649.33
658.767
670.38
684.364
700.83
719.814
741.246
764.848
790.12
816.311
842.36
866.828
887.818
902.759
909.582
903.153
935.377
896.641
7.19101
7.18654
7.1819
7.1778
7.17537
7.17522
7.1771
7.18065
7.18507
7.18976
7.19399
7.1972
7.19898
7.19899
7.19703
7.193
7.1869
7.1788
7.16884
7.15725
7.14432
7.13037
7.11577
7.10083
7.08589
7.07119
7.05701
7.04352
7.03093
7.0194
7.00905
7
6.99238
6.98624
6.98167
6.97864
6.97697
6.97652
7.16216
7.1586
7.15448
7.15009
7.14706
7.14616
7.14734
7.15021
7.15406
7.15826
7.1621
7.16504
7.16666
7.16662
7.16471
7.16081
7.15493
7.14709
7.13742
7.12615
7.11354
7.09991
7.08558
7.07091
7.05618
7.04169
7.02765
7.0143
7.0018
6.99033
6.98003
6.97101
6.96338
6.9572
6.95256
6.94943
6.94761
6.94716
7.13349
7.12996
7.12596
7.12152
7.11824
7.11687
7.11751
7.11984
7.12314
7.12685
7.13031
7.13295
7.13439
7.13428
7.1324
7.12864
7.12296
7.1154
7.10605
7.09511
7.08284
7.06952
7.05549
7.04106
7.02653
7.01218
6.99825
6.98495
6.9725
6.96104
6.95074
6.94172
6.93407
6.92786
6.92316
6.91995
6.91803
6.9177
7.10493
7.10061
7.09633
7.09187
7.08857
7.08698
7.0873
7.08929
7.0922
7.09556
7.09871
7.10112
7.10241
7.10224
7.10038
7.09672
7.09122
7.08389
7.07483
7.0642
7.05224
7.03922
7.02545
7.01123
6.99685
6.98259
6.96869
6.95539
6.9429
6.9314
6.92106
6.912
6.90434
6.89811
6.89337
6.89011
6.88814
6.88795
7.07631
7.07064
7.06576
7.06125
7.05808
7.05649
7.05673
7.05856
7.06127
7.0644
7.06737
7.06963
7.07083
7.07062
7.06878
7.06519
7.05982
7.05268
7.04385
7.03349
7.02179
7.00903
6.99546
6.9814
6.96711
6.95288
6.93896
6.92558
6.91298
6.90138
6.89096
6.88185
6.87417
6.86795
6.86321
6.85994
6.858
6.85781
7.04729
7.03999
7.03427
7.02972
7.02683
7.02544
7.02582
7.02769
7.03037
7.03342
7.03631
7.03851
7.03967
7.03945
7.03763
7.03411
7.02884
7.02184
7.01318
7.00301
6.99151
6.97892
6.9655
6.95152
6.93728
6.92302
6.90902
6.89551
6.88277
6.87102
6.86048
6.8513
6.8436
6.83741
6.83271
6.82948
6.82764
6.82747
7.01758
7.00847
7.00177
6.99731
6.99484
6.99389
6.99461
6.9967
6.99951
7.00262
7.00553
7.00775
7.00893
7.00875
7.00696
7.00349
6.99829
6.99138
6.98283
6.97277
6.96138
6.94888
6.93552
6.92155
6.90728
6.89296
6.87884
6.86519
6.85227
6.84036
6.82967
6.82041
6.81268
6.80652
6.80189
6.79874
6.79705
6.79699
6.98689
6.97585
6.96812
6.96401
6.96213
6.96188
6.96311
6.96561
6.96871
6.97199
6.97505
6.97735
6.9786
6.97848
6.97674
6.97331
6.96816
6.96129
6.95279
6.94277
6.93139
6.91888
6.90547
6.89144
6.87707
6.86265
6.84841
6.83461
6.82153
6.80944
6.7986
6.78922
6.78144
6.77531
6.77076
6.76772
6.76619
6.76624
6.95481
6.94184
6.9331
6.92976
6.92871
6.92943
6.93138
6.93445
6.93798
6.94157
6.94485
6.94732
6.94869
6.94864
6.94694
6.94354
6.9384
6.93153
6.92303
6.91297
6.90152
6.88891
6.87537
6.86117
6.84665
6.83207
6.81769
6.80375
6.79052
6.77829
6.7673
6.7578
6.74994
6.74381
6.73933
6.7364
6.73502
6.7352
6.92076
6.90608
6.89644
6.89452
6.8946
6.89659
6.89946
6.90326
6.90736
6.91134
6.91495
6.91765
6.91917
6.91922
6.91755
6.91416
6.90898
6.90206
6.89349
6.88332
6.87174
6.85895
6.8452
6.83077
6.81601
6.80123
6.78668
6.7726
6.75926
6.74691
6.7358
6.72617
6.71822
6.71205
6.7076
6.70477
6.70353
6.70384
6.88374
6.86807
6.85782
6.85821
6.85985
6.86343
6.86741
6.87208
6.87685
6.88132
6.88532
6.88831
6.89003
6.8902
6.88856
6.88514
6.87988
6.87284
6.86412
6.85378
6.842
6.82899
6.81497
6.80025
6.7852
6.77016
6.7554
6.74117
6.72773
6.7153
6.70409
6.69435
6.68629
6.68004
6.67558
6.67281
6.6717
6.67213
6.84213
6.82715
6.81696
6.82083
6.82455
6.83004
6.83533
6.84097
6.84648
6.85151
6.85594
6.85927
6.86123
6.86154
6.85994
6.85648
6.85109
6.84385
6.83491
6.82432
6.81228
6.79899
6.78468
6.76964
6.75427
6.73891
6.7239
6.70948
6.69592
6.68343
6.67217
6.66234
6.65416
6.6478
6.64327
6.64051
6.63951
6.64006
6.79306
6.78264
6.77377
6.7825
6.7889
6.7966
6.80335
6.81002
6.8163
6.82192
6.8268
6.83051
6.83273
6.8332
6.83167
6.82816
6.82262
6.81514
6.8059
6.79497
6.78257
6.76895
6.75431
6.73895
6.72323
6.70755
6.69222
6.67757
6.66385
6.65128
6.63998
6.63011
6.62182
6.61532
6.61067
6.60786
6.60694
6.60762
6.73202
6.73399
6.72875
6.74363
6.75326
6.76338
6.77164
6.77938
6.78642
6.79262
6.79794
6.80202
6.8045
6.80514
6.80369
6.80016
6.79447
6.78674
6.77714
6.7658
6.75295
6.7389
6.72388
6.70815
6.6921
6.67608
6.66043
6.64548
6.63154
6.61885
6.6075
6.59759
6.58922
6.58257
6.57775
6.57486
6.57399
6.57479
6.64877
6.67831
6.68201
6.70451
6.71799
6.73062
6.7404
6.74916
6.75693
6.76367
6.76941
6.77384
6.77657
6.77734
6.77598
6.77242
6.76661
6.75864
6.74868
6.73688
6.72352
6.70894
6.69343
6.67728
6.66086
6.64452
6.62855
6.61328
6.59905
6.58616
6.57471
6.56475
6.55631
6.54951
6.54451
6.54148
6.54064
6.54156
6.53734
6.59959
6.63062
6.66407
6.68282
6.69815
6.70931
6.71903
6.7275
6.73479
6.74099
6.74583
6.74885
6.7498
6.74853
6.74494
6.739
6.73079
6.72047
6.70822
6.69434
6.67918
6.6631
6.64644
6.62959
6.61289
6.5966
6.58101
6.56646
6.55327
6.54163
6.53155
6.523
6.51606
6.51087
6.50772
6.5069
6.50792
579.479
583.588
585.952
587.031
587.364
587.187
586.657
585.865
584.866
583.693
582.372
580.93
579.392
577.789
576.155
574.534
572.975
571.535
570.28
569.285
568.633
568.423
568.765
569.785
571.626
574.446
578.426
583.769
590.705
599.477
610.301
623.334
638.639
656.176
675.789
697.134
719.635
742.432
764.274
783.328
796.848
800.497
787.634
745.819
661.137
352.3
509.64
513.746
515.846
516.519
516.389
515.735
514.731
513.484
512.056
510.484
508.796
507.018
505.172
503.284
501.385
499.511
497.708
496.028
494.531
493.286
492.372
491.877
491.901
492.561
493.985
496.314
499.698
504.32
510.399
518.175
527.851
539.539
553.228
568.775
585.907
604.198
622.995
641.344
657.838
670.371
675.748
669.022
642.249
581.319
470.316
317.507
439.423
443.501
445.25
445.475
444.857
443.7
442.195
440.465
438.58
436.584
434.507
432.371
430.197
428.007
425.825
423.683
421.621
419.686
417.932
416.425
415.234
414.436
414.123
414.4
415.384
417.188
419.925
423.746
428.876
435.593
444.116
454.533
466.756
480.519
495.435
511.011
526.585
541.23
553.595
561.691
562.657
552.557
526.239
477.563
403.843
330.881
368.971
373.042
374.436
374.208
373.071
371.356
369.289
367.015
364.619
362.149
359.639
357.109
354.575
352.053
349.563
347.13
344.786
342.574
340.547
338.763
337.282
336.168
335.502
335.381
335.915
337.184
339.235
342.166
346.224
351.805
359.199
368.491
379.505
391.805
404.857
418.122
431.012
442.756
452.226
457.734
456.926
446.868
424.285
386.05
330.097
264.389
298.534
302.6
303.712
303.056
301.343
298.977
296.25
293.347
290.366
287.363
284.369
281.402
278.471
275.586
272.759
270.006
267.354
264.84
262.515
260.434
258.648
257.202
256.159
255.622
255.714
256.476
257.826
259.735
262.504
266.816
273.129
281.563
291.807
303.125
314.75
326.118
336.81
346.362
353.998
358.381
357.545
349.214
330.982
300.559
256.587
203.732
228.44
232.254
233.328
232.315
229.889
226.666
223.085
219.386
215.68
212.021
208.437
204.935
201.516
198.182
194.931
191.77
188.719
185.814
183.109
180.668
178.53
176.706
175.233
174.246
173.956
174.362
175.074
175.735
176.715
179.422
184.703
192.809
203.199
214.478
225.388
235.348
244.252
252.2
258.941
263.482
264.016
258.794
246.13
224.366
193.03
155.7
158.285
161.901
163.432
161.83
158.186
153.642
148.857
144.1
139.456
134.956
130.612
126.419
122.367
118.451
114.659
110.98
107.444
104.086
100.982
98.2318
95.8531
93.7758
91.9721
90.6533
90.2706
90.8104
91.248
90.4351
88.7473
89.0682
92.9076
100.896
112.428
124.946
136.037
144.983
152.149
158.84
165.693
171.966
175.254
174.246
168.007
154.981
134.674
109.508
89.1626
93.4811
94.746
91.1385
85.5607
79.6613
74.0616
68.8183
63.8611
59.1602
54.7146
50.5038
46.5103
42.7365
39.1642
35.7638
32.5902
29.6607
27.0508
24.9079
23.2068
21.7542
20.3975
19.3704
19.4025
20.5968
21.3984
19.7368
15.974
13.9658
15.0383
20.2078
30.0802
41.5916
50.7192
56.0626
59.1557
63.0744
70.1467
79.9785
87.701
92.3028
93.9126
89.9491
79.355
64.4149
31.3995
34.8315
33.1466
28.2991
23.5774
19.6616
16.5683
13.9769
11.6852
9.65154
7.88127
6.35999
5.07137
3.981
3.05999
2.24287
1.533
0.917155
0.303711
-0.119011
-0.379366
-0.590232
-0.849457
-1.07381
-0.940914
-0.35075
0.104803
-0.553757
-2.06956
-3.01928
-3.43002
-3.28415
-2.32348
-1.46589
-1.67414
-5.13966
-12.8279
-17.5915
-16.934
-9.1507
-0.747977
8.21405
19.4554
26.1222
25.1543
20.1316
3.41672
2.36006
1.96285
0.724755
-0.205838
-0.838845
-1.24079
-1.52848
-1.75366
-1.92321
-2.03615
-2.09453
-2.09672
-2.04607
-2.0344
-2.03792
-2.03328
-2.03014
-2.03573
-2.04412
-2.05325
-2.06567
-2.08522
-2.10814
-2.12017
-2.11818
-2.12259
-2.17582
-2.26761
-2.35827
-2.42544
-2.47892
-2.51793
-3.13548
-4.235
-6.69313
-11.8771
-21.0507
-30.2146
-40.8172
-50.9694
-54.5096
-45.273
-34.477
-29.6159
-25.9284
-2.25804
-1.80674
-1.83429
-1.9737
-1.97181
-1.95162
-1.93609
-1.92648
-1.92232
-1.92101
-1.91979
-1.91566
-1.90374
-1.87888
-1.86303
-1.85754
-1.85998
-1.86751
-1.87753
-1.89036
-1.90589
-1.92417
-1.9455
-1.96934
-1.99409
-2.0192
-2.04652
-2.07947
-2.11598
-2.15113
-2.1782
-2.18373
-2.14917
-2.22227
-2.64096
-2.91538
-3.13775
-3.51185
-5.32825
-10.439
-18.1829
-28.6455
-41.1384
-50.2243
-58.1903
-60.7877
-2.08326
-2.06366
-2.02275
-1.99749
-1.96827
-1.94329
-1.92558
-1.91485
-1.91084
-1.9132
-1.92144
-1.93526
-1.95374
-1.97194
-1.97727
-1.98169
-1.98929
-1.99938
-2.01167
-2.02605
-2.04261
-2.06139
-2.08238
-2.10526
-2.1296
-2.15559
-2.18441
-2.21716
-2.25309
-2.28955
-2.32258
-2.34629
-2.35747
-2.40161
-2.51758
-2.60203
-2.63696
-2.65136
-2.88595
-3.52728
-4.16892
-4.51281
-8.46486
-14.5699
-22.05
-32.7907
-2.13801
-2.11006
-2.08931
-2.07094
-2.05483
-2.03989
-2.02838
-2.02165
-2.02005
-2.02339
-2.03108
-2.04228
-2.05567
-2.06867
-2.07753
-2.08578
-2.09513
-2.1063
-2.11938
-2.13448
-2.15167
-2.17097
-2.19237
-2.21565
-2.24057
-2.26739
-2.2971
-2.33062
-2.36756
-2.40638
-2.44565
-2.48504
-2.5277
-2.58916
-2.6794
-2.77248
-2.85454
-2.91954
-2.96584
-3.07395
-3.19357
-3.26755
-3.59921
-4.4702
-4.84354
-6.56466
-2.1851
-2.17345
-2.15893
-2.14428
-2.13176
-2.12078
-2.11258
-2.1082
-2.10793
-2.11161
-2.11872
-2.12843
-2.13965
-2.15104
-2.16157
-2.17217
-2.18369
-2.19665
-2.21129
-2.22778
-2.24619
-2.26658
-2.28896
-2.31326
-2.33945
-2.36776
-2.39878
-2.43305
-2.47051
-2.51079
-2.55397
-2.60118
-2.65564
-2.72475
-2.81205
-2.90637
-3.00156
-3.09748
-3.20105
-3.32825
-3.44827
-3.50128
-3.54532
-3.72627
-3.80771
-4.04071
-2.25625
-2.24459
-2.2317
-2.2188
-2.20785
-2.19896
-2.19277
-2.18989
-2.19054
-2.19457
-2.20161
-2.21106
-2.22213
-2.23402
-2.24621
-2.25894
-2.2726
-2.28755
-2.304
-2.32211
-2.34197
-2.36366
-2.38723
-2.41272
-2.44024
-2.47002
-2.50244
-2.5379
-2.57664
-2.61888
-2.66526
-2.71708
-2.77665
-2.84757
-2.93111
-3.0224
-3.11889
-3.22185
-3.33591
-3.46904
-3.59959
-3.70694
-3.81109
-3.95519
-4.05208
-4.1082
-2.33177
-2.31928
-2.30712
-2.29565
-2.2864
-2.27946
-2.27511
-2.27369
-2.27536
-2.28001
-2.28735
-2.29694
-2.30827
-2.3208
-2.33422
-2.34854
-2.36391
-2.38054
-2.39858
-2.41817
-2.43941
-2.46238
-2.48719
-2.51392
-2.54274
-2.57391
-2.60778
-2.64475
-2.6852
-2.72964
-2.77885
-2.83401
-2.89675
-2.9689
-3.05103
-3.14125
-3.23847
-3.34323
-3.45734
-3.58181
-3.70947
-3.8341
-3.96463
-4.11168
-4.24387
-4.36588
-2.40882
-2.39599
-2.38482
-2.37498
-2.36747
-2.36232
-2.35963
-2.35958
-2.36228
-2.36763
-2.37543
-2.38537
-2.39707
-2.41019
-2.42451
-2.43997
-2.45662
-2.47456
-2.49391
-2.51477
-2.53724
-2.56143
-2.58744
-2.6154
-2.6455
-2.67802
-2.71333
-2.75188
-2.79413
-2.84069
-2.89236
-2.95016
-3.0153
-3.08887
-3.17124
-3.26174
-3.35977
-3.46527
-3.57847
-3.69883
-3.82322
-3.9491
-4.0796
-4.21772
-4.35323
-4.48661
-2.4867
-2.47451
-2.46476
-2.45661
-2.4507
-2.4471
-2.44582
-2.44696
-2.45059
-2.45663
-2.46493
-2.47526
-2.48737
-2.50102
-2.51605
-2.53239
-2.55003
-2.56902
-2.58945
-2.61141
-2.63498
-2.66028
-2.68742
-2.71654
-2.74787
-2.78171
-2.81844
-2.85853
-2.90253
-2.95106
-3.0049
-3.06493
-3.13208
-3.20713
-3.29037
-3.38152
-3.48017
-3.58598
-3.69852
-3.81693
-3.93926
-4.06397
-4.19166
-4.32315
-4.45512
-4.58751
-2.56536
-2.55473
-2.54666
-2.54014
-2.53564
-2.53334
-2.53324
-2.5354
-2.53983
-2.5465
-2.55527
-2.566
-2.57851
-2.59263
-2.60824
-2.62528
-2.64371
-2.66356
-2.6849
-2.70779
-2.73233
-2.7586
-2.78675
-2.81696
-2.84944
-2.88452
-2.92261
-2.96419
-3.00985
-3.06021
-3.11602
-3.17805
-3.24706
-3.32362
-3.40795
-3.4999
-3.59905
-3.70487
-3.81665
-3.9334
-4.0537
-4.17642
-4.30142
-4.42872
-4.55726
-4.68724
-2.64498
-2.63647
-2.63007
-2.625
-2.62173
-2.62051
-2.62138
-2.62438
-2.6295
-2.63671
-2.64592
-2.65703
-2.66991
-2.68445
-2.70056
-2.71816
-2.73724
-2.7578
-2.77989
-2.80357
-2.82892
-2.85605
-2.88509
-2.91626
-2.9498
-2.98605
-3.02542
-3.06842
-3.11564
-3.16772
-3.22537
-3.28926
-3.36004
-3.43814
-3.5237
-3.61651
-3.7161
-3.82178
-3.93265
-4.04765
-4.16565
-4.28576
-4.40766
-4.5313
-4.65648
-4.78341
-2.72557
-2.71933
-2.71437
-2.71057
-2.70834
-2.70801
-2.70967
-2.71335
-2.71906
-2.72674
-2.73635
-2.74782
-2.76105
-2.77596
-2.79249
-2.81057
-2.83018
-2.85133
-2.87404
-2.89837
-2.92441
-2.95227
-2.98211
-3.01414
-3.04865
-3.08597
-3.12654
-3.17088
-3.21958
-3.27328
-3.33265
-3.39832
-3.47081
-3.55046
-3.63728
-3.73098
-3.83097
-3.93639
-4.04623
-4.15941
-4.27492
-4.39209
-4.51072
-4.63091
-4.75293
-4.87712
-2.80689
-2.80277
-2.79897
-2.7962
-2.79485
-2.79526
-2.79758
-2.80183
-2.80803
-2.81614
-2.82613
-2.83793
-2.85149
-2.86675
-2.88364
-2.90212
-2.92217
-2.94379
-2.96701
-2.99188
-3.01851
-3.047
-3.07754
-3.11035
-3.14574
-3.18406
-3.22576
-3.27136
-3.32146
-3.3767
-3.43771
-3.50507
-3.57922
-3.66038
-3.74846
-3.84302
-3.94333
-4.0484
-4.15711
-4.26838
-4.38134
-4.49555
-4.61104
-4.7282
-4.84763
-4.96984
-2.88854
-2.88621
-2.8833
-2.88138
-2.88078
-2.88182
-2.8847
-2.88946
-2.8961
-2.90461
-2.91494
-2.92707
-2.94094
-2.9565
-2.97371
-2.99253
-3.01294
-3.03494
-3.05858
-3.08391
-3.11103
-3.14008
-3.17124
-3.20476
-3.24096
-3.2802
-3.32295
-3.36974
-3.42117
-3.47786
-3.54044
-3.60942
-3.68518
-3.76781
-3.85709
-3.95244
-4.05298
-4.15759
-4.26509
-4.37443
-4.48489
-4.5963
-4.70903
-4.82379
-4.94149
-5.06277
-2.97007
-2.96913
-2.96691
-2.96571
-2.96574
-2.96736
-2.97075
-2.97597
-2.98303
-2.99192
-3.00259
-3.01501
-3.02916
-3.04499
-3.06247
-3.08157
-3.10227
-3.1246
-3.14859
-3.1743
-3.20186
-3.2314
-3.26314
-3.29731
-3.33425
-3.37435
-3.41807
-3.46598
-3.51866
-3.57674
-3.64081
-3.71134
-3.78863
-3.87265
-3.96305
-4.0591
-4.15978
-4.26385
-4.3701
-4.47755
-4.58568
-4.69462
-4.80513
-4.91828
-5.03526
-5.1568
-3.05099
-3.05107
-3.04941
-3.04885
-3.04947
-3.05161
-3.0555
-3.06117
-3.06863
-3.07787
-3.08885
-3.10155
-3.11594
-3.13199
-3.14969
-3.16902
-3.18998
-3.21259
-3.23689
-3.26295
-3.29091
-3.32091
-3.35317
-3.38795
-3.42558
-3.46648
-3.51113
-3.56009
-3.61395
-3.67335
-3.73882
-3.81082
-3.88953
-3.97484
-4.06625
-4.16289
-4.26361
-4.36708
-4.4721
-4.57779
-4.68388
-4.79087
-4.89988
-5.01237
-5.12976
-5.25279
-3.13081
-3.13164
-3.1305
-3.13052
-3.1317
-3.13437
-3.13873
-3.14483
-3.15267
-3.16224
-3.1735
-3.18645
-3.20105
-3.21729
-3.23518
-3.25471
-3.27589
-3.29875
-3.32334
-3.34973
-3.37807
-3.4085
-3.44126
-3.47661
-3.51491
-3.55657
-3.6021
-3.65206
-3.70705
-3.76768
-3.83449
-3.90786
-3.98789
-4.07436
-4.16665
-4.26376
-4.36441
-4.46725
-4.57111
-4.67527
-4.77976
-4.88543
-4.99384
-5.10676
-5.22578
-5.35155
-3.2092
-3.21057
-3.20993
-3.21052
-3.21225
-3.21543
-3.22026
-3.22676
-3.23496
-3.24483
-3.25636
-3.26952
-3.28432
-3.30074
-3.3188
-3.33851
-3.35989
-3.38298
-3.40784
-3.43455
-3.46324
-3.49409
-3.52733
-3.56323
-3.60217
-3.64457
-3.69094
-3.74186
-3.79793
-3.85974
-3.92781
-4.00243
-4.08367
-4.17117
-4.26421
-4.36167
-4.4622
-4.56443
-4.66728
-4.77024
-4.87366
-4.9788
-5.0876
-5.20211
-5.32401
-5.45373
-3.28592
-3.28771
-3.28759
-3.28873
-3.29099
-3.29469
-3.29996
-3.30685
-3.31538
-3.32553
-3.3373
-3.35067
-3.36565
-3.38225
-3.40047
-3.42035
-3.44193
-3.46523
-3.49034
-3.51735
-3.54639
-3.57763
-3.61133
-3.64776
-3.68732
-3.73043
-3.77762
-3.82946
-3.88656
-3.94949
-4.01872
-4.09451
-4.17681
-4.26521
-4.35888
-4.4566
-4.557
-4.65873
-4.76084
-4.86306
-4.96609
-5.07158
-5.18182
-5.29908
-5.425
-5.55971
-3.36091
-3.36301
-3.36343
-3.36511
-3.36791
-3.37209
-3.37779
-3.38506
-3.39389
-3.40431
-3.41631
-3.42988
-3.44505
-3.46181
-3.4802
-3.50025
-3.52201
-3.54552
-3.57087
-3.59815
-3.62751
-3.65914
-3.69327
-3.73021
-3.77036
-3.81415
-3.86212
-3.91485
-3.97292
-4.03689
-4.10718
-4.184
-4.26724
-4.35639
-4.45055
-4.54849
-4.6488
-4.75024
-4.852
-4.95409
-5.05754
-5.16436
-5.27713
-5.39825
-5.52919
-5.66969
-3.4342
-3.43651
-3.43749
-3.43971
-3.44303
-3.44769
-3.45379
-3.4614
-3.47053
-3.4812
-3.49341
-3.50718
-3.52252
-3.53946
-3.55801
-3.57823
-3.60017
-3.62387
-3.64944
-3.67698
-3.70665
-3.73862
-3.77317
-3.81061
-3.85132
-3.89577
-3.94448
-3.99804
-4.05701
-4.12192
-4.19314
-4.27084
-4.35484
-4.44458
-4.53913
-4.63724
-4.73757
-4.83899
-4.94091
-5.04359
-5.14838
-5.25757
-5.37394
-5.49988
-5.63665
-5.78351
-3.50582
-3.50825
-3.50982
-3.51255
-3.51638
-3.5215
-3.52799
-3.53593
-3.54533
-3.55622
-3.56864
-3.58259
-3.59811
-3.6152
-3.63392
-3.6543
-3.6764
-3.70029
-3.72607
-3.75385
-3.7838
-3.81612
-3.85106
-3.88897
-3.93023
-3.9753
-4.02471
-4.07903
-4.13881
-4.20454
-4.27656
-4.35497
-4.43955
-4.52972
-4.62453
-4.72281
-4.82331
-4.92507
-5.02771
-5.13178
-5.23884
-5.35139
-5.47229
-5.60385
-5.74697
-5.90045
-3.57585
-3.57829
-3.58043
-3.58368
-3.588
-3.59355
-3.60041
-3.60865
-3.6183
-3.62941
-3.64201
-3.65613
-3.6718
-3.68904
-3.70791
-3.72843
-3.75069
-3.77475
-3.80073
-3.82874
-3.85896
-3.8916
-3.92693
-3.96529
-4.00706
-4.05272
-4.10279
-4.1578
-4.21829
-4.28471
-4.35736
-4.4363
-4.52128
-4.61171
-4.70671
-4.80519
-4.90606
-5.00857
-5.11257
-5.2188
-5.32902
-5.44579
-5.57192
-5.70952
-5.85915
-6.01913
-3.6443
-3.64663
-3.64934
-3.65309
-3.65789
-3.66384
-3.67104
-3.67955
-3.68943
-3.70073
-3.7135
-3.72776
-3.74356
-3.76094
-3.77993
-3.80058
-3.82298
-3.8472
-3.87336
-3.90158
-3.93206
-3.96502
-4.00072
-4.03951
-4.08178
-4.12799
-4.17864
-4.23427
-4.29536
-4.36234
-4.43545
-4.51473
-4.59993
-4.69049
-4.78562
-4.88437
-4.98588
-5.08958
-5.19555
-5.3047
-5.41884
-5.54046
-5.67219
-5.81587
-5.9717
-6.13768
-3.71108
-3.71332
-3.71657
-3.7208
-3.72603
-3.73235
-3.73985
-3.74861
-3.7587
-3.77017
-3.78308
-3.79746
-3.81337
-3.83085
-3.84994
-3.87071
-3.89323
-3.91759
-3.94391
-3.97234
-4.00306
-4.03631
-4.07236
-4.11156
-4.15429
-4.201
-4.25218
-4.30832
-4.3699
-4.43727
-4.51067
-4.59011
-4.67536
-4.76594
-4.86118
-4.96032
-5.06272
-5.16806
-5.27659
-5.38929
-5.50792
-5.63476
-5.77212
-5.92153
-6.08285
-6.25394
-3.77618
-3.77846
-3.78214
-3.78681
-3.79242
-3.79906
-3.80683
-3.81581
-3.82608
-3.83769
-3.85072
-3.86521
-3.8812
-3.89876
-3.91793
-3.93878
-3.9614
-3.98588
-4.01234
-4.04095
-4.0719
-4.10542
-4.1418
-4.18136
-4.2245
-4.27166
-4.32328
-4.37984
-4.44176
-4.50938
-4.58289
-4.66231
-4.74745
-4.83794
-4.93327
-5.03291
-5.13645
-5.2438
-5.35535
-5.47207
-5.59552
-5.72765
-5.87037
-6.02485
-6.19074
-6.36587
-3.83964
-3.84206
-3.84609
-3.85113
-3.85707
-3.86399
-3.87199
-3.88116
-3.89158
-3.90332
-3.91644
-3.931
-3.94706
-3.96467
-3.9839
-4.00481
-4.0275
-4.05207
-4.07866
-4.10742
-4.13856
-4.17232
-4.20898
-4.24887
-4.29236
-4.33988
-4.39185
-4.4487
-4.51082
-4.57851
-4.65196
-4.73119
-4.81608
-4.90638
-5.00178
-5.10199
-5.20684
-5.31645
-5.43128
-5.55222
-5.68054
-5.81776
-5.96533
-6.12411
-6.29358
-6.47173
-3.90158
-3.90414
-3.90846
-3.91381
-3.92001
-3.92717
-3.93536
-3.94469
-3.95524
-3.96707
-3.98027
-3.99488
-4.01098
-4.02863
-4.04788
-4.06883
-4.09157
-4.1162
-4.14287
-4.17176
-4.20305
-4.237
-4.27388
-4.31403
-4.3578
-4.40558
-4.45779
-4.5148
-4.57697
-4.64457
-4.71778
-4.79664
-4.88114
-4.97116
-5.06659
-5.16738
-5.2736
-5.38552
-5.50365
-5.6287
-5.76163
-5.90349
-6.05527
-6.21757
-6.38985
-6.57025
-3.96207
-3.96475
-3.9693
-3.9749
-3.98133
-3.98867
-3.99702
-4.00648
-4.01712
-4.02903
-4.04228
-4.05693
-4.07304
-4.09069
-4.10995
-4.13091
-4.15366
-4.17832
-4.20504
-4.23399
-4.26539
-4.29947
-4.33651
-4.37684
-4.42079
-4.46873
-4.52104
-4.57807
-4.64013
-4.70747
-4.78026
-4.85861
-4.94258
-5.03221
-5.12759
-5.2289
-5.33641
-5.4505
-5.57165
-5.70043
-5.83741
-5.98324
-6.13854
-6.30376
-6.47836
-6.66065
-4.02119
-4.02396
-4.0287
-4.03448
-4.04109
-4.04858
-4.05706
-4.06661
-4.07733
-4.08929
-4.10256
-4.11721
-4.13332
-4.15095
-4.17019
-4.19111
-4.21383
-4.23848
-4.2652
-4.29417
-4.32561
-4.35975
-4.39687
-4.43728
-4.48131
-4.52929
-4.58156
-4.63845
-4.70023
-4.76714
-4.83936
-4.91704
-5.00035
-5.08948
-5.1847
-5.28638
-5.39495
-5.51085
-5.63453
-5.76634
-5.90659
-6.05561
-6.2138
-6.38154
-6.55836
-6.74258
-4.07902
-4.08185
-4.08672
-4.09266
-4.09939
-4.10699
-4.11556
-4.12518
-4.13594
-4.14793
-4.1612
-4.17583
-4.1919
-4.20948
-4.22865
-4.24951
-4.27216
-4.29674
-4.3234
-4.35233
-4.38373
-4.41785
-4.45496
-4.49536
-4.53934
-4.58722
-4.63932
-4.69591
-4.75725
-4.82356
-4.89504
-4.97191
-5.05442
-5.14291
-5.23782
-5.33964
-5.44892
-5.56611
-5.6916
-5.82558
-5.96816
-6.11953
-6.28004
-6.45016
-6.6294
-6.81597
-4.13563
-4.1385
-4.14346
-4.1495
-4.15632
-4.164
-4.17263
-4.18229
-4.19307
-4.20504
-4.21828
-4.23287
-4.24887
-4.26636
-4.28544
-4.30618
-4.32872
-4.35317
-4.37971
-4.40851
-4.4398
-4.4738
-4.51079
-4.55104
-4.59484
-4.64249
-4.69425
-4.75039
-4.81112
-4.87667
-4.94727
-5.02317
-5.10475
-5.19245
-5.28683
-5.38849
-5.49802
-5.61587
-5.74231
-5.87747
-6.0214
-6.17429
-6.33666
-6.50913
-6.69122
-6.88084
-4.19108
-4.19396
-4.19898
-4.20508
-4.21196
-4.21968
-4.22834
-4.23801
-4.24877
-4.26071
-4.2739
-4.2884
-4.30429
-4.32166
-4.34059
-4.36118
-4.38354
-4.40781
-4.43416
-4.46276
-4.49384
-4.52762
-4.56436
-4.60434
-4.64781
-4.69506
-4.74632
-4.80183
-4.86179
-4.92643
-4.99598
-5.07079
-5.15127
-5.23799
-5.3316
-5.43274
-5.542
-5.65977
-5.78628
-5.9216
-6.06587
-6.21949
-6.38328
-6.55809
-6.74342
-6.93687
-4.24542
-4.24829
-4.25333
-4.25947
-4.26638
-4.27411
-4.28276
-4.29241
-4.30313
-4.31501
-4.3281
-4.34248
-4.35824
-4.37544
-4.39418
-4.41456
-4.43669
-4.46071
-4.48679
-4.51511
-4.54587
-4.57932
-4.61569
-4.65525
-4.69824
-4.74492
-4.79551
-4.85021
-4.90922
-4.97276
-5.04111
-5.11464
-5.19386
-5.27939
-5.37194
-5.47216
-5.58057
-5.69753
-5.82319
-5.95769
-6.10134
-6.25491
-6.41959
-6.59654
-6.78521
-6.98299
-4.2987
-4.30155
-4.30658
-4.31271
-4.31962
-4.32734
-4.33596
-4.34556
-4.35621
-4.36798
-4.38095
-4.39518
-4.41075
-4.42775
-4.44625
-4.46636
-4.4882
-4.5119
-4.53763
-4.56557
-4.59592
-4.62891
-4.66479
-4.70379
-4.74615
-4.79209
-4.84183
-4.89554
-4.95342
-5.01568
-5.08263
-5.15468
-5.23242
-5.31651
-5.40765
-5.50649
-5.61347
-5.72887
-5.85282
-5.98556
-6.12768
-6.28035
-6.44521
-6.62372
-6.81524
-7.01718
-4.35094
-4.35376
-4.35876
-4.36486
-4.37174
-4.37942
-4.38798
-4.3975
-4.40804
-4.41968
-4.43249
-4.44653
-4.46188
-4.47862
-4.49683
-4.51662
-4.53811
-4.56142
-4.58672
-4.61418
-4.64402
-4.67644
-4.71168
-4.74997
-4.79154
-4.83659
-4.88529
-4.93783
-4.99438
-5.05518
-5.12053
-5.19091
-5.26692
-5.34926
-5.43862
-5.5356
-5.64055
-5.75365
-5.87506
-6.00515
-6.14483
-6.29566
-6.4597
-6.63866
-6.83185
-7.03694
-4.40219
-4.40497
-4.4099
-4.41596
-4.42277
-4.43038
-4.43886
-4.44827
-4.45868
-4.47016
-4.48277
-4.49658
-4.51166
-4.5281
-4.54597
-4.56539
-4.58645
-4.6093
-4.63409
-4.66099
-4.6902
-4.72193
-4.75641
-4.79385
-4.83446
-4.87844
-4.92594
-4.97713
-5.03217
-5.0913
-5.15486
-5.22333
-5.29734
-5.37761
-5.46479
-5.5594
-5.66172
-5.77185
-5.88995
-6.01656
-6.15288
-6.30081
-6.46273
-6.64051
-6.83344
-7.03983
-4.45247
-4.4552
-4.46005
-4.46603
-4.47276
-4.48027
-4.48864
-4.49791
-4.50816
-4.51944
-4.53182
-4.54536
-4.56014
-4.57623
-4.59372
-4.61269
-4.63327
-4.65558
-4.67978
-4.70602
-4.7345
-4.76543
-4.79901
-4.83546
-4.87496
-4.9177
-4.96383
-5.01349
-5.06685
-5.12412
-5.18567
-5.25199
-5.32372
-5.40156
-5.48615
-5.5779
-5.677
-5.7835
-5.8976
-6.01995
-6.15198
-6.29584
-6.45409
-6.62865
-6.81886
-7.02386
-4.50181
-4.50447
-4.50923
-4.51511
-4.52173
-4.52913
-4.53735
-4.54646
-4.55651
-4.56757
-4.57969
-4.59293
-4.60736
-4.62306
-4.6401
-4.65859
-4.67862
-4.70033
-4.72384
-4.74934
-4.77699
-4.807
-4.83956
-4.87487
-4.91313
-4.95448
-4.99907
-5.04703
-5.09851
-5.15374
-5.21306
-5.27698
-5.34614
-5.4212
-5.50276
-5.59115
-5.68649
-5.78877
-5.89821
-6.01556
-6.1424
-6.28098
-6.43388
-6.60298
-6.78771
-6.9882
-4.55022
-4.55283
-4.55748
-4.56323
-4.56973
-4.57698
-4.58504
-4.59396
-4.60379
-4.61459
-4.62641
-4.63931
-4.65336
-4.66862
-4.68518
-4.70312
-4.72255
-4.74358
-4.76635
-4.79101
-4.81774
-4.84671
-4.87814
-4.91219
-4.94905
-4.98886
-5.03176
-5.07785
-5.12729
-5.18029
-5.23718
-5.29846
-5.36474
-5.43667
-5.51478
-5.59934
-5.6904
-5.78791
-5.89209
-6.00375
-6.12452
-6.25662
-6.40249
-6.56389
-6.74036
-6.93311
-4.59775
-4.6003
-4.60482
-4.61044
-4.61679
-4.62388
-4.63175
-4.64046
-4.65004
-4.66055
-4.67204
-4.68457
-4.6982
-4.71298
-4.72901
-4.74636
-4.76512
-4.78541
-4.80736
-4.83111
-4.85682
-4.88467
-4.91484
-4.94752
-4.98285
-5.02099
-5.06204
-5.10613
-5.15336
-5.20395
-5.25821
-5.31661
-5.37973
-5.44819
-5.52245
-5.60275
-5.68906
-5.78129
-5.87967
-5.985
-6.09886
-6.22333
-6.36061
-6.51225
-6.67786
-6.85961
-4.64443
-4.64691
-4.6513
-4.65676
-4.66295
-4.66986
-4.67752
-4.68599
-4.69529
-4.70549
-4.71662
-4.72875
-4.74192
-4.75619
-4.77164
-4.78835
-4.8064
-4.82589
-4.84695
-4.86972
-4.89433
-4.92097
-4.94979
-4.98098
-5.01467
-5.051
-5.09009
-5.13202
-5.17691
-5.22493
-5.27638
-5.33168
-5.39138
-5.45605
-5.52611
-5.60175
-5.68288
-5.7694
-5.86149
-5.95991
-6.0661
-6.18192
-6.30925
-6.44933
-6.60178
-6.76947
-4.69027
-4.69269
-4.69694
-4.70224
-4.70825
-4.71495
-4.72239
-4.73059
-4.7396
-4.74946
-4.76021
-4.7719
-4.78458
-4.79831
-4.81314
-4.82917
-4.84645
-4.8651
-4.88522
-4.90693
-4.93038
-4.95572
-4.98311
-5.0127
-5.04465
-5.07907
-5.11607
-5.15573
-5.19815
-5.24347
-5.29194
-5.34395
-5.40001
-5.46062
-5.52617
-5.5968
-5.67241
-5.75284
-5.83823
-5.92923
-6.0271
-6.1334
-6.24966
-6.37677
-6.51426
-6.66524
-4.73532
-4.73768
-4.74179
-4.74692
-4.75273
-4.75922
-4.76641
-4.77433
-4.78302
-4.79251
-4.80285
-4.81408
-4.82624
-4.83939
-4.85358
-4.86888
-4.88537
-4.90312
-4.92225
-4.94286
-4.96508
-4.98906
-5.01493
-5.04286
-5.07297
-5.10539
-5.1402
-5.17749
-5.21732
-5.25982
-5.30519
-5.35377
-5.406
-5.46233
-5.52311
-5.58846
-5.65825
-5.73232
-5.81069
-5.89388
-5.98291
-6.07903
-6.18339
-6.29652
-6.41782
-6.55021
-4.77962
-4.78192
-4.78588
-4.79083
-4.79644
-4.80269
-4.80962
-4.81724
-4.82559
-4.8347
-4.84461
-4.85535
-4.86697
-4.87951
-4.89302
-4.90757
-4.92322
-4.94005
-4.95814
-4.9776
-4.99855
-5.0211
-5.0454
-5.07159
-5.0998
-5.13013
-5.16268
-5.19752
-5.23468
-5.27428
-5.31645
-5.36148
-5.40974
-5.46163
-5.51745
-5.57731
-5.6411
-5.7086
-5.77977
-5.85492
-5.93479
-6.02031
-6.11226
-6.21085
-6.31534
-6.42807
-4.82319
-4.82543
-4.82925
-4.83402
-4.83941
-4.84542
-4.85207
-4.85938
-4.86737
-4.87608
-4.88553
-4.89577
-4.90682
-4.91873
-4.93154
-4.94531
-4.9601
-4.97597
-4.993
-5.01127
-5.0309
-5.05199
-5.07468
-5.09908
-5.12532
-5.15351
-5.18374
-5.21605
-5.2505
-5.28712
-5.32605
-5.36746
-5.41168
-5.45902
-5.50976
-5.56401
-5.62167
-5.6825
-5.74638
-5.81344
-5.8841
-5.95895
-6.0384
-6.12237
-6.21002
-6.30288
-4.86608
-4.86827
-4.87194
-4.87652
-4.8817
-4.88745
-4.89381
-4.90079
-4.90841
-4.9167
-4.92568
-4.93539
-4.94585
-4.95711
-4.96921
-4.98218
-4.99608
-5.01097
-5.02691
-5.04398
-5.06227
-5.08187
-5.10291
-5.12549
-5.14973
-5.17574
-5.20359
-5.23335
-5.26503
-5.29866
-5.33431
-5.3721
-5.41224
-5.45501
-5.50063
-5.54921
-5.60068
-5.65483
-5.71146
-5.77052
-5.83216
-5.8966
-5.96393
-6.03379
-6.10523
-6.17905
-4.90833
-4.91047
-4.914
-4.91839
-4.92334
-4.92883
-4.93489
-4.94152
-4.94876
-4.95661
-4.96511
-4.97428
-4.98414
-4.99474
-5.0061
-5.01825
-5.03125
-5.04515
-5.05999
-5.07584
-5.09277
-5.11088
-5.13025
-5.15099
-5.17321
-5.19701
-5.22247
-5.24964
-5.27855
-5.30918
-5.34157
-5.37576
-5.41188
-5.45012
-5.49065
-5.53358
-5.57889
-5.62639
-5.67588
-5.72715
-5.7801
-5.83465
-5.89056
-5.94728
-6.00377
-6.06021
-4.94997
-4.95207
-4.95546
-4.95966
-4.96438
-4.9696
-4.97535
-4.98163
-4.98847
-4.99588
-5.00388
-5.0125
-5.02175
-5.03167
-5.04228
-5.05361
-5.0657
-5.07859
-5.09233
-5.10696
-5.12253
-5.13914
-5.15684
-5.17574
-5.19594
-5.21753
-5.24059
-5.26518
-5.29131
-5.31897
-5.34814
-5.3788
-5.411
-5.44482
-5.48039
-5.51779
-5.55704
-5.59802
-5.64053
-5.6843
-5.72903
-5.77434
-5.81975
-5.86452
-5.90761
-5.94867
-4.99105
-4.99311
-4.99637
-5.00038
-5.00486
-5.00981
-5.01524
-5.02117
-5.0276
-5.03456
-5.04205
-5.0501
-5.05874
-5.06797
-5.07782
-5.08833
-5.09951
-5.1114
-5.12403
-5.13744
-5.15167
-5.16678
-5.18284
-5.19992
-5.21812
-5.23751
-5.25818
-5.2802
-5.30358
-5.3283
-5.35431
-5.38155
-5.40998
-5.43958
-5.47039
-5.50246
-5.53584
-5.57048
-5.60625
-5.64286
-5.6799
-5.71679
-5.75279
-5.787
-5.81842
-5.84625
-5.03161
-5.03364
-5.03676
-5.04058
-5.04483
-5.0495
-5.05461
-5.06018
-5.0662
-5.07269
-5.07967
-5.08716
-5.09516
-5.1037
-5.1128
-5.12248
-5.13275
-5.14364
-5.15518
-5.16738
-5.18029
-5.19394
-5.20838
-5.22368
-5.2399
-5.25713
-5.27545
-5.29493
-5.31559
-5.33742
-5.36036
-5.38431
-5.40915
-5.43477
-5.46111
-5.48816
-5.51594
-5.5445
-5.57379
-5.6036
-5.6335
-5.66281
-5.69059
-5.71581
-5.73745
-5.75445
-5.07169
-5.07369
-5.07668
-5.08031
-5.08433
-5.08872
-5.09351
-5.0987
-5.10431
-5.11034
-5.1168
-5.12371
-5.13109
-5.13894
-5.14728
-5.15613
-5.1655
-5.17541
-5.18587
-5.19689
-5.20851
-5.22073
-5.2336
-5.24716
-5.26146
-5.27659
-5.29261
-5.3096
-5.32759
-5.3466
-5.36655
-5.38734
-5.4088
-5.43072
-5.45295
-5.47537
-5.49796
-5.52078
-5.54389
-5.56721
-5.59041
-5.61283
-5.63347
-5.65118
-5.66493
-5.67346
-5.11134
-5.11331
-5.11617
-5.11962
-5.12339
-5.12751
-5.13198
-5.1368
-5.14199
-5.14755
-5.15349
-5.15983
-5.16658
-5.17374
-5.18133
-5.18936
-5.19784
-5.20678
-5.21618
-5.22606
-5.23641
-5.24725
-5.2586
-5.27049
-5.28295
-5.29604
-5.30984
-5.32441
-5.33981
-5.35606
-5.37312
-5.39088
-5.40915
-5.42767
-5.44618
-5.46445
-5.48237
-5.49995
-5.5173
-5.53448
-5.55134
-5.56736
-5.58162
-5.59296
-5.60038
-5.60247
-5.15058
-5.15253
-5.15526
-5.15852
-5.16207
-5.16591
-5.17005
-5.1745
-5.17927
-5.18437
-5.18979
-5.19556
-5.20168
-5.20816
-5.21501
-5.22224
-5.22984
-5.23783
-5.24621
-5.25496
-5.2641
-5.27361
-5.28351
-5.2938
-5.3045
-5.31566
-5.32733
-5.33958
-5.35247
-5.36605
-5.3803
-5.39514
-5.41039
-5.42578
-5.44096
-5.4556
-5.46947
-5.48247
-5.49468
-5.50623
-5.51717
-5.52719
-5.53558
-5.54133
-5.54353
-5.54073
-5.18947
-5.1914
-5.194
-5.19708
-5.2004
-5.20396
-5.20778
-5.21186
-5.21622
-5.22084
-5.22575
-5.23095
-5.23646
-5.24226
-5.24838
-5.25482
-5.26157
-5.26863
-5.27601
-5.28368
-5.29165
-5.29989
-5.30841
-5.31719
-5.32623
-5.33556
-5.34522
-5.35527
-5.36577
-5.37678
-5.38832
-5.40034
-5.41271
-5.42516
-5.43735
-5.44885
-5.4593
-5.46848
-5.47636
-5.48305
-5.4887
-5.49324
-5.49624
-5.49695
-5.49468
-5.48807
-5.22804
-5.22994
-5.23241
-5.23532
-5.23841
-5.2417
-5.2452
-5.24892
-5.25286
-5.25702
-5.26142
-5.26606
-5.27095
-5.2761
-5.2815
-5.28716
-5.29308
-5.29924
-5.30565
-5.31229
-5.31914
-5.32618
-5.33339
-5.34074
-5.34824
-5.35587
-5.36366
-5.37165
-5.37989
-5.38846
-5.3974
-5.40671
-5.4163
-5.42597
-5.43539
-5.44412
-5.45172
-5.45783
-5.46226
-5.46503
-5.46629
-5.46612
-5.46435
-5.46054
-5.45434
-5.44459
-5.26632
-5.2682
-5.27054
-5.27327
-5.27614
-5.27917
-5.28236
-5.28571
-5.28924
-5.29295
-5.29684
-5.30093
-5.30522
-5.30971
-5.31441
-5.31932
-5.32443
-5.32973
-5.3352
-5.34085
-5.34663
-5.35252
-5.35851
-5.36454
-5.3706
-5.37666
-5.38273
-5.38882
-5.39498
-5.40128
-5.40776
-5.41448
-5.4214
-5.42839
-5.43518
-5.44138
-5.44652
-5.45015
-5.45194
-5.45176
-5.44968
-5.44579
-5.44009
-5.43246
-5.42286
-5.41038
-5.30435
-5.30621
-5.30843
-5.31098
-5.31364
-5.3164
-5.31928
-5.32228
-5.3254
-5.32865
-5.33205
-5.3356
-5.3393
-5.34316
-5.34718
-5.35135
-5.35568
-5.36014
-5.36473
-5.36942
-5.37419
-5.379
-5.38384
-5.38864
-5.39337
-5.398
-5.4025
-5.40688
-5.41115
-5.41536
-5.41959
-5.42388
-5.42825
-5.43266
-5.43691
-5.44069
-5.44359
-5.44511
-5.44486
-5.44255
-5.4381
-5.43156
-5.42297
-5.41238
-5.40005
-5.3853
-5.34217
-5.344
-5.34609
-5.34848
-5.35093
-5.35343
-5.356
-5.35865
-5.36137
-5.36418
-5.36709
-5.3701
-5.37323
-5.37648
-5.37984
-5.3833
-5.38688
-5.39054
-5.39427
-5.39806
-5.40187
-5.40567
-5.40943
-5.41309
-5.41661
-5.41993
-5.42303
-5.42587
-5.42846
-5.43082
-5.433
-5.43506
-5.43707
-5.43902
-5.44082
-5.44225
-5.44299
-5.44259
-5.44062
-5.43672
-5.43067
-5.4224
-5.41192
-5.39935
-5.38511
-5.36873
-5.37981
-5.38161
-5.38357
-5.38579
-5.38804
-5.39029
-5.39257
-5.39486
-5.39719
-5.39957
-5.402
-5.4045
-5.40707
-5.40971
-5.41244
-5.41523
-5.41808
-5.42097
-5.4239
-5.42683
-5.42973
-5.43259
-5.43534
-5.43794
-5.44035
-5.4425
-5.44434
-5.44582
-5.44693
-5.44766
-5.44805
-5.44815
-5.44803
-5.44771
-5.44719
-5.44635
-5.44495
-5.44267
-5.4391
-5.43386
-5.42666
-5.41732
-5.40575
-5.39207
-5.37674
-5.35945
-5.41728
-5.41906
-5.42088
-5.42296
-5.425
-5.42702
-5.429
-5.43095
-5.4329
-5.43485
-5.43682
-5.43881
-5.44085
-5.44292
-5.44503
-5.44717
-5.44934
-5.45151
-5.45366
-5.45578
-5.45784
-5.4598
-5.46161
-5.46324
-5.46463
-5.46572
-5.46643
-5.46673
-5.46656
-5.4659
-5.46476
-5.46317
-5.46119
-5.45888
-5.45624
-5.45327
-5.44981
-5.44566
-5.44049
-5.43397
-5.42578
-5.41568
-5.40352
-5.38933
-5.37357
-5.35601
-5.45462
-5.45637
-5.45806
-5.45999
-5.46186
-5.46364
-5.46533
-5.46696
-5.46853
-5.47006
-5.47158
-5.47309
-5.47461
-5.47613
-5.47766
-5.47919
-5.4807
-5.48218
-5.48361
-5.48497
-5.48622
-5.48735
-5.4883
-5.48903
-5.48949
-5.48961
-5.48933
-5.48858
-5.48731
-5.48548
-5.48306
-5.48007
-5.47654
-5.47253
-5.46807
-5.46319
-5.45784
-5.45188
-5.44513
-5.4373
-5.42812
-5.41736
-5.40479
-5.3904
-5.37459
-5.35718
-5.49185
-5.49355
-5.49513
-5.49693
-5.49863
-5.50018
-5.5016
-5.5029
-5.5041
-5.50523
-5.50631
-5.50736
-5.50839
-5.50939
-5.51037
-5.51131
-5.5122
-5.51303
-5.51378
-5.51443
-5.51494
-5.51529
-5.51544
-5.51534
-5.51494
-5.51419
-5.51302
-5.51136
-5.50915
-5.50633
-5.50286
-5.49874
-5.49396
-5.48858
-5.48262
-5.47614
-5.46914
-5.46156
-5.45331
-5.44419
-5.43401
-5.42255
-5.40961
-5.39512
-5.3794
-5.36233
-5.52898
-5.53063
-5.53209
-5.53381
-5.53535
-5.53669
-5.53783
-5.53881
-5.53965
-5.54039
-5.54105
-5.54166
-5.54221
-5.54272
-5.54317
-5.54356
-5.54388
-5.54411
-5.54422
-5.5442
-5.54402
-5.54365
-5.54305
-5.54219
-5.54102
-5.53948
-5.53751
-5.53505
-5.53202
-5.52837
-5.52405
-5.51903
-5.51329
-5.50684
-5.49973
-5.49199
-5.48366
-5.47474
-5.46518
-5.45489
-5.44375
-5.4316
-5.41826
-5.40367
-5.38808
-5.37139
-5.56597
-5.56759
-5.56898
-5.57065
-5.57206
-5.57319
-5.57406
-5.57472
-5.57521
-5.57557
-5.57583
-5.57601
-5.57612
-5.57616
-5.57612
-5.57599
-5.57577
-5.57543
-5.57495
-5.57431
-5.57349
-5.57246
-5.57118
-5.56962
-5.56774
-5.56549
-5.5628
-5.55963
-5.5559
-5.55156
-5.54654
-5.54081
-5.53434
-5.52711
-5.51916
-5.5105
-5.50119
-5.49124
-5.48067
-5.46944
-5.45749
-5.44473
-5.43103
-5.41634
-5.40089
-5.38458
-5.60278
-5.60448
-5.60584
-5.60752
-5.60881
-5.60972
-5.61032
-5.61066
-5.6108
-5.61079
-5.61067
-5.61045
-5.61014
-5.60974
-5.60924
-5.60863
-5.6079
-5.60704
-5.60601
-5.6048
-5.60339
-5.60175
-5.59984
-5.59765
-5.59513
-5.59223
-5.58891
-5.58511
-5.58077
-5.57583
-5.57025
-5.56396
-5.55694
-5.54917
-5.54064
-5.53137
-5.52141
-5.51078
-5.49951
-5.48763
-5.47511
-5.46192
-5.44799
-5.43328
-5.41803
-5.40213
-5.6395
-5.64142
-5.64274
-5.64448
-5.64564
-5.64633
-5.64664
-5.64666
-5.64646
-5.6461
-5.64561
-5.64501
-5.6443
-5.64349
-5.64256
-5.64151
-5.64032
-5.63896
-5.63743
-5.6357
-5.63374
-5.63154
-5.62908
-5.62631
-5.6232
-5.61972
-5.61583
-5.61147
-5.6066
-5.60117
-5.59512
-5.5884
-5.58098
-5.57283
-5.56394
-5.55431
-5.54398
-5.53298
-5.52134
-5.50911
-5.49631
-5.48293
-5.46896
-5.45439
-5.43945
-5.42404
-5.67626
-5.67861
-5.67975
-5.68162
-5.68263
-5.68305
-5.68305
-5.68274
-5.68222
-5.68152
-5.68068
-5.67972
-5.67865
-5.67745
-5.67613
-5.67466
-5.67304
-5.67123
-5.66924
-5.66702
-5.66458
-5.66188
-5.65889
-5.65561
-5.65198
-5.64799
-5.64359
-5.63875
-5.63341
-5.62755
-5.62112
-5.61407
-5.60636
-5.59796
-5.58887
-5.57908
-5.56861
-5.55748
-5.54575
-5.53346
-5.52064
-5.50733
-5.49354
-5.4793
-5.46483
-5.45006
-5.71254
-5.71633
-5.71696
-5.71901
-5.71983
-5.71992
-5.71959
-5.71895
-5.7181
-5.71707
-5.71591
-5.71462
-5.7132
-5.71165
-5.70996
-5.7081
-5.70608
-5.70387
-5.70144
-5.6988
-5.69591
-5.69275
-5.68931
-5.68555
-5.68147
-5.67702
-5.67218
-5.66691
-5.66119
-5.65497
-5.64822
-5.64091
-5.63299
-5.62446
-5.61528
-5.60547
-5.59502
-5.58398
-5.57236
-5.56024
-5.54765
-5.53465
-5.52126
-5.50753
-5.49369
-5.47968
-5.74673
-5.75494
-5.75461
-5.75678
-5.75731
-5.75699
-5.75627
-5.75529
-5.75412
-5.75278
-5.75131
-5.7497
-5.74796
-5.74608
-5.74404
-5.74184
-5.73945
-5.73686
-5.73405
-5.73101
-5.72772
-5.72415
-5.7203
-5.71614
-5.71165
-5.70681
-5.70158
-5.69596
-5.6899
-5.68339
-5.6764
-5.66889
-5.66084
-5.65224
-5.64307
-5.63334
-5.62304
-5.61221
-5.60088
-5.58911
-5.57693
-5.56442
-5.55161
-5.53857
-5.52549
-5.51232
-5.77828
-5.79489
-5.79301
-5.79499
-5.79505
-5.79421
-5.79307
-5.79175
-5.79026
-5.78862
-5.78685
-5.78495
-5.7829
-5.78071
-5.77835
-5.77582
-5.7731
-5.77017
-5.76701
-5.76362
-5.75997
-5.75604
-5.75183
-5.74732
-5.74247
-5.73729
-5.73175
-5.72583
-5.71951
-5.71276
-5.70559
-5.69795
-5.68984
-5.68124
-5.67215
-5.66257
-5.65252
-5.64201
-5.63109
-5.61979
-5.60818
-5.59631
-5.58422
-5.57198
-5.55974
-5.54744
-5.81117
-5.83728
-5.83255
-5.8336
-5.83307
-5.83168
-5.8301
-5.82841
-5.82661
-5.82468
-5.82262
-5.82044
-5.81811
-5.81562
-5.81297
-5.81014
-5.80711
-5.80387
-5.8004
-5.79669
-5.79272
-5.78848
-5.78396
-5.77914
-5.774
-5.76854
-5.76273
-5.75657
-5.75005
-5.74314
-5.73583
-5.72813
-5.72002
-5.71149
-5.70254
-5.69319
-5.68346
-5.67336
-5.66293
-5.65221
-5.64127
-5.63016
-5.61891
-5.60757
-5.59624
-5.58474
-5.84703
-5.88856
-5.87651
-5.87367
-5.87205
-5.87011
-5.86805
-5.86597
-5.86384
-5.86161
-5.85927
-5.85681
-5.85421
-5.85145
-5.84853
-5.84542
-5.84212
-5.8386
-5.83485
-5.83086
-5.82662
-5.8221
-5.81732
-5.81224
-5.80686
-5.80116
-5.79515
-5.78881
-5.78213
-5.77511
-5.76774
-5.76002
-5.75195
-5.74354
-5.73479
-5.72572
-5.71635
-5.70671
-5.69684
-5.68679
-5.6766
-5.66634
-5.65604
-5.64573
-5.63543
-5.62471
-5.86089
-5.96825
-5.93373
-5.917
-5.91228
-5.90942
-5.90672
-5.90415
-5.90164
-5.8991
-5.89648
-5.89376
-5.89091
-5.88791
-5.88474
-5.88139
-5.87784
-5.87407
-5.87008
-5.86586
-5.86138
-5.85664
-5.85163
-5.84635
-5.84078
-5.83492
-5.82876
-5.82229
-5.81553
-5.80846
-5.80109
-5.79342
-5.78547
-5.77725
-5.76877
-5.76005
-5.75113
-5.74204
-5.73282
-5.72353
-5.71421
-5.70494
-5.69575
-5.68667
-5.67761
-5.66825
-5.80836
-6.08101
-5.99341
-5.95701
-5.94777
-5.94292
-5.93916
-5.93596
-5.933
-5.93011
-5.92719
-5.92419
-5.92107
-5.91781
-5.91438
-5.91077
-5.90695
-5.90294
-5.8987
-5.89423
-5.88952
-5.88457
-5.87936
-5.8739
-5.86817
-5.86218
-5.85593
-5.84941
-5.84264
-5.83562
-5.82837
-5.82089
-5.81321
-5.80534
-5.79733
-5.78919
-5.78097
-5.77271
-5.76446
-5.75628
-5.74822
-5.74032
-5.73261
-5.72499
-5.71705
-5.70719
-222.416
-143.7
-55.8955
-26.4311
-8.26506
4.96048
5.81879
5.61076
151.885
86.4502
8.81217
-31.4092
-13.5485
-1.23245
5.137
4.83037
247.329
175.561
109.618
67.3464
34.2173
-10.3035
-31.497
-17.0734
200.333
158.429
121.807
89.8348
60.3177
35.8123
20.7667
10.5355
162.093
137.474
115.154
93.8857
74.1076
57.1702
43.1877
30.8554
127.992
111.475
96.2893
82.0167
68.6733
56.5156
45.8342
36.5319
90.8429
80.2757
70.7304
61.7021
53.2907
45.718
38.9955
32.6193
53.6031
48.1552
43.4197
38.7373
34.2631
30.2858
26.7908
23.1264
17.0234
15.9655
15.1449
14.0762
12.9571
12.084
11.4469
10.3077
-20.2385
-16.2882
-13.329
-11.2828
-9.57838
-7.77476
-5.86385
-4.71713
-58.0135
-52.466
-46.722
-41.8156
-37.0538
-31.868
-26.4395
-22.3958
-41.5974
-46.495
-52.0958
-56.1677
-57.7037
-55.8959
-50.2952
-43.4485
-8.64488
-10.2771
-12.1448
-14.8501
-19.2924
-24.2951
-26.6989
-27.0837
-4.56847
-4.96038
-5.2396
-5.52173
-5.93542
-6.40807
-7.08122
-7.88766
-4.2145
-4.27889
-4.31819
-4.33665
-4.37152
-4.48231
-4.75268
-5.20683
-4.5158
-4.61048
-4.68614
-4.74047
-4.7713
-4.78969
-4.82202
-4.87879
-4.59936
-4.67347
-4.74476
-4.81256
-4.87775
-4.94318
-5.01106
-5.0722
-4.69359
-4.76355
-4.83177
-4.89819
-4.96371
-5.02983
-5.09789
-5.16627
-4.78996
-4.8576
-4.92429
-4.99002
-5.05501
-5.11969
-5.18457
-5.24954
-4.88303
-4.94912
-5.01498
-5.08039
-5.14527
-5.20965
-5.27356
-5.33667
-4.97502
-5.04068
-5.10664
-5.17236
-5.2375
-5.30189
-5.36534
-5.42737
-5.06705
-5.13308
-5.19997
-5.26669
-5.33261
-5.39731
-5.46042
-5.52142
-5.16043
-5.22756
-5.29601
-5.36426
-5.43132
-5.49649
-5.55925
-5.6191
-5.25589
-5.32474
-5.39524
-5.46536
-5.53375
-5.59948
-5.66191
-5.72062
-5.35416
-5.42514
-5.49791
-5.56998
-5.63968
-5.70591
-5.76807
-5.82592
-5.45607
-5.52952
-5.60464
-5.67851
-5.74926
-5.81578
-5.87767
-5.93506
-5.56216
-5.63837
-5.71585
-5.79136
-5.86291
-5.92954
-5.99122
-6.04854
-5.67258
-5.75167
-5.83145
-5.90848
-5.98076
-6.04757
-6.10927
-6.16702
-5.78724
-5.86913
-5.95102
-6.02942
-6.10247
-6.16975
-6.23202
-6.29081
-5.90578
-5.99024
-6.07395
-6.15351
-6.22738
-6.2955
-6.35901
-6.41957
-6.02734
-6.11414
-6.19938
-6.27994
-6.35468
-6.42399
-6.48937
-6.55234
-6.15035
-6.23923
-6.32589
-6.40748
-6.48329
-6.55416
-6.62185
-6.68763
-6.27266
-6.36333
-6.45144
-6.53435
-6.6117
-6.6846
-6.75492
-6.82352
-6.39191
-6.48404
-6.57373
-6.6585
-6.73806
-6.81353
-6.8866
-6.95762
-6.50597
-6.59928
-6.69072
-6.77788
-6.8603
-6.9387
-7.01429
-7.08678
-6.61329
-6.70756
-6.80088
-6.89071
-6.97618
-7.05731
-7.13457
-7.20697
-6.7129
-6.80805
-6.90316
-6.99541
-7.08333
-7.1661
-7.24335
-7.31346
-6.80434
-6.90038
-6.9969
-7.09068
-7.1796
-7.26203
-7.33698
-7.40229
-6.88749
-6.98446
-7.08184
-7.17586
-7.26388
-7.34378
-7.41424
-7.47275
-6.96253
-7.06057
-7.15835
-7.25158
-7.3374
-7.41361
-7.47895
-7.53041
-7.02965
-7.12916
-7.22746
-7.3199
-7.40379
-7.47734
-7.53954
-7.58633
-7.08872
-7.19049
-7.29031
-7.38342
-7.46771
-7.54205
-7.60587
-7.65362
-7.13878
-7.24403
-7.3473
-7.44399
-7.53285
-7.61344
-7.68566
-7.74216
-7.17792
-7.288
-7.39711
-7.50087
-7.59894
-7.69163
-7.77901
-7.85226
-7.20289
-7.31851
-7.43488
-7.54793
-7.65802
-7.76599
-7.87213
-7.96624
-7.21002
-7.3308
-7.45461
-7.57747
-7.69999
-7.82318
-7.94827
-8.06333
-7.19594
-7.32013
-7.44959
-7.58021
-7.71236
-7.84692
-7.98596
-8.11671
-7.15912
-7.28419
-7.41637
-7.55121
-7.68857
-7.82872
-7.97354
-8.11212
-7.09966
-7.22298
-7.35509
-7.49133
-7.63105
-7.77432
-7.92192
-8.06862
-7.01833
-7.13687
-7.26561
-7.40013
-7.53976
-7.68479
-7.83473
-7.98766
-6.91667
-7.02692
-7.14785
-7.2757
-7.41033
-7.55284
-7.70191
-7.85449
-6.79765
-6.89647
-7.00532
-7.12104
-7.2439
-7.37586
-7.51548
-7.65823
-6.66544
-6.75061
-6.84421
-6.9435
-7.04867
-7.16171
-7.28189
-7.4043
-6.52475
-6.59517
-6.67195
-6.75276
-6.83746
-6.92728
-7.02193
-7.11772
-6.38055
-6.43608
-6.4959
-6.55807
-6.62215
-6.68847
-6.75679
-6.82552
-6.23856
-6.27999
-6.32384
-6.36861
-6.41381
-6.45913
-6.50407
-6.5486
-6.10371
-6.13287
-6.16275
-6.19225
-6.22099
-6.24854
-6.27434
-6.29926
-5.97815
-5.99684
-6.01502
-6.03192
-6.04723
-6.06055
-6.07156
-6.08181
-5.86354
-5.8733
-5.88198
-5.88906
-5.89414
-5.8967
-5.89665
-5.89635
-5.76189
-5.76445
-5.76564
-5.76532
-5.76292
-5.75769
-5.74965
-5.74177
-5.67353
-5.67063
-5.66615
-5.66037
-5.65263
-5.64197
-5.62837
-5.6151
-5.59716
-5.59031
-5.58166
-5.57184
-5.56028
-5.54591
-5.52868
-5.51187
-5.53171
-5.52219
-5.51064
-5.4979
-5.48354
-5.46664
-5.44714
-5.42828
-5.47662
-5.46555
-5.45225
-5.4376
-5.42131
-5.40272
-5.38186
-5.36192
-5.43143
-5.41945
-5.40521
-5.38953
-5.37218
-5.35268
-5.33121
-5.31083
-5.39567
-5.38291
-5.36805
-5.35187
-5.33417
-5.3145
-5.29308
-5.27282
-5.36915
-5.35553
-5.34005
-5.32356
-5.30587
-5.2865
-5.26561
-5.24591
-5.35151
-5.33718
-5.32114
-5.30441
-5.28683
-5.26793
-5.24778
-5.22885
-5.34182
-5.32722
-5.31097
-5.2942
-5.27684
-5.25845
-5.23907
-5.22095
-5.33862
-5.32432
-5.3084
-5.292
-5.27513
-5.25739
-5.23882
-5.22152
-5.34047
-5.32691
-5.31184
-5.2963
-5.28029
-5.26347
-5.24591
-5.22953
-5.34643
-5.33383
-5.31992
-5.30558
-5.29079
-5.27522
-5.25894
-5.24369
-5.35625
-5.34458
-5.33188
-5.31888
-5.30548
-5.29137
-5.27661
-5.26271
-5.37009
-5.35921
-5.34759
-5.33584
-5.32381
-5.31122
-5.29806
-5.28565
-5.38822
-5.37796
-5.36722
-5.35652
-5.34571
-5.33451
-5.3229
-5.31197
-5.41072
-5.40099
-5.39095
-5.38108
-5.37128
-5.36127
-5.35103
-5.34148
-5.43738
-5.42817
-5.41872
-5.40954
-5.40055
-5.39154
-5.38247
-5.37412
-5.46773
-5.45905
-5.45018
-5.44161
-5.43332
-5.42515
-5.41708
-5.4098
-5.50114
-5.49303
-5.48473
-5.47674
-5.4691
-5.46169
-5.45454
-5.44824
-5.53698
-5.52942
-5.52166
-5.51418
-5.50709
-5.50042
-5.4942
-5.48898
-5.5748
-5.56766
-5.56025
-5.55301
-5.54626
-5.5403
-5.53522
-5.53137
-5.61484
-5.60772
-5.60015
-5.5923
-5.58484
-5.57944
-5.57635
-5.57451
-5.66081
-5.65465
-5.64601
-5.63361
-5.61802
-5.61139
-5.6136
-5.61513
-5.69497
-5.68382
-5.66778
-5.64239
-5.6074
-5.60217
-5.62382
-5.64262
6.16602
6.4155
6.5426
6.5997
6.62827
6.64815
6.66113
6.67218
6.68161
6.68973
6.69677
6.70237
6.70599
6.70736
6.70633
6.70276
6.69662
6.68802
6.67713
6.66417
6.64945
6.63335
6.6163
6.59871
6.581
6.56355
6.54661
6.53044
6.51531
6.50156
6.48941
6.47895
6.47011
6.4629
6.45748
6.45423
6.4535
6.45467
6.75276
6.73056
6.59896
6.56783
6.5764
6.59522
6.6046
6.61544
6.62426
6.63199
6.63946
6.64574
6.64997
6.65182
6.65111
6.64763
6.64125
6.63206
6.62025
6.60613
6.59006
6.57246
6.55381
6.53458
6.51527
6.49632
6.47807
6.46074
6.44456
6.42982
6.41675
6.4055
6.39605
6.3884
6.38269
6.37937
6.3788
6.38024
-0.569748
6.20673
6.61721
6.6136
6.5681
6.55017
6.55663
6.56759
6.57386
6.57905
6.58584
6.59195
6.59612
6.59813
6.5977
6.59442
6.58793
6.57817
6.56532
6.54977
6.53199
6.5125
6.49184
6.47057
6.44924
6.42838
6.40839
6.38958
6.37212
6.3562
6.34207
6.3299
6.31974
6.3116
6.3056
6.30222
6.30185
6.30359
-10.3624
-13.938
0.958349
6.24839
6.62399
6.60481
6.54754
6.53809
6.53399
6.5323
6.53835
6.54322
6.54567
6.54672
6.54618
6.54308
6.5366
6.52637
6.51246
6.49527
6.47539
6.45353
6.43038
6.40661
6.38282
6.3596
6.33745
6.31676
6.29771
6.28042
6.26507
6.25188
6.24093
6.23225
6.22595
6.22255
6.22241
6.22448
8.69232
-8.69685
-14.7137
-10.0927
3.56689
6.48038
6.57582
6.58118
6.51035
6.49079
6.49922
6.50238
6.50052
6.49869
6.49697
6.49371
6.48722
6.47657
6.46161
6.44267
6.42038
6.39566
6.36945
6.3426
6.31584
6.28979
6.26501
6.24202
6.22105
6.20218
6.18548
6.17114
6.15932
6.15005
6.14346
6.14006
6.1402
6.14265
20.4958
3.60884
-5.33986
-11.6464
-14.4733
-6.56456
5.61647
6.64614
6.51766
6.47801
6.48042
6.4735
6.46143
6.45496
6.45109
6.44684
6.43991
6.42873
6.41266
6.39185
6.36694
6.33893
6.30905
6.27846
6.24809
6.21866
6.19078
6.16506
6.14183
6.12112
6.10291
6.08733
6.07455
6.06465
6.05777
6.05442
6.05491
6.05778
21.0846
6.98756
-0.397045
-5.28003
-9.40585
-13.4745
-13.2574
-0.754058
6.11555
6.53573
6.54307
6.4732
6.4293
6.41513
6.40923
6.40353
6.39528
6.38293
6.36545
6.34255
6.31476
6.28312
6.24903
6.21403
6.17936
6.14592
6.11444
6.08555
6.05968
6.03686
6.01698
6.00004
5.98622
5.97565
5.9685
5.96528
5.96618
5.96951
15.4046
4.33317
-2.14406
-5.4521
-7.32715
-9.58486
-11.8206
-13.043
-8.61216
4.68428
6.55765
6.47818
6.41036
6.38201
6.37218
6.36461
6.35419
6.33954
6.31983
6.2944
6.26336
6.22774
6.18903
6.14901
6.10936
6.07128
6.03564
6.00313
5.97423
5.94901
5.92724
5.90882
5.8939
5.88264
5.87525
5.87222
5.87363
5.87747
6.04503
-1.60189
-6.41639
-8.96947
-10.2439
-10.5498
-10.5062
-11.3545
-13
-11.2118
0.310739
6.30513
6.3945
6.36679
6.34745
6.33249
6.31722
6.29889
6.27573
6.24689
6.21209
6.17207
6.12837
6.08288
6.03765
5.9943
5.95394
5.91734
5.88501
5.85708
5.83323
5.81322
5.79713
5.78518
5.77759
5.77483
5.77683
5.78124
-5.77843
-9.82208
-12.2454
-13.4956
-14.2173
-14.2312
-13.4615
-12.2027
-11.6752
-12.0876
-11.3143
-3.20814
5.99935
6.3605
6.35059
6.3181
6.28772
6.26099
6.23287
6.19952
6.16016
6.1152
6.06609
6.01477
5.9635
5.91435
5.86875
5.8276
5.79148
5.76054
5.73441
5.71271
5.69544
5.68281
5.67507
5.67267
5.67533
5.68037
-20.0434
-20.2115
-19.5842
-18.94
-18.612
-18.1341
-17.3053
-15.9226
-14.1026
-12.532
-12.2844
-11.8691
-4.43474
5.68182
6.29675
6.3174
6.27188
6.22751
6.19054
6.15155
6.1066
6.05598
6.00094
5.94345
5.88582
5.83049
5.77924
5.73317
5.69295
5.65876
5.63021
5.60676
5.58831
5.57505
5.56724
5.56527
5.56869
5.57441
-35.5206
-32.7754
-28.9081
-25.9027
-23.9791
-22.3208
-21.0395
-19.7363
-18.0909
-16.0338
-13.9801
-13.1673
-11.9039
-3.70222
5.58807
6.22179
6.25244
6.19718
6.14815
6.10168
6.05018
5.99295
5.93141
5.86739
5.80323
5.74151
5.68438
5.63316
5.58863
5.55104
5.51997
5.49476
5.47519
5.46139
5.4536
5.45217
5.45642
5.46286
-30.5578
-35.3974
-34.3767
-32.8522
-30.7764
-27.6787
-25.4001
-23.5179
-21.8069
-20.0299
-17.8388
-15.5048
-14.0156
-11.4912
-1.73822
5.75588
6.15087
6.15391
6.10334
6.04853
5.98919
5.9244
5.85562
5.78479
5.71406
5.64599
5.58296
5.52654
5.47765
5.43662
5.40302
5.37612
5.35552
5.34131
5.33368
5.33289
5.33805
5.34527
-9.50029
-12.3297
-17.3098
-24.8541
-29.986
-30.5652
-30.3927
-28.3467
-25.9086
-23.8405
-21.7736
-19.4051
-16.7828
-14.6982
-10.181
1.19114
5.80247
6.07393
6.05461
5.99164
5.92159
5.84812
5.77141
5.69353
5.6164
5.54227
5.4736
5.41218
5.35908
5.31473
5.27872
5.25023
5.22877
5.21432
5.20699
5.20697
5.21313
5.22115
-5.66852
-6.07523
-6.74026
-7.04481
-8.8348
-14.8869
-24.541
-29.0681
-30.2471
-28.5897
-25.8743
-23.3376
-20.6145
-17.7026
-14.7418
-7.05393
3.90962
5.82783
5.99446
5.92824
5.84442
5.76105
5.67614
5.59122
5.50807
5.42847
5.35474
5.2888
5.2319
5.18456
5.1464
5.11655
5.09444
5.07995
5.07309
5.07397
5.08121
5.09006
-4.95948
-5.15099
-5.69566
-6.05078
-6.25512
-6.40354
-5.72232
-10.4805
-23.0014
-29.8104
-30.613
-27.9004
-24.5633
-21.2822
-17.9459
-13.0886
-1.51664
5.36665
5.85132
5.83986
5.75208
5.65899
5.5665
5.47513
5.38666
5.30254
5.22467
5.15503
5.09501
5.04524
5.0054
4.97455
4.95207
4.93779
4.9316
4.93351
4.94189
4.9516
-5.14192
-5.26216
-5.42143
-5.47839
-5.64124
-6.20024
-6.43876
-6.33393
-5.45174
-12.9696
-26.8815
-31.7588
-29.3072
-25.1498
-21.24
-17.0842
-8.77074
3.18796
5.5116
5.72529
5.64278
5.53804
5.43886
5.34232
5.24967
5.16235
5.08168
5.0095
4.94733
4.89596
4.85507
4.82372
4.80128
4.7875
4.7822
4.78527
4.79486
4.80543
-5.27306
-5.40532
-5.53982
-5.6357
-5.72723
-5.83957
-5.91108
-6.15411
-6.58016
-6.55153
-8.97734
-24.8857
-32.6737
-29.8249
-24.8372
-20.3981
-13.9812
-0.774616
5.05725
5.54685
5.50196
5.39303
5.28881
5.18941
5.09456
5.00582
4.9241
4.85091
4.78789
4.73596
4.69486
4.66366
4.64175
4.62883
4.62465
4.62902
4.63985
4.65128
-5.356
-5.49325
-5.62965
-5.74706
-5.84439
-5.93651
-6.0031
-6.04831
-6.07683
-6.23949
-6.80839
-9.29727
-26.1188
-33.5002
-29.1187
-23.5471
-17.8438
-6.54554
3.80559
5.22315
5.32554
5.22153
5.11271
5.01334
4.91904
4.83117
4.75051
4.67817
4.61586
4.56465
4.52435
4.49408
4.47328
4.46165
4.45886
4.46464
4.47674
4.48899
-5.43863
-5.5719
-5.69916
-5.81343
-5.91458
-6.01032
-6.08284
-6.1284
-6.14763
-6.14323
-6.2515
-6.74496
-11.6059
-30.1903
-33.4422
-27.0455
-20.8481
-11.3802
1.69657
4.75841
5.09891
5.01529
4.90639
4.81156
4.7213
4.63707
4.5599
4.49054
4.43072
4.38169
4.34333
4.31486
4.29582
4.28593
4.2848
4.29213
4.30548
4.31851
-5.52643
-5.65514
-5.77457
-5.88218
-5.97752
-6.06252
-6.13047
-6.18272
-6.21879
-6.22964
-6.24572
-6.27517
-6.94398
-18.2596
-34.6545
-31.0327
-23.4466
-14.4867
-0.322664
4.2961
4.83401
4.77018
4.66753
4.5822
4.50012
4.42281
4.35184
4.28774
4.23233
4.18702
4.15181
4.12607
4.10949
4.10183
4.10264
4.11161
4.12619
4.13992
-5.61794
-5.74254
-5.85642
-5.95828
-6.04694
-6.12204
-6.18126
-6.22574
-6.25712
-6.27696
-6.28335
-6.24741
-6.29856
-9.02787
-29.0162
-34.1029
-26.1778
-16.951
-2.41078
3.77706
4.52516
4.48641
4.39622
4.3249
4.25525
4.18852
4.1266
4.07006
4.02098
3.98094
3.95009
3.92802
3.9146
3.90964
3.91267
3.92335
3.93911
3.95346
-5.71309
-5.83388
-5.94321
-6.04018
-6.12339
-6.19137
-6.2422
-6.27635
-6.29689
-6.30837
-6.31464
-6.2864
-6.2718
-6.64892
-18.7179
-34.991
-29.0082
-18.8543
-4.38841
3.02729
4.12152
4.15107
4.09046
4.03994
3.98752
3.93527
3.88523
3.83848
3.79752
3.76417
3.73878
3.72126
3.71166
3.70985
3.71532
3.72777
3.74463
3.7595
-5.81234
-5.92995
-6.03554
-6.12853
-6.20732
-6.26964
-6.31309
-6.33729
-6.34594
-6.34513
-6.34012
-6.31162
-6.24393
-6.43414
-11.8825
-33.484
-30.832
-19.548
-5.15529
2.34648
3.62914
3.75936
3.75031
3.72921
3.69927
3.66525
3.62965
3.59461
3.5633
3.53782
3.51883
3.5066
3.50139
3.50309
3.51118
3.52542
3.54327
3.55854
-5.91611
-6.03167
-6.13466
-6.22464
-6.29972
-6.35693
-6.39338
-6.40813
-6.4046
-6.3906
-6.37338
-6.33759
-6.24074
-6.40497
-9.21307
-29.8747
-30.86
-19.1871
-4.81608
1.91866
3.10954
3.33568
3.38632
3.39906
3.39518
3.38194
3.36258
3.34066
3.32011
3.30334
3.29144
3.28507
3.28469
3.29017
3.30099
3.31698
3.3357
3.35125
-6.02481
-6.13983
-6.24155
-6.32936
-6.40086
-6.45263
-6.48161
-6.48693
-6.47188
-6.44482
-6.41626
-6.37828
-6.28152
-6.41912
-7.9265
-25.6113
-29.6492
-17.8246
-3.66736
1.70159
2.61614
2.91195
3.01399
3.05906
3.0817
3.08977
3.08728
3.07921
3.07002
3.06244
3.05805
3.05791
3.0626
3.072
3.08558
3.10324
3.12269
3.13838
-6.13892
-6.25488
-6.35652
-6.44256
-6.50986
-6.55482
-6.57507
-6.57062
-6.545
-6.50627
-6.46696
-6.42546
-6.32383
-6.45671
-7.94705
-24.413
-27.8579
-15.4909
-2.36951
1.64747
2.19783
2.51058
2.64652
2.71839
2.76518
2.79317
2.80715
2.81293
2.81517
2.81692
2.8202
2.82643
2.83629
2.8496
2.86588
2.88509
2.90509
2.92081
-6.25894
-6.37692
-6.47902
-6.56296
-6.62475
-6.66094
-6.67081
-6.65626
-6.62124
-6.57307
-6.52447
-6.47631
-6.36699
-6.50729
-8.2496
-24.0677
-24.8708
-12.4035
-1.57035
1.5654
1.86863
2.14452
2.29034
2.38315
2.45033
2.49588
2.52524
2.54431
2.55766
2.56856
2.57944
2.59201
2.60694
2.62405
2.64286
2.66345
2.68384
2.69945
-6.38507
-6.50553
-6.60779
-6.68849
-6.74301
-6.76865
-6.76697
-6.74228
-6.6991
-6.64339
-6.58763
-6.53124
-6.41481
-6.6183
-9.23479
-24.2252
-20.6028
-8.5019
-0.78783
1.25227
1.5733
1.80316
1.94631
2.0563
2.14019
2.20081
2.24413
2.27556
2.29939
2.31905
2.3373
2.35597
2.37576
2.39642
2.41754
2.4393
2.45992
2.47531
-6.51688
-6.63971
-6.74106
-6.8168
-6.86227
-6.8763
-6.86298
-6.82855
-6.77774
-6.71514
-6.65222
-6.58191
-6.47181
-6.94646
-11.6691
-23.2889
-14.6476
-4.26198
0.101917
0.825481
1.27331
1.4683
1.61462
1.73959
1.83689
1.91038
1.96604
2.00861
2.04206
2.06993
2.09515
2.11958
2.14386
2.16775
2.19092
2.21363
2.2343
2.24936
-6.65323
-6.77786
-6.87678
-6.94562
-6.98067
-6.98291
-6.95867
-6.91488
-6.85583
-6.78584
-6.71249
-6.61179
-6.58954
-7.46713
-17.2667
-20.4335
-10.1274
-1.69979
0.167178
0.522369
0.94763
1.13988
1.2985
1.43484
1.54241
1.62666
1.69288
1.74515
1.78721
1.8226
1.85426
1.88397
1.9123
1.93903
1.96395
1.9874
2.00796
2.0226
-6.79225
-6.91774
-7.01251
-7.07265
-7.0963
-7.08704
-7.05261
-6.99917
-6.93038
-6.85413
-6.7653
-6.62173
-6.86104
-10.7934
-21.3893
-14.9396
-4.23257
-0.434223
-0.0942195
0.329962
0.635645
0.828549
0.999989
1.14329
1.25846
1.35131
1.42619
1.48664
1.53619
1.5783
1.61574
1.65016
1.68203
1.71119
1.73753
1.7615
1.78183
1.79598
-6.93148
-7.05636
-7.14511
-7.19479
-7.20613
-7.18545
-7.1411
-7.07697
-6.99675
-6.91718
-6.82304
-6.84421
-8.33053
-18.2725
-17.902
-7.50468
-1.07686
-0.664974
-0.306048
0.100383
0.34334
0.54221
0.718949
0.865556
0.986085
1.08543
1.16708
1.2342
1.29012
1.33806
1.38056
1.41902
1.45387
1.48503
1.51252
1.53681
1.55678
1.57038
-7.06771
-7.18975
-7.27009
-7.30719
-7.30489
-7.2726
-7.21896
-7.14385
-7.04611
-6.96121
-6.90686
-7.25369
-15.2997
-17.8411
-10.7723
-2.85887
-0.991738
-0.772374
-0.428221
-0.145958
0.0749833
0.277698
0.45389
0.601653
0.725643
0.829557
0.916288
0.988709
1.04989
1.10275
1.14949
1.1913
1.22857
1.26132
1.28966
1.31409
1.33361
1.34661
-7.19687
-7.31264
-7.3811
-7.40252
-7.38462
-7.34122
-7.28365
-7.20046
-7.06821
-6.98429
-7.05837
-13.4579
-17.2283
-11.8488
-4.4648
-1.46154
-1.18798
-0.911116
-0.625377
-0.387684
-0.169372
0.0307596
0.203702
0.351267
0.477038
0.583856
0.674218
0.750726
0.816143
0.873
0.923147
0.967597
1.00673
1.04068
1.06962
1.09404
1.11304
1.12542
-7.31381
-7.41848
-7.47002
-7.47115
-7.43487
-7.38406
-7.34013
-7.27161
-7.0502
-7.14578
-13.8363
-15.2021
-11.7164
-5.73333
-1.97972
-1.68229
-1.40413
-1.10603
-0.847257
-0.613841
-0.395951
-0.201487
-0.0323587
0.113878
0.239973
0.3483
0.441078
0.520623
0.589316
0.649264
0.701995
0.748396
0.788887
0.823674
0.852985
0.877256
0.895684
0.907419
-7.4128
-7.50014
-7.52802
-7.5018
-7.44176
-7.3883
-7.39972
-7.45327
-7.93489
-12.6343
-11.3227
-9.75651
-6.36712
-3.24198
-2.19606
-1.80169
-1.54734
-1.29643
-1.05261
-0.820537
-0.608306
-0.420044
-0.255066
-0.111155
0.0140733
0.122774
0.216954
0.298604
0.369663
0.43182
0.486346
0.534064
0.575444
0.610758
0.640241
0.664256
0.682065
0.693154
-7.48953
-7.55274
-7.5493
-7.48646
-7.38941
-7.32007
-7.38541
-7.32071
-5.4511
-0.517075
-2.72446
-3.27743
-2.70657
-2.89164
-2.20215
-1.91028
-1.70723
-1.47402
-1.23664
-1.01178
-0.807539
-0.62565
-0.465301
-0.324528
-0.201078
-0.0928883
0.00184464
0.0847418
0.157288
0.220812
0.276405
0.324873
0.366738
0.402307
0.431786
0.455447
0.47261
0.483055
-7.54446
-7.57907
-7.54012
-7.43699
-7.29589
-7.18394
-7.27894
-7.0971
-5.49578
1.19163
2.41385
0.798296
-3.19492
-2.76382
-2.33566
-2.09927
-1.87803
-1.64034
-1.40757
-1.19113
-0.994714
-0.819288
-0.663997
-0.526947
-0.405913
-0.298898
-0.204342
-0.121015
-0.0478281
0.0162756
0.0722859
0.121014
0.16302
0.198611
0.22793
0.25115
0.267646
0.277463
-7.58622
-7.59397
-7.52259
-7.39157
-7.22593
-7.07521
-7.08938
-7.1669
-7.26952
-6.95653
-5.01303
-3.71578
-3.48122
-2.92605
-2.57467
-2.30243
-2.04475
-1.79772
-1.56896
-1.35977
-1.17076
-1.00186
-0.851968
-0.719038
-0.600847
-0.495525
-0.401809
-0.318834
-0.245805
-0.181832
-0.125968
-0.0773889
-0.0355298
-0.000122662
0.0288949
0.0515958
0.0674127
0.0766362
-7.62995
-7.61939
-7.53552
-7.4139
-7.27729
-7.10555
-6.99891
-7.04176
-7.168
-7.27334
-6.10998
-4.26478
-3.62855
-3.21782
-2.80844
-2.47876
-2.19433
-1.9435
-1.7192
-1.51733
-1.33601
-1.17403
-1.02983
-0.901297
-0.786267
-0.683108
-0.590873
-0.508989
-0.436843
-0.373615
-0.318365
-0.27027
-0.228799
-0.193757
-0.165175
-0.143074
-0.127952
-0.119235
-7.695
-7.68188
-7.62648
-7.56254
-7.50895
-7.39228
-7.1032
-6.80429
-6.63196
-6.32864
-5.65979
-4.72429
-3.95021
-3.39248
-2.94617
-2.60127
-2.31636
-2.07157
-1.85577
-1.66311
-1.49054
-1.33614
-1.19804
-1.07416
-0.962591
-0.862067
-0.771942
-0.691832
-0.621199
-0.559218
-0.504953
-0.457611
-0.416735
-0.382224
-0.354206
-0.332794
-0.318429
-0.309992
-7.79658
-7.80763
-7.82919
-7.83083
-7.84005
-7.70287
-7.15266
-6.44977
-6.06444
-5.65926
-5.1019
-4.46861
-3.86021
-3.37102
-2.98164
-2.67004
-2.40767
-2.1798
-1.97785
-1.79706
-1.63461
-1.48852
-1.35695
-1.23806
-1.13035
-1.03296
-0.945533
-0.867785
-0.799164
-0.738817
-0.685818
-0.639443
-0.599341
-0.565515
-0.538184
-0.517559
-0.504206
-0.495427
-7.93677
-8.00279
-8.10948
-8.23041
-8.09179
-8.29684
-6.19023
-5.80227
-5.46198
-5.04723
-4.57128
-4.0782
-3.63817
-3.272
-2.96568
-2.7046
-2.47556
-2.27116
-2.08695
-1.92016
-1.76893
-1.63171
-1.50704
-1.39351
-1.29012
-1.19642
-1.11225
-1.03733
-0.971087
-0.912637
-0.861102
-0.815862
-0.776685
-0.743679
-0.717137
-0.697295
-0.684697
-0.676305
-8.09161
-8.23057
-8.39065
-8.64221
-8.58943
-9.73256
-7.16047
-5.44036
-4.92031
-4.46629
-4.11483
-3.7612
-3.44354
-3.17267
-2.93595
-2.72353
-2.52926
-2.35044
-2.18568
-2.03399
-1.89453
-1.76648
-1.64897
-1.54118
-1.44261
-1.35312
-1.27266
-1.20094
-1.13732
-1.08093
-1.03099
-0.987018
-0.948896
-0.91683
-0.891169
-0.872163
-0.860388
-0.852332
-8.22794
-8.444
-8.69254
-8.9152
-6.64707
-1.7507
-4.43427
-8.36634
-4.57915
-3.9325
-3.6611
-3.46929
-3.26646
-3.0781
-2.90285
-2.73563
-2.57505
-2.42179
-2.27671
-2.14024
-2.0126
-1.89379
-1.78364
-1.68193
-1.5886
-1.50374
-1.42732
-1.35901
-1.29815
-1.24393
-1.19569
-1.15309
-1.11614
-1.08512
-1.06042
-1.04229
-1.03134
-1.02371
-8.30699
-8.57518
-8.96749
-9.06992
-4.38837
-2.9129
-6.55854
-10.1681
-4.57453
-3.63253
-3.22431
-3.17476
-3.09737
-2.98971
-2.87158
-2.74652
-2.61772
-2.48881
-2.36252
-2.24064
-2.12444
-2.01475
-1.91207
-1.8167
-1.72892
-1.64894
-1.57673
-1.51192
-1.45387
-1.40186
-1.35539
-1.31425
-1.27859
-1.24873
-1.22507
-1.20783
-1.19769
-1.19058
-8.31883
-8.62783
-9.04186
-8.39348
-5.9581
-6.3165
-10.1937
-8.86244
-6.85493
-3.40591
-2.9879
-2.86565
-2.94265
-2.91737
-2.85035
-2.76254
-2.66205
-2.55492
-2.44555
-2.33701
-2.23151
-2.13064
-2.03539
-1.94648
-1.86437
-1.78935
-1.72137
-1.66003
-1.60476
-1.55497
-1.51032
-1.47075
-1.43646
-1.40785
-1.3853
-1.369
-1.35963
-1.35311
-8.29863
-8.61888
-8.92579
-8.87436
-9.77485
-6.96075
-12.3258
-9.3798
-5.45232
-3.55898
-2.80143
-2.6288
-2.84662
-2.87934
-2.84976
-2.79069
-2.71265
-2.62324
-2.52806
-2.43112
-2.33534
-2.24276
-2.15473
-2.07218
-1.99569
-1.92553
-1.86165
-1.80368
-1.75112
-1.70355
-1.66075
-1.62281
-1.58999
-1.5627
-1.54131
-1.52597
-1.51734
-1.51146
-8.23483
-8.57975
-8.94137
-9.25486
-8.80624
-5.70599
-9.86008
-7.54083
-2.68869
-3.69497
-2.77252
-2.59115
-2.84222
-2.89164
-2.87939
-2.83668
-2.7731
-2.69623
-2.61195
-2.52459
-2.43731
-2.35232
-2.27109
-2.19461
-2.12348
-2.05796
-1.99797
-1.9432
-1.89325
-1.84786
-1.80696
-1.77071
-1.73942
-1.71351
-1.69332
-1.67896
-1.67103
-1.66582
-8.10407
-8.47339
-8.88744
-9.16829
-9.05762
-9.71012
-7.53758
-4.86509
-3.21431
-3.43825
-2.85907
-2.73118
-2.91893
-2.95463
-2.94131
-2.90241
-2.84498
-2.7753
-2.69854
-2.61866
-2.53856
-2.46031
-2.38528
-2.31441
-2.24826
-2.18703
-2.13066
-2.07889
-2.03146
-1.98822
-1.94923
-1.91471
-1.88501
-1.86051
-1.84154
-1.82817
-1.8209
-1.81639
-7.89177
-8.24699
-8.6594
-9.00326
-9.39726
-10.2809
-12.1247
-9.25753
-6.15061
-3.90231
-3.06655
-2.99687
-3.07323
-3.06356
-3.03209
-2.98614
-2.92775
-2.86065
-2.78845
-2.7141
-2.63987
-2.56741
-2.49787
-2.43204
-2.3704
-2.31309
-2.26004
-2.21109
-2.16606
-2.12493
-2.08785
-2.05509
-2.027
-2.00393
-1.98619
-1.9738
-1.96716
-1.96336
-7.60271
-7.89491
-8.2253
-8.52212
-8.77577
-9.2119
-9.47632
-7.97332
-5.64744
-4.30569
-3.50081
-3.34442
-3.27166
-3.20222
-3.1429
-3.08304
-3.01906
-2.9514
-2.88156
-2.81115
-2.74159
-2.67399
-2.6092
-2.54782
-2.49019
-2.43641
-2.3864
-2.34007
-2.29734
-2.25829
-2.22312
-2.19213
-2.16565
-2.14401
-2.12748
-2.11608
-2.11004
-2.10692
-7.27213
-7.48514
-7.69879
-7.86117
-7.89849
-7.8411
-7.56736
-6.69763
-5.47732
-4.5509
-3.91005
-3.62939
-3.45947
-3.34562
-3.2606
-3.18625
-3.11547
-3.04593
-2.9772
-2.90962
-2.84375
-2.78019
-2.71946
-2.66196
-2.60787
-2.55724
-2.51001
-2.46613
-2.4256
-2.38858
-2.3553
-2.32607
-2.3012
-2.28098
-2.26563
-2.25518
-2.24974
-2.24725
-6.93692
-7.07912
-7.20041
-7.26278
-7.22033
-7.05429
-6.68817
-5.99919
-5.22264
-4.57692
-4.09535
-3.80348
-3.60994
-3.47613
-3.3748
-3.28997
-3.21379
-3.1425
-3.07444
-3.00901
-2.94612
-2.88594
-2.82869
-2.77456
-2.72361
-2.67581
-2.63113
-2.58954
-2.55113
-2.51608
-2.48466
-2.45716
-2.43387
-2.41503
-2.40084
-2.39132
-2.38644
-2.38453
-6.62175
-6.70495
-6.75803
-6.75494
-6.67024
-6.48439
-6.14653
-5.62257
-5.05468
-4.56491
-4.18383
-3.91921
-3.73022
-3.59077
-3.48184
-3.39129
-3.31193
-3.2397
-3.17236
-3.10876
-3.0484
-2.99112
-2.93689
-2.88573
-2.83756
-2.79232
-2.74998
-2.71055
-2.67417
-2.64104
-2.61144
-2.58564
-2.56389
-2.54639
-2.53331
-2.52468
-2.52036
-2.51896
-6.34099
-6.37838
-6.38249
-6.33638
-6.22476
-6.03465
-5.74514
-5.35449
-4.93301
-4.55337
-4.24291
-4.00839
-3.8303
-3.69236
-3.58171
-3.4892
-3.40876
-3.33655
-3.2702
-3.20835
-3.15027
-3.09558
-3.04404
-2.99552
-2.94985
-2.90695
-2.86677
-2.82939
-2.79495
-2.7637
-2.73587
-2.71172
-2.69145
-2.67525
-2.66323
-2.65545
-2.65165
-2.65072
-6.10004
-6.10449
-6.07651
-6.00557
-5.88314
-5.70232
-5.45682
-5.15519
-4.83547
-4.53819
-4.284
-4.07913
-3.91543
-3.78361
-3.67519
-3.58348
-3.50365
-3.43236
-3.3674
-3.3074
-3.25151
-3.19921
-3.15012
-3.10399
-3.0606
-3.01984
-2.98169
-2.94625
-2.9137
-2.88425
-2.85815
-2.83559
-2.81676
-2.80179
-2.79078
-2.78379
-2.78049
-2.77999
-5.89825
-5.88093
-5.83396
-5.75151
-5.62926
-5.46446
-5.25695
-5.01606
-4.76469
-4.5266
-4.31604
-4.13819
-3.9902
-3.86702
-3.76328
-3.67427
-3.59633
-3.52674
-3.4636
-3.40563
-3.35194
-3.30193
-3.25513
-3.21119
-3.16989
-3.13113
-3.0949
-3.06133
-3.0306
-3.0029
-2.97846
-2.95744
-2.93998
-2.92618
-2.91614
-2.90989
-2.90706
-2.90695
-5.73227
-5.70166
-5.64496
-5.5594
-5.4432
-5.29579
-5.11944
-4.92219
-4.71853
-4.52325
-4.34614
-4.19144
-4.05855
-3.94486
-3.84704
-3.76191
-3.68679
-3.61956
-3.55866
-3.50292
-3.45149
-3.4037
-3.35905
-3.31716
-3.27782
-3.24094
-3.20655
-3.17478
-3.14581
-3.11982
-3.09698
-3.07744
-3.06129
-3.0486
-3.03946
-3.03391
-3.03153
-3.03176
-5.59754
-5.5594
-5.499
-5.41523
-5.30761
-5.1767
-5.02557
-4.86073
-4.69182
-4.52847
-4.37749
-4.24223
-4.12308
-4.0188
-3.92742
-3.84685
-3.77518
-3.71085
-3.65254
-3.59924
-3.55011
-3.50449
-3.46188
-3.42193
-3.38445
-3.34937
-3.31676
-3.28675
-3.25949
-3.23516
-3.21387
-3.19574
-3.18084
-3.16921
-3.16091
-3.15601
-3.15404
-3.15459
-5.48908
-5.44726
-5.38681
-5.30738
-5.20918
-5.09328
-4.96278
-4.82287
-4.68025
-4.54143
-4.4112
-4.29224
-4.18532
-4.09
-4.00518
-3.92957
-3.86183
-3.80077
-3.74532
-3.69458
-3.64777
-3.60428
-3.56364
-3.52554
-3.48985
-3.45653
-3.42566
-3.39737
-3.3718
-3.34906
-3.32927
-3.3125
-3.29877
-3.28814
-3.28064
-3.27633
-3.27474
-3.27558
-5.40259
-5.35968
-5.30128
-5.22735
-5.13848
-5.03596
-4.92261
-4.8025
-4.68042
-4.56092
-4.4475
-4.3423
-4.24624
-4.15932
-4.08104
-4.01059
-3.94706
-3.88952
-3.83708
-3.78896
-3.74446
-3.70304
-3.6643
-3.62802
-3.59409
-3.56251
-3.53337
-3.50678
-3.48285
-3.46168
-3.44333
-3.42784
-3.41524
-3.40554
-3.39878
-3.39503
-3.39379
-3.39488
-5.33487
-5.29246
-5.23717
-5.16907
-5.08896
-4.99823
-4.89926
-4.79522
-4.68962
-4.58576
-4.48625
-4.39286
-4.30652
-4.2275
-4.15563
-4.09042
-4.03121
-3.97727
-3.92789
-3.88237
-3.84014
-3.80076
-3.76391
-3.72942
-3.69725
-3.66742
-3.64
-3.6151
-3.59278
-3.57313
-3.55616
-3.54191
-3.53036
-3.52153
-3.51546
-3.51222
-3.5113
-3.51261
-5.28329
-5.24224
-5.19047
-5.12803
-5.05592
-4.97549
-4.88869
-4.79796
-4.70593
-4.61504
-4.52734
-4.44428
-4.36676
-4.29516
-4.22948
-4.16942
-4.1145
-4.06414
-4.01776
-3.97481
-3.93482
-3.89745
-3.86249
-3.82983
-3.79944
-3.77137
-3.74568
-3.72244
-3.70172
-3.68353
-3.66789
-3.6548
-3.64425
-3.63624
-3.63081
-3.62805
-3.62741
-3.62891
-5.24543
-5.20617
-5.15791
-5.10082
-5.03597
-4.96457
-4.88819
-4.8087
-4.7281
-4.64827
-4.57082
-4.49695
-4.42747
-4.36279
-4.30298
-4.24786
-4.19708
-4.15018
-4.10672
-4.06628
-4.02851
-3.99317
-3.96014
-3.92933
-3.90077
-3.87448
-3.85052
-3.82894
-3.80976
-3.79299
-3.77863
-3.76664
-3.75703
-3.74979
-3.74495
-3.74261
-3.74223
-3.7439
-5.21922
-5.18196
-5.13716
-5.08507
-5.02682
-4.9634
-4.89606
-4.82624
-4.75549
-4.68526
-4.61682
-4.55117
-4.489
-4.43069
-4.37635
-4.32587
-4.27899
-4.2354
-4.19477
-4.1568
-4.12127
-4.08801
-4.05694
-4.02805
-4.00135
-3.97687
-3.95465
-3.9347
-3.91702
-3.90162
-3.88846
-3.87753
-3.86879
-3.86226
-3.85797
-3.85601
-3.85587
-3.85767
-5.20319
-5.16807
-5.12663
-5.07926
-5.02702
-4.97071
-4.9113
-4.84992
-4.78774
-4.7259
-4.66542
-4.60709
-4.5515
-4.49898
-4.44966
-4.40347
-4.36027
-4.31985
-4.28198
-4.24648
-4.21321
-4.18208
-4.15306
-4.12613
-4.10133
-4.07867
-4.05816
-4.03981
-4.0236
-4.0095
-3.99749
-3.98754
-3.97963
-3.97376
-3.96997
-3.96836
-3.96843
-3.97034
-5.19642
-5.16347
-5.12532
-5.08238
-5.03561
-4.98565
-4.93322
-4.8792
-4.8245
-4.77001
-4.71651
-4.66467
-4.61495
-4.56764
-4.52289
-4.48069
-4.44096
-4.40358
-4.36844
-4.33543
-4.30448
-4.27555
-4.24863
-4.22372
-4.20084
-4.17999
-4.16117
-4.14437
-4.12957
-4.11672
-4.1058
-4.09677
-4.08963
-4.08437
-4.08104
-4.07975
-4.07999
-4.08199
-5.19813
-5.16735
-5.13237
-5.09356
-5.05174
-5.0074
-4.9611
-4.9135
-4.8653
-4.81721
-4.76984
-4.72371
-4.67922
-4.63661
-4.59605
-4.55757
-4.52115
-4.48676
-4.45434
-4.42386
-4.39528
-4.3686
-4.34382
-4.32095
-4.29999
-4.28093
-4.26377
-4.24847
-4.23501
-4.22335
-4.21345
-4.20529
-4.19886
-4.19416
-4.19126
-4.19025
-4.19065
-4.19271
-5.20735
-5.17874
-5.14678
-5.11178
-5.07441
-5.03505
-4.99411
-4.9521
-4.90958
-4.86707
-4.82508
-4.78401
-4.74419
-4.70587
-4.66919
-4.63423
-4.60102
-4.56958
-4.53989
-4.51197
-4.48581
-4.46141
-4.4388
-4.41796
-4.39889
-4.38159
-4.36603
-4.35217
-4.33999
-4.32944
-4.32051
-4.31316
-4.30739
-4.30322
-4.3007
-4.29995
-4.30048
-4.30257
-5.22289
-5.19648
-5.16742
-5.13592
-5.10255
-5.0676
-5.03139
-4.99429
-4.95674
-4.91915
-4.88193
-4.84539
-4.80984
-4.77548
-4.74245
-4.71087
-4.6808
-4.65228
-4.62533
-4.59999
-4.57626
-4.55416
-4.53369
-4.51486
-4.49765
-4.48205
-4.46802
-4.45554
-4.44456
-4.43507
-4.42704
-4.42045
-4.4153
-4.41161
-4.40944
-4.40891
-4.40954
-4.41166
-5.24357
-5.21941
-5.19312
-5.16487
-5.13515
-5.10417
-5.07217
-5.03944
-5.00633
-4.97315
-4.94023
-4.90784
-4.87623
-4.84558
-4.81605
-4.78775
-4.76076
-4.73513
-4.71091
-4.68813
-4.66682
-4.64699
-4.62864
-4.61176
-4.59634
-4.58237
-4.5698
-4.55862
-4.54879
-4.54029
-4.5331
-4.52721
-4.52263
-4.51939
-4.51753
-4.5172
-4.51792
-4.52004
-5.26837
-5.24652
-5.22293
-5.19774
-5.1714
-5.14406
-5.1159
-5.08715
-5.05807
-5.02893
-4.99997
-4.97144
-4.94353
-4.91642
-4.89025
-4.86513
-4.84115
-4.81836
-4.79683
-4.77659
-4.75765
-4.74002
-4.72372
-4.70872
-4.69502
-4.6826
-4.67142
-4.66146
-4.6527
-4.64513
-4.63873
-4.6335
-4.62945
-4.62662
-4.62505
-4.62488
-4.62567
-4.62778
-5.29666
-5.27715
-5.25619
-5.23395
-5.21081
-5.18688
-5.1623
-5.13724
-5.1119
-5.08651
-5.06126
-5.03635
-5.01195
-4.98822
-4.96529
-4.94326
-4.9222
-4.90219
-4.88328
-4.86549
-4.84884
-4.83335
-4.819
-4.80581
-4.79374
-4.78277
-4.7729
-4.7641
-4.75636
-4.74965
-4.74399
-4.73937
-4.73581
-4.73335
-4.73204
-4.73202
-4.73285
-4.73492
-5.32808
-5.31093
-5.29257
-5.27319
-5.25313
-5.23245
-5.21126
-5.18968
-5.16788
-5.14601
-5.12427
-5.10279
-5.08173
-5.06123
-5.0414
-5.02233
-5.0041
-4.98676
-4.97036
-4.95493
-4.94047
-4.92701
-4.91453
-4.90304
-4.89251
-4.88293
-4.87429
-4.86658
-4.85978
-4.85389
-4.84892
-4.84487
-4.84176
-4.83963
-4.83855
-4.83865
-4.8395
-4.84152
-5.36252
-5.34771
-5.33195
-5.3154
-5.29833
-5.28079
-5.26283
-5.24456
-5.2261
-5.20759
-5.18915
-5.17093
-5.15305
-5.13562
-5.11875
-5.10251
-5.08696
-5.07217
-5.05816
-5.04496
-5.03259
-5.02105
-5.01033
-5.00044
-4.99136
-4.98309
-4.97561
-4.96892
-4.96301
-4.95789
-4.95356
-4.95004
-4.94735
-4.94553
-4.94464
-4.94482
-4.94568
-4.94763
-5.39988
-5.38743
-5.37429
-5.36056
-5.34644
-5.33194
-5.31709
-5.30198
-5.28669
-5.27133
-5.25603
-5.24088
-5.226
-5.21148
-5.1974
-5.18384
-5.17084
-5.15845
-5.1467
-5.13562
-5.1252
-5.11547
-5.10641
-5.09803
-5.09032
-5.08327
-5.07689
-5.07116
-5.06609
-5.06169
-5.05797
-5.05493
-5.05262
-5.05107
-5.05035
-5.05059
-5.05143
-5.05328
-5.44001
-5.43001
-5.41957
-5.40867
-5.39746
-5.38592
-5.37406
-5.36195
-5.34966
-5.33729
-5.32494
-5.31268
-5.30062
-5.28884
-5.27739
-5.26634
-5.25573
-5.2456
-5.23598
-5.22687
-5.2183
-5.21027
-5.20277
-5.19581
-5.18939
-5.18351
-5.17816
-5.17334
-5.16907
-5.16534
-5.16218
-5.1596
-5.15763
-5.15632
-5.15572
-5.15599
-5.15679
-5.15851
-5.48265
-5.47533
-5.46771
-5.45969
-5.45134
-5.44266
-5.43366
-5.4244
-5.41495
-5.40539
-5.3958
-5.38626
-5.37684
-5.36761
-5.35863
-5.34994
-5.34157
-5.33356
-5.32593
-5.31869
-5.31185
-5.30542
-5.29939
-5.29378
-5.28859
-5.2838
-5.27944
-5.27549
-5.27197
-5.26888
-5.26625
-5.26409
-5.26243
-5.26131
-5.26081
-5.26107
-5.26179
-5.26334
-5.52748
-5.52318
-5.51855
-5.51345
-5.50793
-5.50201
-5.49573
-5.48916
-5.48237
-5.47544
-5.46845
-5.46145
-5.45451
-5.44768
-5.441
-5.43452
-5.42826
-5.42224
-5.41648
-5.411
-5.40579
-5.40088
-5.39625
-5.39192
-5.38789
-5.38416
-5.38073
-5.37762
-5.37482
-5.37235
-5.37021
-5.36844
-5.36706
-5.3661
-5.36564
-5.36584
-5.36644
-5.36776
-5.5732
-5.57243
-5.57126
-5.5693
-5.56668
-5.56351
-5.55989
-5.55592
-5.55169
-5.54728
-5.54276
-5.53817
-5.53358
-5.52903
-5.52454
-5.52015
-5.51587
-5.51174
-5.50775
-5.50393
-5.50028
-5.4968
-5.4935
-5.49039
-5.48747
-5.48473
-5.4822
-5.47987
-5.47775
-5.47585
-5.47417
-5.47275
-5.4716
-5.47075
-5.47029
-5.47036
-5.47079
-5.47182
-5.61623
-5.62065
-5.62401
-5.62581
-5.62646
-5.62626
-5.62546
-5.62419
-5.62259
-5.62074
-5.6187
-5.61653
-5.61427
-5.61195
-5.60961
-5.60725
-5.60491
-5.6026
-5.60032
-5.59809
-5.59591
-5.5938
-5.59175
-5.58978
-5.58789
-5.58609
-5.58437
-5.58275
-5.58122
-5.57981
-5.57851
-5.57734
-5.57631
-5.57545
-5.57482
-5.57457
-5.57463
-5.57519
-5.66518
-5.67701
-5.68308
-5.687
-5.68964
-5.69143
-5.69265
-5.69345
-5.69395
-5.69421
-5.6943
-5.69423
-5.69404
-5.69376
-5.69338
-5.69294
-5.69243
-5.69186
-5.69125
-5.69061
-5.68993
-5.68923
-5.6885
-5.68777
-5.68702
-5.68627
-5.68552
-5.68477
-5.68403
-5.6833
-5.68257
-5.68186
-5.68116
-5.68049
-5.67986
-5.67937
-5.67903
-5.679
)
;

boundaryField
{
    leftWall
    {
        type            calculated;
        value           nonuniform List<scalar> 
100
(
1098.86
1069.2
1038.94
1008.46
977.923
947.248
916.375
885.311
854.064
822.633
791.018
759.224
727.256
695.119
662.827
630.398
579.479
509.64
439.423
368.971
298.534
228.44
158.285
89.1626
31.3995
3.41672
-2.25804
-2.08326
-2.13801
-2.1851
-2.25625
-2.33177
-2.40882
-2.4867
-2.56536
-2.64498
-2.72557
-2.80689
-2.88854
-2.97007
-3.05099
-3.13081
-3.2092
-3.28592
-3.36091
-3.4342
-3.50582
-3.57585
-3.6443
-3.71108
-3.77618
-3.83964
-3.90158
-3.96207
-4.02119
-4.07902
-4.13563
-4.19108
-4.24542
-4.2987
-4.35094
-4.40219
-4.45247
-4.50181
-4.55022
-4.59775
-4.64443
-4.69027
-4.73532
-4.77962
-4.82319
-4.86608
-4.90833
-4.94997
-4.99105
-5.03161
-5.07169
-5.11134
-5.15058
-5.18947
-5.22804
-5.26632
-5.30435
-5.34217
-5.37981
-5.41728
-5.45462
-5.49185
-5.52898
-5.56597
-5.60278
-5.6395
-5.67626
-5.71254
-5.74673
-5.77828
-5.81117
-5.84703
-5.86089
-5.80836
)
;
    }
    rightWall
    {
        type            calculated;
        value           nonuniform List<scalar> 
100
(
6.97652
6.94716
6.9177
6.88795
6.85781
6.82747
6.79699
6.76624
6.7352
6.70384
6.67213
6.64006
6.60762
6.57479
6.54156
6.50792
6.45467
6.38024
6.30359
6.22448
6.14265
6.05778
5.96951
5.87747
5.78124
5.68037
5.57441
5.46286
5.34527
5.22115
5.09006
4.9516
4.80543
4.65128
4.48899
4.31851
4.13992
3.95346
3.7595
3.55854
3.35125
3.13838
2.92081
2.69945
2.47531
2.24936
2.0226
1.79598
1.57038
1.34661
1.12542
0.907419
0.693154
0.483055
0.277463
0.0766362
-0.119235
-0.309992
-0.495427
-0.676305
-0.852332
-1.02371
-1.19058
-1.35311
-1.51146
-1.66582
-1.81639
-1.96336
-2.10692
-2.24725
-2.38453
-2.51896
-2.65072
-2.77999
-2.90695
-3.03176
-3.15459
-3.27558
-3.39488
-3.51261
-3.62891
-3.7439
-3.85767
-3.97034
-4.08199
-4.19271
-4.30257
-4.41166
-4.52004
-4.62778
-4.73492
-4.84152
-4.94763
-5.05328
-5.15851
-5.26334
-5.36776
-5.47182
-5.57519
-5.679
)
;
    }
    lowerWall
    {
        type            calculated;
        value           nonuniform List<scalar> 
124
(
1113.58
1113.49
1117.57
1123.67
1130.05
1135.8
1140.67
1144.65
1147.88
1150.5
1152.67
1154.48
1156.04
1157.43
1158.68
1159.87
1161.03
1162.19
1163.41
1164.72
1166.18
1167.86
1169.84
1172.21
1175.11
1178.68
1183.12
1188.66
1195.58
1204.23
1215.07
1228.75
1245.68
1266.48
1291.73
1321.97
1357.36
1397.19
1439.31
1480.04
1514.59
1539.42
1547.09
1549.57
1568.54
1601.32
1586.65
1548.52
1514.01
1486.12
1466.38
1455.33
1449.25
1444.3
1438.28
1425.98
1405.24
1371.77
1319.07
1236.66
1104.88
896.641
-191.125
-112.405
-25.8164
-25.9961
-8.23376
4.99177
5.85009
5.64205
7.19101
7.16216
7.13349
7.10493
7.07631
7.04729
7.01758
6.98689
6.95481
6.92076
6.88374
6.84213
6.79306
6.73202
6.64877
6.53734
7.20573
7.20126
7.19662
7.19252
7.19008
7.18993
7.19181
7.19536
7.19979
7.20448
7.2087
7.21192
7.21369
7.2137
7.21174
7.20771
7.20162
7.19351
7.18355
7.17196
7.15903
7.14509
7.13048
7.11555
7.1006
7.08591
7.07172
7.05824
7.04565
7.03411
7.02376
7.01472
7.00709
7.00096
6.99638
6.99336
6.99169
6.99124
)
;
    }
    atmosphere
    {
        type            calculated;
        value           nonuniform List<scalar> 
92
(
-5.84111
-6.00182
-5.97771
-5.9656
-5.9585
-5.9535
-5.94958
-5.9462
-5.94307
-5.94002
-5.93694
-5.93379
-5.93053
-5.92711
-5.92353
-5.91977
-5.91581
-5.91164
-5.90726
-5.90266
-5.89782
-5.89275
-5.88744
-5.88188
-5.87609
-5.87005
-5.86377
-5.85726
-5.85054
-5.8436
-5.83647
-5.82918
-5.82173
-5.81417
-5.80654
-5.79886
-5.79118
-5.78357
-5.77606
-5.76873
-5.76166
-5.75491
-5.74858
-5.74281
-5.73773
-5.73359
-5.73131
-5.73029
-5.72961
-5.72923
-5.72908
-5.72904
-5.72904
-5.72904
-5.72904
-5.72904
-5.72904
-5.72904
-5.72904
-5.72904
-5.72904
-5.72904
-5.72904
-5.72904
-5.72904
-5.72904
-5.72904
-5.72904
-5.72904
-5.72904
-5.72904
-5.72904
-5.72904
-5.72904
-5.72904
-5.72904
-5.72904
-5.72904
-5.72904
-5.72904
-5.72904
-5.72904
-5.72904
-5.72904
-5.72904
-5.72904
-5.72904
-5.72904
-5.72904
-5.72904
-5.72904
-5.72904
)
;
    }
    defaultFaces
    {
        type            empty;
    }
}


// ************************************************************************* //
