/*--------------------------------*- C++ -*----------------------------------*\
  =========                 |
  \\      /  F ield         | OpenFOAM: The Open Source CFD Toolbox
   \\    /   O peration     | Website:  https://openfoam.org
    \\  /    A nd           | Version:  7
     \\/     M anipulation  |
\*---------------------------------------------------------------------------*/
FoamFile
{
    version     2.0;
    format      ascii;
    class       volScalarField;
    location    "0.35";
    object      p_rgh;
}
// * * * * * * * * * * * * * * * * * * * * * * * * * * * * * * * * * * * * * //

dimensions      [1 -1 -2 0 0 0 0];

internalField   nonuniform List<scalar> 
9072
(
1113.58
1113.49
1117.57
1123.67
1130.05
1135.8
1140.67
1144.65
1147.88
1150.5
1152.67
1154.48
1156.04
1157.43
1158.68
1159.87
1161.03
1162.19
1163.41
1164.72
1166.18
1167.86
1169.84
1172.21
1175.11
1178.68
1183.12
1188.66
1195.58
1204.23
1215.07
1228.75
1245.68
1266.48
1291.73
1321.97
1357.36
1397.19
1439.31
1480.04
1514.59
1539.42
1547.09
1549.57
1568.54
1601.32
1113.34
1112.66
1115.93
1121.26
1127.03
1132.4
1137.06
1140.97
1144.18
1146.81
1148.99
1150.81
1152.36
1153.72
1154.95
1156.09
1157.2
1158.31
1159.49
1160.76
1162.21
1163.89
1165.89
1168.33
1171.32
1175.05
1179.69
1185.5
1192.77
1201.85
1213.17
1227.19
1244.77
1266.31
1292.5
1323.94
1360.83
1402.58
1447.11
1490.41
1526.64
1552.28
1554.11
1546.64
1554.74
1592.52
1112.51
1112.1
1114.85
1119.24
1124.18
1128.94
1133.19
1136.82
1139.85
1142.35
1144.42
1146.13
1147.58
1148.83
1149.94
1150.96
1151.95
1152.95
1154.02
1155.22
1156.61
1158.28
1160.3
1162.81
1165.94
1169.87
1174.79
1180.97
1188.7
1198.35
1210.36
1225.19
1243.58
1266.08
1293.32
1325.82
1363.73
1406.46
1451.98
1496.41
1533.44
1559.72
1558.81
1548.16
1546.12
1587.52
1111.46
1111.64
1114.09
1117.78
1121.99
1126.13
1129.88
1133.13
1135.86
1138.12
1139.99
1141.51
1142.78
1143.85
1144.78
1145.62
1146.44
1147.29
1148.23
1149.31
1150.62
1152.23
1154.26
1156.82
1160.06
1164.16
1169.34
1175.85
1184.02
1194.2
1206.83
1222.38
1241.48
1264.74
1292.73
1325.87
1364.21
1407.07
1452.48
1496.8
1534.07
1560.22
1563.9
1552.88
1545.96
1589.08
1110.35
1111.21
1113.5
1116.69
1120.31
1123.89
1127.15
1130
1132.39
1134.37
1135.98
1137.28
1138.32
1139.18
1139.9
1140.54
1141.17
1141.84
1142.62
1143.56
1144.76
1146.3
1148.29
1150.86
1154.16
1158.39
1163.76
1170.54
1179.04
1189.64
1202.75
1218.84
1238.48
1262.24
1290.65
1324.02
1362.3
1404.74
1449.48
1493.22
1530.75
1557.78
1570.83
1567.01
1557.91
1598.75
1109.11
1110.61
1112.85
1115.7
1118.85
1121.93
1124.75
1127.2
1129.25
1130.93
1132.27
1133.31
1134.12
1134.75
1135.25
1135.69
1136.12
1136.6
1137.2
1137.99
1139.06
1140.5
1142.43
1144.98
1148.31
1152.61
1158.1
1165.07
1173.82
1184.71
1198.16
1214.62
1234.6
1258.64
1287.19
1320.47
1358.35
1400.05
1443.84
1486.84
1524.67
1553.3
1569.5
1572.47
1572.16
1617.06
1107.67
1109.74
1112.02
1114.63
1117.4
1120.06
1122.47
1124.54
1126.26
1127.63
1128.69
1129.49
1130.05
1130.45
1130.74
1130.96
1131.19
1131.48
1131.9
1132.54
1133.47
1134.8
1136.64
1139.14
1142.45
1146.78
1152.35
1159.42
1168.32
1179.4
1193.06
1209.73
1229.88
1253.99
1282.44
1315.38
1352.6
1393.33
1436.01
1478.16
1516.19
1546.52
1566.1
1575.72
1587.31
1640.38
1106.03
1108.57
1110.94
1113.4
1115.86
1118.15
1120.18
1121.9
1123.3
1124.38
1125.17
1125.7
1126.03
1126.21
1126.27
1126.29
1126.31
1126.42
1126.66
1127.13
1127.92
1129.12
1130.87
1133.29
1136.56
1140.87
1146.46
1153.58
1162.55
1173.72
1187.47
1204.21
1224.36
1248.35
1276.49
1308.87
1345.23
1384.83
1426.28
1467.47
1505.5
1537.39
1560.6
1577.19
1601.76
1664.83
1104.21
1107.13
1109.6
1111.94
1114.14
1116.11
1117.8
1119.19
1120.28
1121.08
1121.6
1121.89
1121.99
1121.94
1121.79
1121.61
1121.44
1121.35
1121.43
1121.73
1122.37
1123.44
1125.07
1127.4
1130.6
1134.86
1140.41
1147.52
1156.49
1167.66
1181.4
1198.07
1218.08
1241.78
1269.43
1301.07
1336.4
1374.73
1414.82
1454.92
1492.7
1525.78
1552.45
1575.74
1613.23
1688.22
1102.21
1105.43
1108
1110.23
1112.2
1113.87
1115.26
1116.35
1117.14
1117.66
1117.94
1117.99
1117.86
1117.6
1117.25
1116.87
1116.51
1116.25
1116.15
1116.29
1116.78
1117.71
1119.21
1121.43
1124.53
1128.71
1134.19
1141.23
1150.14
1161.22
1174.84
1191.35
1211.08
1234.35
1261.37
1292.11
1326.28
1363.21
1401.81
1440.6
1477.75
1511.46
1540.92
1569.96
1619.29
1705.34
1100.03
1103.49
1106.14
1108.26
1110.01
1111.41
1112.51
1113.31
1113.83
1114.1
1114.13
1113.95
1113.61
1113.14
1112.59
1112.02
1111.49
1111.05
1110.78
1110.77
1111.1
1111.89
1113.26
1115.35
1118.33
1122.39
1127.76
1134.69
1143.47
1154.41
1167.83
1184.07
1203.41
1226.14
1252.4
1282.13
1315.01
1350.41
1387.35
1424.58
1460.63
1494.16
1525.27
1558.38
1617.96
1714.01
1097.66
1101.33
1104.01
1106.02
1107.56
1108.7
1109.53
1110.06
1110.32
1110.34
1110.14
1109.75
1109.2
1108.53
1107.8
1107.05
1106.34
1105.74
1105.31
1105.14
1105.32
1105.96
1107.18
1109.13
1111.97
1115.9
1121.12
1127.9
1136.49
1147.22
1160.38
1176.26
1195.14
1217.22
1242.62
1271.23
1302.72
1336.47
1371.58
1406.92
1441.28
1473.63
1504.82
1539.41
1606.95
1709.95
1095.12
1098.95
1101.64
1103.52
1104.84
1105.74
1106.3
1106.58
1106.59
1106.38
1105.96
1105.35
1104.61
1103.76
1102.85
1101.92
1101.05
1100.28
1099.69
1099.36
1099.39
1099.88
1100.95
1102.75
1105.44
1109.2
1114.25
1120.83
1129.2
1139.66
1152.49
1167.97
1186.3
1207.67
1232.13
1259.56
1289.57
1321.55
1354.63
1387.75
1419.76
1449.74
1479
1511.41
1583.55
1686.66
1092.42
1096.39
1099.04
1100.76
1101.87
1102.52
1102.83
1102.85
1102.63
1102.19
1101.56
1100.76
1099.82
1098.79
1097.7
1096.61
1095.57
1094.64
1093.89
1093.41
1093.28
1093.61
1094.53
1096.16
1098.68
1102.25
1107.1
1113.45
1121.57
1131.73
1144.19
1159.21
1176.95
1197.56
1221.05
1247.23
1275.7
1305.83
1336.72
1367.26
1396.26
1422.58
1447.43
1472.86
1544.89
1633.66
1089.55
1093.64
1096.22
1097.76
1098.65
1099.05
1099.11
1098.89
1098.44
1097.78
1096.94
1095.95
1094.83
1093.62
1092.36
1091.1
1089.9
1088.81
1087.9
1087.26
1086.97
1087.14
1087.89
1089.35
1091.68
1095.06
1099.68
1105.78
1113.61
1123.42
1135.48
1150.01
1167.14
1186.96
1209.45
1234.37
1261.28
1289.49
1318.04
1345.7
1371.03
1392.36
1409.89
1422.46
1486.3
1531.47
1086.55
1090.69
1093.18
1094.54
1095.2
1095.37
1095.19
1094.74
1094.07
1093.2
1092.17
1090.99
1089.69
1088.32
1086.9
1085.49
1084.13
1082.89
1081.84
1081.05
1080.6
1080.62
1081.2
1082.48
1084.62
1087.78
1092.16
1097.98
1105.48
1114.92
1126.53
1140.52
1156.99
1175.97
1197.4
1221
1246.28
1272.47
1298.52
1322.98
1343.97
1358.91
1365.74
1359.31
1391.53
1352.72
7.20573
7.20126
7.19662
7.19252
7.19008
7.18993
7.19181
7.19536
7.19979
7.20448
7.2087
7.21192
7.21369
7.2137
7.21174
7.20771
7.20162
7.19351
7.18355
7.17196
7.15903
7.14509
7.13048
7.11555
7.1006
7.08591
7.07172
7.05824
7.04565
7.03411
7.02376
7.01472
7.00709
7.00096
6.99638
6.99336
6.99169
6.99124
7.20631
7.20274
7.19862
7.19423
7.1912
7.1903
7.19149
7.19435
7.1982
7.2024
7.20624
7.20918
7.2108
7.21076
7.20885
7.20496
7.19907
7.19123
7.18157
7.17029
7.15768
7.14405
7.12973
7.11505
7.10033
7.08583
7.0718
7.05844
7.04594
7.03448
7.02417
7.01515
7.00752
7.00135
6.9967
6.99358
6.99176
6.9913
7.20706
7.20353
7.19953
7.19509
7.19181
7.19044
7.19108
7.19341
7.19671
7.20043
7.20388
7.20653
7.20797
7.20785
7.20598
7.20221
7.19654
7.18897
7.17962
7.16869
7.15641
7.1431
7.12906
7.11463
7.1001
7.08575
7.07182
7.05853
7.04607
7.03462
7.02432
7.01529
7.00764
7.00144
6.99673
6.99352
6.9916
6.99127
7.20793
7.20361
7.19934
7.19488
7.19157
7.18999
7.19031
7.19229
7.19521
7.19856
7.20171
7.20412
7.20541
7.20524
7.20338
7.19972
7.19422
7.18689
7.17783
7.1672
7.15524
7.14223
7.12845
7.11423
7.09985
7.08559
7.07169
7.05839
7.0459
7.0344
7.02406
7.01501
7.00734
7.00112
6.99637
6.99312
6.99115
6.99095
7.20874
7.20307
7.19819
7.19368
7.19051
7.18892
7.18917
7.19099
7.1937
7.19684
7.1998
7.20206
7.20326
7.20305
7.20121
7.19762
7.19226
7.18511
7.17629
7.16592
7.15422
7.14146
7.1279
7.11383
7.09955
7.08532
7.07139
7.05801
7.04541
7.03381
7.02339
7.01428
7.0066
7.00038
6.99564
6.99237
6.99043
6.99024
7.20915
7.20185
7.19613
7.19158
7.18869
7.1873
7.18769
7.18955
7.19223
7.19528
7.19817
7.20037
7.20153
7.20132
7.1995
7.19597
7.1907
7.1837
7.17504
7.16487
7.15337
7.14078
7.12736
7.11339
7.09914
7.08489
7.07088
7.05737
7.04463
7.03288
7.02234
7.01316
7.00546
6.99927
6.99457
6.99134
6.98951
6.98933
7.20887
7.19976
7.19306
7.1886
7.18613
7.18518
7.1859
7.18799
7.1908
7.19391
7.19682
7.19904
7.20022
7.20004
7.19825
7.19478
7.18958
7.18267
7.17412
7.16407
7.15267
7.14017
7.12681
7.11284
7.09857
7.08425
7.07013
7.05648
7.04357
7.03165
7.02097
7.0117
7.00397
6.99781
6.99318
6.99003
6.98834
6.98828
7.20761
7.19657
7.18884
7.18473
7.18285
7.1826
7.18383
7.18633
7.18943
7.19271
7.19577
7.19807
7.19932
7.1992
7.19746
7.19403
7.18888
7.18201
7.17352
7.16349
7.15211
7.1396
7.12619
7.11216
7.0978
7.08337
7.06913
7.05533
7.04225
7.03016
7.01932
7.00994
7.00216
6.99603
6.99148
6.98844
6.98691
6.98696
7.20496
7.19199
7.18325
7.17991
7.17886
7.17958
7.18153
7.1846
7.18813
7.19172
7.195
7.19747
7.19883
7.19879
7.19709
7.19369
7.18855
7.18168
7.17318
7.16312
7.15167
7.13906
7.12552
7.11132
7.0968
7.08222
7.06784
7.0539
7.04067
7.02844
7.01745
7.00795
7.00009
6.99396
6.98948
6.98655
6.98517
6.98535
7.20034
7.18566
7.17602
7.1741
7.17418
7.17617
7.17904
7.18284
7.18694
7.19092
7.19453
7.19723
7.19875
7.1988
7.19713
7.19374
7.18856
7.18164
7.17306
7.1629
7.15132
7.13853
7.12477
7.11035
7.09559
7.08081
7.06626
7.05218
7.03884
7.02649
7.01538
7.00575
6.9978
6.99163
6.98718
6.98434
6.98311
6.98341
7.19275
7.17708
7.16683
7.16722
7.16886
7.17244
7.17642
7.18109
7.18586
7.19033
7.19433
7.19732
7.19904
7.19921
7.19757
7.19415
7.18889
7.18185
7.17313
7.16279
7.15101
7.13799
7.12398
7.10926
7.09421
7.07917
7.06441
7.05018
7.03674
7.02431
7.0131
7.00336
6.99529
6.98905
6.98459
6.98181
6.98071
6.98113
7.18057
7.16559
7.15539
7.15927
7.16299
7.16848
7.17377
7.17941
7.18492
7.18995
7.19438
7.19771
7.19967
7.19998
7.19838
7.19492
7.18953
7.18229
7.17335
7.16276
7.15071
7.13743
7.12312
7.10808
7.0927
7.07735
7.06234
7.04792
7.03436
7.02187
7.0106
7.00078
6.99259
6.98624
6.98171
6.97894
6.97794
6.9785
7.16093
7.1505
7.14164
7.15037
7.15677
7.16447
7.17121
7.17789
7.18417
7.18979
7.19467
7.19837
7.20059
7.20107
7.19953
7.19603
7.19049
7.18301
7.17376
7.16283
7.15044
7.13681
7.12218
7.10681
7.0911
7.07541
7.06009
7.04544
7.03172
7.01915
7.00785
6.99797
6.98968
6.98318
6.97853
6.97573
6.97481
6.97548
7.12932
7.13128
7.12605
7.14093
7.15056
7.16067
7.16894
7.17668
7.18372
7.18992
7.19523
7.19931
7.20179
7.20243
7.20099
7.19745
7.19177
7.18404
7.17444
7.16309
7.15025
7.1362
7.12117
7.10545
7.0894
7.07338
7.05773
7.04278
7.02884
7.01615
7.0048
6.99489
6.98651
6.97986
6.97505
6.97215
6.97128
6.97208
7.07549
7.10504
7.10874
7.13124
7.14471
7.15734
7.16712
7.17588
7.18366
7.1904
7.19613
7.20057
7.20329
7.20407
7.20271
7.19914
7.19333
7.18536
7.1754
7.1636
7.15024
7.13567
7.12015
7.104
7.08759
7.07124
7.05528
7.04001
7.02578
7.01288
7.00143
6.99148
6.98303
6.97624
6.97124
6.96821
6.96737
6.96828
6.9935
7.05574
7.08678
7.12022
7.13898
7.15431
7.16547
7.17518
7.18366
7.19094
7.19714
7.20198
7.20501
7.20595
7.20468
7.20109
7.19515
7.18694
7.17663
7.16438
7.15049
7.13533
7.11925
7.10259
7.08575
7.06904
7.05275
7.03717
7.02261
7.00943
6.99778
6.9877
6.97916
6.97222
6.96703
6.96388
6.96306
6.96408
1081.65
1085.76
1088.12
1089.2
1089.53
1089.36
1088.82
1088.03
1087.03
1085.86
1084.54
1083.1
1081.56
1079.96
1078.32
1076.7
1075.14
1073.7
1072.45
1071.45
1070.8
1070.59
1070.93
1071.95
1073.79
1076.61
1080.59
1085.94
1092.87
1101.65
1112.47
1125.5
1140.81
1158.34
1177.96
1199.3
1221.8
1244.6
1266.44
1285.5
1299.02
1302.66
1289.8
1247.99
1163.31
854.327
1074.41
1078.51
1080.61
1081.28
1081.15
1080.5
1079.5
1078.25
1076.82
1075.25
1073.56
1071.78
1069.94
1068.05
1066.15
1064.28
1062.47
1060.79
1059.3
1058.05
1057.14
1056.64
1056.67
1057.33
1058.75
1061.08
1064.46
1069.09
1075.16
1082.94
1092.62
1104.3
1117.99
1133.54
1150.67
1168.96
1187.76
1206.11
1222.6
1235.14
1240.51
1233.79
1207.01
1146.08
1035.08
882.111
1066.79
1070.86
1072.61
1072.84
1072.22
1071.06
1069.56
1067.83
1065.94
1063.95
1061.87
1059.73
1057.56
1055.37
1053.19
1051.05
1048.98
1047.05
1045.3
1043.79
1042.6
1041.8
1041.49
1041.76
1042.75
1044.55
1047.29
1051.11
1056.24
1062.96
1071.48
1081.9
1094.12
1107.88
1122.8
1138.37
1153.95
1168.59
1180.96
1189.05
1190.02
1179.92
1153.6
1104.93
1031.21
958.111
1058.93
1063
1064.4
1064.17
1063.03
1061.32
1059.25
1056.98
1054.58
1052.11
1049.6
1047.07
1044.53
1042.01
1039.52
1037.09
1034.75
1032.53
1030.51
1028.72
1027.24
1026.13
1025.46
1025.34
1025.87
1027.14
1029.2
1032.13
1036.18
1041.77
1049.16
1058.45
1069.47
1081.77
1094.82
1108.08
1120.97
1132.72
1142.19
1147.69
1146.89
1136.83
1114.25
1076.01
1020.06
954.347
1051.09
1055.16
1056.27
1055.61
1053.9
1051.53
1048.81
1045.9
1042.92
1039.92
1036.93
1033.96
1031.03
1028.14
1025.32
1022.56
1019.91
1017.4
1015.07
1012.99
1011.21
1009.76
1008.72
1008.18
1008.27
1009.03
1010.38
1012.29
1015.06
1019.37
1025.69
1034.12
1044.36
1055.68
1067.31
1078.68
1089.37
1098.92
1106.56
1110.94
1110.1
1101.77
1083.54
1053.12
1009.14
956.29
1043.59
1047.41
1048.48
1047.47
1045.04
1041.82
1038.24
1034.54
1030.83
1027.18
1023.59
1020.09
1016.67
1013.34
1010.08
1006.92
1003.87
1000.97
998.262
995.821
993.684
991.859
990.386
989.399
989.109
989.515
990.227
990.888
991.869
994.576
999.858
1007.96
1018.35
1029.63
1040.54
1050.5
1059.41
1067.36
1074.1
1078.64
1079.17
1073.95
1061.28
1039.52
1008.18
970.855
1036.03
1039.63
1041.17
1039.57
1035.92
1031.38
1026.59
1021.83
1017.19
1012.69
1008.34
1004.15
1000.1
996.18
992.387
988.708
985.17
981.81
978.703
975.951
973.569
971.489
969.682
968.359
967.976
968.521
968.965
968.154
966.462
966.787
970.636
978.64
990.18
1002.7
1013.79
1022.73
1029.9
1036.59
1043.45
1049.72
1053.01
1052
1045.76
1032.73
1012.43
987.26
1029.38
1033.44
1034.73
1031.15
1025.56
1019.64
1014.02
1008.76
1003.78
999.051
994.584
990.351
986.326
982.293
978.361
974.326
969.891
965.041
959.696
954.026
948.268
941.716
933.291
923.18
917.041
919.825
921.913
911.405
876.919
869.979
884.044
923.405
964.988
981.901
991.059
996.411
999.505
1003.42
1010.5
1020.33
1028.05
1032.65
1034.26
1030.3
1019.7
1004.76
945.385
852.384
847.654
835.485
804.36
771.807
745.669
723.013
701.75
681.349
662.014
643.098
623.87
604.532
580.843
554.561
526.07
495.259
463.16
433.204
405.636
376.986
344.438
310.332
292.369
300.478
306.162
277.616
202.293
188.499
211.254
305.938
516.437
743.374
876.98
936.781
970.1
985.353
986.012
993.796
1002.2
1011.16
1022.4
1029.07
1028.1
1023.08
211.582
121.341
114.187
104.543
82.8192
63.5836
50.2727
39.967
31.0644
23.2123
16.3882
10.1563
4.26705
-0.953418
-0.968857
-0.972373
-0.967737
-0.9646
-0.970189
-0.978579
-0.98771
-1.00012
-1.01967
-1.0426
-1.05463
-1.05264
-1.05704
-1.11027
-1.20206
-1.29273
-1.3599
-1.41338
-1.45239
37.7885
138.391
246.104
339.094
454.339
671.948
969.508
1014.57
1011.03
1020.27
1031.07
1035.93
1039.62
-1.1299
-0.678595
-0.706147
-0.845559
-0.843668
-0.823475
-0.807952
-0.798339
-0.794186
-0.792882
-0.791673
-0.787559
-0.775647
-0.750778
-0.734922
-0.729428
-0.731858
-0.739379
-0.749393
-0.76222
-0.777756
-0.796034
-0.817364
-0.841203
-0.865952
-0.891061
-0.918381
-0.951325
-0.987843
-1.02299
-1.05005
-1.05559
-1.02103
-1.09413
-1.51282
-1.78724
-2.00961
-1.89518
10.3728
74.2268
197.223
441.178
890.182
1077.91
1069.95
1067.35
-0.892518
-0.872917
-0.832016
-0.806756
-0.777533
-0.752554
-0.734839
-0.72412
-0.720114
-0.722481
-0.730752
-0.744592
-0.763074
-0.781275
-0.786587
-0.790999
-0.798579
-0.808659
-0.820945
-0.835321
-0.851876
-0.870652
-0.891641
-0.914524
-0.93886
-0.964854
-0.993676
-1.02642
-1.06235
-1.09881
-1.13184
-1.15555
-1.16673
-1.21087
-1.32684
-1.41129
-1.44622
-1.46062
-1.69522
-2.33394
-2.96704
-2.47158
57.3564
201.803
401.928
730.197
-0.884674
-0.856726
-0.835975
-0.817604
-0.801493
-0.786556
-0.775046
-0.768317
-0.766722
-0.770072
-0.777788
-0.789001
-0.802401
-0.815399
-0.824247
-0.83249
-0.841824
-0.852983
-0.866062
-0.88116
-0.89834
-0.91764
-0.939041
-0.962321
-0.987233
-1.01405
-1.04376
-1.07729
-1.11423
-1.15304
-1.19232
-1.23171
-1.27435
-1.33581
-1.42605
-1.51914
-1.6012
-1.66621
-1.71251
-1.82088
-1.94064
-2.01377
-2.331
-3.17432
-3.48515
25.1972
-0.869162
-0.857522
-0.842997
-0.828349
-0.815824
-0.804846
-0.796652
-0.792267
-0.792001
-0.795685
-0.802802
-0.812534
-0.82376
-0.835146
-0.845675
-0.856263
-0.867776
-0.880731
-0.895373
-0.911853
-0.930263
-0.950653
-0.973031
-0.997332
-1.02352
-1.05183
-1.08285
-1.11711
-1.15458
-1.19486
-1.23804
-1.28524
-1.33967
-1.40876
-1.49606
-1.5904
-1.68562
-1.78154
-1.88512
-2.01231
-2.13233
-2.18535
-2.23049
-2.41121
-2.49152
-2.71953
-0.877723
-0.866057
-0.853167
-0.840266
-0.829322
-0.820428
-0.814236
-0.811359
-0.812005
-0.816045
-0.82309
-0.832536
-0.843613
-0.855502
-0.867694
-0.88042
-0.894081
-0.909032
-0.92548
-0.943583
-0.963442
-0.985129
-1.0087
-1.0342
-1.06171
-1.09149
-1.12391
-1.15937
-1.19811
-1.24035
-1.28673
-1.33851
-1.39806
-1.46898
-1.55253
-1.64382
-1.74032
-1.84332
-1.95738
-2.09051
-2.22106
-2.32841
-2.43256
-2.57666
-2.67352
-2.72959
-0.890645
-0.878154
-0.865994
-0.854523
-0.845271
-0.838333
-0.833978
-0.832565
-0.834232
-0.83888
-0.84622
-0.855815
-0.867141
-0.879679
-0.893098
-0.907413
-0.92279
-0.939419
-0.957459
-0.977044
-0.998281
-1.02126
-1.04606
-1.0728
-1.10162
-1.13279
-1.16665
-1.20362
-1.24407
-1.28851
-1.33772
-1.39286
-1.45556
-1.52772
-1.60984
-1.70008
-1.79734
-1.90211
-2.01621
-2.14068
-2.26835
-2.39297
-2.5235
-2.67055
-2.80274
-2.92475
-0.9051
-0.892269
-0.881098
-0.871256
-0.863744
-0.8586
-0.855902
-0.855856
-0.858551
-0.863908
-0.87171
-0.881643
-0.893344
-0.90647
-0.92079
-0.93625
-0.952898
-0.970839
-0.990184
-1.01104
-1.03352
-1.05771
-1.08372
-1.11167
-1.14177
-1.1743
-1.20961
-1.24815
-1.29041
-1.33697
-1.38864
-1.44644
-1.51156
-1.58512
-1.66751
-1.75802
-1.85604
-1.96155
-2.07475
-2.19511
-2.3195
-2.44537
-2.57588
-2.714
-2.84951
-2.98289
-0.920379
-0.908191
-0.898435
-0.890289
-0.884378
-0.880776
-0.879493
-0.88064
-0.884266
-0.890308
-0.898605
-0.908935
-0.921045
-0.934702
-0.949733
-0.966067
-0.983705
-1.0027
-1.02313
-1.04509
-1.06866
-1.09396
-1.1211
-1.15022
-1.18155
-1.21539
-1.25212
-1.29221
-1.33621
-1.38474
-1.43858
-1.49861
-1.56576
-1.64081
-1.72404
-1.8152
-1.91385
-2.01966
-2.1322
-2.25061
-2.37294
-2.49765
-2.62534
-2.75682
-2.8888
-3.02119
-0.936437
-0.925815
-0.917741
-0.91122
-0.906722
-0.904418
-0.904318
-0.906477
-0.910914
-0.917576
-0.92635
-0.937078
-0.949587
-0.963712
-0.979326
-0.996358
-1.01479
-1.03465
-1.05598
-1.07887
-1.10341
-1.12968
-1.15784
-1.18804
-1.22052
-1.2556
-1.29369
-1.33527
-1.38093
-1.4313
-1.4871
-1.54913
-1.61814
-1.6947
-1.77904
-1.87098
-1.97013
-2.07595
-2.18774
-2.30448
-2.42478
-2.5475
-2.6725
-2.7998
-2.92834
-3.05832
-0.953466
-0.944956
-0.938549
-0.933488
-0.930215
-0.92899
-0.929863
-0.932861
-0.937986
-0.945195
-0.954407
-0.965514
-0.978395
-0.992936
-1.00904
-1.02664
-1.04572
-1.06629
-1.08838
-1.11205
-1.1374
-1.16453
-1.19358
-1.22474
-1.25829
-1.29454
-1.3339
-1.3769
-1.42412
-1.47621
-1.53385
-1.59775
-1.66853
-1.74662
-1.83218
-1.92499
-2.02459
-2.13027
-2.24113
-2.35614
-2.47414
-2.59424
-2.71615
-2.83979
-2.96496
-3.09189
-0.97146
-0.965217
-0.96026
-0.956452
-0.954225
-0.953892
-0.955555
-0.959241
-0.964943
-0.972629
-0.98224
-0.993703
-1.00693
-1.02185
-1.03838
-1.05646
-1.07607
-1.09721
-1.11992
-1.14426
-1.1703
-1.19816
-1.22799
-1.26003
-1.29453
-1.33186
-1.37243
-1.41677
-1.46547
-1.51917
-1.57854
-1.64421
-1.7167
-1.79634
-1.88316
-1.97686
-2.07685
-2.18228
-2.29212
-2.40529
-2.5208
-2.63797
-2.7566
-2.8768
-2.99881
-3.123
-0.990176
-0.986057
-0.982256
-0.979489
-0.978142
-0.978551
-0.980865
-0.985124
-0.991321
-0.999432
-1.00941
-1.02122
-1.03478
-1.05003
-1.06693
-1.08541
-1.10546
-1.12708
-1.1503
-1.17517
-1.2018
-1.23029
-1.26083
-1.29364
-1.32903
-1.36735
-1.40905
-1.45465
-1.50475
-1.55999
-1.621
-1.68836
-1.76251
-1.84367
-1.93175
-2.02631
-2.12661
-2.23169
-2.3404
-2.45167
-2.56463
-2.67884
-2.79433
-2.91149
-3.03092
-3.15312
-1.00923
-1.0069
-1.00399
-1.00208
-1.00147
-1.00251
-1.00539
-1.01015
-1.01679
-1.0253
-1.03563
-1.04776
-1.06163
-1.07719
-1.0944
-1.11322
-1.13363
-1.15564
-1.17927
-1.2046
-1.23172
-1.26077
-1.29193
-1.32546
-1.36165
-1.40089
-1.44364
-1.49043
-1.54186
-1.59856
-1.66113
-1.73012
-1.80587
-1.8885
-1.97778
-2.07313
-2.17367
-2.27828
-2.38579
-2.49512
-2.60558
-2.71699
-2.82972
-2.94448
-3.06218
-3.18346
-1.02817
-1.02722
-1.025
-1.0238
-1.02384
-1.02545
-1.02884
-1.03407
-1.04113
-1.05001
-1.06068
-1.07311
-1.08725
-1.10308
-1.12056
-1.13966
-1.16037
-1.1827
-1.20668
-1.2324
-1.25995
-1.2895
-1.32123
-1.35541
-1.39234
-1.43244
-1.47617
-1.52407
-1.57676
-1.63484
-1.69891
-1.76944
-1.84672
-1.93074
-2.02114
-2.1172
-2.21787
-2.32195
-2.4282
-2.53564
-2.64377
-2.75272
-2.86322
-2.97637
-3.09336
-3.2149
-1.04648
-1.04656
-1.04491
-1.04435
-1.04496
-1.04711
-1.05099
-1.05666
-1.06413
-1.07336
-1.08435
-1.09705
-1.11143
-1.12749
-1.14519
-1.16452
-1.18548
-1.20809
-1.23238
-1.25845
-1.2864
-1.31641
-1.34867
-1.38345
-1.42108
-1.46198
-1.50663
-1.55558
-1.60945
-1.66884
-1.73432
-1.80632
-1.88503
-1.97034
-2.06175
-2.15839
-2.2591
-2.36258
-2.4676
-2.57328
-2.67938
-2.78637
-2.89538
-3.00786
-3.12526
-3.24828
-1.06371
-1.06454
-1.0634
-1.06342
-1.0646
-1.06727
-1.07163
-1.07773
-1.08557
-1.09514
-1.1064
-1.11935
-1.13395
-1.15019
-1.16808
-1.18761
-1.20879
-1.23165
-1.25624
-1.28263
-1.31097
-1.3414
-1.37416
-1.40951
-1.44781
-1.48947
-1.535
-1.58496
-1.63995
-1.70058
-1.76739
-1.84076
-1.92079
-2.00726
-2.09955
-2.19666
-2.29731
-2.40015
-2.50401
-2.60817
-2.71266
-2.81833
-2.92674
-3.03966
-3.15868
-3.28445
-1.0795
-1.08088
-1.08024
-1.08083
-1.08255
-1.08574
-1.09056
-1.09707
-1.10526
-1.11513
-1.12666
-1.13983
-1.15462
-1.17104
-1.1891
-1.20881
-1.23019
-1.25328
-1.27814
-1.30485
-1.33354
-1.36439
-1.39763
-1.43353
-1.47247
-1.51487
-1.56124
-1.61216
-1.66823
-1.73005
-1.79811
-1.87274
-1.95397
-2.04147
-2.13451
-2.23197
-2.3325
-2.43474
-2.53758
-2.64054
-2.74397
-2.8491
-2.9579
-3.07241
-3.19431
-3.32403
-1.09363
-1.09542
-1.09529
-1.09643
-1.0987
-1.10239
-1.10766
-1.11456
-1.12308
-1.13324
-1.14501
-1.15838
-1.17336
-1.18995
-1.20818
-1.22806
-1.24963
-1.27294
-1.29805
-1.32506
-1.35409
-1.38534
-1.41903
-1.45547
-1.49502
-1.53813
-1.58532
-1.63716
-1.69426
-1.7572
-1.82642
-1.90221
-1.98452
-2.07292
-2.16658
-2.26431
-2.36471
-2.46644
-2.56854
-2.67077
-2.7738
-2.87928
-2.98952
-3.10679
-3.23271
-3.36742
-1.10602
-1.10812
-1.10854
-1.11022
-1.11302
-1.1172
-1.1229
-1.13016
-1.139
-1.14942
-1.16142
-1.17499
-1.19015
-1.20692
-1.22531
-1.24536
-1.26712
-1.29063
-1.31598
-1.34326
-1.37262
-1.40424
-1.43837
-1.47532
-1.51546
-1.55926
-1.60723
-1.65996
-1.71803
-1.782
-1.85229
-1.92911
-2.01234
-2.1015
-2.19566
-2.29359
-2.39391
-2.49534
-2.5971
-2.6992
-2.80265
-2.90947
-3.02224
-3.14335
-3.2743
-3.4148
-1.11671
-1.11902
-1.12
-1.12222
-1.12554
-1.1302
-1.1363
-1.14391
-1.15304
-1.16371
-1.17592
-1.18969
-1.20503
-1.22197
-1.24052
-1.26074
-1.28268
-1.30638
-1.33195
-1.35949
-1.38916
-1.42113
-1.45568
-1.49312
-1.53383
-1.57828
-1.627
-1.68055
-1.73952
-1.80443
-1.87565
-1.95335
-2.03735
-2.1271
-2.22164
-2.31975
-2.42008
-2.5215
-2.62342
-2.7261
-2.83089
-2.94008
-3.05645
-3.18239
-3.31917
-3.46602
-1.12574
-1.12817
-1.12973
-1.13246
-1.1363
-1.14141
-1.14791
-1.15584
-1.16524
-1.17614
-1.18855
-1.20251
-1.21802
-1.23512
-1.25384
-1.27422
-1.29631
-1.32021
-1.34598
-1.37377
-1.40371
-1.43603
-1.47098
-1.50888
-1.55014
-1.59521
-1.64463
-1.69894
-1.75873
-1.82446
-1.89647
-1.97488
-2.05946
-2.14963
-2.24445
-2.34272
-2.44322
-2.54498
-2.64763
-2.75169
-2.85875
-2.9713
-3.09221
-3.22376
-3.36689
-3.52036
-1.13317
-1.1356
-1.13775
-1.14099
-1.14532
-1.15087
-1.15773
-1.16596
-1.17562
-1.18673
-1.19933
-1.21345
-1.22911
-1.24636
-1.26522
-1.28575
-1.30801
-1.33207
-1.35804
-1.38605
-1.41627
-1.44891
-1.48425
-1.5226
-1.56438
-1.61004
-1.6601
-1.71512
-1.77561
-1.84203
-1.91468
-1.99362
-2.0786
-2.16903
-2.26403
-2.3625
-2.46338
-2.56589
-2.66988
-2.77611
-2.88633
-3.0031
-3.12924
-3.26684
-3.41646
-3.57645
-1.13902
-1.14135
-1.14406
-1.14781
-1.15261
-1.15856
-1.16576
-1.17427
-1.18415
-1.19545
-1.20822
-1.22248
-1.23828
-1.25566
-1.27465
-1.2953
-1.3177
-1.34192
-1.36808
-1.3963
-1.42678
-1.45974
-1.49544
-1.53423
-1.5765
-1.62271
-1.67336
-1.72899
-1.79008
-1.85705
-1.93017
-2.00945
-2.09464
-2.18521
-2.28034
-2.37909
-2.4806
-2.5843
-2.69027
-2.79942
-2.91356
-3.03518
-3.16691
-3.31059
-3.46642
-3.6324
-1.1432
-1.14544
-1.14869
-1.15292
-1.15815
-1.16447
-1.17197
-1.18073
-1.19082
-1.20229
-1.2152
-1.22958
-1.24549
-1.26297
-1.28206
-1.30283
-1.32535
-1.34971
-1.37603
-1.40446
-1.43518
-1.46843
-1.50448
-1.54368
-1.58641
-1.63312
-1.6843
-1.74045
-1.80202
-1.86939
-1.9428
-2.02224
-2.10748
-2.19806
-2.2933
-2.39244
-2.49484
-2.60018
-2.70871
-2.82141
-2.94004
-3.06688
-3.20424
-3.35365
-3.51497
-3.68606
-1.1457
-1.14798
-1.15167
-1.15634
-1.16194
-1.16859
-1.17636
-1.18534
-1.1956
-1.20722
-1.22024
-1.23473
-1.25073
-1.26828
-1.28745
-1.30831
-1.33092
-1.3554
-1.38187
-1.41048
-1.44143
-1.47495
-1.51132
-1.55089
-1.59403
-1.64118
-1.69281
-1.74937
-1.81128
-1.8789
-1.95242
-2.03184
-2.11698
-2.20747
-2.3028
-2.40243
-2.50597
-2.61332
-2.72487
-2.84159
-2.96504
-3.09718
-3.2399
-3.39438
-3.56027
-3.73539
-1.14657
-1.14898
-1.15302
-1.15806
-1.16399
-1.17092
-1.17892
-1.18809
-1.19851
-1.21024
-1.22336
-1.23793
-1.25398
-1.2716
-1.29082
-1.31174
-1.33443
-1.359
-1.38558
-1.41435
-1.44549
-1.47925
-1.51591
-1.55579
-1.59929
-1.6468
-1.69877
-1.75563
-1.81775
-1.88544
-1.95889
-2.03812
-2.123
-2.21331
-2.30871
-2.40891
-2.51377
-2.62338
-2.73821
-2.85914
-2.98746
-3.12469
-3.27226
-3.43103
-3.60051
-3.77865
-1.14591
-1.14847
-1.15279
-1.15814
-1.16434
-1.1715
-1.17969
-1.18902
-1.19957
-1.2114
-1.2246
-1.23921
-1.25531
-1.27296
-1.29221
-1.31316
-1.3359
-1.36053
-1.3872
-1.41609
-1.44738
-1.48133
-1.51821
-1.55836
-1.60213
-1.64991
-1.70212
-1.75913
-1.8213
-1.8889
-1.96211
-2.04097
-2.12547
-2.21549
-2.31092
-2.41171
-2.51793
-2.62985
-2.74798
-2.87303
-3.00596
-3.14782
-3.2996
-3.4619
-3.63418
-3.81458
-1.1438
-1.14648
-1.15104
-1.15663
-1.16306
-1.1704
-1.17876
-1.18821
-1.19886
-1.21077
-1.22401
-1.23866
-1.25478
-1.27243
-1.29169
-1.31264
-1.33539
-1.36005
-1.38677
-1.41573
-1.44712
-1.4812
-1.51825
-1.55857
-1.60252
-1.65047
-1.70277
-1.7598
-1.82186
-1.8892
-1.96199
-2.04034
-2.12431
-2.21394
-2.30933
-2.41063
-2.51814
-2.63223
-2.75339
-2.88216
-3.01914
-3.16497
-3.32028
-3.4855
-3.66009
-3.84239
-1.14032
-1.14309
-1.14783
-1.15362
-1.16022
-1.16772
-1.17619
-1.18575
-1.19646
-1.20842
-1.22169
-1.23635
-1.25246
-1.27009
-1.28932
-1.31025
-1.33297
-1.35761
-1.38433
-1.4133
-1.44474
-1.47888
-1.51601
-1.55642
-1.60045
-1.64843
-1.7007
-1.75759
-1.81937
-1.88628
-1.9585
-2.03618
-2.11948
-2.20861
-2.30384
-2.40552
-2.51408
-2.62999
-2.75367
-2.88548
-3.02573
-3.17474
-3.33293
-3.50068
-3.67749
-3.86171
-1.13556
-1.13839
-1.14326
-1.1492
-1.15593
-1.16353
-1.1721
-1.18172
-1.19248
-1.20446
-1.21774
-1.23237
-1.24844
-1.26602
-1.28519
-1.30605
-1.3287
-1.35328
-1.37994
-1.40887
-1.44027
-1.47439
-1.5115
-1.55189
-1.59588
-1.64376
-1.69586
-1.75244
-1.81379
-1.8801
-1.95158
-2.02845
-2.11096
-2.19945
-2.29435
-2.39618
-2.50545
-2.62265
-2.74814
-2.88211
-3.0247
-3.17607
-3.33658
-3.5067
-3.68594
-3.87251
-1.12957
-1.13244
-1.1374
-1.14344
-1.15026
-1.15794
-1.16657
-1.17623
-1.18701
-1.19898
-1.21222
-1.22681
-1.24281
-1.2603
-1.27938
-1.30012
-1.32266
-1.34711
-1.37365
-1.40246
-1.43374
-1.46774
-1.50473
-1.54498
-1.58878
-1.63643
-1.68819
-1.74433
-1.80506
-1.87061
-1.94121
-2.01712
-2.09869
-2.18639
-2.28077
-2.38244
-2.49196
-2.60981
-2.73626
-2.87141
-3.01534
-3.16823
-3.3306
-3.50307
-3.68516
-3.87478
-1.12242
-1.1253
-1.13032
-1.13642
-1.14331
-1.15103
-1.15968
-1.16935
-1.18012
-1.19205
-1.20524
-1.21974
-1.23564
-1.25301
-1.27194
-1.29252
-1.31489
-1.33916
-1.3655
-1.39411
-1.42518
-1.45896
-1.4957
-1.53568
-1.57916
-1.6264
-1.67766
-1.73317
-1.79314
-1.85777
-1.92733
-2.00213
-2.08262
-2.16934
-2.26294
-2.36409
-2.47334
-2.59112
-2.71762
-2.85294
-2.99721
-3.15084
-3.31462
-3.48943
-3.67476
-3.86821
-1.11417
-1.11704
-1.12208
-1.12821
-1.13512
-1.14286
-1.15151
-1.16116
-1.17188
-1.18375
-1.19684
-1.21123
-1.22698
-1.24419
-1.26293
-1.2833
-1.30544
-1.32946
-1.35554
-1.38385
-1.41462
-1.44806
-1.48444
-1.52399
-1.56699
-1.61367
-1.66426
-1.71896
-1.77797
-1.84151
-1.90986
-1.98339
-2.0626
-2.14814
-2.24069
-2.3409
-2.44932
-2.56627
-2.69194
-2.82643
-2.97009
-3.12366
-3.28834
-3.46529
-3.65395
-3.85174
-1.10484
-1.1077
-1.11273
-1.11886
-1.12577
-1.13349
-1.14211
-1.15171
-1.16236
-1.17413
-1.1871
-1.20133
-1.2169
-1.23389
-1.2524
-1.27251
-1.29435
-1.31805
-1.34378
-1.37172
-1.40207
-1.43506
-1.47094
-1.50994
-1.5523
-1.59824
-1.64798
-1.70169
-1.75956
-1.82183
-1.88877
-1.96083
-2.03857
-2.12266
-2.2138
-2.31264
-2.41962
-2.53502
-2.65897
-2.7917
-2.93383
-3.0865
-3.25136
-3.42987
-3.62139
-3.82332
-1.09449
-1.09731
-1.10231
-1.10842
-1.11529
-1.12297
-1.13153
-1.14105
-1.15159
-1.16324
-1.17604
-1.19008
-1.20543
-1.22217
-1.24038
-1.26017
-1.28166
-1.30497
-1.33027
-1.35774
-1.38757
-1.41999
-1.45523
-1.49353
-1.53509
-1.58014
-1.62884
-1.68138
-1.73794
-1.79873
-1.86408
-1.93446
-2.01047
-2.09281
-2.18218
-2.27915
-2.3841
-2.49721
-2.61862
-2.74871
-2.88838
-3.03921
-3.20326
-3.38222
-3.5754
-3.78049
-1.08315
-1.08592
-1.09086
-1.09691
-1.10373
-1.11134
-1.11981
-1.12922
-1.13963
-1.15111
-1.16372
-1.17753
-1.19262
-1.20905
-1.22693
-1.24634
-1.26741
-1.29025
-1.31504
-1.34194
-1.37115
-1.40288
-1.43736
-1.4748
-1.51541
-1.55939
-1.60689
-1.65808
-1.71313
-1.77226
-1.83581
-1.90428
-1.9783
-2.05856
-2.14575
-2.24036
-2.34267
-2.4528
-2.57091
-2.69752
-2.83383
-2.98176
-3.14368
-3.32146
-3.5144
-3.72078
-1.07083
-1.07355
-1.07841
-1.08438
-1.09112
-1.09863
-1.10699
-1.11627
-1.12651
-1.13779
-1.15018
-1.16372
-1.1785
-1.19459
-1.21207
-1.23105
-1.25163
-1.27394
-1.29813
-1.32438
-1.35286
-1.38378
-1.41737
-1.45381
-1.49332
-1.53606
-1.58219
-1.63185
-1.6852
-1.74248
-1.80403
-1.87035
-1.94208
-2.01992
-2.1045
-2.19625
-2.29536
-2.40186
-2.51595
-2.63831
-2.77033
-2.9142
-3.07245
-3.24701
-3.43722
-3.64222
-1.05757
-1.06024
-1.06499
-1.07087
-1.07749
-1.08489
-1.09311
-1.10222
-1.11227
-1.12333
-1.13545
-1.14869
-1.16312
-1.17882
-1.19586
-1.21435
-1.23438
-1.25609
-1.2796
-1.3051
-1.33275
-1.36276
-1.39532
-1.43063
-1.46889
-1.51024
-1.55483
-1.60279
-1.65427
-1.7095
-1.76882
-1.83274
-1.9019
-1.97696
-2.05852
-2.14691
-2.24225
-2.34453
-2.45397
-2.57132
-2.69816
-2.83674
-2.98964
-3.15874
-3.34347
-3.54396
-1.04339
-1.046
-1.05064
-1.05639
-1.06289
-1.07015
-1.07821
-1.08713
-1.09696
-1.10775
-1.11958
-1.13248
-1.14652
-1.16179
-1.17835
-1.19629
-1.21571
-1.23674
-1.25951
-1.28417
-1.3109
-1.33988
-1.3713
-1.40535
-1.44221
-1.48203
-1.52492
-1.57102
-1.62046
-1.67345
-1.73035
-1.79162
-1.8579
-1.92983
-2.00794
-2.09251
-2.18356
-2.28107
-2.38525
-2.49692
-2.61768
-2.74978
-2.89565
-3.05705
-3.23353
-3.42627
-1.02832
-1.03086
-1.03539
-1.041
-1.04735
-1.05444
-1.06232
-1.07102
-1.08061
-1.09112
-1.10261
-1.11514
-1.12876
-1.14355
-1.15957
-1.17692
-1.19568
-1.21598
-1.23792
-1.26167
-1.28738
-1.31524
-1.34541
-1.37808
-1.41342
-1.45155
-1.49261
-1.53669
-1.58393
-1.63452
-1.68878
-1.74717
-1.8103
-1.87875
-1.95302
-2.03332
-2.11962
-2.21186
-2.31023
-2.41557
-2.52942
-2.65389
-2.79118
-2.94282
-3.10842
-3.29017
-1.01239
-1.01488
-1.01927
-1.02473
-1.03092
-1.03782
-1.04549
-1.05395
-1.06326
-1.07346
-1.08459
-1.09672
-1.10988
-1.12416
-1.13961
-1.15632
-1.17436
-1.19386
-1.21492
-1.23768
-1.2623
-1.28894
-1.31776
-1.34894
-1.38264
-1.41897
-1.45806
-1.49999
-1.54488
-1.5929
-1.64435
-1.69965
-1.75935
-1.82402
-1.89408
-1.96971
-2.05085
-2.13737
-2.22946
-2.32788
-2.43407
-2.54988
-2.67721
-2.8173
-2.96975
-3.13744
-0.995642
-0.998061
-1.00231
-1.00761
-1.01362
-1.02032
-1.02776
-1.03596
-1.04497
-1.05483
-1.06558
-1.07727
-1.08995
-1.10368
-1.11851
-1.13454
-1.15182
-1.17047
-1.19059
-1.2123
-1.23575
-1.26109
-1.28848
-1.31808
-1.35002
-1.38444
-1.42144
-1.46111
-1.50352
-1.54884
-1.59731
-1.64933
-1.70538
-1.76599
-1.83154
-1.90217
-1.97778
-2.05822
-2.1436
-2.2346
-2.33247
-2.43877
-2.55503
-2.68214
-2.81963
-2.97061
-0.978097
-0.980455
-0.984563
-0.989693
-0.995504
-1.00199
-1.00918
-1.0171
-1.02579
-1.03529
-1.04563
-1.05685
-1.06902
-1.08216
-1.09635
-1.11166
-1.12814
-1.1459
-1.16502
-1.18563
-1.20786
-1.23183
-1.2577
-1.28563
-1.31574
-1.34816
-1.38297
-1.42026
-1.4601
-1.50259
-1.54797
-1.59655
-1.64877
-1.7051
-1.76588
-1.83123
-1.90103
-1.97509
-2.05347
-2.13666
-2.22568
-2.3218
-2.42616
-2.53929
-2.6606
-2.79298
-0.959794
-0.962093
-0.966056
-0.971006
-0.976613
-0.982868
-0.989794
-0.997417
-1.00577
-1.01488
-1.02478
-1.03553
-1.04714
-1.05968
-1.0732
-1.08775
-1.1034
-1.12023
-1.13832
-1.15778
-1.17872
-1.20128
-1.22558
-1.25177
-1.27997
-1.31031
-1.34286
-1.37769
-1.41486
-1.45445
-1.49663
-1.54166
-1.58992
-1.6418
-1.69763
-1.75749
-1.82128
-1.88878
-1.95994
-2.03509
-2.11496
-2.20049
-2.29243
-2.39102
-2.49552
-2.60824
-0.940769
-0.943012
-0.94683
-0.951596
-0.956989
-0.963
-0.969649
-0.976956
-0.984949
-0.993657
-1.00311
-1.01334
-1.0244
-1.03631
-1.04912
-1.06289
-1.07768
-1.09355
-1.11058
-1.12885
-1.14848
-1.16957
-1.19226
-1.21666
-1.2429
-1.27109
-1.30132
-1.33363
-1.36808
-1.4047
-1.44363
-1.48504
-1.52925
-1.5766
-1.62734
-1.68159
-1.73925
-1.80008
-1.86396
-1.93102
-2.00168
-2.07653
-2.15598
-2.23995
-2.3276
-2.42046
-0.921062
-0.923253
-0.926927
-0.931506
-0.936678
-0.942434
-0.948792
-0.95577
-0.963391
-0.971679
-0.980662
-0.990371
-1.00084
-1.0121
-1.02419
-1.03716
-1.05106
-1.06595
-1.08189
-1.09896
-1.11725
-1.13686
-1.15789
-1.18047
-1.20471
-1.23072
-1.25858
-1.28833
-1.32001
-1.35365
-1.38929
-1.42708
-1.46723
-1.50999
-1.55561
-1.60419
-1.65566
-1.70981
-1.76644
-1.8255
-1.88714
-1.95159
-2.01891
-2.08877
-2.16022
-2.23403
-0.900711
-0.902855
-0.906387
-0.910777
-0.915722
-0.921215
-0.927272
-0.933909
-0.941144
-0.948998
-0.957497
-0.966665
-0.97653
-0.987124
-0.99848
-1.01064
-1.02364
-1.03753
-1.05237
-1.06822
-1.08516
-1.10326
-1.12263
-1.14337
-1.16559
-1.18939
-1.21485
-1.24203
-1.27093
-1.30157
-1.33395
-1.36814
-1.40426
-1.4425
-1.48303
-1.52597
-1.57127
-1.61878
-1.66826
-1.71953
-1.77249
-1.82704
-1.88295
-1.93967
-1.99616
-2.0526
-0.879758
-0.881859
-0.885251
-0.88945
-0.894164
-0.899388
-0.905136
-0.911422
-0.918261
-0.92567
-0.933672
-0.942286
-0.951539
-0.961455
-0.972064
-0.983397
-0.99549
-1.00838
-1.02212
-1.03674
-1.05232
-1.06892
-1.08663
-1.10553
-1.12573
-1.14732
-1.17038
-1.19497
-1.2211
-1.24876
-1.27792
-1.30859
-1.34078
-1.37461
-1.41018
-1.44758
-1.48682
-1.52781
-1.57032
-1.61409
-1.65881
-1.70413
-1.74953
-1.79431
-1.8374
-1.87846
-0.858243
-0.860305
-0.863559
-0.867569
-0.872049
-0.876999
-0.882432
-0.888359
-0.894793
-0.901748
-0.909243
-0.917295
-0.925926
-0.935157
-0.945012
-0.955516
-0.966697
-0.978587
-0.991217
-1.00463
-1.01886
-1.03397
-1.05003
-1.06711
-1.08531
-1.1047
-1.12537
-1.14739
-1.17077
-1.19549
-1.2215
-1.24874
-1.27717
-1.30677
-1.33758
-1.36965
-1.40303
-1.43767
-1.47344
-1.51005
-1.54709
-1.58398
-1.61998
-1.65419
-1.68561
-1.71344
-0.836206
-0.838234
-0.841354
-0.845175
-0.849421
-0.854094
-0.859207
-0.864769
-0.870791
-0.877286
-0.884266
-0.89175
-0.899754
-0.908297
-0.917394
-0.927068
-0.93734
-0.948233
-0.959768
-0.971974
-0.984883
-0.998534
-1.01298
-1.02827
-1.04449
-1.06173
-1.08005
-1.09952
-1.12018
-1.14202
-1.16496
-1.18891
-1.21374
-1.23937
-1.26571
-1.29275
-1.32054
-1.34909
-1.37838
-1.40819
-1.43809
-1.4674
-1.49518
-1.5204
-1.54204
-1.55904
-0.81369
-0.815688
-0.818676
-0.82231
-0.826321
-0.830715
-0.835506
-0.8407
-0.846306
-0.852334
-0.858797
-0.865709
-0.873084
-0.880936
-0.889278
-0.898126
-0.907497
-0.917404
-0.927862
-0.938888
-0.950501
-0.962725
-0.975593
-0.989151
-1.00346
-1.01858
-1.0346
-1.05159
-1.06959
-1.08859
-1.10855
-1.12934
-1.15079
-1.17272
-1.19495
-1.21737
-1.23996
-1.26278
-1.28588
-1.3092
-1.33241
-1.35483
-1.37546
-1.39317
-1.40693
-1.41546
-0.790736
-0.792708
-0.795566
-0.799014
-0.802792
-0.806907
-0.811373
-0.816197
-0.821385
-0.826945
-0.832888
-0.839228
-0.845975
-0.853138
-0.86073
-0.86876
-0.877241
-0.886179
-0.895582
-0.905456
-0.915809
-0.926652
-0.938002
-0.949887
-0.962348
-0.975442
-0.98924
-1.00381
-1.01921
-1.03546
-1.05252
-1.07028
-1.08855
-1.10707
-1.12558
-1.14385
-1.16177
-1.17935
-1.1967
-1.21388
-1.23074
-1.24676
-1.26102
-1.27236
-1.27978
-1.28186
-0.767385
-0.769333
-0.772061
-0.775326
-0.778871
-0.782709
-0.786852
-0.791305
-0.796075
-0.801167
-0.806592
-0.812361
-0.818482
-0.824963
-0.831813
-0.839038
-0.846644
-0.854633
-0.863006
-0.871762
-0.880898
-0.890414
-0.900311
-0.910599
-0.921302
-0.93246
-0.94413
-0.956379
-0.96927
-0.982846
-0.997099
-1.01194
-1.02719
-1.04258
-1.05776
-1.0724
-1.08627
-1.09927
-1.11148
-1.12303
-1.13397
-1.14399
-1.15238
-1.15814
-1.16033
-1.15753
-0.743676
-0.7456
-0.7482
-0.751283
-0.754599
-0.758163
-0.761984
-0.766069
-0.770421
-0.775047
-0.779956
-0.785159
-0.790661
-0.796468
-0.802587
-0.809021
-0.815772
-0.822836
-0.830209
-0.837885
-0.845852
-0.854099
-0.862614
-0.871392
-0.880436
-0.889768
-0.899429
-0.909475
-0.919972
-0.93098
-0.942519
-0.954544
-0.966913
-0.979369
-0.99155
-1.00305
-1.0135
-1.02269
-1.03056
-1.03726
-1.0429
-1.04745
-1.05045
-1.05116
-1.04888
-1.04227
-0.719645
-0.721546
-0.724019
-0.726923
-0.730015
-0.733307
-0.736809
-0.740528
-0.744465
-0.748629
-0.753028
-0.75767
-0.762561
-0.767706
-0.773107
-0.778767
-0.784683
-0.790849
-0.797258
-0.803895
-0.810743
-0.817783
-0.824992
-0.83235
-0.839843
-0.847475
-0.855265
-0.863252
-0.871497
-0.880066
-0.889006
-0.898316
-0.90791
-0.917581
-0.926998
-0.935729
-0.943329
-0.949436
-0.953865
-0.956639
-0.957898
-0.957727
-0.955955
-0.952152
-0.945951
-0.936199
-0.69533
-0.697207
-0.699554
-0.702283
-0.705154
-0.708178
-0.711366
-0.714722
-0.718249
-0.721955
-0.725849
-0.729939
-0.734229
-0.738724
-0.743424
-0.748331
-0.753437
-0.758736
-0.764214
-0.769856
-0.775637
-0.781534
-0.787515
-0.793549
-0.799605
-0.805669
-0.811738
-0.81783
-0.823992
-0.830285
-0.836772
-0.843491
-0.850413
-0.857403
-0.864194
-0.870393
-0.875531
-0.879157
-0.88095
-0.880774
-0.878685
-0.874795
-0.869104
-0.86147
-0.851867
-0.839391
-0.670765
-0.67262
-0.674839
-0.677396
-0.680052
-0.682813
-0.685692
-0.688688
-0.691809
-0.695064
-0.698461
-0.702007
-0.705709
-0.70957
-0.713589
-0.717765
-0.722089
-0.726552
-0.731138
-0.735828
-0.740597
-0.745416
-0.750248
-0.75505
-0.759783
-0.764412
-0.768915
-0.77329
-0.777561
-0.781777
-0.785999
-0.790288
-0.794664
-0.799067
-0.803318
-0.807104
-0.809998
-0.811527
-0.811274
-0.808966
-0.804515
-0.797969
-0.789379
-0.778793
-0.766461
-0.751717
-0.645987
-0.647818
-0.649906
-0.652296
-0.654741
-0.657246
-0.659819
-0.662463
-0.665185
-0.667994
-0.670903
-0.673918
-0.677047
-0.68029
-0.68365
-0.68712
-0.690691
-0.694352
-0.698086
-0.701872
-0.705683
-0.709488
-0.713244
-0.716905
-0.720422
-0.723749
-0.726845
-0.729687
-0.732273
-0.734631
-0.736811
-0.738878
-0.740885
-0.742834
-0.744633
-0.746067
-0.7468
-0.746402
-0.744433
-0.740533
-0.734481
-0.726212
-0.715737
-0.703167
-0.688928
-0.672544
-0.621025
-0.622829
-0.624786
-0.627012
-0.629253
-0.631509
-0.633784
-0.63608
-0.63841
-0.640784
-0.643215
-0.645714
-0.648285
-0.650932
-0.653655
-0.656446
-0.659296
-0.662192
-0.665116
-0.668045
-0.670952
-0.673804
-0.676556
-0.679161
-0.681566
-0.683715
-0.685553
-0.687038
-0.688146
-0.688881
-0.689271
-0.689372
-0.689246
-0.688931
-0.688411
-0.687568
-0.686172
-0.683889
-0.680319
-0.675082
-0.667879
-0.658533
-0.646972
-0.633286
-0.617961
-0.60067
-0.595903
-0.59768
-0.599505
-0.601576
-0.603622
-0.605636
-0.607618
-0.609575
-0.61152
-0.613468
-0.615436
-0.617433
-0.619466
-0.62154
-0.623652
-0.625794
-0.627957
-0.630126
-0.632282
-0.634401
-0.636457
-0.638415
-0.640234
-0.641865
-0.643252
-0.644336
-0.645052
-0.645346
-0.645176
-0.64452
-0.643382
-0.641795
-0.639815
-0.637496
-0.634865
-0.631888
-0.628435
-0.624282
-0.619115
-0.612592
-0.604401
-0.594302
-0.582141
-0.56795
-0.552189
-0.534632
-0.570646
-0.572391
-0.574087
-0.576015
-0.577879
-0.579659
-0.581356
-0.58298
-0.584548
-0.586082
-0.5876
-0.589113
-0.59063
-0.592155
-0.593685
-0.595211
-0.596721
-0.598202
-0.599631
-0.600989
-0.602247
-0.603374
-0.604326
-0.605057
-0.605513
-0.605633
-0.60535
-0.604602
-0.603333
-0.6015
-0.599084
-0.596093
-0.592565
-0.58855
-0.584095
-0.579213
-0.573859
-0.567906
-0.561148
-0.553321
-0.544147
-0.533378
-0.520815
-0.506428
-0.490615
-0.473208
-0.54528
-0.54698
-0.548554
-0.550358
-0.552054
-0.553609
-0.555027
-0.556325
-0.557525
-0.558656
-0.559739
-0.560787
-0.561811
-0.562814
-0.563791
-0.564732
-0.565627
-0.566459
-0.567209
-0.567853
-0.568367
-0.568717
-0.568864
-0.568765
-0.568371
-0.56762
-0.566448
-0.564786
-0.562573
-0.559752
-0.556286
-0.552161
-0.547389
-0.542003
-0.536049
-0.529566
-0.522563
-0.514989
-0.506731
-0.497617
-0.487438
-0.475977
-0.463035
-0.448542
-0.432831
-0.41576
-0.519812
-0.521457
-0.522922
-0.524636
-0.526179
-0.527519
-0.528663
-0.529639
-0.530479
-0.531219
-0.531883
-0.532487
-0.533041
-0.533548
-0.534001
-0.534393
-0.53471
-0.534935
-0.535048
-0.535026
-0.534846
-0.534477
-0.533882
-0.533023
-0.531852
-0.530312
-0.528342
-0.525876
-0.52285
-0.519203
-0.514883
-0.509858
-0.504117
-0.497673
-0.490561
-0.482822
-0.474489
-0.465564
-0.456005
-0.445722
-0.434583
-0.42243
-0.409093
-0.394494
-0.378912
-0.362217
-0.494205
-0.495824
-0.497213
-0.498882
-0.500293
-0.501421
-0.502294
-0.502951
-0.503439
-0.503799
-0.50406
-0.504239
-0.504349
-0.504387
-0.50435
-0.504226
-0.504002
-0.50366
-0.50318
-0.502541
-0.50172
-0.500688
-0.499412
-0.497855
-0.495974
-0.49372
-0.491036
-0.487862
-0.484134
-0.47979
-0.474774
-0.469042
-0.462567
-0.455343
-0.447387
-0.438733
-0.429417
-0.419471
-0.408898
-0.397669
-0.385723
-0.372962
-0.359264
-0.34457
-0.329125
-0.312808
-0.468419
-0.470115
-0.471472
-0.473153
-0.474442
-0.475356
-0.475952
-0.476292
-0.476433
-0.476426
-0.476302
-0.47608
-0.47577
-0.47537
-0.474872
-0.474267
-0.473539
-0.47267
-0.471641
-0.470433
-0.469022
-0.46738
-0.465479
-0.463285
-0.460762
-0.457864
-0.454542
-0.450739
-0.446399
-0.441465
-0.43588
-0.429597
-0.422578
-0.414802
-0.406271
-0.397006
-0.387041
-0.376412
-0.365149
-0.353263
-0.340747
-0.327558
-0.313624
-0.298917
-0.283664
-0.267759
-0.442541
-0.444454
-0.445773
-0.447521
-0.448681
-0.449364
-0.449672
-0.449692
-0.449496
-0.449136
-0.448646
-0.448045
-0.44734
-0.446528
-0.445602
-0.444549
-0.443354
-0.441999
-0.440466
-0.438733
-0.43678
-0.434582
-0.432113
-0.429343
-0.426239
-0.422761
-0.418868
-0.414511
-0.409641
-0.404206
-0.398155
-0.39144
-0.38402
-0.375869
-0.366976
-0.357351
-0.34702
-0.336017
-0.324382
-0.312149
-0.299345
-0.285969
-0.271994
-0.257424
-0.242483
-0.227081
-0.416699
-0.419049
-0.420186
-0.422058
-0.42307
-0.423486
-0.423487
-0.423183
-0.422656
-0.421958
-0.421121
-0.420164
-0.419089
-0.417894
-0.41657
-0.415102
-0.413476
-0.411674
-0.409676
-0.407464
-0.405018
-0.402316
-0.399334
-0.396045
-0.39242
-0.388426
-0.384028
-0.379185
-0.373854
-0.367993
-0.361557
-0.354505
-0.346796
-0.338402
-0.329308
-0.319517
-0.309046
-0.297924
-0.286192
-0.273896
-0.26108
-0.247774
-0.233983
-0.219741
-0.205269
-0.190501
-0.390381
-0.394168
-0.394801
-0.39685
-0.397674
-0.397767
-0.39743
-0.396794
-0.39594
-0.394917
-0.393754
-0.392462
-0.391043
-0.389492
-0.387797
-0.385946
-0.383922
-0.381708
-0.379287
-0.37664
-0.373748
-0.370591
-0.367148
-0.363396
-0.35931
-0.354861
-0.35002
-0.344754
-0.33903
-0.332811
-0.326063
-0.318749
-0.310837
-0.3023
-0.293124
-0.283308
-0.272864
-0.261818
-0.250207
-0.23808
-0.225492
-0.212489
-0.199099
-0.185375
-0.171533
-0.157524
-0.361973
-0.370181
-0.369854
-0.372026
-0.372555
-0.372235
-0.371516
-0.370538
-0.369363
-0.36803
-0.366556
-0.36495
-0.363209
-0.361325
-0.359288
-0.357082
-0.354693
-0.352104
-0.349297
-0.346256
-0.342962
-0.339399
-0.335548
-0.331387
-0.326896
-0.322051
-0.316829
-0.311204
-0.305148
-0.298636
-0.29164
-0.284133
-0.276089
-0.267487
-0.258318
-0.248581
-0.238286
-0.227457
-0.216129
-0.20435
-0.192178
-0.179668
-0.166859
-0.153814
-0.140731
-0.127566
-0.330925
-0.347536
-0.345656
-0.347634
-0.347694
-0.346859
-0.345721
-0.344394
-0.342904
-0.341268
-0.339498
-0.337595
-0.335552
-0.333358
-0.331002
-0.32847
-0.325746
-0.322816
-0.319661
-0.316266
-0.312615
-0.308692
-0.30448
-0.299963
-0.295123
-0.289941
-0.284399
-0.278477
-0.272154
-0.265413
-0.258233
-0.250596
-0.242485
-0.233887
-0.224799
-0.215222
-0.205169
-0.194663
-0.183737
-0.17244
-0.160829
-0.148958
-0.13687
-0.124625
-0.112387
-0.100087
-0.301219
-0.327332
-0.322598
-0.323655
-0.323118
-0.321734
-0.320151
-0.318465
-0.316659
-0.31473
-0.312675
-0.310487
-0.308156
-0.305672
-0.303021
-0.300189
-0.297159
-0.293918
-0.290449
-0.286738
-0.28277
-0.278531
-0.274008
-0.269187
-0.264052
-0.258589
-0.252785
-0.246625
-0.240096
-0.233187
-0.225885
-0.218181
-0.210066
-0.201536
-0.192592
-0.183244
-0.173506
-0.163406
-0.152976
-0.142263
-0.131323
-0.120207
-0.108956
-0.0976155
-0.086287
-0.0747948
-0.274478
-0.316009
-0.303966
-0.301127
-0.299503
-0.297561
-0.295504
-0.293426
-0.291289
-0.289059
-0.286721
-0.284259
-0.281659
-0.278906
-0.275984
-0.272876
-0.269569
-0.26605
-0.262303
-0.258313
-0.254068
-0.249557
-0.244768
-0.23969
-0.234309
-0.228618
-0.222605
-0.216262
-0.209582
-0.202559
-0.19519
-0.187472
-0.179404
-0.170992
-0.162243
-0.153174
-0.143806
-0.134168
-0.124298
-0.114243
-0.104058
-0.0937948
-0.0834935
-0.0731837
-0.0628784
-0.052162
-0.225748
-0.333106
-0.298584
-0.281859
-0.277135
-0.274272
-0.271574
-0.269009
-0.266495
-0.263953
-0.261338
-0.258617
-0.255767
-0.252766
-0.249597
-0.246245
-0.242694
-0.23893
-0.23494
-0.230711
-0.226234
-0.221496
-0.216491
-0.211207
-0.205638
-0.199774
-0.193613
-0.18715
-0.180383
-0.173314
-0.165945
-0.158281
-0.15033
-0.142105
-0.133623
-0.124907
-0.115987
-0.106898
-0.09768
-0.0883851
-0.0790706
-0.0697949
-0.0606067
-0.0515257
-0.0424658
-0.0331034
-0.11062
-0.383271
-0.29567
-0.259267
-0.250032
-0.245177
-0.24142
-0.238221
-0.235263
-0.232372
-0.229452
-0.22645
-0.223329
-0.220065
-0.216636
-0.213024
-0.209213
-0.205195
-0.200957
-0.196489
-0.191781
-0.186827
-0.181621
-0.176157
-0.17043
-0.164439
-0.158186
-0.151672
-0.144901
-0.137882
-0.130626
-0.123148
-0.115465
-0.107601
-0.0995845
-0.0914472
-0.0832274
-0.0749688
-0.0667205
-0.058537
-0.0504748
-0.0425814
-0.0348684
-0.0272461
-0.0193118
-0.00944442
279.637
358.416
426.706
-19.4528
-7.76289
5.46264
6.32096
6.11292
716.509
651.188
573.539
497.449
461.564
292.146
7.76507
5.39015
874.585
802.923
736.977
694.65
661.318
612.138
548.465
504.74
890.289
848.389
811.766
779.806
750.278
725.715
710.589
700.199
914.65
890.032
867.712
846.443
826.664
809.73
795.752
783.391
943.146
926.63
911.444
897.171
883.828
871.67
860.988
851.688
968.595
958.028
948.482
939.454
931.043
923.47
916.748
910.371
993.952
988.504
983.769
979.087
974.612
970.635
967.14
963.476
1019.97
1018.91
1018.09
1017.02
1015.9
1015.03
1014.39
1013.25
1045.31
1049.26
1052.21
1054.26
1055.97
1057.77
1059.68
1060.83
1070.13
1075.68
1081.42
1086.33
1091.09
1096.27
1101.7
1105.75
1094.18
1144.29
1138.64
1134.57
1133.03
1134.84
1140.45
1147.29
102.788
182.285
290.493
429.455
553.019
709.67
1038.71
1226.27
-3.2308
-3.5756
-3.81429
-4.0467
-1.5963
8.46711
54.9285
137.771
-2.83641
-2.90072
-2.94697
-2.97033
-3.00442
-3.11702
-3.34031
-3.77092
-3.07468
-3.16935
-3.24496
-3.29952
-3.33028
-3.3483
-3.38566
-3.44387
-3.09564
-3.16975
-3.24103
-3.30883
-3.37402
-3.43945
-3.50738
-3.56849
-3.12727
-3.19723
-3.26545
-3.33186
-3.39739
-3.46351
-3.53157
-3.59994
-3.16104
-3.22868
-3.29537
-3.3611
-3.42609
-3.49077
-3.55565
-3.62062
-3.19151
-3.25761
-3.32346
-3.38887
-3.45375
-3.51813
-3.58205
-3.64515
-3.2209
-3.28657
-3.35253
-3.41824
-3.48339
-3.54778
-3.61123
-3.67325
-3.25034
-3.31637
-3.38326
-3.44998
-3.5159
-3.5806
-3.64371
-3.7047
-3.28112
-3.34825
-3.41671
-3.48495
-3.55201
-3.61718
-3.67995
-3.73979
-3.31399
-3.38284
-3.45333
-3.52345
-3.59185
-3.65758
-3.72001
-3.77872
-3.34966
-3.42064
-3.49341
-3.56548
-3.63518
-3.70141
-3.76356
-3.82142
-3.38897
-3.46242
-3.53754
-3.61141
-3.68216
-3.74868
-3.81057
-3.86796
-3.43246
-3.50867
-3.58615
-3.66166
-3.73321
-3.79984
-3.86152
-3.91885
-3.48029
-3.55937
-3.63916
-3.71619
-3.78847
-3.85527
-3.91698
-3.97472
-3.53235
-3.61424
-3.69613
-3.77453
-3.84758
-3.91486
-3.97713
-4.03591
-3.58829
-3.67276
-3.75646
-3.83602
-3.90989
-3.97801
-4.04152
-4.10208
-3.64725
-3.73405
-3.8193
-3.89985
-3.97459
-4.04391
-4.10928
-4.17225
-3.70767
-3.79654
-3.88321
-3.96479
-4.0406
-4.11147
-4.17917
-4.24494
-3.76738
-3.85805
-3.94616
-4.02907
-4.10642
-4.17932
-4.24964
-4.31824
-3.82403
-3.91617
-4.00586
-4.09062
-4.17019
-4.24565
-4.31872
-4.38974
-3.8755
-3.9688
-4.06025
-4.1474
-4.22982
-4.30822
-4.38381
-4.4563
-3.92022
-4.01449
-4.10781
-4.19763
-4.28311
-4.36423
-4.44149
-4.51389
-3.95723
-4.05238
-4.14749
-4.23974
-4.32766
-4.41042
-4.48767
-4.55778
-3.98608
-4.08211
-4.17863
-4.27241
-4.36132
-4.44376
-4.51871
-4.58402
-4.00663
-4.10359
-4.20097
-4.29499
-4.383
-4.4629
-4.53337
-4.59187
-4.01906
-4.1171
-4.21488
-4.30812
-4.39393
-4.4701
-4.53548
-4.58694
-4.02359
-4.1231
-4.2214
-4.31383
-4.39772
-4.47117
-4.53296
-4.58013
-4.02006
-4.12183
-4.22165
-4.31475
-4.39905
-4.47339
-4.53011
-4.57298
-4.00752
-4.11278
-4.21604
-4.31274
-4.40159
-4.48212
-4.54161
-4.59344
-3.98406
-4.09415
-4.20325
-4.30701
-4.40509
-4.49753
-4.57617
-4.64041
-3.94644
-4.06205
-4.17843
-4.29148
-4.40157
-4.50953
-4.6143
-4.69676
-3.89097
-4.01175
-4.13556
-4.25842
-4.38094
-4.50406
-4.62887
-4.74391
-3.81429
-3.93848
-4.06794
-4.19856
-4.33072
-4.46517
-4.60395
-4.73448
-3.71488
-3.83995
-3.97213
-4.10697
-4.24432
-4.38446
-4.52909
-4.66741
-3.59283
-3.71614
-3.84825
-3.98448
-4.1242
-4.26745
-4.41495
-4.56152
-3.4489
-3.56744
-3.69618
-3.83069
-3.97032
-4.11533
-4.2652
-4.418
-3.28463
-3.39489
-3.51582
-3.64367
-3.77829
-3.92078
-4.0698
-4.22222
-3.10302
-3.20184
-3.31069
-3.42641
-3.54926
-3.68121
-3.8208
-3.96344
-2.90821
-2.99339
-3.08699
-3.18628
-3.29144
-3.40448
-3.52465
-3.64703
-2.70493
-2.77535
-2.85212
-2.93294
-3.01764
-3.10746
-3.2021
-3.29789
-2.49812
-2.55366
-2.61348
-2.67565
-2.73973
-2.80605
-2.87437
-2.94309
-2.29354
-2.33497
-2.37882
-2.4236
-2.46879
-2.51411
-2.55905
-2.60358
-2.0961
-2.12526
-2.15514
-2.18463
-2.21337
-2.24093
-2.26673
-2.29164
-1.90794
-1.92662
-1.94481
-1.9617
-1.97702
-1.99034
-2.00135
-2.0116
-1.73073
-1.74049
-1.74917
-1.75625
-1.76133
-1.76389
-1.76384
-1.76354
-1.56648
-1.56904
-1.57024
-1.56991
-1.56751
-1.56228
-1.55424
-1.54636
-1.41552
-1.41262
-1.40815
-1.40236
-1.39463
-1.38396
-1.37037
-1.35709
-1.27656
-1.26971
-1.26106
-1.25124
-1.23968
-1.22531
-1.20808
-1.19127
-1.14851
-1.13899
-1.12744
-1.1147
-1.10034
-1.08344
-1.06394
-1.04508
-1.03083
-1.01976
-1.00646
-0.991803
-0.975518
-0.95692
-0.936067
-0.916125
-0.923035
-0.911058
-0.896819
-0.881135
-0.863789
-0.844291
-0.822813
-0.802441
-0.824684
-0.811919
-0.797058
-0.780884
-0.763178
-0.743512
-0.722085
-0.701833
-0.735561
-0.721945
-0.706463
-0.689976
-0.672278
-0.652911
-0.63202
-0.612321
-0.655323
-0.640995
-0.624958
-0.608223
-0.590644
-0.571743
-0.551591
-0.532662
-0.583035
-0.568438
-0.552187
-0.535415
-0.518061
-0.499671
-0.480286
-0.462164
-0.517242
-0.50294
-0.487018
-0.470623
-0.453751
-0.43601
-0.417444
-0.400138
-0.45649
-0.442934
-0.427862
-0.412322
-0.396312
-0.379497
-0.361938
-0.345556
-0.39986
-0.387255
-0.373342
-0.359009
-0.344213
-0.328642
-0.312362
-0.297113
-0.347082
-0.335407
-0.322708
-0.309709
-0.296309
-0.282203
-0.267436
-0.253539
-0.298326
-0.287438
-0.275819
-0.264068
-0.252046
-0.23945
-0.226291
-0.213881
-0.253854
-0.243597
-0.232852
-0.222149
-0.211344
-0.200143
-0.188529
-0.177606
-0.213756
-0.20403
-0.193983
-0.184119
-0.174316
-0.164309
-0.154068
-0.144516
-0.177824
-0.168606
-0.159159
-0.14998
-0.140994
-0.131978
-0.122907
-0.11456
-0.145576
-0.136894
-0.128022
-0.119453
-0.111165
-0.102993
-0.0949244
-0.0876379
-0.116385
-0.108271
-0.0999783
-0.0919898
-0.0843405
-0.0769325
-0.06978
-0.0634868
-0.0896302
-0.0820684
-0.0743119
-0.0668278
-0.0597425
-0.0530658
-0.0468488
-0.0416232
-0.0648504
-0.0577099
-0.0502973
-0.0430629
-0.0363138
-0.0303457
-0.0252658
-0.0214212
-0.0422925
-0.0351763
-0.0276037
-0.0197557
-0.0122917
-0.00689286
-0.00380441
-0.00196324
-0.0256637
-0.0195099
-0.0108649
0.00152993
0.0171265
0.0237538
0.0215469
0.0200183
0.00276761
0.0139221
0.0299601
0.0553529
0.090346
0.0955711
0.0739261
0.0551185
6.66819
6.91767
7.04477
7.10187
7.13044
7.15032
7.16329
7.17435
7.18378
7.19189
7.19894
7.20454
7.20816
7.20952
7.20849
7.20493
7.19879
7.19019
7.1793
7.16634
7.15161
7.13552
7.11847
7.10087
7.08317
7.06572
7.04878
7.0326
7.01748
7.00373
6.99158
6.98112
6.97228
6.96507
6.95965
6.9564
6.95567
6.95684
7.31316
7.29531
7.16368
7.1326
7.14117
7.15998
7.16936
7.1802
7.18902
7.19676
7.20422
7.2105
7.21473
7.21659
7.21587
7.21239
7.20602
7.19682
7.18502
7.1709
7.15483
7.13723
7.11857
7.09934
7.08003
7.06109
7.04283
7.02551
7.00933
6.99458
6.98152
6.97027
6.96082
6.95316
6.94745
6.94413
6.94357
6.94501
194.961
6.80924
7.22765
7.24089
7.1948
7.17753
7.18399
7.19495
7.20122
7.20641
7.2132
7.21932
7.22349
7.2255
7.22507
7.22178
7.21529
7.20553
7.19269
7.17713
7.15935
7.13986
7.1192
7.09794
7.07661
7.05574
7.03576
7.01695
6.99949
6.98357
6.96943
6.95726
6.94711
6.93896
6.93296
6.92958
6.92921
6.93095
660.435
511.758
125.863
7.00914
7.31937
7.29499
7.23682
7.22805
7.22395
7.22226
7.22831
7.23318
7.23563
7.23668
7.23614
7.23304
7.22656
7.21633
7.20242
7.18523
7.16535
7.14349
7.12034
7.09657
7.07278
7.04956
7.02741
7.00672
6.98767
6.97038
6.95503
6.94184
6.9309
6.92221
6.91591
6.91251
6.91237
6.91444
761.143
743.428
688.877
482.661
67.3189
7.33394
7.33942
7.33029
7.26248
7.24335
7.25177
7.25494
7.25308
7.25125
7.24953
7.24626
7.23978
7.22913
7.21417
7.19522
7.17294
7.14822
7.122
7.09516
7.0684
7.04234
7.01757
6.99458
6.97361
6.95473
6.93803
6.9237
6.91188
6.90261
6.89602
6.89262
6.89276
6.89521
835.645
818.733
809.67
802.945
728.517
411.121
18.1529
7.53756
7.34188
7.29044
7.29565
7.28865
7.27659
7.27012
7.26624
7.26199
7.25507
7.24389
7.22781
7.207
7.1821
7.15408
7.1242
7.09362
7.06325
7.03381
7.00594
6.98021
6.95698
6.93627
6.91807
6.90249
6.88971
6.8798
6.87292
6.86958
6.87007
6.87293
898.836
884.74
877.344
872.438
868.171
860.634
725.746
238.705
7.58516
7.48934
7.41758
7.35142
7.30716
7.29291
7.28699
7.28129
7.27303
7.26069
7.24321
7.2203
7.19252
7.16087
7.12679
7.09178
7.05711
7.02367
6.99219
6.9633
6.93743
6.91462
6.89473
6.87779
6.86397
6.8534
6.84625
6.84303
6.84394
6.84726
955.754
944.682
938.205
934.898
933.011
930.72
928.255
892.867
583.387
57.4959
7.91418
7.46466
7.35443
7.32285
7.31264
7.30497
7.29454
7.27989
7.26018
7.23475
7.20371
7.16809
7.12938
7.08936
7.04971
7.01163
6.97599
6.94348
6.91457
6.88935
6.86759
6.84917
6.83425
6.82299
6.8156
6.81257
6.81398
6.81782
1008.99
1001.34
996.53
993.977
992.703
992.398
992.425
991.505
989.318
836.938
244.931
8.67907
7.57138
7.3871
7.35229
7.33583
7.32021
7.30184
7.27867
7.24984
7.21504
7.17502
7.13132
7.08583
7.0406
6.99725
6.95689
6.92028
6.88796
6.86002
6.83617
6.81616
6.80008
6.78812
6.78053
6.77778
6.77977
6.78419
1059.77
1055.72
1053.3
1052.05
1051.33
1051.31
1052.08
1053.34
1053.84
1053.13
988.276
457.059
14.9814
7.92722
7.47322
7.38957
7.35427
7.32664
7.29843
7.26507
7.2257
7.18075
7.13163
7.08031
7.02904
6.9799
6.9343
6.89314
6.85703
6.82608
6.79996
6.77826
6.76098
6.74835
6.74062
6.73821
6.74088
6.74592
1108.1
1107.93
1108.56
1109.2
1109.53
1110.01
1110.84
1112.22
1114.04
1115.59
1115.66
1097
590.196
31.4523
8.3773
7.56312
7.41237
7.3575
7.31889
7.27971
7.23474
7.18412
7.12908
7.07159
7.01396
6.95863
6.90739
6.86132
6.82109
6.7869
6.75835
6.7349
6.71645
6.70319
6.69538
6.69341
6.69683
6.70255
1155.22
1157.96
1161.83
1164.84
1166.76
1168.42
1169.7
1171
1172.65
1174.7
1176.75
1177.45
1170.85
617.951
33.3101
8.78071
7.62076
7.40774
7.3413
7.29269
7.24094
7.18369
7.12215
7.05813
6.99397
6.93225
6.87512
6.8239
6.77937
6.74178
6.7107
6.6855
6.66593
6.65213
6.64434
6.64291
6.64716
6.6536
1222.78
1217.94
1218.96
1220.48
1222.56
1225.66
1227.94
1229.82
1231.53
1233.31
1235.5
1237.83
1239.21
1219.74
535.713
20.4102
8.64726
7.57855
7.37725
7.30408
7.24274
7.17776
7.10895
7.03812
6.96739
6.89932
6.83629
6.77988
6.73098
6.68995
6.65636
6.62945
6.60886
6.59465
6.58701
6.58623
6.59139
6.5986
304.519
746.387
1270.63
1291.07
1285.96
1285.38
1285.54
1287.59
1290.02
1292.09
1294.16
1296.53
1299.15
1301.12
1195.08
349.666
12.9604
8.26468
7.4857
7.32172
7.23906
7.1642
7.08736
7.00947
6.93233
6.8582
6.78953
6.72811
6.67501
6.63066
6.59466
6.56616
6.5447
6.53026
6.52292
6.5229
6.52906
6.53708
-4.13424
21.4
154.151
385.435
949.126
1363.24
1354.03
1349.47
1348.28
1349.94
1352.65
1355.19
1357.91
1360.82
1363.7
1014.61
139.332
10.3407
7.83462
7.36785
7.23026
7.14037
7.05475
6.96976
6.8866
6.807
6.73327
6.66733
6.61043
6.56309
6.52493
6.49508
6.47297
6.45848
6.45162
6.4525
6.45974
6.46859
-3.51539
-3.68513
-4.17927
-4.43277
40.7094
174.868
646.947
1355.12
1418.15
1411.3
1410.51
1413.22
1416.55
1419.82
1423.14
1427.59
631.742
23.7932
8.77868
7.48873
7.22051
7.1033
7.00796
6.91629
6.82779
6.74367
6.6658
6.59616
6.53613
6.48637
6.44652
6.41567
6.3932
6.37892
6.37273
6.37464
6.38302
6.39273
-3.63799
-3.7598
-3.91877
-3.96808
-4.10398
-4.60508
1.91889
104.18
609.991
1406.31
1476.6
1471.92
1474.4
1478.53
1482.38
1486.48
1206.4
205.009
11.0708
7.82786
7.23013
7.05216
6.94375
6.84616
6.75341
6.66607
6.5854
6.51322
6.45106
6.39968
6.35879
6.32745
6.305
6.29123
6.28592
6.28899
6.29858
6.30915
-3.70673
-3.83899
-3.97338
-4.06922
-4.16263
-4.27047
-4.32978
-4.52194
-4.65872
139.57
916.974
1533.68
1533.29
1536.4
1541.33
1545.55
1544.41
624.662
19.1314
8.55085
7.27502
6.98647
6.85831
6.75607
6.66091
6.57215
6.49042
6.41723
6.35421
6.30228
6.26118
6.22998
6.20807
6.19516
6.19098
6.19534
6.20617
6.2176
-3.72708
-3.86433
-4.00072
-4.11814
-4.21542
-4.30742
-4.37464
-4.41635
-4.43435
-4.51999
11.2219
638.389
1533.16
1594.1
1599.44
1604.72
1609.99
1132.84
112.577
9.7941
7.3908
6.90992
6.74888
6.64305
6.54804
6.4601
6.37943
6.30709
6.24478
6.19357
6.15327
6.123
6.1022
6.09057
6.08778
6.09356
6.10566
6.11791
-3.74711
-3.88039
-4.00764
-4.12191
-4.22307
-4.3188
-4.39131
-4.43678
-4.45876
-4.45076
-4.50285
-4.07818
705.418
1602.19
1655.42
1663.35
1667.84
1492.19
342.98
12.0862
7.62708
6.82471
6.61273
6.50474
6.41298
6.3286
6.25142
6.18206
6.12224
6.07321
6.03485
6.00638
5.98733
5.97745
5.97632
5.98365
5.997
6.01002
-3.77231
-3.90103
-4.02046
-4.12806
-4.22341
-4.30841
-4.37636
-4.4286
-4.46473
-4.47528
-4.49158
-4.4711
28.833
1056.79
1704.85
1719.47
1726.66
1691.51
624.06
14.921
7.9152
6.71552
6.44621
6.33912
6.25452
6.17695
6.10596
6.04185
5.98644
5.94114
5.90592
5.88019
5.8636
5.85594
5.85676
5.86572
5.8803
5.89404
-3.80123
-3.92583
-4.03971
-4.14157
-4.23023
-4.30533
-4.36455
-4.40903
-4.44041
-4.46031
-4.46647
-4.42788
-4.44081
341.682
1547.91
1772.83
1784.93
1789.21
868.063
29.632
8.1291
6.56173
6.2466
6.14551
6.07236
6.00527
5.94331
5.88677
5.83769
5.79766
5.7668
5.74473
5.73131
5.72635
5.72938
5.74006
5.75582
5.77017
-3.83378
-3.95458
-4.0639
-4.16087
-4.24408
-4.31207
-4.36289
-4.39704
-4.41759
-4.42906
-4.43532
-4.40717
-4.39046
1.15224
1117.57
1822.71
1839.38
1839.09
1136.53
67.5844
8.29509
6.35842
6.01222
5.92415
5.86733
5.81463
5.76454
5.71779
5.67683
5.64348
5.61809
5.60057
5.59097
5.58916
5.59463
5.60708
5.62394
5.6388
-3.87043
-3.98804
-4.09364
-4.18663
-4.26541
-4.32773
-4.37119
-4.39538
-4.40403
-4.40322
-4.39821
-4.36972
-4.30191
-4.4807
636.221
1811.87
1888.99
1894.89
1256.39
92.4031
8.16537
6.06636
5.73865
5.67643
5.64172
5.6072
5.57156
5.53652
5.50521
5.47972
5.46073
5.44851
5.4433
5.445
5.45309
5.46733
5.48518
5.50045
-3.91161
-4.02717
-4.13016
-4.22014
-4.29521
-4.35243
-4.38888
-4.40362
-4.40009
-4.3861
-4.36888
-4.33309
-4.23623
-4.39965
309.739
1713.72
1933.23
1953.69
1242.31
86.014
7.63668
5.68788
5.43423
5.40846
5.40018
5.38649
5.36708
5.34517
5.32462
5.30785
5.29594
5.28958
5.28919
5.29467
5.30549
5.32149
5.34021
5.35575
-3.95771
-4.07273
-4.17445
-4.26226
-4.33376
-4.38553
-4.41451
-4.41983
-4.40478
-4.37772
-4.34916
-4.31118
-4.21442
-4.35196
127.627
1574.26
1969.58
1995.89
1144.29
60.0133
6.84579
5.26843
5.11627
5.13005
5.14919
5.15691
5.15439
5.14631
5.13712
5.12954
5.12515
5.12501
5.1297
5.1391
5.15268
5.17034
5.18979
5.20548
-4.00923
-4.12518
-4.22682
-4.31286
-4.38017
-4.42512
-4.44537
-4.44092
-4.4153
-4.37657
-4.33726
-4.29576
-4.19413
-4.32701
138.637
1614.85
1996.35
1995.31
948.712
25.6458
5.99011
4.8583
4.80219
4.85085
4.89514
4.92289
4.93685
4.94263
4.94487
4.94661
4.94989
4.95613
4.96599
4.9793
4.99557
5.01478
5.03479
5.0505
-4.06665
-4.18462
-4.28672
-4.37067
-4.43246
-4.46865
-4.47851
-4.46396
-4.42895
-4.38077
-4.33217
-4.28401
-4.17469
-4.31499
202.044
1716.83
2025.35
1929.15
651.906
12.0644
5.181
4.48582
4.4998
4.57722
4.6428
4.68819
4.71753
4.73661
4.74996
4.76085
4.77174
4.7843
4.79924
4.81635
4.83516
4.85574
4.87614
4.89175
-4.13018
-4.25063
-4.3529
-4.4336
-4.48812
-4.51376
-4.51207
-4.48739
-4.44421
-4.3885
-4.33273
-4.27635
-4.15992
-4.36341
370.79
1845.76
2065.61
1730.21
334.269
8.47523
4.47658
4.14579
4.21107
4.31218
4.39517
4.45571
4.49902
4.53045
4.55428
4.57394
4.59219
4.61087
4.63065
4.65131
4.67244
4.6942
4.71481
4.7302
-4.19939
-4.32222
-4.42357
-4.49931
-4.54478
-4.55882
-4.54549
-4.51106
-4.46025
-4.39765
-4.33473
-4.26442
-4.15432
-4.62897
769.222
1941.73
2116.38
1298.94
100.394
5.66372
3.91158
3.83089
3.93703
4.05756
4.15442
4.22787
4.28353
4.3261
4.35955
4.38742
4.41264
4.43707
4.46135
4.48524
4.50841
4.53112
4.55179
4.56685
-4.27314
-4.39777
-4.49668
-4.56552
-4.60057
-4.60281
-4.57857
-4.53476
-4.47572
-4.40575
-4.3324
-4.23171
-4.20945
35.2984
1470.2
1956.56
1922.04
721
12.5536
4.07207
3.49878
3.5402
3.68072
3.81514
3.92251
4.00675
4.07297
4.12524
4.1673
4.20269
4.23435
4.26406
4.29239
4.31912
4.34403
4.36748
4.38805
4.40269
-4.34957
-4.47505
-4.56982
-4.62995
-4.65361
-4.64433
-4.60989
-4.55645
-4.48766
-4.41142
-4.32261
-4.17904
-4.41835
559.495
1908.17
1952.94
1464.69
201.235
6.02919
3.23907
3.14689
3.27925
3.4435
3.58605
3.70115
3.794
3.86887
3.92932
3.97887
4.02098
4.05843
4.09285
4.12471
4.15387
4.18022
4.20418
4.22451
4.23866
-4.4262
-4.55107
-4.63978
-4.68948
-4.70084
-4.68016
-4.63579
-4.57165
-4.49143
-4.41188
-4.31775
-4.33892
126.023
1616.63
1920.09
1817.45
630.411
12.7186
3.7235
2.82097
2.87409
3.05027
3.22451
3.37086
3.49137
3.59071
3.67236
3.73949
3.7954
3.84334
3.88584
3.9243
3.95915
3.99032
4.0178
4.04209
4.06206
4.07566
-4.49983
-4.62187
-4.70215
-4.7393
-4.737
-4.7047
-4.65107
-4.57595
-4.47822
-4.39333
-4.33898
6.81695
1177.25
1871.35
1912.51
1050.67
67.5905
4.72903
2.63792
2.49769
2.6535
2.84661
3.02186
3.16954
3.29352
3.39744
3.48417
3.55659
3.61777
3.67063
3.71736
3.75918
3.79645
3.8292
3.85754
3.88197
3.90149
3.91449
-4.56639
-4.68216
-4.75062
-4.77037
-4.75405
-4.71073
-4.65316
-4.56997
-4.43773
-4.35382
-4.42789
828.306
1834.45
1862.05
1409.71
203.641
6.77343
2.77816
2.16714
2.2711
2.46511
2.66161
2.83421
2.98175
3.10751
3.21433
3.30469
3.3812
3.44662
3.50348
3.55362
3.59807
3.63721
3.67116
3.7001
3.72451
3.74352
3.75589
-4.62073
-4.7254
-4.7745
-4.76255
-4.72746
-4.68973
-4.64673
-4.5121
-4.35712
5.52604
825.989
1808.83
1850.37
1652.23
425.055
9.56618
2.97916
1.87858
1.8898
2.08755
2.2983
2.4917
2.66072
2.80695
2.93305
3.04137
3.13415
3.2137
3.28239
3.34234
3.39507
3.44147
3.48196
3.51675
3.54606
3.57033
3.58876
3.60049
-4.65713
-4.74338
-4.75681
-4.7298
-4.66971
-4.62658
-4.64375
-4.69713
157.782
1104.02
1799.76
1829
1822.18
731.104
17.845
3.37777
1.66441
1.53211
1.71377
1.9365
2.14764
2.33566
2.50061
2.64452
2.76974
2.87844
2.97262
3.05427
3.12533
3.18749
3.24202
3.28973
3.33111
3.36643
3.39591
3.41993
3.43774
3.44882
-4.6701
-4.73105
-4.71636
-4.65143
-4.5544
-4.4979
-4.56689
-4.50215
421.63
1823.19
1843.63
1848.95
1107.49
69.5561
3.79441
1.53313
1.21942
1.36132
1.58403
1.80677
2.01076
2.19263
2.35297
2.49374
2.61719
2.72538
2.82011
2.90301
2.97556
3.03908
3.09467
3.14314
3.18501
3.22057
3.25005
3.27371
3.29088
3.30132
-4.65331
-4.68099
-4.64819
-4.54378
-4.40859
-4.30246
-4.39781
-4.21598
157.087
1153.64
1653.71
1194.88
187.006
4.64915
1.45707
0.931223
1.02775
1.24418
1.4738
1.6898
1.88616
2.06158
2.21687
2.35392
2.47495
2.58197
2.67652
2.75985
2.83304
2.89714
2.95315
3.00188
3.04388
3.07948
3.10879
3.13201
3.14851
3.15833
-4.63116
-4.63243
-4.57245
-4.44188
-4.28185
-4.13113
-4.14502
-4.22315
-3.48678
74.3686
225.248
85.773
4.17308
1.39636
0.574975
0.673036
0.90379
1.14651
1.37461
1.5837
1.77271
1.9416
2.09149
2.22442
2.34262
2.44794
2.54165
2.62463
2.69766
2.76163
2.81749
2.86607
2.90793
2.94334
2.97236
2.99506
3.01087
3.0201
-4.61702
-4.60489
-4.33976
-4.39261
-4.27027
-4.09886
-3.98311
-3.76502
-3.83723
-3.25856
-0.630067
0.875977
0.241734
0.012888
0.23513
0.533443
0.812757
1.06272
1.28688
1.48873
1.67005
1.83203
1.97623
2.10476
2.21979
2.32295
2.41519
2.49707
2.56922
2.63244
2.68769
2.73579
2.77726
2.8123
2.84088
2.86299
2.87811
2.88682
-4.62063
-4.60712
-4.35824
-4.47963
-4.43892
-4.32247
-4.03253
-3.64528
-3.33909
-3.15918
-2.30419
-1.34807
-0.726927
-0.279838
0.130028
0.468666
0.752511
0.997117
1.21289
1.40555
1.57812
1.73252
1.87062
1.9945
2.10607
2.20659
2.29671
2.37682
2.44746
2.50944
2.5637
2.61105
2.65192
2.68643
2.71445
2.73586
2.75023
2.75866
-4.65444
-4.67056
-4.55827
-4.68145
-4.7073
-4.56979
-4.01937
-3.30683
-2.89012
-2.5107
-1.93576
-1.29174
-0.7029
-0.231209
0.151214
0.461487
0.723626
0.951462
1.15341
1.3342
1.49665
1.64273
1.7743
1.8932
2.00091
2.0983
2.18572
2.26347
2.33209
2.39244
2.44544
2.49181
2.53191
2.56574
2.59307
2.61369
2.62705
2.63583
-4.72495
-4.80306
-4.88285
-0.825901
-4.8958
16.8426
-2.99326
-2.59777
-2.25263
-1.84842
-1.37316
-0.878057
-0.440378
-0.076627
0.228503
0.489312
0.7183
0.922688
1.10691
1.27369
1.42492
1.56214
1.68681
1.80035
1.90373
1.99743
2.0816
2.15652
2.22276
2.28121
2.33275
2.37799
2.41717
2.45017
2.47671
2.49656
2.50915
2.51755
-4.81683
-4.95917
-5.13145
-5.3801
78.961
1115.14
903.31
-1.36092
-1.65878
-1.20556
-0.856929
-0.503841
-0.186441
0.0840327
0.320566
0.532932
0.727187
0.906007
1.07077
1.22245
1.36192
1.48996
1.60748
1.71527
1.81384
1.90332
1.98379
2.05551
2.11913
2.17552
2.22545
2.26943
2.30755
2.33962
2.36528
2.38429
2.39606
2.40412
-4.90467
-5.11703
-5.37096
-5.59335
925.197
1632.74
1630.34
629.793
1.22269
-0.612194
-0.341026
-0.150034
0.0526858
0.240992
0.41621
0.583414
0.743997
0.897253
1.04234
1.1788
1.30645
1.42526
1.53541
1.63712
1.73044
1.81531
1.89172
1.96003
2.0209
2.07512
2.12336
2.16596
2.20291
2.23392
2.25862
2.27676
2.28771
2.29534
-4.92411
-5.19056
-5.58326
-5.6857
1272.79
1662.69
1666.77
1655.14
132.247
-0.218976
0.155489
0.206978
0.284292
0.391943
0.510069
0.635127
0.763923
0.89283
1.01912
1.141
1.25721
1.36689
1.46957
1.56494
1.65272
1.7327
1.80491
1.86972
1.92778
1.97978
2.02626
2.06739
2.10305
2.13291
2.15657
2.17381
2.18395
2.19106
-4.87212
-5.17166
-5.57158
-4.94403
583.314
1698.38
1694.19
1695.68
991.493
37.6453
0.450516
0.578163
0.501594
0.526873
0.593895
0.681699
0.782193
0.889322
0.99869
1.10723
1.21273
1.3136
1.40885
1.49776
1.57987
1.65489
1.72287
1.78421
1.83948
1.88927
1.93392
1.97349
2.00778
2.03639
2.05894
2.07524
2.08461
2.09113
-4.79117
-5.10903
-5.32032
-5.21884
-5.82842
1660.39
1723.08
1726.49
1729.76
239.949
0.805922
0.877477
0.660214
0.627498
0.657074
0.716152
0.794191
0.883599
0.978776
1.07572
1.1715
1.26408
1.3521
1.43466
1.51115
1.5813
1.64518
1.70316
1.75572
1.80329
1.84608
1.88403
1.91685
1.94414
1.96552
1.98086
1.9895
1.99538
-4.66471
-5.0087
-5.34204
-4.68308
-4.24327
852.616
1756.66
1758.97
1648.04
213.349
0.88945
0.978284
0.727211
0.677798
0.690046
0.732753
0.796334
0.873199
0.957481
1.04485
1.13212
1.21711
1.29834
1.37482
1.44595
1.51147
1.57146
1.62624
1.67618
1.72157
1.76247
1.79873
1.83001
1.85593
1.87611
1.89047
1.89841
1.90361
-4.47122
-4.83908
-5.24628
-5.49453
2.77573
37.5162
1172.6
1427.02
603.855
100.252
1.57304
0.916043
0.713106
0.677407
0.690727
0.729626
0.787056
0.85673
0.933487
1.01337
1.09347
1.17172
1.24675
1.31762
1.38377
1.445
1.50137
1.55314
1.60057
1.64381
1.6828
1.71732
1.74703
1.77152
1.79049
1.80386
1.81113
1.81564
-4.19649
-4.5504
-4.95425
-5.24705
-1.18531
6.87637
65.1891
132.556
10.076
11.5098
1.01129
0.699083
0.621396
0.631067
0.662539
0.708487
0.766884
0.833978
0.90618
0.98053
1.05476
1.12722
1.19676
1.26259
1.32423
1.38154
1.43459
1.48354
1.52857
1.56969
1.60677
1.63954
1.66763
1.6907
1.70844
1.72082
1.72747
1.73127
-3.84532
-4.13675
-4.46186
-4.72853
-2.73004
-1.20305
-3.76342
-0.579521
0.168959
-0.467686
0.252498
0.412747
0.48557
0.555001
0.614328
0.674182
0.738169
0.805826
0.875666
0.946071
1.01563
1.08323
1.14802
1.2094
1.26703
1.32082
1.37082
1.41716
1.45989
1.49894
1.53411
1.5651
1.59158
1.61321
1.62975
1.64115
1.64719
1.65031
-3.45229
-3.66521
-3.87831
-4.03027
-3.86438
-3.64388
-3.48234
-2.372
-1.33892
-0.711345
-0.0910178
0.190421
0.360357
0.474208
0.559228
0.633578
0.704355
0.773893
0.84262
0.910204
0.976076
1.03964
1.10036
1.15787
1.21195
1.26258
1.30981
1.3537
1.39422
1.43124
1.46452
1.49376
1.51863
1.53885
1.55419
1.56464
1.57009
1.57258
-3.05449
-3.19669
-3.31793
-3.37972
-3.3253
-3.13541
-2.75231
-2.05395
-1.28889
-0.69078
-0.213045
0.0789384
0.27248
0.406292
0.507623
0.59245
0.668632
0.739921
0.807978
0.873412
0.936301
0.996481
1.05373
1.10786
1.15881
1.20661
1.25129
1.29288
1.33129
1.36634
1.39776
1.42526
1.44855
1.46739
1.48158
1.4911
1.49598
1.49789
-2.67673
-2.75993
-2.813
-2.80987
-2.72437
-2.53656
-2.19539
-1.6705
-1.10294
-0.61928
-0.238832
0.0258105
0.214797
0.35425
0.463177
0.553732
0.633085
0.705314
0.772658
0.836259
0.896621
0.953902
1.00812
1.05929
1.10746
1.15269
1.19504
1.23447
1.27085
1.30397
1.33357
1.35938
1.38113
1.39863
1.41171
1.42033
1.42466
1.42605
-2.33337
-2.37076
-2.37487
-2.32876
-2.2171
-2.02694
-1.73702
-1.34617
-0.924635
-0.545679
-0.235299
-0.000775323
0.177314
0.315252
0.425902
0.518418
0.598856
0.671069
0.737416
0.799261
0.857341
0.912039
0.963572
1.0121
1.05776
1.10067
1.14085
1.17823
1.21266
1.24392
1.27175
1.2959
1.31616
1.33237
1.34438
1.35217
1.35597
1.35689
-2.02983
-2.03428
-2.0063
-1.93535
-1.81292
-1.6321
-1.38658
-1.08491
-0.765184
-0.467969
-0.213784
-0.00891911
0.154778
0.286599
0.395025
0.48673
0.566561
0.637857
0.702814
0.762815
0.818703
0.871007
0.920089
0.966224
1.00962
1.05038
1.08852
1.12396
1.15651
1.18596
1.21207
1.23462
1.25345
1.26843
1.27943
1.28642
1.28972
1.29022
-1.76544
-1.74812
-1.70115
-1.6187
-1.49645
-1.33165
-1.12413
-0.883241
-0.631874
-0.393787
-0.183229
-0.00537934
0.142607
0.265786
0.369534
0.458536
0.536477
0.606068
0.669205
0.727179
0.780865
0.83088
0.877684
0.92162
0.962917
1.00168
1.03791
1.07148
1.10221
1.12991
1.15435
1.17537
1.19283
1.20663
1.21667
1.22292
1.22575
1.22586
-1.53687
-1.50625
-1.44955
-1.36399
-1.24779
-1.10038
-0.924032
-0.72678
-0.523118
-0.327838
-0.150734
0.00397188
0.136854
0.250545
0.348364
0.433494
0.508622
0.57585
0.63675
0.692484
0.743915
0.791704
0.83636
0.878246
0.917587
0.954469
0.988856
1.02063
1.0496
1.07559
1.09843
1.11797
1.13412
1.1468
1.15595
1.1615
1.16388
1.16365
-1.33954
-1.30139
-1.24099
-1.15722
-1.0496
-0.9187
-0.767567
-0.602725
-0.43382
-0.27047
-0.119481
0.0157775
0.134923
0.239203
0.330586
0.411159
0.48282
0.547159
0.605464
0.658766
0.707894
0.75351
0.79612
0.836071
0.873556
0.908632
0.941241
0.971255
0.99851
1.02285
1.04413
1.06226
1.07717
1.0888
1.09709
1.102
1.10397
1.10342
-1.16848
-1.12666
-1.0662
-0.986777
-0.888579
-0.772677
-0.642179
-0.502272
-0.359653
-0.220826
-0.090599
0.0283578
0.135279
0.230604
0.315417
0.391035
0.458773
0.519836
0.575281
0.626022
0.672829
0.716323
0.756966
0.795061
0.830756
0.864072
0.894938
0.923229
0.948805
0.971538
0.991327
1.0081
1.02183
1.03246
1.03996
1.04427
1.04586
1.04502
-1.0194
-0.976481
-0.918076
-0.844151
-0.755279
-0.652761
-0.539412
-0.4193
-0.297217
-0.177721
-0.0643031
0.0408943
0.136964
0.223878
0.302156
0.372604
0.436137
0.493681
0.546116
0.594242
0.638741
0.680162
0.718895
0.755179
0.789113
0.820689
0.849828
0.876419
0.900348
0.92152
0.939869
0.955355
0.967958
0.977662
0.984423
0.98817
0.989412
0.988324
-0.889072
-0.84666
-0.791369
-0.723272
-0.643163
-0.552429
-0.453465
-0.349428
-0.243827
-0.139963
-0.0404561
0.0529366
0.139281
0.218296
0.290168
0.355381
0.41459
0.468522
0.517908
0.563426
0.605653
0.645038
0.681888
0.716372
0.748544
0.778377
0.805793
0.8307
0.853012
0.872668
0.889633
0.90389
0.915435
0.924264
0.930335
0.933572
0.934493
0.933184
-0.774897
-0.733847
-0.682073
-0.619632
-0.547531
-0.467099
-0.3803
-0.28957
-0.197532
-0.106649
-0.018947
0.0641107
0.141634
0.213232
0.278914
0.338974
0.393894
0.444248
0.490629
0.533585
0.573574
0.610939
0.6459
0.678565
0.708953
0.737024
0.762713
0.785948
0.806676
0.824864
0.840501
0.85359
0.864139
0.872148
0.877579
0.880348
0.88098
0.879479
-0.674441
-0.635175
-0.586921
-0.529829
-0.464984
-0.393582
-0.317196
-0.237707
-0.157108
-0.0772813
0.000173029
0.0740406
0.14352
0.2082
0.268008
0.323128
0.373914
0.420809
0.46427
0.504716
0.542484
0.577816
0.610855
0.641659
0.670225
0.696511
0.720468
0.742049
0.761228
0.777997
0.792364
0.804346
0.813958
0.821204
0.826043
0.828385
0.828756
0.827093
-0.585627
-0.548373
-0.503567
-0.451482
-0.393228
-0.32981
-0.262468
-0.192654
-0.121901
-0.051671
0.0167675
0.0824168
0.144587
0.202895
0.257237
0.30772
0.354595
0.398183
0.438815
0.476785
0.512322
0.545582
0.576644
0.605534
0.632235
0.656715
0.678942
0.698893
0.716564
0.731967
0.745125
0.756061
0.764794
0.771329
0.775622
0.777575
0.777714
0.775915
-0.507004
-0.47188
-0.430445
-0.383074
-0.33083
-0.274524
-0.215117
-0.153731
-0.0915512
-0.0297171
0.0307667
0.0890921
0.144683
0.197202
0.24653
0.292714
0.335913
0.376339
0.414208
0.449709
0.48298
0.514107
0.54313
0.57005
0.594852
0.617515
0.638023
0.656376
0.672588
0.686683
0.698692
0.708642
0.716554
0.722428
0.726219
0.72782
0.727755
0.725846
-0.437642
-0.404691
-0.366539
-0.323599
-0.276829
-0.226864
-0.174438
-0.120416
-0.0657152
-0.0112227
0.0422692
0.0941133
0.143835
0.191139
0.235893
0.278095
0.317824
0.355198
0.390339
0.42335
0.454302
0.483233
0.510156
0.535064
0.557946
0.578794
0.59761
0.614409
0.629215
0.642063
0.652985
0.66201
0.669155
0.674417
0.677746
0.679032
0.678788
0.676794
-0.376752
-0.345974
-0.310989
-0.272176
-0.230357
-0.186019
-0.139718
-0.0921169
-0.0439248
0.00416686
0.0515363
0.0976662
0.142163
0.184765
0.225331
0.263813
0.300228
0.334619
0.367037
0.397523
0.4261
0.45278
0.477559
0.500432
0.521394
0.540449
0.557613
0.572909
0.586371
0.598034
0.607933
0.616091
0.622521
0.627216
0.630123
0.631126
0.630729
0.628673
-0.323371
-0.294762
-0.262807
-0.227801
-0.190432
-0.15107
-0.110131
-0.0681256
-0.0256011
0.016904
0.0589002
0.0999704
0.139784
0.178106
0.214786
0.249747
0.282954
0.3144
0.344085
0.37201
0.398172
0.422565
0.445182
0.46602
0.485083
0.502386
0.51795
0.531806
0.543989
0.554534
0.56347
0.570818
0.576583
0.580755
0.583276
0.584027
0.583501
0.581403
-0.27632
-0.249909
-0.220845
-0.189343
-0.155978
-0.12103
-0.0848124
-0.0477153
-0.0101641
0.0274202
0.0646484
0.10118
0.136735
0.171099
0.20412
0.235699
0.265771
0.294295
0.32124
0.346586
0.370315
0.392415
0.41288
0.431712
0.448921
0.464526
0.478555
0.491039
0.502011
0.511502
0.519536
0.526128
0.531276
0.534965
0.537136
0.537664
0.53703
0.534911
-0.234396
-0.210237
-0.183948
-0.155698
-0.125978
-0.0949993
-0.0629968
-0.0302715
0.00284519
0.0360207
0.0689422
0.101329
0.132943
0.163589
0.193118
0.22142
0.248415
0.274044
0.298262
0.321038
0.342349
0.362182
0.380534
0.397411
0.412827
0.426805
0.439371
0.450554
0.460384
0.468886
0.476076
0.481962
0.486539
0.489784
0.491638
0.491971
0.49125
0.489128
-0.196605
-0.174754
-0.151157
-0.125974
-0.0996338
-0.0722952
-0.044135
-0.0153851
0.0136945
0.0428391
0.0717956
0.100332
0.128242
0.155353
0.181522
0.20664
0.230623
0.253404
0.274936
0.295183
0.314123
0.331745
0.348049
0.363044
0.376744
0.389172
0.400352
0.410308
0.419064
0.426637
0.433038
0.438268
0.442315
0.445154
0.44672
0.446885
0.446099
0.443993
-0.16229
-0.142783
-0.121823
-0.0995822
-0.0764396
-0.0525119
-0.0279296
-0.00287056
0.0224612
0.0478543
0.0731034
0.0980148
0.122412
0.146142
0.169076
0.191111
0.212164
0.232173
0.251089
0.26888
0.285526
0.30102
0.315361
0.32856
0.34063
0.351591
0.361462
0.370263
0.378009
0.384712
0.390376
0.394995
0.398552
0.401019
0.402329
0.402351
0.401519
0.399448
-0.13112
-0.113962
-0.095607
-0.0762311
-0.0561657
-0.0354903
-0.0142957
0.00728334
0.0290875
0.0509484
0.0726982
0.0941755
0.11523
0.135729
0.15556
0.174629
0.192861
0.210199
0.2266
0.242035
0.256488
0.269952
0.282429
0.293927
0.304457
0.314034
0.322672
0.330386
0.337183
0.343071
0.348045
0.352095
0.3552
0.357328
0.358412
0.358318
0.357461
0.355443
-0.102962
-0.0881468
-0.0723871
-0.0558363
-0.0387692
-0.0212291
-0.00327398
0.0149961
0.0334574
0.0519753
0.0704125
0.0886345
0.106515
0.123941
0.140815
0.157055
0.172597
0.18739
0.201398
0.214596
0.22697
0.238514
0.24923
0.259123
0.268201
0.276474
0.283952
0.290643
0.296549
0.30167
0.306
0.309522
0.312211
0.314035
0.314922
0.314738
0.313877
0.311933
-0.077726
-0.0652723
-0.0521343
-0.0384013
-0.0242795
-0.00977985
0.00506484
0.0201805
0.0354696
0.0508237
0.0661297
0.0812758
0.0961567
0.110677
0.124754
0.138319
0.151317
0.163705
0.175453
0.186541
0.196956
0.206692
0.21575
0.224132
0.231843
0.238888
0.245272
0.250998
0.256064
0.260466
0.264192
0.267224
0.269535
0.271088
0.271811
0.271566
0.270724
0.268877
-0.0552514
-0.0452531
-0.0348123
-0.0239184
-0.0127049
-0.00116036
0.0106971
0.0228086
0.0350938
0.047462
0.0598188
0.072071
0.0841307
0.0959185
0.107366
0.118415
0.129022
0.139151
0.148776
0.15788
0.166454
0.17449
0.181987
0.188945
0.195365
0.20125
0.2066
0.211414
0.215687
0.219412
0.222574
0.225153
0.227121
0.228438
0.229033
0.228761
0.227963
0.226244
-0.0352972
-0.0279735
-0.0203533
-0.0123338
-0.00399167
0.00468913
0.013689
0.0229516
0.0324036
0.0419649
0.0515545
0.061094
0.0705102
0.0797378
0.0887208
0.0974134
0.105778
0.113788
0.12142
0.128661
0.135502
0.141936
0.147959
0.153569
0.158767
0.16355
0.167917
0.171864
0.175384
0.178467
0.1811
0.18326
0.18492
0.186039
0.186543
0.186284
0.185562
0.184008
-0.0175327
-0.0132275
-0.00860433
-0.00350336
0.00201472
0.00793561
0.0142163
0.0207886
0.0275767
0.0345055
0.0415029
0.0485023
0.0554433
0.0622734
0.0689482
0.0754312
0.0816931
0.0877112
0.0934689
0.0989541
0.104158
0.109074
0.113699
0.118028
0.122059
0.125789
0.129215
0.132332
0.135131
0.137604
0.139735
0.141507
0.142891
0.143848
0.144306
0.14411
0.143512
0.142185
-0.00065726
0.000115605
0.0012869
0.00324463
0.00586652
0.00903945
0.01266
0.0166287
0.0208564
0.0252662
0.0297914
0.034374
0.0389646
0.0435214
0.0480098
0.0524014
0.0566734
0.0608083
0.0647924
0.0686155
0.0722695
0.0757478
0.0790453
0.0821577
0.0850814
0.0878127
0.0903468
0.0926779
0.0947991
0.0967013
0.0983728
0.0997967
0.100949
0.101793
0.102258
0.102185
0.101759
0.100725
0.0189099
0.0144936
0.0111356
0.00933422
0.00868831
0.0088808
0.00968903
0.0109526
0.0125548
0.0144083
0.0164462
0.0186159
0.0208755
0.0231916
0.0255369
0.0278892
0.0302306
0.0325467
0.0348256
0.0370576
0.039234
0.0413476
0.0433922
0.0453621
0.0472526
0.0490587
0.0507755
0.0523976
0.0539193
0.0553339
0.0566333
0.0578061
0.0588353
0.0596943
0.0603252
0.0605718
0.0605133
0.059951
0.0325594
0.0207297
0.0146639
0.0107392
0.00809869
0.00630869
0.00509616
0.00429362
0.00379488
0.00352876
0.00344578
0.00351046
0.00369662
0.00398439
0.00435818
0.00480533
0.00531525
0.00587879
0.0064878
0.00713484
0.007813
0.00851592
0.00923782
0.00997347
0.0107182
0.0114677
0.0122183
0.0129665
0.0137097
0.0144454
0.0151714
0.0158852
0.0165826
0.0172563
0.0178822
0.0183692
0.0187067
0.0187431
)
;

boundaryField
{
    leftWall
    {
        type            fixedFluxPressure;
        gradient        uniform 0;
        value           nonuniform List<scalar> 
100
(
1113.58
1113.34
1112.51
1111.46
1110.35
1109.11
1107.67
1106.03
1104.21
1102.21
1100.03
1097.66
1095.12
1092.42
1089.55
1086.55
1081.65
1074.41
1066.79
1058.93
1051.09
1043.59
1036.03
1029.38
945.385
211.582
-1.1299
-0.892518
-0.884674
-0.869162
-0.877723
-0.890645
-0.9051
-0.920379
-0.936437
-0.953466
-0.97146
-0.990176
-1.00923
-1.02817
-1.04648
-1.06371
-1.0795
-1.09363
-1.10602
-1.11671
-1.12574
-1.13317
-1.13902
-1.1432
-1.1457
-1.14657
-1.14591
-1.1438
-1.14032
-1.13556
-1.12957
-1.12242
-1.11417
-1.10484
-1.09449
-1.08315
-1.07083
-1.05757
-1.04339
-1.02832
-1.01239
-0.995642
-0.978097
-0.959794
-0.940769
-0.921062
-0.900711
-0.879758
-0.858243
-0.836206
-0.81369
-0.790736
-0.767385
-0.743676
-0.719645
-0.69533
-0.670765
-0.645987
-0.621025
-0.595903
-0.570646
-0.54528
-0.519812
-0.494205
-0.468419
-0.442541
-0.416699
-0.390381
-0.361973
-0.330925
-0.301219
-0.274478
-0.225748
-0.11062
)
;
    }
    rightWall
    {
        type            fixedFluxPressure;
        gradient        uniform 0;
        value           nonuniform List<scalar> 
100
(
6.99124
6.9913
6.99127
6.99095
6.99024
6.98933
6.98828
6.98696
6.98535
6.98341
6.98113
6.9785
6.97548
6.97208
6.96828
6.96408
6.95684
6.94501
6.93095
6.91444
6.89521
6.87293
6.84726
6.81782
6.78419
6.74592
6.70255
6.6536
6.5986
6.53708
6.46859
6.39273
6.30915
6.2176
6.11791
6.01002
5.89404
5.77017
5.6388
5.50045
5.35575
5.20548
5.0505
4.89175
4.7302
4.56685
4.40269
4.23866
4.07566
3.91449
3.75589
3.60049
3.44882
3.30132
3.15833
3.0201
2.88682
2.75866
2.63583
2.51755
2.40412
2.29534
2.19106
2.09113
1.99538
1.90361
1.81564
1.73127
1.65031
1.57258
1.49789
1.42605
1.35689
1.29022
1.22586
1.16365
1.10342
1.04502
0.988324
0.933184
0.879479
0.827093
0.775915
0.725846
0.676794
0.628673
0.581403
0.534911
0.489128
0.443993
0.399448
0.355443
0.311933
0.268877
0.226244
0.184008
0.142185
0.100725
0.059951
0.0187431
)
;
    }
    lowerWall
    {
        type            fixedFluxPressure;
        gradient        uniform 0;
        value           nonuniform List<scalar> 
124
(
1113.58
1113.49
1117.57
1123.67
1130.05
1135.8
1140.67
1144.65
1147.88
1150.5
1152.67
1154.48
1156.04
1157.43
1158.68
1159.87
1161.03
1162.19
1163.41
1164.72
1166.18
1167.86
1169.84
1172.21
1175.11
1178.68
1183.12
1188.66
1195.58
1204.23
1215.07
1228.75
1245.68
1266.48
1291.73
1321.97
1357.36
1397.19
1439.31
1480.04
1514.59
1539.42
1547.09
1549.57
1568.54
1601.32
1601.32
1592.52
1587.52
1589.08
1598.75
1617.06
1640.38
1664.83
1688.22
1705.34
1714.01
1709.95
1686.66
1633.66
1531.47
1352.72
279.637
358.416
426.706
-19.4528
-7.76289
5.46264
6.32096
6.11292
7.20573
7.20631
7.20706
7.20793
7.20874
7.20915
7.20887
7.20761
7.20496
7.20034
7.19275
7.18057
7.16093
7.12932
7.07549
6.9935
7.20573
7.20126
7.19662
7.19252
7.19008
7.18993
7.19181
7.19536
7.19979
7.20448
7.2087
7.21192
7.21369
7.2137
7.21174
7.20771
7.20162
7.19351
7.18355
7.17196
7.15903
7.14509
7.13048
7.11555
7.1006
7.08591
7.07172
7.05824
7.04565
7.03411
7.02376
7.01472
7.00709
7.00096
6.99638
6.99336
6.99169
6.99124
)
;
    }
    atmosphere
    {
        type            totalPressure;
        rho             rho;
        psi             none;
        gamma           1;
        p0              uniform 0;
        value           nonuniform List<scalar> 
92
(
-0.112066
-0.272776
-0.248671
-0.236555
-0.229455
-0.224464
-0.220543
-0.217162
-0.214029
-0.210975
-0.207904
-0.204754
-0.201486
-0.198072
-0.194491
-0.190728
-0.186769
-0.182603
-0.178222
-0.173617
-0.168781
-0.163709
-0.158397
-0.152842
-0.147045
-0.141006
-0.13473
-0.128224
-0.121496
-0.11456
-0.107433
-0.100136
-0.0926929
-0.0851349
-0.0774965
-0.0698177
-0.062144
-0.0545264
-0.0470221
-0.0396948
-0.0326158
-0.0258666
-0.0195434
-0.0137652
-0.00869106
-0.00454622
-0.00226867
-0.00125004
-0.000572468
-0.000190348
-3.82131e-05
0
0
0
0
0
0
0
0
0
0
0
0
0
0
0
0
0
0
0
0
0
0
0
0
0
0
0
0
0
0
0
0
0
0
0
0
0
0
0
0
0
)
;
    }
    defaultFaces
    {
        type            empty;
    }
}


// ************************************************************************* //
