/*--------------------------------*- C++ -*----------------------------------*\
  =========                 |
  \\      /  F ield         | OpenFOAM: The Open Source CFD Toolbox
   \\    /   O peration     | Website:  https://openfoam.org
    \\  /    A nd           | Version:  7
     \\/     M anipulation  |
\*---------------------------------------------------------------------------*/
FoamFile
{
    version     2.0;
    format      ascii;
    class       volScalarField;
    location    "0.05";
    object      epsilon;
}
// * * * * * * * * * * * * * * * * * * * * * * * * * * * * * * * * * * * * * //

dimensions      [0 2 -3 0 0 0 0];

internalField   nonuniform List<scalar> 
9072
(
0.54163
0.719523
0.874024
0.971401
1.02537
1.05571
1.07503
1.09003
1.10393
1.11827
1.1338
1.15095
1.17011
1.19172
1.21641
1.24508
1.27914
1.32085
1.37402
1.44446
1.54068
1.6664
1.75199
1.74112
1.60862
1.41162
1.25093
1.14632
1.04609
1.00372
1.12167
1.50484
1.88326
0.529278
0.555985
0.562003
0.562207
0.560818
0.558821
0.556198
0.552431
0.54618
0.53431
0.509975
0.462581
0.400062
0.582709
0.548284
0.559143
0.563691
0.565063
0.565824
0.566921
0.568561
0.570713
0.573316
0.576341
0.579801
0.583751
0.588291
0.593575
0.59984
0.60747
0.617085
0.629734
0.647127
0.670925
0.700974
0.724392
0.731056
0.715433
0.688769
0.671309
0.669626
0.684218
0.705692
0.743499
0.771462
0.76287
0.572607
0.512041
0.492702
0.485074
0.480944
0.478293
0.47675
0.476483
0.477834
0.48081
0.484001
0.487481
0.647535
0.67749
0.537141
0.493789
0.467758
0.452301
0.443789
0.439603
0.43799
0.437869
0.438623
0.439929
0.441643
0.443728
0.446217
0.449199
0.452834
0.457384
0.463279
0.471195
0.482115
0.496395
0.512606
0.524606
0.531996
0.537974
0.546136
0.566091
0.58168
0.595425
0.619541
0.630375
0.611453
0.574966
0.512041
0.475653
0.457524
0.447693
0.441557
0.437649
0.43587
0.436969
0.442461
0.45463
0.476449
0.516322
0.728721
0.739626
0.527784
0.450645
0.407316
0.382515
0.36871
0.361413
0.357905
0.356572
0.356486
0.357144
0.358291
0.359827
0.361743
0.364098
0.367021
0.370731
0.375578
0.382062
0.390755
0.401461
0.412332
0.419857
0.42738
0.441976
0.463857
0.493187
0.504522
0.506359
0.514545
0.515529
0.500961
0.476319
0.445387
0.422525
0.407898
0.398381
0.391951
0.387938
0.386647
0.389302
0.398226
0.417265
0.452789
0.521566
0.810159
0.786008
0.517181
0.416856
0.36249
0.331806
0.314552
0.305102
0.300203
0.29795
0.297232
0.297426
0.298199
0.299396
0.300971
0.302957
0.305455
0.308642
0.31279
0.318244
0.325281
0.333438
0.340951
0.34589
0.352881
0.370384
0.396966
0.415878
0.421493
0.421748
0.42407
0.42318
0.41532
0.400815
0.382707
0.367165
0.355624
0.347306
0.3415
0.338109
0.337764
0.342027
0.353753
0.377872
0.42345
0.515212
0.878371
0.820837
0.507104
0.390323
0.328519
0.293912
0.274284
0.263262
0.257278
0.254261
0.252996
0.252779
0.253217
0.254112
0.255386
0.257042
0.259151
0.261844
0.265313
0.269769
0.275278
0.281286
0.28633
0.289468
0.295511
0.311939
0.33354
0.345438
0.350174
0.352673
0.353482
0.352722
0.348641
0.33987
0.328201
0.317103
0.30807
0.301187
0.296391
0.293945
0.294713
0.30048
0.314449
0.342329
0.39535
0.505265
0.93326
0.84667
0.498276
0.369648
0.30265
0.265312
0.243984
0.231776
0.224924
0.221264
0.219514
0.21892
0.219046
0.219657
0.220645
0.221986
0.223718
0.225927
0.228732
0.232236
0.236373
0.240603
0.243816
0.245661
0.250568
0.263852
0.273715
0.287297
0.295184
0.299781
0.300101
0.299333
0.296748
0.290925
0.282844
0.274652
0.267615
0.262124
0.258426
0.257003
0.258876
0.265974
0.281735
0.312453
0.371109
0.495339
0.97681
0.865792
0.490797
0.353587
0.28287
0.243563
0.22097
0.207842
0.200285
0.196077
0.193901
0.192967
0.192806
0.193154
0.193877
0.194924
0.196303
0.19806
0.200254
0.202906
0.205886
0.20872
0.210628
0.211603
0.215363
0.225334
0.229686
0.243066
0.253813
0.259299
0.259394
0.258426
0.256257
0.251916
0.24596
0.239753
0.234284
0.230026
0.227368
0.22692
0.229803
0.238041
0.255246
0.288177
0.35124
0.486852
1.01158
0.880074
0.484544
0.341109
0.267688
0.226916
0.203349
0.189486
0.181345
0.17667
0.17412
0.172881
0.172461
0.172572
0.173055
0.173838
0.174901
0.176256
0.177916
0.179853
0.181909
0.183703
0.184733
0.185181
0.187989
0.19513
0.198229
0.210197
0.222539
0.227922
0.22791
0.226664
0.224495
0.220917
0.216284
0.211475
0.207231
0.204016
0.202279
0.202699
0.206463
0.215662
0.234045
0.268769
0.335421
0.480272
1.04028
0.890915
0.479347
0.331413
0.256007
0.214115
0.189773
0.175304
0.166669
0.161591
0.158713
0.157205
0.156555
0.156456
0.156729
0.15728
0.15807
0.159081
0.160297
0.161659
0.163012
0.164072
0.164545
0.164707
0.166761
0.171662
0.17429
0.185892
0.198763
0.203435
0.203244
0.201703
0.199412
0.196256
0.192491
0.188693
0.185406
0.183053
0.182101
0.183267
0.187776
0.197772
0.217129
0.25336
0.323076
0.475739
1.06567
0.899305
0.475045
0.323894
0.247027
0.204256
0.179274
0.16429
0.15523
0.1498
0.146634
0.144888
0.144036
0.143752
0.143843
0.144198
0.144758
0.145486
0.146345
0.147265
0.148108
0.148674
0.148818
0.148839
0.150302
0.153501
0.155786
0.168063
0.180666
0.184245
0.183717
0.181881
0.179461
0.176569
0.17341
0.170363
0.167829
0.166179
0.165881
0.167669
0.172791
0.183437
0.203596
0.241133
0.31362
0.473396
1.09071
0.905911
0.471517
0.318114
0.240163
0.196679
0.17115
0.155718
0.146283
0.140541
0.137119
0.135163
0.134134
0.133693
0.13363
0.133821
0.134192
0.134694
0.135278
0.135872
0.136361
0.136612
0.136577
0.136529
0.137515
0.139483
0.141403
0.155037
0.166876
0.169136
0.168122
0.166002
0.163486
0.16079
0.158081
0.15561
0.15367
0.15259
0.152826
0.155118
0.160729
0.171881
0.192684
0.231368
0.306533
0.473615
1.119
0.911159
0.468701
0.313757
0.234985
0.190899
0.164885
0.149049
0.139277
0.133257
0.129608
0.127467
0.126284
0.125707
0.125516
0.125574
0.125797
0.126125
0.126505
0.126868
0.127124
0.127189
0.127065
0.126972
0.127534
0.128518
0.130141
0.145464
0.156311
0.157165
0.155566
0.15319
0.150624
0.148101
0.145747
0.143728
0.142261
0.141637
0.142299
0.144985
0.150961
0.162476
0.18375
0.223412
0.301332
0.477175
1.15563
0.915287
0.466612
0.310606
0.231172
0.186549
0.160088
0.143881
0.133802
0.12753
0.123677
0.121373
0.120057
0.119368
0.119073
0.119027
0.119136
0.119336
0.119571
0.119779
0.119892
0.119857
0.119695
0.119562
0.119793
0.12014
0.121453
0.138479
0.148197
0.147621
0.145392
0.142802
0.140238
0.137884
0.135825
0.134166
0.133073
0.132808
0.133797
0.13677
0.142986
0.154701
0.176226
0.216606
0.297394
0.485048
1.20887
0.918434
0.465327
0.3085
0.228466
0.183337
0.156455
0.1399
0.129537
0.123036
0.119001
0.116553
0.115124
0.114341
0.113965
0.113841
0.113868
0.11398
0.114119
0.114231
0.114263
0.11418
0.114002
0.113829
0.11388
0.114022
0.115074
0.133566
0.142038
0.139992
0.13712
0.134368
0.131855
0.129671
0.12786
0.126488
0.125685
0.12569
0.126914
0.130068
0.136389
0.148113
0.16958
0.21018
0.293513
0.496729
1.29647
0.920786
0.46486
0.307252
0.226627
0.181007
0.153724
0.136845
0.126221
0.119513
0.115314
0.11274
0.111214
0.110355
0.109916
0.109736
0.109708
0.109763
0.109844
0.109903
0.109893
0.109787
0.109593
0.109375
0.109341
0.109456
0.110292
0.130183
0.137362
0.133855
0.130369
0.127516
0.125094
0.123078
0.121475
0.120324
0.119736
0.119929
0.121297
0.124524
0.130805
0.142304
0.163279
0.203164
0.287031
0.505435
1.49842
0.379713
0.468949
0.524048
0.550489
0.561249
0.56474
0.565263
0.564763
0.563992
0.563284
0.562903
0.562615
0.562375
0.562167
0.561991
0.561842
0.561708
0.561596
0.561494
0.561401
0.561321
0.561234
0.561163
0.561082
0.56101
0.560936
0.560857
0.560776
0.560663
0.560491
0.560146
0.559382
0.557564
0.553129
0.542385
0.517558
0.466888
0.45882
0.594788
0.48537
0.472926
0.465027
0.460035
0.457387
0.456192
0.455762
0.455674
0.455716
0.45579
0.455858
0.455909
0.455936
0.455941
0.455932
0.455906
0.455873
0.455832
0.455783
0.455737
0.455681
0.455631
0.455575
0.455523
0.455473
0.455426
0.455394
0.455382
0.45543
0.4556
0.456048
0.457073
0.459207
0.463203
0.469586
0.480219
0.603556
0.677717
0.508339
0.454409
0.425383
0.410107
0.402718
0.399545
0.398447
0.398272
0.398441
0.398673
0.3989
0.399089
0.399228
0.39932
0.399375
0.399397
0.399397
0.39938
0.399348
0.399312
0.399264
0.399219
0.399169
0.399122
0.399081
0.399052
0.399058
0.399135
0.399383
0.400009
0.40146
0.404654
0.411376
0.424913
0.450913
0.500766
0.678498
0.737788
0.508046
0.426121
0.383499
0.36122
0.350122
0.345019
0.342968
0.342363
0.342367
0.342582
0.342845
0.34308
0.343265
0.343395
0.343481
0.343528
0.343547
0.343543
0.343522
0.343493
0.343453
0.343412
0.343368
0.343328
0.343299
0.343292
0.343345
0.343525
0.343992
0.345075
0.347446
0.352433
0.362561
0.382538
0.421189
0.497823
0.735726
0.781795
0.499053
0.396999
0.345157
0.317994
0.304069
0.297295
0.294281
0.293144
0.292869
0.292966
0.293182
0.293402
0.293587
0.293723
0.293817
0.293873
0.2939
0.293905
0.293892
0.29387
0.293838
0.293803
0.293768
0.293738
0.293723
0.293746
0.293854
0.294148
0.294841
0.296361
0.299543
0.305973
0.318606
0.342992
0.390109
0.485987
0.77983
0.814695
0.489009
0.371891
0.313392
0.282665
0.266569
0.258412
0.254528
0.252862
0.25228
0.252213
0.25234
0.252513
0.252672
0.252797
0.252886
0.252942
0.252972
0.252981
0.252975
0.252958
0.252934
0.252907
0.25288
0.252862
0.252866
0.252922
0.253091
0.253503
0.254419
0.256341
0.260221
0.267806
0.282308
0.309822
0.362909
0.473128
0.813492
0.839159
0.48052
0.351861
0.288253
0.254779
0.23697
0.227676
0.223037
0.220887
0.220008
0.219763
0.219785
0.219896
0.220019
0.220123
0.220201
0.220252
0.220281
0.220292
0.22029
0.220278
0.22026
0.22024
0.220223
0.220218
0.220242
0.220332
0.220565
0.221096
0.222223
0.224511
0.228988
0.237505
0.253439
0.283272
0.340784
0.461901
0.838486
0.857345
0.474259
0.336562
0.268788
0.233064
0.213853
0.203614
0.198331
0.195751
0.194597
0.194178
0.194092
0.194137
0.19422
0.1943
0.194363
0.194407
0.194433
0.194445
0.194445
0.194437
0.194424
0.194411
0.194402
0.194409
0.194453
0.194579
0.194876
0.195522
0.19685
0.199466
0.204456
0.213738
0.230805
0.262434
0.32336
0.452848
0.856598
0.871185
0.47035
0.325322
0.253913
0.216224
0.195819
0.184783
0.178949
0.175994
0.174594
0.174012
0.173822
0.173802
0.173844
0.173899
0.173947
0.173982
0.174004
0.174014
0.174015
0.17401
0.174001
0.173993
0.173992
0.174011
0.174075
0.174236
0.174597
0.175354
0.176867
0.179779
0.185213
0.195136
0.213127
0.246201
0.309847
0.445805
0.869501
0.882534
0.468937
0.317537
0.242685
0.20317
0.181708
0.169989
0.163686
0.160406
0.158787
0.158058
0.157772
0.157689
0.157691
0.157721
0.157753
0.157779
0.157796
0.157803
0.157804
0.157801
0.157795
0.157791
0.157797
0.157827
0.157911
0.158107
0.15853
0.159392
0.161077
0.164254
0.170076
0.180547
0.199314
0.233588
0.299447
0.44043
0.878582
0.893681
0.470544
0.312792
0.234345
0.19303
0.170606
0.158301
0.151601
0.148043
0.146234
0.145373
0.144998
0.144857
0.144822
0.144827
0.144844
0.14486
0.14487
0.144875
0.144875
0.144872
0.144868
0.144868
0.14488
0.144921
0.145024
0.145253
0.145735
0.146696
0.14854
0.151957
0.158122
0.169068
0.188501
0.223793
0.29148
0.436377
0.884914
0.908822
0.476446
0.310854
0.228264
0.185105
0.161806
0.149002
0.141974
0.138183
0.136212
0.135236
0.134781
0.134588
0.134517
0.134499
0.1345
0.134506
0.13451
0.134511
0.134509
0.134506
0.134503
0.134506
0.134523
0.134574
0.134695
0.134957
0.135495
0.136549
0.138539
0.142172
0.148642
0.160006
0.180019
0.216188
0.285398
0.433348
0.889292
0.938086
0.489051
0.311536
0.223854
0.17881
0.154743
0.141542
0.134256
0.130281
0.128174
0.127098
0.126574
0.126333
0.126229
0.126189
0.126176
0.126172
0.126169
0.126166
0.126162
0.126157
0.126155
0.12616
0.126182
0.126242
0.12638
0.126673
0.127264
0.128405
0.130528
0.134358
0.141101
0.152835
0.173359
0.210287
0.28077
0.431101
0.892298
1.00592
0.511832
0.314283
0.220424
0.173608
0.148956
0.135486
0.128022
0.123911
0.121698
0.120541
0.119957
0.119674
0.119541
0.119481
0.119453
0.119439
0.11943
0.119423
0.119416
0.11941
0.119407
0.119414
0.11944
0.119508
0.119662
0.119985
0.120625
0.121847
0.124094
0.128101
0.135089
0.147152
0.168128
0.205714
0.277257
0.429443
0.894366
1.15886
0.546422
0.317213
0.217013
0.168969
0.144051
0.13048
0.122933
0.118743
0.116456
0.115238
0.114606
0.114287
0.114129
0.114051
0.114011
0.113988
0.113972
0.11396
0.11395
0.113943
0.11394
0.113947
0.113977
0.114054
0.114223
0.114573
0.11526
0.116556
0.118915
0.123083
0.130291
0.142649
0.164022
0.202177
0.274599
0.428222
0.895854
1.45036
0.576216
0.315504
0.212331
0.164363
0.139682
0.126233
0.118716
0.11451
0.112185
0.110927
0.110261
0.109915
0.109737
0.109645
0.109594
0.109564
0.109543
0.109527
0.109515
0.109505
0.109502
0.109511
0.109545
0.109629
0.109813
0.110188
0.110919
0.112283
0.114745
0.119058
0.126463
0.139082
0.160805
0.199449
0.272591
0.427321
0.897061
0.922958
0.465067
0.306323
0.224799
0.178456
0.150594
0.133254
0.122264
0.115268
0.110848
0.108106
0.106455
0.105505
0.104996
0.104761
0.104686
0.104698
0.10474
0.104764
0.104731
0.104609
0.104383
0.104101
0.103986
0.104125
0.105007
0.126263
0.131652
0.126032
0.12164
0.1187
0.116471
0.114717
0.113388
0.112502
0.112151
0.112528
0.113994
0.117173
0.123153
0.133898
0.153267
0.189837
0.266163
0.452961
0.982481
0.925143
0.46643
0.30628
0.223703
0.176592
0.14815
0.130359
0.119014
0.11174
0.107106
0.104205
0.102439
0.101409
0.100848
0.10058
0.100486
0.100487
0.100523
0.100542
0.100497
0.100343
0.100052
0.0996937
0.0995015
0.0996406
0.100557
0.123037
0.126642
0.119434
0.114179
0.111125
0.109105
0.107615
0.106521
0.105823
0.105595
0.106003
0.10735
0.110152
0.115283
0.124264
0.139925
0.168032
0.221673
0.333216
0.56766
0.927648
0.467548
0.30641
0.223125
0.175512
0.146698
0.12862
0.117052
0.109603
0.104835
0.101834
0.0999988
0.0989243
0.0983384
0.0980591
0.0979647
0.0979708
0.0980128
0.0980331
0.097975
0.0977858
0.0974383
0.0970219
0.0967672
0.0968738
0.0979249
0.121077
0.123355
0.115266
0.109427
0.106243
0.10436
0.103074
0.102155
0.101571
0.101383
0.101728
0.102849
0.105146
0.109269
0.116282
0.127991
0.147596
0.180904
0.237472
0.321194
0.930633
0.468142
0.306334
0.22265
0.174763
0.145748
0.127516
0.115825
0.10828
0.103438
0.100383
0.0985092
0.0974101
0.0968106
0.0965255
0.0964299
0.096436
0.0964749
0.0964847
0.0964043
0.09618
0.0957933
0.0953495
0.0950649
0.0951499
0.096414
0.119579
0.120739
0.112413
0.106333
0.103061
0.101265
0.100132
0.0993511
0.0988534
0.0986768
0.0989301
0.0998004
0.101585
0.104739
0.109958
0.11829
0.131301
0.151112
0.179499
0.212999
0.933922
0.468356
0.306046
0.222159
0.174152
0.145052
0.126754
0.11501
0.107423
0.102547
0.0994662
0.0975735
0.0964607
0.0958511
0.095558
0.0954542
0.0954498
0.0954739
0.0954627
0.0953557
0.0951041
0.0947015
0.094262
0.0939805
0.0940666
0.0956699
0.118651
0.118644
0.110349
0.104259
0.100957
0.099212
0.0981851
0.0975106
0.0970806
0.0969073
0.0970694
0.0977054
0.0990271
0.101341
0.105078
0.11081
0.119237
0.130994
0.14595
0.161472
0.937358
0.46833
0.305612
0.221636
0.1736
0.144485
0.126177
0.114423
0.106827
0.101943
0.0988532
0.0969524
0.0958311
0.095212
0.0949073
0.0947891
0.0947665
0.0947684
0.0947323
0.0946016
0.0943356
0.0939384
0.0935262
0.0932691
0.0933736
0.0955238
0.11832
0.117096
0.108872
0.102858
0.0995484
0.0978257
0.0968638
0.0962643
0.0958856
0.0957123
0.0957946
0.0962297
0.0971628
0.098794
0.10138
0.105223
0.110611
0.117659
0.125941
0.133917
0.940834
0.468155
0.305092
0.221091
0.173078
0.143989
0.125701
0.113962
0.106376
0.101497
0.0984094
0.0965066
0.0953797
0.094751
0.0944327
0.0942969
0.0942529
0.0942311
0.0941721
0.0940251
0.0937574
0.0933814
0.0930085
0.0927854
0.092919
0.0959531
0.118452
0.116058
0.107871
0.101926
0.0986014
0.0968726
0.0959413
0.0953891
0.0950461
0.0948714
0.0948889
0.0951624
0.095788
0.0968927
0.0986277
0.101148
0.104565
0.10884
0.113614
0.118002
0.944281
0.467889
0.304525
0.220539
0.172578
0.143536
0.125285
0.113574
0.106007
0.101141
0.098061
0.0961598
0.0950289
0.0943912
0.0940592
0.0939056
0.0938409
0.093798
0.0937214
0.0935663
0.0933072
0.0929609
0.0926309
0.0924433
0.0926133
0.0970203
0.118912
0.115456
0.107253
0.101331
0.097966
0.0962067
0.0952794
0.0947524
0.0944324
0.0942557
0.0942243
0.0943755
0.0947704
0.0954884
0.0966186
0.0982422
0.100398
0.103024
0.105869
0.108399
0.947655
0.46757
0.303941
0.219992
0.172098
0.143114
0.124907
0.11323
0.105688
0.10084
0.0977694
0.0958717
0.0947385
0.0940931
0.0937487
0.0935792
0.0934969
0.0934372
0.0933491
0.0931931
0.092949
0.0926355
0.0923467
0.0921917
0.0924013
0.0989308
0.119605
0.115206
0.106929
0.100973
0.0975423
0.0957346
0.0947933
0.0942756
0.093969
0.0937911
0.0937254
0.0937896
0.0940207
0.0944678
0.0951849
0.0962172
0.0975795
0.0992207
0.100974
0.102491
0.950929
0.467221
0.303354
0.219458
0.17164
0.142718
0.124559
0.112918
0.105403
0.100574
0.0975149
0.0956222
0.0944881
0.0938367
0.0934822
0.0932997
0.0932035
0.0931319
0.0930375
0.0928857
0.0926599
0.0923789
0.0921271
0.0919999
0.092245
0.101767
0.120427
0.115202
0.106808
0.100775
0.0972609
0.095395
0.0944292
0.0939108
0.0936115
0.0934335
0.0933462
0.0933526
0.0934735
0.0937398
0.0941858
0.0948404
0.0957125
0.0967686
0.0978967
0.0988481
0.954086
0.466856
0.302777
0.218942
0.171203
0.142345
0.124235
0.112632
0.105144
0.100334
0.0972877
0.0954011
0.0942675
0.0936119
0.0932497
0.0930573
0.092951
0.0928715
0.0927751
0.0926306
0.0924242
0.0921735
0.0919538
0.0918492
0.0921173
0.105354
0.121295
0.115341
0.106803
0.100674
0.0970722
0.0951466
0.0941521
0.0936274
0.0933317
0.093155
0.0930558
0.0930269
0.0930783
0.0932299
0.0935055
0.0939269
0.0945039
0.0952174
0.0959891
0.0966227
0.957115
0.466486
0.302216
0.218447
0.170788
0.141995
0.123934
0.112367
0.104907
0.100116
0.0970826
0.0952029
0.0940711
0.0934132
0.0930455
0.092846
0.0927327
0.0926487
0.0925531
0.0924176
0.0922303
0.0920071
0.0918149
0.0917279
0.0919992
0.109414
0.122112
0.115518
0.106844
0.100623
0.0969416
0.0949611
0.0939382
0.0934047
0.0931105
0.0929363
0.0928324
0.0927842
0.092795
0.0928779
0.0930514
0.0933346
0.0937396
0.0942574
0.0948292
0.0952859
0.960009
0.466117
0.301674
0.217975
0.170396
0.141666
0.123653
0.112122
0.104689
0.0999175
0.0968969
0.0950246
0.0938956
0.0932369
0.0928658
0.0926615
0.0925437
0.0924576
0.0923646
0.0922388
0.0920695
0.091871
0.0917027
0.0916308
0.0919047
0.11293
0.122804
0.115671
0.106887
0.100592
0.0968464
0.0948193
0.0937706
0.0932281
0.0929343
0.0927633
0.0926594
0.0926026
0.0925919
0.0926367
0.0927525
0.0929576
0.0932665
0.0936766
0.0941395
0.0944996
0.962766
0.465753
0.301154
0.217527
0.170027
0.141359
0.123392
0.111896
0.104488
0.099736
0.0967283
0.094864
0.0937387
0.0930803
0.0927074
0.0925001
0.0923798
0.0922932
0.092204
0.092088
0.0919353
0.0917589
0.0916114
0.0915524
0.0918222
0.116003
0.123368
0.11578
0.106912
0.100567
0.0967723
0.0947081
0.0936376
0.0930866
0.092793
0.0926256
0.0925243
0.0924656
0.0924455
0.0924712
0.0925569
0.0927206
0.0929787
0.0933323
0.0937386
0.0940475
0.965386
0.465396
0.300657
0.217103
0.16968
0.141072
0.123149
0.111687
0.104304
0.0995704
0.0965756
0.0947194
0.0935984
0.0929414
0.0925678
0.092359
0.0922374
0.0921516
0.0920667
0.0919601
0.0918227
0.0916661
0.0915369
0.0914902
0.0917629
0.118356
0.123826
0.115857
0.106922
0.100541
0.0967116
0.0946187
0.0935306
0.0929725
0.092679
0.0925153
0.0924179
0.0923609
0.0923384
0.0923563
0.092428
0.0925719
0.0928053
0.0931317
0.0935103
0.0937931
0.967872
0.465048
0.300182
0.216701
0.169354
0.140803
0.122924
0.111493
0.104135
0.0994193
0.0964371
0.0945892
0.0934731
0.0928182
0.0924448
0.0922355
0.0921137
0.0920293
0.0919489
0.0918513
0.0917278
0.0915888
0.0914761
0.0914423
0.0917395
0.11988
0.124208
0.115923
0.106927
0.100517
0.0966605
0.0945454
0.0934435
0.0928797
0.0925866
0.0924264
0.0923334
0.0922799
0.0922587
0.0922749
0.0923416
0.0924776
0.0927008
0.0930156
0.0933823
0.0936524
0.970226
0.464708
0.299729
0.216321
0.169048
0.140553
0.122715
0.111315
0.10398
0.0992815
0.0963117
0.0944722
0.0933611
0.0927088
0.0923365
0.0921273
0.092006
0.0919235
0.0918477
0.0917584
0.0916475
0.0915242
0.0914262
0.0914045
0.0917269
0.121193
0.124589
0.116006
0.106937
0.100497
0.0966169
0.0944844
0.093372
0.0928042
0.0925117
0.0923548
0.0922661
0.0922166
0.0921983
0.0922158
0.0922823
0.0924164
0.0926369
0.0929483
0.0933109
0.093575
0.972451
0.464375
0.299295
0.215961
0.16876
0.140319
0.122521
0.111151
0.103838
0.099156
0.0961983
0.094367
0.0932612
0.0926119
0.0922409
0.0920326
0.0919122
0.0918319
0.0917604
0.0916788
0.0915792
0.09147
0.0913852
0.0913744
0.0917216
0.122433
0.125004
0.116124
0.106961
0.100482
0.0965798
0.0944332
0.0933131
0.0927428
0.0924514
0.0922976
0.0922128
0.0921672
0.0921521
0.0921721
0.0922403
0.0923755
0.0925966
0.0929084
0.0932705
0.0935319
0.974552
0.46405
0.298882
0.215621
0.16849
0.140101
0.122341
0.110999
0.103708
0.0990416
0.0960956
0.0942725
0.093172
0.0925259
0.0921568
0.0919495
0.0918304
0.0917523
0.0916851
0.0916106
0.0915212
0.0914246
0.0913515
0.0913507
0.0917243
0.123585
0.125436
0.116266
0.106995
0.100471
0.096548
0.0943903
0.0932651
0.0926937
0.0924037
0.0922528
0.0921714
0.092129
0.092117
0.0921396
0.09221
0.0923473
0.0925703
0.0928839
0.0932467
0.0935064
0.976529
0.463731
0.298486
0.215299
0.168235
0.139897
0.122174
0.110859
0.103588
0.0989375
0.0960027
0.0941876
0.0930925
0.0924497
0.0920826
0.0918767
0.091759
0.0916833
0.0916201
0.091552
0.0914719
0.0913866
0.091324
0.0913326
0.0917384
0.124593
0.12586
0.116419
0.107035
0.100464
0.0965209
0.0943548
0.0932269
0.0926557
0.0923676
0.0922192
0.0921404
0.0921007
0.092091
0.0921157
0.0921881
0.0923274
0.0925525
0.0928679
0.0932315
0.0934896
0.978387
0.46342
0.298108
0.214993
0.167996
0.139707
0.122018
0.11073
0.103478
0.0988425
0.0959186
0.0941113
0.0930215
0.0923821
0.0920172
0.0918129
0.0916968
0.0916233
0.0915639
0.0915017
0.0914299
0.0913547
0.0913016
0.0913193
0.0917625
0.125495
0.126273
0.116576
0.107078
0.10046
0.0964981
0.0943264
0.093198
0.0926284
0.0923423
0.0921961
0.0921193
0.0920812
0.092073
0.092099
0.0921728
0.0923135
0.0925401
0.0928568
0.0932206
0.0934765
0.980125
0.463116
0.297746
0.214704
0.167771
0.139528
0.121874
0.11061
0.103378
0.0987559
0.0958426
0.0940428
0.0929582
0.0923223
0.0919597
0.091757
0.0916425
0.0915713
0.0915154
0.0914585
0.0913942
0.0913281
0.0912836
0.09131
0.091796
0.126326
0.126681
0.116737
0.107123
0.100457
0.0964799
0.0943054
0.0931788
0.0926118
0.0923281
0.0921835
0.0921079
0.0920704
0.0920626
0.092089
0.0921631
0.0923044
0.0925316
0.0928485
0.0932115
0.0934645
0.981746
0.462819
0.2974
0.214429
0.167559
0.139361
0.121739
0.1105
0.103285
0.0986769
0.0957736
0.0939812
0.0929017
0.0922693
0.091909
0.091708
0.0915953
0.0915262
0.0914736
0.0914215
0.0913639
0.091306
0.0912694
0.0913041
0.0918394
0.127115
0.127094
0.116906
0.107171
0.100458
0.096467
0.0942928
0.09317
0.0926067
0.0923253
0.0921818
0.0921062
0.0920683
0.0920597
0.0920853
0.0921587
0.0922995
0.0925262
0.0928421
0.093203
0.0934522
0.983252
0.462529
0.29707
0.214169
0.167359
0.139205
0.121614
0.110397
0.1032
0.0986048
0.0957112
0.0939258
0.0928513
0.0922223
0.0918644
0.0916652
0.0915541
0.0914872
0.0914376
0.09139
0.0913384
0.0912879
0.0912585
0.0913013
0.0918937
0.127886
0.127519
0.117083
0.107224
0.100462
0.0964609
0.09429
0.0931732
0.0926143
0.0923351
0.0921917
0.0921149
0.0920751
0.0920644
0.0920878
0.0921594
0.0922984
0.0925233
0.092837
0.0931944
0.0934385
0.984647
0.462245
0.296754
0.213923
0.167171
0.139059
0.121498
0.110303
0.103122
0.0985389
0.0956546
0.093876
0.0928064
0.0921808
0.0918252
0.0916279
0.0915185
0.0914536
0.0914068
0.0913633
0.0913172
0.0912733
0.0912505
0.0913013
0.0919605
0.128658
0.127965
0.117274
0.107282
0.100472
0.0964635
0.0942994
0.0931906
0.0926366
0.0923588
0.0922143
0.0921347
0.0920913
0.0920768
0.0920967
0.092165
0.0923009
0.0925227
0.0928326
0.093185
0.093423
0.985933
0.46197
0.296455
0.213691
0.166996
0.138923
0.12139
0.110215
0.10305
0.0984786
0.0956033
0.0938313
0.0927664
0.0921442
0.0917909
0.0915954
0.0914876
0.0914247
0.0913807
0.0913408
0.0912998
0.0912619
0.0912452
0.091304
0.0920423
0.129452
0.128444
0.117481
0.107348
0.10049
0.0964777
0.0943241
0.0932253
0.0926764
0.0923989
0.0922512
0.0921667
0.0921177
0.0920976
0.0921121
0.0921755
0.0923069
0.092524
0.0928285
0.0931743
0.0934048
0.987112
0.461705
0.296175
0.213476
0.166833
0.138797
0.12129
0.110134
0.102983
0.0984235
0.0955567
0.0937912
0.0927309
0.0921119
0.091761
0.0915672
0.0914611
0.0914002
0.0913587
0.0913224
0.0912859
0.0912536
0.0912427
0.0913095
0.0921428
0.130296
0.128968
0.11771
0.107424
0.100518
0.0965078
0.094369
0.093282
0.0927376
0.0924583
0.0923048
0.0922125
0.0921552
0.0921271
0.0921343
0.0921911
0.0923163
0.092527
0.0928243
0.0931618
0.0933835
0.988181
0.461456
0.295918
0.213279
0.166684
0.138681
0.121197
0.110059
0.102922
0.098373
0.0955145
0.0937552
0.0926995
0.0920837
0.091735
0.0915429
0.0914385
0.0913795
0.0913406
0.0913077
0.0912755
0.0912484
0.0912429
0.0913179
0.0922676
0.131221
0.129552
0.117964
0.107512
0.10056
0.0965592
0.0944405
0.0933668
0.0928252
0.0925407
0.0923775
0.0922737
0.0922049
0.092166
0.0921636
0.0922117
0.0923287
0.0925312
0.0928196
0.0931468
0.0933585
0.989131
0.461236
0.295693
0.213106
0.16655
0.138575
0.121111
0.109989
0.102865
0.0983264
0.0954762
0.0937231
0.0926718
0.0920591
0.0917126
0.0915222
0.0914194
0.0913623
0.091326
0.0912965
0.0912686
0.0912465
0.0912462
0.0913299
0.0924249
0.13226
0.130211
0.118246
0.107612
0.100621
0.0966394
0.0945475
0.0934877
0.0929458
0.092651
0.0924727
0.0923524
0.0922677
0.0922147
0.0921999
0.0922371
0.0923441
0.0925364
0.0928137
0.0931287
0.093329
0.989956
0.461069
0.295513
0.212958
0.166429
0.138475
0.121029
0.109922
0.102811
0.0982829
0.0954412
0.0936944
0.0926477
0.092038
0.0916937
0.0915049
0.0914037
0.0913486
0.0913148
0.0912888
0.0912654
0.0912483
0.0912533
0.0913462
0.0926273
0.13345
0.13095
0.118544
0.107717
0.100702
0.0967585
0.094702
0.0936558
0.0931077
0.0927949
0.0925938
0.0924505
0.0923449
0.0922737
0.0922434
0.0922672
0.0923618
0.0925418
0.0928059
0.0931068
0.0932944
0.990661
0.460989
0.295385
0.21283
0.166312
0.138374
0.120945
0.109854
0.102757
0.0982414
0.095409
0.0936691
0.092627
0.0920205
0.0916783
0.0914911
0.0913914
0.0913382
0.0913072
0.091285
0.0912664
0.0912548
0.0912654
0.0913682
0.0928934
0.134816
0.13174
0.118818
0.107806
0.100805
0.0969305
0.0949213
0.0938856
0.0933212
0.0929788
0.0927446
0.09257
0.0924371
0.0923431
0.0922939
0.0923014
0.0923814
0.0925469
0.0927956
0.0930803
0.0932539
0.991278
0.461026
0.29529
0.212694
0.166178
0.138256
0.120849
0.10978
0.102701
0.0982004
0.0953791
0.093647
0.0926102
0.092007
0.0916668
0.0914811
0.0913829
0.0913317
0.0913037
0.0912858
0.0912727
0.0912675
0.0912846
0.0913983
0.0932529
0.136325
0.132474
0.118969
0.107832
0.100935
0.0971757
0.0952254
0.0941922
0.0935962
0.0932084
0.0929277
0.0927117
0.0925442
0.0924222
0.0923503
0.092339
0.092402
0.0925507
0.0927818
0.0930484
0.0932068
0.99204
0.461169
0.295152
0.212483
0.165977
0.13809
0.120723
0.109689
0.102638
0.0981581
0.0953512
0.0936286
0.0925979
0.0919985
0.0916606
0.0914764
0.0913797
0.0913305
0.0913058
0.0912928
0.0912864
0.0912892
0.0913144
0.0914402
0.0937633
0.137761
0.132862
0.118811
0.10774
0.101087
0.0975139
0.0956364
0.0945919
0.093942
0.0934878
0.0931442
0.0928749
0.0926648
0.0925095
0.0924113
0.0923785
0.0924223
0.0925523
0.0927637
0.0930099
0.0931523
0.994146
0.461385
0.294874
0.212104
0.165641
0.137835
0.120544
0.10957
0.102563
0.0981127
0.0953253
0.0936151
0.092592
0.0919972
0.0916621
0.0914798
0.0913848
0.091338
0.091317
0.0913097
0.0913116
0.0913248
0.091361
0.0914992
0.0945152
0.13848
0.132293
0.11805
0.107438
0.101272
0.0979769
0.0961802
0.095099
0.0943641
0.0938175
0.0933921
0.0930569
0.0927961
0.0926023
0.0924747
0.092418
0.0924408
0.0925503
0.0927401
0.0929644
0.0930898
1.00094
0.462345
0.294481
0.211459
0.165088
0.137439
0.120284
0.109411
0.102471
0.0980633
0.0953026
0.0936088
0.0925958
0.0920071
0.091676
0.0914966
0.091404
0.0913602
0.0913436
0.0913433
0.0913554
0.0913825
0.091435
0.0915871
0.0953933
0.137279
0.129914
0.116372
0.1069
0.101541
0.0986123
0.0968808
0.0957195
0.0948591
0.0941904
0.0936639
0.0932511
0.0929328
0.0926967
0.0925373
0.0924553
0.0924558
0.0925434
0.0927102
0.0929114
0.0930193
1.01823
0.466357
0.294213
0.210455
0.164231
0.136856
0.119926
0.109206
0.102362
0.0980126
0.0952876
0.0936158
0.0926165
0.0920368
0.0917117
0.0915366
0.0914478
0.091408
0.0913967
0.0914043
0.0914288
0.0914748
0.0915538
0.0917395
0.0960205
0.133464
0.125399
0.113877
0.106316
0.102025
0.0994737
0.097745
0.0964394
0.0954076
0.0945886
0.0939454
0.093447
0.0930673
0.0927873
0.0925954
0.0924876
0.0924653
0.0925303
0.0926733
0.0928504
0.0929408
1.05639
0.477212
0.293711
0.20863
0.162851
0.136012
0.11945
0.108952
0.102237
0.0979664
0.0952889
0.0936468
0.0926668
0.0921
0.0917837
0.0916151
0.0915315
0.0914966
0.091491
0.0915071
0.0915461
0.0916203
0.0917543
0.0921052
0.0973847
0.129019
0.120093
0.111476
0.106157
0.102891
0.100579
0.0987347
0.0972106
0.0959682
0.0949812
0.0942149
0.0936297
0.0931898
0.0928674
0.0926444
0.0925119
0.0924674
0.0925099
0.0926286
0.0927814
0.0928547
1.17247
0.506496
0.293673
0.206426
0.161241
0.135054
0.118924
0.108683
0.102119
0.0979376
0.0953182
0.0937147
0.0927612
0.092213
0.0919102
0.091752
0.0916773
0.091651
0.0916547
0.0916814
0.0917368
0.0918563
0.0921615
0.0941553
0.106646
0.123641
0.115838
0.110391
0.106878
0.104195
0.101842
0.0997422
0.0979444
0.0964777
0.095326
0.094445
0.0937819
0.0932891
0.09293
0.09268
0.0925255
0.0924604
0.0924811
0.092576
0.0927048
0.0927615
1.15034
0.513271
0.294723
0.206766
0.16138
0.13512
0.118961
0.10871
0.102148
0.0979741
0.0953663
0.0937781
0.0928435
0.0923187
0.0920452
0.0919242
0.0918974
0.0919329
0.0920157
0.0921402
0.0923124
0.0926082
0.0932629
0.105257
0.121169
0.118824
0.114376
0.111178
0.108415
0.10569
0.103025
0.100592
0.098524
0.0968623
0.0955777
0.0946083
0.0938868
0.093355
0.0929687
0.0926981
0.0925257
0.0924427
0.0924434
0.0925155
0.0926211
0.0926624
1.19923
0.499031
0.298156
0.210304
0.163831
0.13669
0.120058
0.109732
0.103401
0.0996735
0.0976639
0.0967995
0.096715
0.0971917
0.0981171
0.0994574
0.101235
0.103501
0.106272
0.10939
0.11245
0.115228
0.118973
0.121472
0.120298
0.118104
0.11559
0.11293
0.109977
0.106848
0.103807
0.101095
0.0988403
0.0970595
0.0957002
0.0946838
0.0939321
0.09338
0.0929789
0.0926959
0.0925111
0.0924136
0.0923966
0.0924475
0.0925311
0.0925584
1.10311
0.478122
0.294834
0.210265
0.164595
0.137629
0.120968
0.110554
0.104139
0.100356
0.09833
0.0974917
0.0974806
0.0980835
0.099196
0.100793
0.102902
0.105567
0.10878
0.112354
0.115794
0.118483
0.120224
0.121108
0.120712
0.119317
0.117015
0.114057
0.110683
0.107212
0.103959
0.101138
0.0988363
0.0970397
0.0956776
0.0946625
0.0939125
0.0933611
0.0929589
0.0926724
0.092481
0.0923731
0.0923411
0.0923729
0.0924363
0.0924512
1.07755
0.467258
0.291889
0.209068
0.163929
0.137311
0.120886
0.110584
0.104181
0.100344
0.0982304
0.0972899
0.0971723
0.0976678
0.0986711
0.100151
0.102125
0.104617
0.107609
0.110956
0.114304
0.117152
0.119181
0.120376
0.120447
0.119223
0.116835
0.113675
0.110153
0.106646
0.103446
0.100723
0.0985231
0.0968135
0.0955177
0.0945496
0.0938313
0.0933001
0.0929097
0.0926284
0.0924362
0.0923219
0.0922779
0.0922929
0.0923382
0.0923423
1.06805
0.462975
0.290411
0.208299
0.163383
0.136937
0.120662
0.110452
0.104073
0.100207
0.0980233
0.0969865
0.0967524
0.0971129
0.0979588
0.099251
0.100993
0.103199
0.10585
0.108839
0.111923
0.114731
0.116902
0.118202
0.11834
0.117167
0.114862
0.111843
0.108539
0.10531
0.102403
0.099947
0.0979669
0.0964236
0.095247
0.0943613
0.0936981
0.093203
0.092835
0.0925661
0.0923784
0.0922614
0.0922083
0.092209
0.0922383
0.0922335
1.06249
0.461337
0.289905
0.208058
0.163164
0.13673
0.120491
0.110315
0.103947
0.100061
0.0978314
0.0967235
0.0963952
0.0966363
0.0973313
0.0984312
0.0999261
0.101817
0.104079
0.106626
0.109271
0.111724
0.113649
0.114754
0.114805
0.113733
0.111711
0.109096
0.106263
0.103512
0.101043
0.0989534
0.0972594
0.0959278
0.0949017
0.0941197
0.0935268
0.0930782
0.0927402
0.0924892
0.09231
0.0921935
0.092134
0.0921229
0.0921384
0.0921265
1.05723
0.460406
0.289743
0.208068
0.163144
0.136656
0.120387
0.110197
0.103817
0.0999091
0.0976407
0.0964751
0.0960666
0.0961997
0.0967507
0.0976587
0.0988993
0.100459
0.102306
0.104361
0.106473
0.108415
0.109915
0.110727
0.110685
0.109772
0.108131
0.106034
0.103767
0.101564
0.0995765
0.0978809
0.0964912
0.0953841
0.0945184
0.0938483
0.0933321
0.0929353
0.0926315
0.0924017
0.0922338
0.0921205
0.0920569
0.0920363
0.0920403
0.0920228
1.05181
0.459679
0.289638
0.208123
0.16319
0.136646
0.120327
0.110102
0.103692
0.0997531
0.0974445
0.096224
0.0957402
0.0957707
0.0961825
0.0969027
0.0978935
0.0991284
0.10057
0.102145
0.103735
0.105166
0.106241
0.106782
0.106683
0.105952
0.104696
0.103106
0.101383
0.0996985
0.0981638
0.0968374
0.0957338
0.0948398
0.0941281
0.0935672
0.0931273
0.092783
0.0925146
0.0923077
0.0921528
0.0920444
0.0919788
0.0919507
0.0919453
0.0919239
1.04632
0.459022
0.289517
0.208148
0.163232
0.136653
0.120289
0.110022
0.103576
0.0995998
0.0972479
0.0959725
0.095416
0.0953488
0.0956292
0.0961742
0.0969349
0.0978759
0.0989563
0.100114
0.101256
0.102259
0.102986
0.103321
0.103201
0.10264
0.10172
0.10056
0.0992978
0.0980512
0.0969005
0.0958899
0.0950341
0.0943274
0.0937535
0.0932921
0.0929231
0.0926288
0.0923949
0.0922109
0.0920697
0.0919674
0.0919014
0.0918677
0.0918548
0.0918306
1.0409
0.45841
0.28938
0.208136
0.163248
0.136652
0.120254
0.10995
0.103466
0.0994509
0.0970549
0.0957256
0.0951003
0.094943
0.0951049
0.0954951
0.0960571
0.0967501
0.097534
0.098357
0.0991499
0.0998274
0.100301
0.100497
0.10038
0.0999627
0.0993043
0.0984789
0.0975757
0.0966726
0.0958262
0.0950695
0.094416
0.0938651
0.0934084
0.0930334
0.0927274
0.0924784
0.0922766
0.0921144
0.0919869
0.0918912
0.091826
0.0917884
0.0917696
0.0917439
1.0356
0.457836
0.28924
0.208099
0.163238
0.136635
0.120213
0.109877
0.103359
0.0993064
0.0968681
0.0954884
0.0948003
0.0945632
0.094623
0.0948833
0.0952829
0.0957787
0.0963331
0.0969043
0.0974419
0.0978889
0.0981887
0.098297
0.0981942
0.0978909
0.0974252
0.0968451
0.0962062
0.0955592
0.0949427
0.0943813
0.0938864
0.0934603
0.0930994
0.0927969
0.0925448
0.0923356
0.0921626
0.0920207
0.0919062
0.0918175
0.0917539
0.0917137
0.0916906
0.0916643
1.03045
0.457296
0.289107
0.208048
0.163209
0.136603
0.120163
0.109802
0.103254
0.0991673
0.0966905
0.0952655
0.0945224
0.0942173
0.0941925
0.0943481
0.0946205
0.0949662
0.0953508
0.0957406
0.0960998
0.0963903
0.0965766
0.0966324
0.0965469
0.0963276
0.0959983
0.0955923
0.0951415
0.0946791
0.0942312
0.0938154
0.0934414
0.0931127
0.0928283
0.0925849
0.092378
0.0922029
0.0920552
0.0919314
0.0918291
0.0917473
0.0916859
0.0916443
0.0916181
0.0915919
1.02547
0.456794
0.288988
0.207994
0.163171
0.136561
0.120107
0.109725
0.103151
0.099035
0.0965242
0.0950598
0.09427
0.0939087
0.0938159
0.0938898
0.0940657
0.0943007
0.0945633
0.0948266
0.0950644
0.0952515
0.0953657
0.0953911
0.0953218
0.0951629
0.0949296
0.094643
0.0943232
0.0939912
0.0936644
0.0933554
0.0930721
0.0928179
0.0925935
0.0923977
0.0922279
0.0920815
0.0919555
0.0918477
0.0917565
0.0916813
0.0916226
0.0915805
0.0915523
0.0915268
1.02065
0.456325
0.288885
0.207943
0.163128
0.136514
0.120048
0.109648
0.103052
0.0989103
0.0963704
0.0948725
0.094044
0.0936373
0.0934912
0.0935027
0.0936069
0.0937618
0.0939387
0.0941152
0.094272
0.0943919
0.0944608
0.0944691
0.0944135
0.0942974
0.0941302
0.093925
0.0936959
0.0934552
0.0932146
0.0929833
0.0927671
0.0925695
0.0923918
0.0922338
0.0920943
0.0919717
0.0918642
0.0917704
0.0916891
0.0916202
0.0915645
0.0915225
0.0914932
0.0914689
1.01598
0.455887
0.288796
0.207896
0.163084
0.136465
0.119988
0.109572
0.102957
0.098794
0.0962293
0.0947036
0.0938436
0.0934009
0.0932135
0.0931781
0.0932297
0.0933275
0.0934446
0.0935621
0.0936652
0.0937418
0.0937827
0.0937817
0.0937371
0.093651
0.0935293
0.0933804
0.0932135
0.0930365
0.0928572
0.0926821
0.0925157
0.092361
0.0922193
0.0920912
0.0919761
0.0918732
0.0917814
0.0916996
0.0916272
0.0915642
0.0915115
0.0914702
0.0914406
0.0914177
1.01145
0.455476
0.288721
0.207857
0.163045
0.136418
0.11993
0.109501
0.102869
0.0986866
0.0961011
0.0945525
0.093667
0.093196
0.092977
0.0929065
0.0929198
0.0929769
0.0930526
0.0931302
0.0931978
0.0932465
0.0932701
0.0932644
0.0932285
0.0931635
0.0930734
0.0929633
0.0928394
0.0927073
0.0925719
0.0924377
0.0923082
0.0921859
0.0920722
0.0919676
0.0918722
0.0917856
0.0917069
0.0916354
0.0915708
0.0915132
0.0914636
0.0914236
0.0913942
0.0913729
1.00705
0.455093
0.288662
0.207827
0.163011
0.136375
0.119876
0.109433
0.102787
0.0985885
0.0959855
0.094418
0.093512
0.0930188
0.0927756
0.0926789
0.0926643
0.0926926
0.0927395
0.0927901
0.0928342
0.092865
0.092878
0.0928702
0.092841
0.0927912
0.0927231
0.0926403
0.0925467
0.0924463
0.0923424
0.0922382
0.0921363
0.0920387
0.0919466
0.0918607
0.0917812
0.0917079
0.0916401
0.0915776
0.0915198
0.0914672
0.0914208
0.0913822
0.0913534
0.0913339
1.00282
0.454738
0.288619
0.207809
0.162984
0.136337
0.119827
0.109372
0.102712
0.0984994
0.0958816
0.0942986
0.0933762
0.0928656
0.0926038
0.0924876
0.0924527
0.0924604
0.0924874
0.0925196
0.0925481
0.0925674
0.0925739
0.0925655
0.0925416
0.0925027
0.0924504
0.0923869
0.0923149
0.0922373
0.0921564
0.0920745
0.0919933
0.0919147
0.0918395
0.0917684
0.0917017
0.0916392
0.0915807
0.0915258
0.0914741
0.091426
0.0913826
0.0913458
0.091318
0.0913003
0.998752
0.454411
0.288589
0.207799
0.162964
0.136305
0.119782
0.109316
0.102644
0.0984193
0.0957889
0.094193
0.0932574
0.092733
0.0924571
0.0923262
0.0922765
0.0922695
0.0922825
0.0923022
0.0923203
0.0923322
0.0923348
0.0923265
0.0923068
0.092276
0.0922351
0.0921856
0.0921294
0.0920684
0.0920045
0.0919392
0.0918739
0.0918098
0.0917478
0.0916886
0.0916322
0.0915788
0.091528
0.0914796
0.0914332
0.0913893
0.0913488
0.0913139
0.0912873
0.0912714
0.994865
0.45411
0.288572
0.207797
0.16295
0.136278
0.119744
0.109266
0.102583
0.0983477
0.0957065
0.0940999
0.0931535
0.0926182
0.0923314
0.0921895
0.0921289
0.0921114
0.0921146
0.0921256
0.0921368
0.0921438
0.0921441
0.0921364
0.0921201
0.0920954
0.0920629
0.0920237
0.0919792
0.0919306
0.0918794
0.0918267
0.0917735
0.0917208
0.0916693
0.0916195
0.0915716
0.0915257
0.0914814
0.0914385
0.0913969
0.0913567
0.0913191
0.0912861
0.0912609
0.0912468
0.991149
0.453834
0.288565
0.207804
0.162943
0.136257
0.119711
0.109223
0.10253
0.0982844
0.0956338
0.094018
0.0930627
0.0925188
0.0922234
0.0920732
0.0920045
0.0919794
0.0919757
0.0919807
0.0919872
0.0919911
0.0919901
0.0919831
0.0919696
0.0919496
0.0919235
0.0918922
0.0918564
0.0918172
0.0917756
0.0917326
0.0916889
0.0916451
0.091602
0.0915598
0.0915188
0.091479
0.0914402
0.0914022
0.0913647
0.0913279
0.091293
0.091262
0.0912383
0.0912259
0.987592
0.453579
0.288568
0.207818
0.162943
0.136243
0.119685
0.109186
0.102483
0.0982288
0.0955698
0.0939461
0.0929834
0.0924324
0.0921304
0.0919738
0.0918992
0.0918685
0.0918598
0.0918606
0.091864
0.0918659
0.0918644
0.0918582
0.091847
0.0918307
0.0918095
0.0917841
0.091755
0.0917231
0.091689
0.0916534
0.0916171
0.0915804
0.091544
0.091508
0.0914727
0.0914381
0.091404
0.0913701
0.0913362
0.0913026
0.0912702
0.0912412
0.091219
0.0912082
0.98419
0.453345
0.288581
0.20784
0.162949
0.136234
0.119664
0.109155
0.102443
0.0981802
0.0955135
0.0938829
0.092914
0.0923573
0.09205
0.0918886
0.0918094
0.0917747
0.0917625
0.0917604
0.0917616
0.0917624
0.0917606
0.0917553
0.091746
0.0917326
0.0917154
0.0916946
0.0916707
0.0916444
0.0916161
0.0915864
0.091556
0.091525
0.091494
0.0914631
0.0914325
0.0914022
0.0913721
0.0913417
0.0913111
0.0912803
0.0912504
0.0912233
0.0912026
0.0911934
0.980942
0.453132
0.288603
0.207869
0.162962
0.136232
0.119649
0.109129
0.102408
0.0981377
0.0954642
0.0938275
0.0928533
0.0922919
0.0919804
0.0918152
0.0917327
0.091695
0.0916802
0.0916762
0.091676
0.091676
0.0916743
0.0916698
0.0916621
0.0916511
0.0916369
0.0916198
0.0916
0.0915781
0.0915545
0.0915295
0.0915037
0.0914774
0.0914507
0.091424
0.0913974
0.0913708
0.091344
0.0913168
0.091289
0.0912608
0.0912331
0.0912079
0.0911888
0.0911809
0.977848
0.452939
0.288634
0.207904
0.16298
0.136234
0.119638
0.109108
0.102379
0.0981009
0.0954211
0.0937791
0.0928002
0.0922349
0.09192
0.0917519
0.0916668
0.0916269
0.0916104
0.0916049
0.0916038
0.0916034
0.0916018
0.0915981
0.0915918
0.0915828
0.0915711
0.0915568
0.0915404
0.091522
0.0915021
0.0914809
0.0914589
0.0914363
0.0914133
0.0913901
0.0913667
0.0913432
0.0913193
0.0912948
0.0912696
0.0912437
0.0912182
0.0911948
0.0911771
0.0911706
0.974914
0.452766
0.288673
0.207945
0.163003
0.13624
0.119632
0.109092
0.102354
0.0980693
0.0953836
0.0937368
0.0927539
0.0921853
0.0918676
0.0916972
0.0916101
0.0915686
0.0915507
0.0915443
0.0915425
0.091542
0.0915407
0.0915377
0.0915325
0.0915251
0.0915154
0.0915036
0.0914898
0.0914743
0.0914573
0.0914393
0.0914203
0.0914008
0.0913808
0.0913605
0.0913399
0.091319
0.0912976
0.0912755
0.0912525
0.0912288
0.0912052
0.0911835
0.0911673
0.091162
0.972144
0.452614
0.288718
0.20799
0.163029
0.136251
0.11963
0.109079
0.102334
0.0980423
0.0953512
0.0937
0.0927136
0.0921421
0.0918221
0.0916498
0.0915612
0.0915184
0.0914995
0.0914924
0.0914903
0.0914897
0.0914887
0.0914864
0.0914823
0.0914762
0.0914681
0.0914582
0.0914466
0.0914334
0.091419
0.0914034
0.091387
0.09137
0.0913525
0.0913347
0.0913164
0.0912978
0.0912785
0.0912585
0.0912376
0.0912158
0.091194
0.091174
0.0911591
0.0911549
0.969538
0.452479
0.288767
0.208038
0.163058
0.136264
0.119631
0.109071
0.102317
0.0980195
0.0953234
0.0936681
0.0926785
0.0921045
0.0917825
0.0916086
0.0915188
0.0914751
0.0914555
0.0914479
0.0914456
0.091445
0.0914444
0.0914426
0.0914394
0.0914345
0.0914278
0.0914195
0.0914096
0.0913984
0.0913859
0.0913725
0.0913582
0.0913433
0.0913279
0.0913121
0.0912959
0.0912791
0.0912618
0.0912436
0.0912245
0.0912044
0.0911843
0.0911658
0.0911523
0.091149
0.967092
0.452358
0.288818
0.208087
0.16309
0.13628
0.119634
0.109065
0.102304
0.0980003
0.0952994
0.0936404
0.0926479
0.0920716
0.091748
0.0915728
0.091482
0.0914376
0.0914175
0.0914096
0.0914072
0.0914068
0.0914064
0.0914052
0.0914028
0.0913988
0.0913933
0.0913863
0.0913779
0.0913683
0.0913575
0.0913458
0.0913333
0.0913202
0.0913065
0.0912924
0.0912779
0.0912628
0.0912471
0.0912305
0.091213
0.0911946
0.091176
0.0911589
0.0911466
0.0911442
0.964799
0.452249
0.288872
0.208138
0.163123
0.136298
0.11964
0.109062
0.102294
0.0979843
0.0952789
0.0936164
0.0926213
0.0920431
0.091718
0.0915418
0.0914502
0.0914053
0.0913848
0.0913768
0.0913744
0.091374
0.091374
0.0913733
0.0913714
0.0913683
0.0913638
0.0913579
0.0913507
0.0913424
0.091333
0.0913228
0.0913117
0.0913001
0.0912879
0.0912753
0.0912622
0.0912486
0.0912343
0.0912191
0.091203
0.091186
0.0911688
0.0911531
0.0911419
0.0911404
0.962651
0.452151
0.288927
0.208191
0.163158
0.136317
0.119648
0.109061
0.102286
0.0979711
0.0952615
0.0935958
0.0925983
0.0920184
0.0916921
0.0915151
0.0914229
0.0913775
0.0913569
0.0913487
0.0913463
0.0913462
0.0913464
0.0913461
0.0913448
0.0913423
0.0913386
0.0913336
0.0913275
0.0913203
0.0913121
0.091303
0.0912932
0.0912828
0.0912719
0.0912605
0.0912487
0.0912363
0.0912232
0.0912093
0.0911944
0.0911787
0.0911628
0.0911482
0.0911381
0.0911372
0.960642
0.452064
0.288983
0.208244
0.163193
0.136338
0.119658
0.109062
0.10228
0.0979602
0.0952468
0.0935783
0.0925788
0.0919975
0.0916702
0.0914925
0.0913999
0.0913542
0.0913334
0.0913252
0.0913228
0.0913228
0.0913233
0.0913234
0.0913225
0.0913206
0.0913175
0.0913133
0.091308
0.0913017
0.0912945
0.0912864
0.0912777
0.0912683
0.0912584
0.0912481
0.0912373
0.0912259
0.0912138
0.091201
0.0911871
0.0911725
0.0911577
0.0911442
0.091135
0.0911348
0.958767
0.451989
0.289041
0.208296
0.163228
0.136358
0.119667
0.109063
0.102275
0.0979511
0.0952346
0.0935639
0.0925628
0.0919805
0.0916525
0.0914742
0.0913813
0.0913355
0.0913146
0.0913063
0.091304
0.0913041
0.0913048
0.0913051
0.0913046
0.0913032
0.0913007
0.0912971
0.0912924
0.0912869
0.0912804
0.0912732
0.0912653
0.0912568
0.0912477
0.0912382
0.0912282
0.0912176
0.0912064
0.0911943
0.0911814
0.0911676
0.0911537
0.0911411
0.0911327
0.0911329
0.957019
0.451923
0.289097
0.208345
0.163259
0.136374
0.119673
0.109062
0.102271
0.0979432
0.0952247
0.0935527
0.0925508
0.0919679
0.0916396
0.0914611
0.091368
0.091322
0.0913011
0.0912928
0.0912905
0.0912907
0.0912915
0.0912921
0.0912919
0.0912908
0.0912887
0.0912856
0.0912815
0.0912765
0.0912707
0.0912641
0.0912569
0.091249
0.0912406
0.0912317
0.0912223
0.0912122
0.0912015
0.0911899
0.0911774
0.0911643
0.091151
0.091139
0.0911311
0.0911317
0.955392
0.451864
0.289146
0.208385
0.16328
0.136382
0.119673
0.109058
0.102264
0.0979356
0.0952171
0.0935454
0.0925439
0.0919613
0.0916332
0.0914548
0.0913618
0.0913158
0.0912948
0.0912865
0.0912842
0.0912844
0.0912853
0.091286
0.091286
0.0912852
0.0912834
0.0912806
0.0912769
0.0912724
0.091267
0.0912609
0.0912541
0.0912467
0.0912387
0.0912301
0.0912209
0.091211
0.0912003
0.0911887
0.0911762
0.0911631
0.0911499
0.0911381
0.0911304
0.0911311
0.953883
0.451803
0.28918
0.208403
0.16328
0.136371
0.119657
0.109042
0.102251
0.0979269
0.0952122
0.0935437
0.0925446
0.0919637
0.0916367
0.091459
0.0913663
0.0913204
0.0912994
0.0912911
0.0912887
0.0912889
0.0912898
0.0912905
0.0912906
0.0912899
0.0912882
0.0912857
0.0912823
0.091278
0.0912729
0.0912671
0.0912606
0.0912533
0.0912454
0.0912367
0.0912271
0.0912167
0.0912052
0.0911927
0.0911793
0.0911652
0.0911513
0.0911391
0.0911311
0.0911314
0.952496
0.451731
0.289176
0.208376
0.163233
0.136318
0.11961
0.109006
0.102227
0.097915
0.0952108
0.0935506
0.0925575
0.0919807
0.0916562
0.09148
0.0913881
0.0913425
0.0913216
0.0913132
0.0913107
0.0913107
0.0913115
0.0913121
0.0913121
0.0913113
0.0913097
0.0913072
0.0913039
0.0912997
0.0912947
0.0912889
0.0912824
0.091275
0.0912666
0.0912572
0.0912465
0.0912344
0.0912208
0.0912057
0.0911896
0.091173
0.0911569
0.0911428
0.0911335
0.0911329
0.951262
0.451623
0.289088
0.208245
0.163086
0.136182
0.119499
0.108927
0.102181
0.0978969
0.0952154
0.0935721
0.0925909
0.092022
0.0917023
0.0915289
0.0914384
0.0913935
0.0913727
0.0913642
0.0913614
0.0913612
0.0913617
0.091362
0.0913618
0.0913608
0.091359
0.0913563
0.0913528
0.0913485
0.0913434
0.0913373
0.0913304
0.0913223
0.0913129
0.0913018
0.0912887
0.091273
0.0912549
0.0912344
0.0912124
0.0911901
0.091169
0.091151
0.0911388
0.091136
0.950275
0.451428
0.288801
0.207885
0.162728
0.135875
0.119267
0.108772
0.102096
0.0978689
0.0952311
0.0936193
0.0926595
0.0921042
0.0917928
0.091624
0.091536
0.0914921
0.0914716
0.0914629
0.0914598
0.0914591
0.0914591
0.0914589
0.0914582
0.0914568
0.0914545
0.0914514
0.0914475
0.0914428
0.0914372
0.0914306
0.0914228
0.0914136
0.0914022
0.0913881
0.0913704
0.0913482
0.0913213
0.0912902
0.0912565
0.0912228
0.0911918
0.0911661
0.0911483
0.0911416
0.949843
0.451016
0.28804
0.207014
0.161932
0.13524
0.118813
0.108485
0.101947
0.0978278
0.0952685
0.093711
0.092787
0.0922541
0.091956
0.0917946
0.0917103
0.0916681
0.091648
0.0916391
0.0916355
0.0916341
0.0916333
0.0916323
0.0916309
0.0916287
0.0916257
0.0916219
0.0916173
0.0916119
0.0916054
0.0915979
0.0915888
0.0915776
0.0915633
0.0915445
0.0915193
0.0914859
0.0914433
0.0913923
0.0913363
0.0912809
0.0912314
0.0911916
0.0911637
0.0911504
0.950941
0.450085
0.286167
0.205042
0.160267
0.133999
0.117975
0.107984
0.101705
0.0977748
0.0953479
0.0938789
0.0930114
0.092513
0.092235
0.0920846
0.0920059
0.0919661
0.0919467
0.0919376
0.0919332
0.0919309
0.0919291
0.0919271
0.0919245
0.0919213
0.0919173
0.0919125
0.0919068
0.0919003
0.0918928
0.0918839
0.0918731
0.0918594
0.0918411
0.0918155
0.0917791
0.0917278
0.0916585
0.0915717
0.0914742
0.0913787
0.091296
0.0912315
0.0911871
0.0911633
0.956853
0.447997
0.281768
0.20081
0.15698
0.131715
0.116525
0.107165
0.101339
0.0977237
0.0955068
0.0941734
0.0933902
0.0929421
0.0926927
0.0925579
0.0924869
0.0924505
0.0924322
0.0924229
0.0924177
0.0924142
0.0924111
0.0924078
0.0924039
0.0923994
0.0923941
0.092388
0.0923811
0.0923733
0.0923644
0.092354
0.0923413
0.0923248
0.0923018
0.092268
0.0922167
0.0921393
0.0920272
0.0918778
0.0917035
0.0915352
0.0913948
0.0912902
0.09122
0.0911805
0.980588
0.443809
0.272011
0.192307
0.150945
0.127819
0.114203
0.105934
0.100845
0.0977144
0.0958093
0.0946707
0.0940054
0.0936262
0.0934156
0.0933014
0.0932409
0.0932092
0.0931925
0.0931832
0.0931773
0.0931726
0.0931682
0.0931635
0.0931582
0.0931523
0.0931457
0.0931383
0.0931301
0.0931211
0.093111
0.0930993
0.093085
0.0930662
0.0930391
0.0929973
0.0929297
0.0928191
0.0926441
0.0923887
0.0920706
0.0917717
0.0915356
0.091369
0.0912618
0.0912012
1.07987
0.437069
0.251964
0.176739
0.140899
0.121793
0.110832
0.104273
0.100275
0.0978335
0.0963567
0.0954787
0.0949677
0.0946772
0.0945158
0.0944279
0.0943808
0.0943553
0.0943411
0.0943324
0.0943261
0.0943207
0.0943153
0.0943096
0.0943034
0.0942965
0.094289
0.0942808
0.0942719
0.0942623
0.0942516
0.0942395
0.0942249
0.0942056
0.0941775
0.094132
0.0940531
0.0939114
0.0936581
0.0932331
0.0926316
0.0921017
0.0917164
0.0914633
0.0913088
0.0912229
1.51249
0.422971
0.213794
0.151641
0.126267
0.113609
0.106531
0.102335
0.0997856
0.0982323
0.0972948
0.0967387
0.0964155
0.0962318
0.0961295
0.0960734
0.0960427
0.0960255
0.0960153
0.0960084
0.0960029
0.0959978
0.0959926
0.0959871
0.0959812
0.0959748
0.0959678
0.0959603
0.0959523
0.0959437
0.0959344
0.0959239
0.0959116
0.0958956
0.0958723
0.0958335
0.0957613
0.0956153
0.0953061
0.0946513
0.0934245
0.0925023
0.0919117
0.0915565
0.0913519
0.0912414
3.54998
0.319747
0.146363
0.117664
0.108486
0.104267
0.10193
0.100528
0.099665
0.099134
0.0988116
0.0986198
0.0985081
0.0984445
0.098409
0.0983895
0.0983786
0.0983724
0.0983685
0.0983658
0.0983634
0.0983612
0.0983589
0.0983563
0.0983536
0.0983506
0.0983474
0.0983439
0.0983402
0.0983362
0.0983319
0.0983271
0.0983217
0.0983148
0.098305
0.0982884
0.0982553
0.0981769
0.0979558
0.0972154
0.0943248
0.0928509
0.0920562
0.0916186
0.0913785
0.0912519
2.0194
1.64724
1.38677
1.22807
1.14178
1.10409
1.1097
1.22363
0.704363
0.672713
0.612122
0.563061
0.530189
0.509373
0.496543
0.486335
0.356057
0.360591
0.353058
0.341595
0.329987
0.319282
0.309046
0.297783
0.227495
0.232227
0.232493
0.230003
0.226029
0.221214
0.215704
0.209338
0.168483
0.171218
0.172116
0.171617
0.170112
0.167867
0.165016
0.16161
0.137535
0.138993
0.13957
0.139428
0.138715
0.137545
0.135996
0.134125
0.119923
0.120658
0.120917
0.120787
0.120343
0.119645
0.118737
0.117656
0.109417
0.109747
0.109792
0.109618
0.109275
0.108798
0.108218
0.107555
0.10301
0.103111
0.103025
0.102811
0.102507
0.102142
0.101735
0.101299
0.0990862
0.0990551
0.0988914
0.0986482
0.0983611
0.0980536
0.0977408
0.0974321
0.0967012
0.0965943
0.0963838
0.0961215
0.0958411
0.0955641
0.0953035
0.0950654
0.0952739
0.0951231
0.0948845
0.0946096
0.0943314
0.0940705
0.0938384
0.0936397
0.0944364
0.0942601
0.0940045
0.0937211
0.0934431
0.0931903
0.0929738
0.0927966
0.0939554
0.093764
0.0934978
0.0932087
0.0929298
0.092681
0.0924727
0.0923072
0.0936845
0.0934841
0.093211
0.0929178
0.0926377
0.0923907
0.092187
0.0920277
0.0935341
0.0933279
0.0930502
0.092754
0.0924729
0.0922267
0.0920254
0.0918696
0.0934506
0.0932405
0.0929595
0.0926611
0.0923792
0.0921335
0.0919338
0.0917801
0.0934031
0.0931901
0.0929068
0.0926068
0.0923244
0.0920792
0.0918808
0.0917286
0.0933741
0.0931589
0.0928738
0.0925728
0.0922902
0.0920457
0.0918485
0.0916976
0.0933542
0.0931372
0.0928507
0.0925491
0.0922666
0.092023
0.0918272
0.0916776
0.0933382
0.0931196
0.0928322
0.0925303
0.0922484
0.092006
0.0918117
0.0916634
0.0933233
0.0931034
0.0928153
0.0925137
0.0922326
0.0919917
0.0917991
0.0916523
0.093308
0.0930869
0.0927986
0.0924975
0.0922178
0.0919786
0.091788
0.0916429
0.0932913
0.0930693
0.0927812
0.0924811
0.092203
0.0919659
0.0917776
0.0916343
0.0932725
0.09305
0.0927624
0.0924638
0.0921878
0.0919532
0.0917674
0.0916262
0.0932512
0.0930283
0.0927418
0.0924451
0.0921718
0.0919401
0.0917571
0.0916182
0.0932267
0.0930039
0.0927189
0.0924248
0.0921547
0.0919264
0.0917465
0.0916103
0.0931985
0.0929761
0.0926933
0.0924025
0.0921361
0.0919118
0.0917355
0.0916022
0.093166
0.0929445
0.0926646
0.0923778
0.092116
0.0918961
0.0917239
0.0915939
0.0931287
0.0929086
0.0926323
0.0923504
0.0920939
0.0918792
0.0917117
0.0915853
0.0930858
0.0928679
0.0925961
0.0923201
0.0920698
0.091861
0.0916986
0.0915764
0.0930368
0.0928218
0.0925557
0.0922865
0.0920433
0.0918413
0.0916847
0.091567
0.0929812
0.0927701
0.0925106
0.0922495
0.0920145
0.09182
0.0916699
0.0915572
0.0929186
0.0927123
0.0924608
0.0922089
0.0919832
0.0917972
0.0916542
0.0915471
0.0928488
0.0926484
0.0924062
0.0921648
0.0919495
0.0917728
0.0916376
0.0915364
0.0927722
0.0925788
0.0923469
0.0921172
0.0919132
0.0917468
0.09162
0.0915253
0.0926892
0.0925037
0.0922834
0.0920664
0.0918748
0.0917194
0.0916016
0.0915137
0.0926004
0.0924239
0.0922163
0.092013
0.0918346
0.0916907
0.0915824
0.0915017
0.0925068
0.0923403
0.0921462
0.0919574
0.0917929
0.0916612
0.0915628
0.0914895
0.0924097
0.0922539
0.0920741
0.0919005
0.0917502
0.0916311
0.0915427
0.091477
0.0923103
0.092166
0.0920009
0.0918429
0.0917073
0.0916007
0.0915225
0.0914645
0.0922103
0.0920778
0.0919279
0.0917855
0.0916645
0.0915706
0.0915025
0.0914519
0.0921112
0.0919907
0.0918559
0.0917291
0.0916225
0.0915409
0.0914827
0.0914395
0.0920143
0.0919059
0.091786
0.0916745
0.0915819
0.0915122
0.0914634
0.0914272
0.0919211
0.0918246
0.0917191
0.0916222
0.091543
0.0914847
0.0914448
0.0914152
0.0918325
0.0917475
0.0916559
0.0915728
0.0915063
0.0914586
0.091427
0.0914036
0.0917496
0.0916756
0.0915969
0.0915268
0.091472
0.091434
0.0914101
0.0913923
0.0916728
0.0916091
0.0915425
0.0914843
0.0914402
0.0914112
0.0913942
0.0913814
0.0916026
0.0915484
0.0914928
0.0914456
0.0914112
0.0913902
0.0913793
0.0913709
0.0915391
0.0914937
0.0914481
0.0914106
0.0913848
0.0913709
0.0913653
0.0913608
0.0914821
0.0914447
0.0914081
0.0913793
0.0913611
0.0913533
0.0913524
0.0913512
0.0914316
0.0914013
0.0913726
0.0913514
0.0913398
0.0913373
0.0913403
0.0913419
0.0913872
0.0913631
0.0913414
0.0913268
0.0913209
0.0913228
0.0913291
0.091333
0.0913484
0.0913299
0.0913142
0.0913052
0.0913041
0.0913098
0.0913187
0.0913244
0.0913148
0.091301
0.0912905
0.0912864
0.0912893
0.091298
0.091309
0.0913162
0.0912858
0.0912762
0.0912701
0.09127
0.0912762
0.0912873
0.0912999
0.0913083
0.091261
0.091255
0.0912526
0.0912558
0.0912647
0.0912777
0.0912915
0.0913007
0.0912399
0.0912369
0.0912376
0.0912436
0.0912545
0.0912689
0.0912836
0.0912934
0.091222
0.0912215
0.0912248
0.091233
0.0912455
0.091261
0.0912763
0.0912863
0.091207
0.0912086
0.0912139
0.0912238
0.0912376
0.0912538
0.0912694
0.0912796
0.0911943
0.0911976
0.0912047
0.0912159
0.0912306
0.0912472
0.0912629
0.0912731
0.0911837
0.0911885
0.0911968
0.0912091
0.0912244
0.0912412
0.0912568
0.0912669
0.0911749
0.0911808
0.0911902
0.0912032
0.0912189
0.0912357
0.0912511
0.091261
0.0911675
0.0911744
0.0911846
0.0911981
0.0912139
0.0912307
0.0912457
0.0912553
0.0911615
0.0911691
0.0911799
0.0911937
0.0912095
0.091226
0.0912407
0.09125
0.0911565
0.0911647
0.0911759
0.0911898
0.0912056
0.0912218
0.091236
0.0912449
0.0911524
0.091161
0.0911725
0.0911865
0.0912021
0.0912179
0.0912317
0.0912401
0.0911491
0.091158
0.0911696
0.0911836
0.0911989
0.0912143
0.0912276
0.0912356
0.0911464
0.0911555
0.0911673
0.0911811
0.0911961
0.091211
0.0912238
0.0912314
0.0911442
0.0911535
0.0911653
0.0911789
0.0911936
0.091208
0.0912203
0.0912275
0.0911426
0.0911519
0.0911636
0.0911771
0.0911914
0.0912053
0.0912171
0.0912239
0.0911414
0.0911508
0.0911623
0.0911755
0.0911894
0.0912029
0.0912142
0.0912206
0.0911408
0.0911501
0.0911614
0.0911743
0.0911878
0.0912008
0.0912116
0.0912176
0.0911408
0.0911499
0.0911609
0.0911734
0.0911865
0.091199
0.0912093
0.091215
0.0911416
0.0911503
0.0911609
0.091173
0.0911855
0.0911975
0.0912073
0.0912126
0.0911437
0.0911516
0.0911616
0.091173
0.0911849
0.0911963
0.0912056
0.0912105
0.0911472
0.0911541
0.0911631
0.0911737
0.0911848
0.0911955
0.0912041
0.0912086
0.0911528
0.091158
0.0911656
0.0911749
0.091185
0.0911948
0.0912028
0.0912066
0.0911608
0.0911634
0.091169
0.0911767
0.0911854
0.0911941
0.0912012
0.0912044
0.091171
0.0911702
0.0911731
0.0911786
0.0911856
0.0911929
0.0911989
0.0912013
0.0911829
0.0911777
0.0911771
0.0911799
0.0911848
0.0911905
0.0911952
0.0911968
0.0911945
0.0911844
0.09118
0.0911799
0.0911825
0.0911864
0.0911897
0.0911903
0.0912035
0.0911888
0.091181
0.0911781
0.0911785
0.0911806
0.0911826
0.0911823
0.091208
0.0911903
0.0911801
0.0911753
0.0911742
0.0911751
0.0911762
0.0911752
0.834317
0.498778
0.294699
0.201328
0.156597
0.133269
0.120412
0.113143
0.109017
0.106698
0.105417
0.104722
0.104349
0.10415
0.104041
0.103979
0.103941
0.103914
0.103895
0.10388
0.10387
0.103867
0.103879
0.103918
0.104014
0.10422
0.104633
0.105426
0.106889
0.109497
0.114014
0.121694
0.134675
0.156876
0.196168
0.270226
0.426282
0.898766
0.436507
0.328228
0.234204
0.176451
0.143649
0.124891
0.113981
0.107589
0.103861
0.101717
0.100505
0.099832
0.0994627
0.09926
0.0991466
0.0990803
0.0990389
0.0990107
0.0989904
0.0989757
0.0989668
0.0989665
0.0989825
0.0990302
0.0991406
0.0993719
0.0998286
0.100692
0.102262
0.105025
0.109758
0.117725
0.131075
0.153747
0.193643
0.268477
0.425555
0.900667
0.273524
0.229052
0.185326
0.152651
0.130961
0.117198
0.108638
0.103391
0.100232
0.0983669
0.0972896
0.0966786
0.0963362
0.0961442
0.0960346
0.0959695
0.0959284
0.0959006
0.0958809
0.0958671
0.0958597
0.095862
0.095882
0.0959367
0.0960593
0.0963112
0.0968024
0.0977203
0.0993734
0.102256
0.107151
0.115328
0.128944
0.151944
0.192238
0.267544
0.425208
0.902131
0.196858
0.175289
0.152884
0.134116
0.120218
0.110614
0.104256
0.100181
0.0976436
0.0961058
0.0951967
0.09467
0.0943683
0.0941953
0.0940944
0.0940331
0.0939939
0.0939672
0.0939483
0.0939355
0.0939294
0.0939336
0.0939569
0.094017
0.0941489
0.0944167
0.0949339
0.0958928
0.097607
0.100576
0.105587
0.113914
0.127714
0.150934
0.19148
0.267069
0.425078
0.90325
0.15502
0.143742
0.131569
0.120581
0.111787
0.10529
0.100756
0.09773
0.0957843
0.0945734
0.0938405
0.093406
0.0931512
0.0930014
0.0929115
0.0928555
0.0928188
0.0927934
0.0927755
0.0927635
0.0927584
0.092764
0.0927896
0.0928537
0.0929924
0.0932717
0.0938077
0.0947957
0.0965531
0.0995823
0.104674
0.113102
0.127024
0.150385
0.191087
0.266842
0.425064
0.904166
0.130521
0.124345
0.117494
0.110981
0.105465
0.101173
0.0980449
0.0958808
0.0944473
0.0935318
0.0929638
0.0926187
0.0924108
0.0922848
0.0922069
0.0921567
0.0921228
0.0920989
0.0920818
0.0920704
0.092066
0.0920727
0.0920999
0.0921668
0.0923103
0.0925976
0.0931464
0.0941543
0.0959409
0.0990106
0.104156
0.112649
0.126649
0.150097
0.190893
0.266748
0.425111
0.904969
0.115604
0.112114
0.10818
0.104304
0.10088
0.0981054
0.0960083
0.0945111
0.0934912
0.0928226
0.092397
0.0921311
0.091966
0.0918625
0.091796
0.0917516
0.0917207
0.0916982
0.0916819
0.0916711
0.0916672
0.0916746
0.0917029
0.0917717
0.0919184
0.092211
0.0927683
0.0937893
0.0955949
0.0986906
0.103869
0.112404
0.126452
0.149953
0.190805
0.266722
0.425189
0.905703
0.106334
0.104318
0.10204
0.0997422
0.0976474
0.0958928
0.0945244
0.0935187
0.0928145
0.0923402
0.0920295
0.0918293
0.0917005
0.0916167
0.0915605
0.0915215
0.0914933
0.0914723
0.0914568
0.0914465
0.0914431
0.0914509
0.09148
0.09155
0.0916988
0.0919948
0.0925576
0.0935869
0.0954045
0.0985165
0.103716
0.112276
0.126353
0.149886
0.190773
0.266732
0.425284
0.906391
0.100537
0.099351
0.0980315
0.0966856
0.0954283
0.0943446
0.0934743
0.092816
0.0923418
0.0920127
0.0917901
0.0916413
0.0915418
0.0914741
0.0914268
0.0913925
0.0913668
0.0913472
0.0913325
0.0913227
0.0913197
0.0913279
0.0913575
0.0914284
0.0915785
0.0918767
0.0924429
0.0934774
0.0953023
0.0984243
0.103637
0.112213
0.126307
0.14986
0.190769
0.266759
0.425386
0.907045
0.0969255
0.0962139
0.0954537
0.09468
0.0939435
0.0932911
0.092751
0.0923296
0.092016
0.0917908
0.0916327
0.0915226
0.0914455
0.0913907
0.0913505
0.0913202
0.0912968
0.0912786
0.0912646
0.0912553
0.0912526
0.0912612
0.0912912
0.0913626
0.0915136
0.0918132
0.0923816
0.0934193
0.0952488
0.098377
0.103597
0.112183
0.126289
0.149854
0.190781
0.266796
0.425493
0.90767
0.0947027
0.0942611
0.0938256
0.0933922
0.092974
0.0925922
0.0922646
0.0919993
0.0917941
0.0916405
0.0915279
0.0914458
0.0913855
0.0913404
0.091306
0.0912791
0.0912576
0.0912405
0.0912274
0.0912186
0.0912162
0.0912251
0.0912554
0.0913273
0.0914789
0.0917794
0.0923492
0.0933889
0.0952214
0.0983535
0.103579
0.112171
0.126285
0.14986
0.1908
0.266838
0.425602
0.908268
0.093357
0.093067
0.0928171
0.0925826
0.0923546
0.0921383
0.0919437
0.0917782
0.0916439
0.0915383
0.0914569
0.0913944
0.0913462
0.0913086
0.0912786
0.0912545
0.0912348
0.0912188
0.0912063
0.091198
0.0911961
0.0912053
0.0912359
0.091308
0.0914601
0.0917612
0.092332
0.0933731
0.0952076
0.0983424
0.103571
0.112168
0.126288
0.149872
0.190824
0.266884
0.425712
0.908842
0.0925575
0.0923502
0.0922039
0.0920827
0.0919657
0.091848
0.0917345
0.0916313
0.0915421
0.0914679
0.0914074
0.0913585
0.091319
0.0912869
0.0912604
0.0912385
0.0912203
0.0912053
0.0911935
0.0911858
0.0911842
0.0911937
0.0912246
0.0912971
0.0914494
0.0917511
0.0923226
0.0933648
0.0952007
0.0983377
0.103569
0.11217
0.126295
0.149886
0.19085
0.266933
0.425822
0.909392
0.0920912
0.0919271
0.0918365
0.0917781
0.091724
0.0916638
0.0915985
0.0915333
0.0914724
0.0914182
0.0913716
0.0913321
0.0912988
0.0912708
0.0912471
0.091227
0.0912101
0.091196
0.0911849
0.0911776
0.0911764
0.0911863
0.0912174
0.0912902
0.0914429
0.091745
0.0923171
0.0933602
0.0951974
0.0983362
0.10357
0.112174
0.126304
0.149903
0.190878
0.266982
0.425932
0.909918
0.0918235
0.0916804
0.0916183
0.0915933
0.0915739
0.0915462
0.0915092
0.0914668
0.0914234
0.0913821
0.0913447
0.0913116
0.0912828
0.0912578
0.0912363
0.0912178
0.091202
0.0911888
0.0911783
0.0911715
0.0911707
0.0911808
0.0912123
0.0912853
0.0914384
0.0917409
0.0923136
0.0933575
0.0951959
0.0983363
0.103573
0.11218
0.126315
0.149921
0.190907
0.267034
0.426042
0.910419
0.0916711
0.0915369
0.0914883
0.0914802
0.0914794
0.0914699
0.0914492
0.0914203
0.0913877
0.0913547
0.0913234
0.0912948
0.0912692
0.0912467
0.091227
0.0912098
0.091195
0.0911825
0.0911726
0.0911663
0.0911658
0.0911763
0.0912081
0.0912814
0.0914348
0.0917378
0.092311
0.0933557
0.0951953
0.0983373
0.103576
0.112187
0.126326
0.149939
0.190938
0.267086
0.426151
0.910897
0.0915844
0.0914528
0.0914095
0.0914094
0.0914181
0.0914185
0.0914071
0.0913864
0.0913605
0.0913329
0.0913058
0.0912804
0.0912574
0.0912367
0.0912184
0.0912024
0.0911885
0.0911767
0.0911673
0.0911615
0.0911614
0.0911722
0.0912043
0.0912779
0.0914317
0.091735
0.0923088
0.0933544
0.0951951
0.0983388
0.10358
0.112194
0.126339
0.149959
0.19097
0.26714
0.426259
0.91135
0.0915342
0.0914021
0.0913601
0.0913632
0.0913764
0.0913822
0.0913762
0.0913604
0.0913389
0.0913149
0.0912907
0.0912678
0.0912466
0.0912275
0.0912104
0.0911954
0.0911822
0.0911711
0.0911623
0.0911569
0.0911572
0.0911683
0.0912007
0.0912746
0.0914287
0.0917325
0.0923069
0.0933533
0.0951952
0.0983405
0.103584
0.112202
0.126351
0.149979
0.191002
0.267194
0.426366
0.911778
0.0915041
0.0913702
0.0913274
0.0913313
0.0913465
0.091355
0.0913521
0.0913395
0.0913208
0.0912994
0.0912774
0.0912563
0.0912367
0.0912188
0.0912028
0.0911886
0.0911762
0.0911657
0.0911574
0.0911524
0.0911531
0.0911645
0.0911972
0.0912714
0.0914259
0.0917301
0.0923051
0.0933523
0.0951954
0.0983425
0.103589
0.11221
0.126365
0.15
0.191035
0.267248
0.426472
0.912181
0.0914848
0.0913487
0.0913044
0.0913077
0.0913236
0.0913336
0.0913326
0.091322
0.0913053
0.0912857
0.0912654
0.0912457
0.0912274
0.0912106
0.0911955
0.0911821
0.0911704
0.0911604
0.0911526
0.091148
0.091149
0.0911608
0.0911937
0.0912683
0.0914231
0.0917278
0.0923034
0.0933515
0.0951958
0.0983447
0.103594
0.112218
0.126378
0.150022
0.191069
0.267304
0.426576
0.912559
0.0914716
0.0913333
0.091287
0.0912894
0.0913052
0.0913158
0.0913159
0.0913067
0.0912915
0.0912733
0.0912543
0.0912359
0.0912186
0.0912028
0.0911885
0.0911758
0.0911647
0.0911552
0.0911478
0.0911436
0.091145
0.0911571
0.0911903
0.0912652
0.0914203
0.0917255
0.0923017
0.0933507
0.0951964
0.0983471
0.103598
0.112227
0.126392
0.150044
0.191104
0.267359
0.426678
0.912913
0.0914616
0.0913214
0.0912732
0.0912743
0.0912897
0.0913006
0.0913014
0.0912932
0.091279
0.091262
0.0912441
0.0912267
0.0912103
0.0911953
0.0911818
0.0911697
0.0911591
0.0911501
0.0911432
0.0911393
0.091141
0.0911534
0.091187
0.0912622
0.0914177
0.0917233
0.0923002
0.0933501
0.095197
0.0983496
0.103604
0.112236
0.126407
0.150066
0.191139
0.267415
0.426779
0.913242
0.0914536
0.0913119
0.0912618
0.0912616
0.0912763
0.0912871
0.0912884
0.0912809
0.0912676
0.0912515
0.0912346
0.091218
0.0912025
0.0911882
0.0911753
0.0911638
0.0911537
0.0911452
0.0911387
0.0911352
0.0911372
0.0911499
0.0911837
0.0912592
0.0914151
0.0917212
0.0922987
0.0933495
0.0951978
0.0983523
0.103609
0.112245
0.126421
0.150089
0.191174
0.267471
0.426877
0.913546
0.0914468
0.0913039
0.0912522
0.0912507
0.0912645
0.0912751
0.0912766
0.0912696
0.0912571
0.0912418
0.0912256
0.0912098
0.091195
0.0911814
0.0911691
0.0911582
0.0911486
0.0911404
0.0911343
0.0911311
0.0911334
0.0911464
0.0911805
0.0912563
0.0914125
0.0917191
0.0922973
0.0933491
0.0951987
0.0983552
0.103615
0.112254
0.126436
0.150112
0.191209
0.267527
0.426974
0.913826
0.0914407
0.0912971
0.091244
0.0912411
0.091254
0.0912643
0.0912658
0.0912593
0.0912473
0.0912326
0.0912172
0.0912021
0.0911879
0.0911749
0.0911632
0.0911527
0.0911436
0.0911358
0.09113
0.0911272
0.0911298
0.091143
0.0911774
0.0912535
0.0914101
0.0917172
0.0922961
0.0933488
0.0951998
0.0983582
0.10362
0.112264
0.126452
0.150136
0.191245
0.267583
0.427068
0.914082
0.0914352
0.0912914
0.091237
0.0912327
0.0912447
0.0912544
0.0912559
0.0912496
0.0912381
0.0912241
0.0912092
0.0911948
0.0911812
0.0911687
0.0911575
0.0911475
0.0911388
0.0911314
0.0911259
0.0911234
0.0911263
0.0911398
0.0911745
0.0912509
0.0914078
0.0917153
0.0922949
0.0933486
0.095201
0.0983613
0.103626
0.112274
0.126467
0.150159
0.191281
0.267639
0.427159
0.914314
0.0914301
0.0912865
0.091231
0.0912254
0.0912363
0.0912454
0.0912468
0.0912406
0.0912295
0.091216
0.0912017
0.0911878
0.0911748
0.0911628
0.0911521
0.0911425
0.0911342
0.0911272
0.091122
0.0911198
0.0911229
0.0911367
0.0911716
0.0912483
0.0914056
0.0917136
0.0922938
0.0933485
0.0952023
0.0983646
0.103632
0.112284
0.126482
0.150183
0.191317
0.267694
0.427248
0.914522
0.0914254
0.0912824
0.091226
0.091219
0.0912287
0.0912372
0.0912383
0.0912322
0.0912215
0.0912083
0.0911946
0.0911812
0.0911687
0.0911572
0.0911469
0.0911378
0.0911298
0.0911231
0.0911183
0.0911163
0.0911197
0.0911337
0.0911689
0.0912459
0.0914035
0.091712
0.0922929
0.0933485
0.0952037
0.0983681
0.103639
0.112294
0.126498
0.150207
0.191353
0.267748
0.427334
0.914708
0.0914209
0.091279
0.0912218
0.0912135
0.091222
0.0912296
0.0912304
0.0912243
0.0912138
0.0912011
0.0911878
0.0911749
0.0911629
0.0911519
0.091142
0.0911332
0.0911256
0.0911192
0.0911147
0.091113
0.0911166
0.0911309
0.0911663
0.0912436
0.0914016
0.0917105
0.0922921
0.0933487
0.0952053
0.0983716
0.103645
0.112304
0.126514
0.15023
0.191388
0.267802
0.427417
0.914871
0.0914167
0.0912764
0.0912185
0.0912088
0.0912159
0.0912227
0.091223
0.0912169
0.0912066
0.0911943
0.0911814
0.091169
0.0911573
0.0911468
0.0911373
0.0911289
0.0911216
0.0911156
0.0911113
0.0911098
0.0911137
0.0911282
0.0911638
0.0912414
0.0913997
0.0917092
0.0922914
0.093349
0.095207
0.0983753
0.103651
0.112314
0.12653
0.150254
0.191423
0.267855
0.427497
0.915012
0.0914127
0.0912743
0.091216
0.0912048
0.0912106
0.0912163
0.0912161
0.0912099
0.0911998
0.0911878
0.0911753
0.0911633
0.0911521
0.0911419
0.0911328
0.0911248
0.0911178
0.091112
0.091108
0.0911068
0.0911109
0.0911256
0.0911615
0.0912393
0.091398
0.0917079
0.0922908
0.0933494
0.0952088
0.098379
0.103658
0.112325
0.126545
0.150277
0.191458
0.267907
0.427574
0.915132
0.0914088
0.091273
0.0912142
0.0912015
0.0912058
0.0912104
0.0912097
0.0912033
0.0911934
0.0911816
0.0911695
0.0911579
0.0911471
0.0911373
0.0911286
0.0911209
0.0911142
0.0911087
0.091105
0.091104
0.0911083
0.0911232
0.0911594
0.0912374
0.0913965
0.0917068
0.0922904
0.0933499
0.0952106
0.0983828
0.103664
0.112335
0.126561
0.1503
0.191493
0.267957
0.427648
0.915231
0.0914052
0.0912722
0.0912132
0.0911989
0.0912016
0.091205
0.0912036
0.0911971
0.0911872
0.0911758
0.091164
0.0911528
0.0911424
0.091133
0.0911246
0.0911172
0.0911108
0.0911056
0.0911021
0.0911013
0.0911059
0.091121
0.0911573
0.0912357
0.091395
0.0917058
0.0922901
0.0933505
0.0952126
0.0983867
0.103671
0.112345
0.126576
0.150323
0.191526
0.268007
0.427718
0.915311
0.0914017
0.0912721
0.0912128
0.0911969
0.0911978
0.0912001
0.091198
0.0911912
0.0911814
0.0911702
0.0911588
0.0911479
0.0911379
0.0911288
0.0911208
0.0911137
0.0911076
0.0911026
0.0910993
0.0910988
0.0911036
0.0911189
0.0911554
0.091234
0.0913937
0.091705
0.0922898
0.0933512
0.0952147
0.0983907
0.103678
0.112356
0.126592
0.150346
0.191559
0.268055
0.427785
0.915371
0.0913984
0.0912725
0.091213
0.0911955
0.0911946
0.0911955
0.0911926
0.0911856
0.0911758
0.0911649
0.0911538
0.0911433
0.0911336
0.0911249
0.0911172
0.0911104
0.0911045
0.0910998
0.0910968
0.0910965
0.0911014
0.0911169
0.0911537
0.0912325
0.0913925
0.0917042
0.0922897
0.093352
0.0952168
0.0983946
0.103684
0.112366
0.126607
0.150368
0.191592
0.268102
0.427849
0.915414
0.0913952
0.0912734
0.0912138
0.0911945
0.0911917
0.0911912
0.0911876
0.0911803
0.0911706
0.0911598
0.0911491
0.0911389
0.0911296
0.0911212
0.0911138
0.0911072
0.0911017
0.0910972
0.0910944
0.0910943
0.0910994
0.0911151
0.0911521
0.0912311
0.0913914
0.0917036
0.0922897
0.0933529
0.095219
0.0983986
0.103691
0.112376
0.126622
0.15039
0.191623
0.268147
0.427909
0.915439
0.091392
0.0912746
0.0912149
0.0911939
0.0911892
0.0911873
0.0911829
0.0911752
0.0911655
0.091155
0.0911446
0.0911347
0.0911258
0.0911177
0.0911106
0.0911043
0.091099
0.0910948
0.0910921
0.0910922
0.0910976
0.0911134
0.0911506
0.0912299
0.0913905
0.091703
0.0922898
0.0933538
0.0952212
0.0984026
0.103697
0.112386
0.126636
0.150411
0.191654
0.268191
0.427966
0.915448
0.0913888
0.0912761
0.0912164
0.0911936
0.091187
0.0911836
0.0911783
0.0911704
0.0911608
0.0911504
0.0911403
0.0911308
0.0911221
0.0911144
0.0911075
0.0911016
0.0910965
0.0910925
0.09109
0.0910903
0.0910958
0.0911119
0.0911492
0.0912288
0.0913896
0.0917026
0.0922899
0.0933548
0.0952234
0.0984066
0.103703
0.112395
0.126651
0.150432
0.191684
0.268233
0.428019
0.915441
0.0913856
0.0912777
0.0912182
0.0911936
0.091185
0.0911801
0.0911741
0.0911658
0.0911562
0.0911461
0.0911362
0.0911271
0.0911187
0.0911113
0.0911047
0.091099
0.0910941
0.0910904
0.0910881
0.0910886
0.0910942
0.0911105
0.091148
0.0912277
0.0913889
0.0917023
0.0922901
0.0933559
0.0952257
0.0984106
0.10371
0.112405
0.126664
0.150452
0.191712
0.268274
0.428069
0.915419
0.0913824
0.0912794
0.09122
0.0911937
0.0911831
0.0911768
0.0911699
0.0911614
0.0911518
0.0911419
0.0911324
0.0911235
0.0911155
0.0911083
0.091102
0.0910966
0.091092
0.0910884
0.0910863
0.0910869
0.0910928
0.0911092
0.0911469
0.0912268
0.0913883
0.091702
0.0922904
0.093357
0.0952279
0.0984145
0.103716
0.112414
0.126678
0.150471
0.19174
0.268312
0.428115
0.915384
0.0913791
0.0912811
0.0912219
0.0911938
0.0911814
0.0911737
0.091166
0.0911572
0.0911476
0.0911379
0.0911287
0.0911201
0.0911124
0.0911056
0.0910996
0.0910943
0.0910899
0.0910865
0.0910847
0.0910854
0.0910915
0.091108
0.0911459
0.091226
0.0913877
0.0917018
0.0922908
0.0933582
0.0952302
0.0984183
0.103722
0.112423
0.126691
0.15049
0.191767
0.268349
0.428158
0.915336
0.0913756
0.0912827
0.0912237
0.091194
0.0911797
0.0911707
0.0911622
0.0911532
0.0911436
0.0911342
0.0911252
0.091117
0.0911096
0.091103
0.0910972
0.0910922
0.0910881
0.0910849
0.0910831
0.0910841
0.0910902
0.0911069
0.091145
0.0912253
0.0913873
0.0917017
0.0922912
0.0933594
0.0952325
0.0984222
0.103728
0.112432
0.126704
0.150508
0.191792
0.268384
0.428197
0.915275
0.091372
0.091284
0.0912254
0.0911942
0.0911781
0.0911678
0.0911586
0.0911493
0.0911398
0.0911305
0.0911219
0.091114
0.0911069
0.0911006
0.0910951
0.0910903
0.0910863
0.0910833
0.0910817
0.0910828
0.0910891
0.091106
0.0911442
0.0912247
0.0913869
0.0917017
0.0922917
0.0933606
0.0952348
0.0984259
0.103734
0.11244
0.126716
0.150525
0.191817
0.268418
0.428234
0.915203
0.0913682
0.091285
0.0912268
0.0911942
0.0911765
0.0911649
0.0911551
0.0911456
0.0911361
0.0911271
0.0911187
0.0911111
0.0911043
0.0910983
0.091093
0.0910885
0.0910847
0.0910818
0.0910805
0.0910817
0.0910881
0.0911051
0.0911435
0.0912242
0.0913866
0.0917018
0.0922923
0.0933619
0.0952371
0.0984297
0.103739
0.112449
0.126728
0.150542
0.191841
0.268449
0.428267
0.91512
0.0913642
0.0912857
0.091228
0.0911941
0.0911748
0.0911622
0.0911517
0.091142
0.0911327
0.0911239
0.0911158
0.0911084
0.0911019
0.0910962
0.0910911
0.0910868
0.0910832
0.0910805
0.0910793
0.0910807
0.0910872
0.0911043
0.0911428
0.0912237
0.0913864
0.0917019
0.0922929
0.0933633
0.0952396
0.0984336
0.103745
0.112457
0.12674
0.150559
0.191864
0.268481
0.428298
0.915027
0.09136
0.091286
0.0912287
0.0911937
0.0911731
0.0911594
0.0911485
0.0911386
0.0911293
0.0911208
0.091113
0.0911059
0.0910997
0.0910942
0.0910894
0.0910852
0.0910818
0.0910793
0.0910782
0.0910797
0.0910864
0.0911037
0.0911423
0.0912234
0.0913863
0.0917022
0.0922937
0.0933648
0.0952421
0.0984376
0.103751
0.112466
0.126752
0.150576
0.191888
0.268513
0.428332
0.91493
0.0913556
0.0912857
0.0912291
0.0911932
0.0911713
0.0911567
0.0911453
0.0911353
0.0911262
0.0911178
0.0911103
0.0911035
0.0910976
0.0910923
0.0910877
0.0910838
0.0910805
0.0910782
0.0910772
0.0910788
0.0910857
0.0911031
0.0911418
0.0912231
0.0913863
0.0917026
0.0922946
0.0933665
0.0952449
0.0984419
0.103758
0.112475
0.126766
0.150595
0.191915
0.268551
0.428378
0.914878
0.0913509
0.091285
0.0912291
0.0911924
0.0911695
0.0911541
0.0911422
0.0911321
0.0911231
0.091115
0.0911078
0.0911013
0.0910956
0.0910906
0.0910862
0.0910824
0.0910793
0.0910771
0.0910763
0.0910781
0.091085
0.0911025
0.0911414
0.0912229
0.0913864
0.091703
0.0922956
0.0933682
0.0952477
0.0984462
0.103764
0.112485
0.126779
0.150614
0.191942
0.26859
0.428424
0.91482
0.0913459
0.0912837
0.0912286
0.0911913
0.0911675
0.0911514
0.0911392
0.0911291
0.0911203
0.0911124
0.0911054
0.0910992
0.0910937
0.0910889
0.0910847
0.0910811
0.0910782
0.0910762
0.0910755
0.0910773
0.0910844
0.091102
0.0911411
0.0912227
0.0913864
0.0917034
0.0922965
0.0933699
0.0952505
0.0984505
0.10377
0.112494
0.126792
0.150633
0.191969
0.268627
0.428466
0.914752
0.0913407
0.0912819
0.0912277
0.0911899
0.0911654
0.0911488
0.0911363
0.0911262
0.0911175
0.0911099
0.0911032
0.0910972
0.091092
0.0910874
0.0910834
0.09108
0.0910772
0.0910753
0.0910747
0.0910767
0.0910839
0.0911016
0.0911408
0.0912226
0.0913865
0.0917038
0.0922975
0.0933715
0.0952532
0.0984546
0.103776
0.112502
0.126804
0.150651
0.191994
0.268661
0.428504
0.914675
0.0913352
0.0912796
0.0912264
0.0911883
0.0911632
0.0911461
0.0911335
0.0911234
0.0911149
0.0911075
0.091101
0.0910953
0.0910903
0.0910859
0.0910821
0.0910789
0.0910763
0.0910744
0.091074
0.0910761
0.0910834
0.0911012
0.0911405
0.0912225
0.0913866
0.0917042
0.0922983
0.0933731
0.0952557
0.0984585
0.103782
0.112511
0.126816
0.150667
0.192017
0.268693
0.428538
0.91459
0.0913296
0.0912769
0.0912246
0.0911865
0.091161
0.0911435
0.0911308
0.0911208
0.0911124
0.0911053
0.091099
0.0910936
0.0910888
0.0910846
0.091081
0.0910779
0.0910754
0.0910737
0.0910733
0.0910756
0.0910829
0.0911009
0.0911403
0.0912224
0.0913867
0.0917046
0.0922992
0.0933746
0.0952581
0.0984621
0.103787
0.112518
0.126827
0.150682
0.192038
0.268721
0.428566
0.914497
0.0913237
0.0912737
0.0912225
0.0911844
0.0911586
0.091141
0.0911282
0.0911182
0.09111
0.0911031
0.0910971
0.0910919
0.0910873
0.0910833
0.0910799
0.0910769
0.0910746
0.091073
0.0910728
0.0910751
0.0910825
0.0911006
0.0911401
0.0912223
0.0913869
0.091705
0.0922999
0.0933759
0.0952602
0.0984654
0.103792
0.112525
0.126836
0.150696
0.192057
0.268746
0.428591
0.914398
0.0913176
0.0912701
0.09122
0.0911822
0.0911562
0.0911384
0.0911256
0.0911158
0.0911078
0.0911011
0.0910953
0.0910903
0.091086
0.0910821
0.0910788
0.091076
0.0910738
0.0910723
0.0910722
0.0910746
0.0910821
0.0911003
0.0911399
0.0912222
0.091387
0.0917054
0.0923006
0.0933771
0.0952622
0.0984684
0.103797
0.112531
0.126845
0.150708
0.192074
0.268769
0.42861
0.914294
0.0913115
0.0912662
0.0912173
0.0911797
0.0911538
0.0911359
0.0911231
0.0911134
0.0911057
0.0910992
0.0910936
0.0910889
0.0910847
0.091081
0.0910779
0.0910752
0.0910731
0.0910717
0.0910717
0.0910742
0.0910818
0.0911
0.0911397
0.0912222
0.091387
0.0917057
0.0923013
0.0933782
0.095264
0.0984711
0.103801
0.112537
0.126853
0.150719
0.192089
0.268788
0.428626
0.914185
0.0913052
0.091262
0.0912142
0.0911772
0.0911513
0.0911335
0.0911208
0.0911112
0.0911036
0.0910974
0.0910921
0.0910875
0.0910835
0.09108
0.091077
0.0910745
0.0910724
0.0910712
0.0910712
0.0910738
0.0910815
0.0910998
0.0911396
0.0912221
0.0913871
0.0917059
0.0923018
0.0933792
0.0952655
0.0984734
0.103804
0.112542
0.12686
0.150728
0.192102
0.268804
0.428637
0.914072
0.0912989
0.0912575
0.091211
0.0911745
0.0911488
0.091131
0.0911185
0.0911091
0.0911017
0.0910957
0.0910906
0.0910862
0.0910824
0.091079
0.0910762
0.0910737
0.0910718
0.0910707
0.0910708
0.0910734
0.0910812
0.0910995
0.0911394
0.091222
0.0913872
0.0917061
0.0923023
0.09338
0.0952669
0.0984754
0.103807
0.112546
0.126866
0.150736
0.192112
0.268818
0.428645
0.913956
0.0912925
0.0912529
0.0912076
0.0911717
0.0911463
0.0911287
0.0911163
0.0911071
0.0910999
0.0910941
0.0910892
0.091085
0.0910813
0.0910781
0.0910754
0.0910731
0.0910713
0.0910702
0.0910704
0.0910731
0.0910809
0.0910993
0.0911392
0.091222
0.0913872
0.0917063
0.0923027
0.0933807
0.095268
0.0984772
0.10381
0.112549
0.12687
0.150743
0.192121
0.268828
0.428648
0.913838
0.0912862
0.0912482
0.0912041
0.0911689
0.0911438
0.0911264
0.0911142
0.0911052
0.0910982
0.0910926
0.0910879
0.0910838
0.0910803
0.0910773
0.0910747
0.0910725
0.0910707
0.0910697
0.09107
0.0910728
0.0910806
0.0910991
0.0911391
0.0912219
0.0913872
0.0917064
0.092303
0.0933813
0.0952689
0.0984786
0.103812
0.112552
0.126874
0.150748
0.192128
0.268836
0.428648
0.913718
0.0912799
0.0912434
0.0912006
0.091166
0.0911413
0.0911242
0.0911122
0.0911034
0.0910966
0.0910912
0.0910867
0.0910828
0.0910794
0.0910765
0.091074
0.0910719
0.0910702
0.0910693
0.0910696
0.0910725
0.0910804
0.0910989
0.0911389
0.0912218
0.0913872
0.0917065
0.0923032
0.0933817
0.0952696
0.0984797
0.103813
0.112555
0.126877
0.150752
0.192133
0.268841
0.428644
0.913598
0.0912738
0.0912385
0.091197
0.0911632
0.0911389
0.0911221
0.0911103
0.0911017
0.0910951
0.0910899
0.0910855
0.0910818
0.0910786
0.0910758
0.0910734
0.0910713
0.0910698
0.0910689
0.0910693
0.0910722
0.0910801
0.0910987
0.0911388
0.0912217
0.0913871
0.0917066
0.0923034
0.093382
0.0952702
0.0984805
0.103814
0.112556
0.12688
0.150755
0.192136
0.268843
0.428637
0.913478
0.0912677
0.0912337
0.0911933
0.0911604
0.0911365
0.09112
0.0911085
0.0911001
0.0910937
0.0910887
0.0910845
0.0910809
0.0910778
0.0910751
0.0910728
0.0910708
0.0910694
0.0910686
0.091069
0.0910719
0.0910799
0.0910985
0.0911386
0.0912216
0.0913871
0.0917066
0.0923034
0.0933822
0.0952705
0.098481
0.103815
0.112557
0.126881
0.150756
0.192137
0.268843
0.428626
0.913358
0.0912619
0.091229
0.0911898
0.0911576
0.0911343
0.0911181
0.0911067
0.0910986
0.0910924
0.0910875
0.0910835
0.09108
0.091077
0.0910745
0.0910722
0.0910704
0.0910689
0.0910682
0.0910687
0.0910717
0.0910797
0.0910983
0.0911385
0.0912215
0.091387
0.0917065
0.0923034
0.0933823
0.0952706
0.0984813
0.103815
0.112558
0.126881
0.150756
0.192137
0.268841
0.428613
0.91324
0.0912562
0.0912243
0.0911863
0.0911549
0.0911321
0.0911162
0.0911051
0.0910972
0.0910912
0.0910865
0.0910825
0.0910792
0.0910764
0.0910739
0.0910717
0.0910699
0.0910686
0.0910679
0.0910684
0.0910714
0.0910795
0.0910982
0.0911383
0.0912213
0.0913869
0.0917064
0.0923034
0.0933822
0.0952706
0.0984812
0.103815
0.112557
0.126881
0.150756
0.192135
0.268836
0.428597
0.913124
0.0912507
0.0912198
0.0911829
0.0911523
0.0911299
0.0911144
0.0911036
0.0910959
0.09109
0.0910855
0.0910817
0.0910785
0.0910757
0.0910733
0.0910712
0.0910695
0.0910682
0.0910676
0.0910682
0.0910712
0.0910793
0.091098
0.0911382
0.0912212
0.0913867
0.0917063
0.0923032
0.0933821
0.0952704
0.0984809
0.103815
0.112557
0.12688
0.150754
0.192132
0.268829
0.428578
0.91301
0.0912455
0.0912155
0.0911796
0.0911497
0.0911279
0.0911127
0.0911022
0.0910946
0.091089
0.0910845
0.0910809
0.0910778
0.0910751
0.0910728
0.0910708
0.0910691
0.0910679
0.0910673
0.0910679
0.091071
0.0910791
0.0910978
0.091138
0.091221
0.0913866
0.0917061
0.092303
0.0933818
0.09527
0.0984804
0.103814
0.112556
0.126878
0.150751
0.192127
0.26882
0.428556
0.9129
0.0912405
0.0912113
0.0911764
0.0911473
0.091126
0.0911111
0.0911008
0.0910935
0.091088
0.0910837
0.0910801
0.0910771
0.0910745
0.0910723
0.0910704
0.0910688
0.0910676
0.091067
0.0910677
0.0910708
0.0910789
0.0910976
0.0911379
0.0912209
0.0913864
0.0917059
0.0923027
0.0933814
0.0952694
0.0984796
0.103813
0.112554
0.126875
0.150747
0.19212
0.268809
0.428533
0.912793
0.0912357
0.0912073
0.0911734
0.091145
0.0911242
0.0911097
0.0910996
0.0910924
0.091087
0.0910829
0.0910794
0.0910765
0.091074
0.0910718
0.09107
0.0910684
0.0910673
0.0910668
0.0910674
0.0910706
0.0910788
0.0910975
0.0911377
0.0912207
0.0913862
0.0917056
0.0923024
0.0933809
0.0952687
0.0984786
0.103811
0.112552
0.126872
0.150742
0.192113
0.268796
0.428508
0.912691
0.0912312
0.0912035
0.0911705
0.0911429
0.0911225
0.0911083
0.0910984
0.0910914
0.0910862
0.0910821
0.0910788
0.091076
0.0910735
0.0910714
0.0910696
0.0910681
0.091067
0.0910665
0.0910672
0.0910704
0.0910786
0.0910973
0.0911375
0.0912205
0.091386
0.0917053
0.092302
0.0933803
0.0952679
0.0984773
0.10381
0.112549
0.126868
0.150736
0.192104
0.268782
0.428481
0.912593
0.0912271
0.0912
0.0911678
0.0911408
0.0911209
0.091107
0.0910973
0.0910905
0.0910854
0.0910814
0.0910782
0.0910754
0.0910731
0.091071
0.0910693
0.0910678
0.0910667
0.0910663
0.091067
0.0910702
0.0910784
0.0910972
0.0911374
0.0912203
0.0913857
0.091705
0.0923015
0.0933796
0.0952669
0.0984759
0.103808
0.112546
0.126864
0.15073
0.192094
0.268766
0.428452
0.912501
0.0912232
0.0911967
0.0911653
0.0911389
0.0911194
0.0911058
0.0910963
0.0910896
0.0910847
0.0910808
0.0910776
0.091075
0.0910727
0.0910707
0.091069
0.0910675
0.0910665
0.0910661
0.0910668
0.09107
0.0910783
0.091097
0.0911372
0.0912201
0.0913855
0.0917047
0.092301
0.0933789
0.0952658
0.0984743
0.103805
0.112543
0.126859
0.150722
0.192083
0.268749
0.428423
0.912413
0.0912196
0.0911937
0.091163
0.0911372
0.0911181
0.0911047
0.0910954
0.0910889
0.091084
0.0910802
0.0910771
0.0910745
0.0910723
0.0910703
0.0910687
0.0910673
0.0910663
0.0910659
0.0910667
0.0910699
0.0910781
0.0910968
0.091137
0.0912199
0.0913852
0.0917043
0.0923004
0.0933781
0.0952646
0.0984726
0.103803
0.112539
0.126854
0.150715
0.192072
0.268732
0.428393
0.912331
0.0912163
0.0911909
0.0911608
0.0911355
0.0911168
0.0911037
0.0910946
0.0910881
0.0910834
0.0910797
0.0910767
0.0910741
0.0910719
0.09107
0.0910684
0.091067
0.0910661
0.0910657
0.0910665
0.0910697
0.091078
0.0910967
0.0911369
0.0912197
0.0913849
0.0917039
0.0922998
0.0933772
0.0952633
0.0984707
0.1038
0.112535
0.126848
0.150707
0.19206
0.268714
0.428364
0.912253
0.0912133
0.0911883
0.0911589
0.0911341
0.0911157
0.0911027
0.0910938
0.0910875
0.0910828
0.0910792
0.0910762
0.0910737
0.0910716
0.0910697
0.0910681
0.0910668
0.0910659
0.0910655
0.0910663
0.0910696
0.0910778
0.0910965
0.0911367
0.0912195
0.0913846
0.0917035
0.0922992
0.0933763
0.095262
0.0984688
0.103797
0.112531
0.126843
0.150699
0.192048
0.268695
0.428334
0.912181
0.0912106
0.0911859
0.091157
0.0911326
0.0911145
0.0911018
0.091093
0.0910868
0.0910822
0.0910787
0.0910758
0.0910733
0.0910713
0.0910694
0.0910679
0.0910666
0.0910657
0.0910653
0.0910662
0.0910694
0.0910777
0.0910964
0.0911365
0.0912193
0.0913843
0.091703
0.0922986
0.0933753
0.0952605
0.0984667
0.103794
0.112527
0.126837
0.15069
0.192036
0.268678
0.428306
0.912112
0.0912082
0.0911837
0.0911553
0.0911313
0.0911134
0.0911009
0.0910922
0.0910861
0.0910816
0.0910782
0.0910753
0.0910729
0.0910709
0.0910691
0.0910676
0.0910664
0.0910655
0.0910652
0.091066
0.0910693
0.0910775
0.0910963
0.0911364
0.0912191
0.091384
0.0917026
0.0922979
0.0933743
0.0952591
0.0984646
0.103791
0.112523
0.126831
0.150682
0.192025
0.268661
0.428279
0.912047
0.0912058
0.0911815
0.0911535
0.0911298
0.0911122
0.0910999
0.0910914
0.0910854
0.091081
0.0910776
0.0910748
0.0910725
0.0910705
0.0910688
0.0910673
0.0910661
0.0910652
0.091065
0.0910658
0.0910691
0.0910774
0.0910961
0.0911362
0.0912188
0.0913837
0.0917021
0.0922972
0.0933733
0.0952576
0.0984625
0.103788
0.112519
0.126826
0.150675
0.192015
0.268646
0.428256
0.911983
0.0912034
0.0911792
0.0911514
0.0911281
0.0911108
0.0910987
0.0910904
0.0910845
0.0910802
0.0910769
0.0910742
0.091072
0.0910701
0.0910684
0.091067
0.0910658
0.091065
0.0910647
0.0910656
0.0910689
0.0910772
0.0910959
0.091136
0.0912186
0.0913834
0.0917017
0.0922965
0.0933723
0.0952561
0.0984604
0.103786
0.112515
0.126821
0.150668
0.192006
0.268635
0.428238
0.911919
0.0912005
0.0911763
0.0911489
0.0911259
0.091109
0.0910971
0.091089
0.0910833
0.0910792
0.091076
0.0910734
0.0910713
0.0910695
0.0910679
0.0910665
0.0910654
0.0910646
0.0910644
0.0910654
0.0910687
0.091077
0.0910957
0.0911358
0.0912184
0.0913831
0.0917012
0.0922958
0.0933712
0.0952546
0.0984583
0.103783
0.112512
0.126816
0.150663
0.192
0.268629
0.428228
0.91185
0.0911966
0.0911724
0.0911454
0.091123
0.0911065
0.091095
0.0910872
0.0910818
0.0910778
0.0910748
0.0910724
0.0910704
0.0910687
0.0910672
0.0910659
0.0910649
0.0910642
0.091064
0.091065
0.0910684
0.0910767
0.0910955
0.0911355
0.0912181
0.0913827
0.0917007
0.0922951
0.0933702
0.0952532
0.0984564
0.10378
0.112508
0.126812
0.15066
0.191998
0.268629
0.428227
0.911772
0.0911912
0.0911671
0.0911408
0.0911191
0.0911032
0.0910923
0.0910849
0.0910798
0.0910761
0.0910733
0.0910711
0.0910692
0.0910677
0.0910663
0.0910651
0.0910642
0.0910636
0.0910635
0.0910646
0.091068
0.0910764
0.0910951
0.0911352
0.0912177
0.0913823
0.0917002
0.0922944
0.0933693
0.0952519
0.0984546
0.103778
0.112506
0.12681
0.150658
0.192
0.268639
0.428244
0.911675
0.0911838
0.0911601
0.0911348
0.0911142
0.0910992
0.091089
0.0910821
0.0910773
0.091074
0.0910715
0.0910695
0.0910679
0.0910664
0.0910652
0.0910642
0.0910634
0.0910629
0.0910629
0.091064
0.0910675
0.0910759
0.0910948
0.0911349
0.0912174
0.0913819
0.0916997
0.0922938
0.0933684
0.0952507
0.098453
0.103776
0.112504
0.126808
0.150658
0.192005
0.268658
0.42828
0.91155
0.0911752
0.0911522
0.0911283
0.0911089
0.091095
0.0910855
0.0910791
0.0910748
0.0910718
0.0910696
0.0910678
0.0910664
0.0910651
0.0910641
0.0910632
0.0910625
0.0910621
0.0910622
0.0910634
0.091067
0.0910755
0.0910944
0.0911345
0.091217
0.0913815
0.0916993
0.0922932
0.0933677
0.0952497
0.0984517
0.103774
0.112502
0.126806
0.150657
0.192008
0.26867
0.428308
0.911399
0.0911678
0.091146
0.0911233
0.091105
0.0910919
0.0910829
0.091077
0.091073
0.0910702
0.0910682
0.0910666
0.0910653
0.0910642
0.0910633
0.0910625
0.0910619
0.0910615
0.0910617
0.091063
0.0910666
0.0910752
0.0910941
0.0911342
0.0912168
0.0913813
0.091699
0.0922929
0.0933672
0.0952491
0.0984509
0.103773
0.1125
0.126804
0.150654
0.192002
0.268656
0.428271
0.911301
)
;

boundaryField
{
    leftWall
    {
        type            epsilonWallFunction;
        value           nonuniform List<scalar> 
100
(
0.54163
0.582709
0.67749
0.739626
0.786008
0.820837
0.84667
0.865792
0.880074
0.890915
0.899305
0.905911
0.911159
0.915287
0.918434
0.920786
0.922958
0.925143
0.927648
0.930633
0.933922
0.937358
0.940834
0.944281
0.947655
0.950929
0.954086
0.957115
0.960009
0.962766
0.965386
0.967872
0.970226
0.972451
0.974552
0.976529
0.978387
0.980125
0.981746
0.983252
0.984647
0.985933
0.987112
0.988181
0.989131
0.989956
0.990661
0.991278
0.99204
0.994146
1.00094
1.01823
1.05639
1.17247
1.15034
1.19923
1.10311
1.07755
1.06805
1.06249
1.05723
1.05181
1.04632
1.0409
1.0356
1.03045
1.02547
1.02065
1.01598
1.01145
1.00705
1.00282
0.998752
0.994865
0.991149
0.987592
0.98419
0.980942
0.977848
0.974914
0.972144
0.969538
0.967092
0.964799
0.962651
0.960642
0.958767
0.957019
0.955392
0.953883
0.952496
0.951262
0.950275
0.949843
0.950941
0.956853
0.980588
1.07987
1.51249
3.54998
)
;
    }
    rightWall
    {
        type            epsilonWallFunction;
        value           nonuniform List<scalar> 
100
(
0.45882
0.603556
0.678498
0.735726
0.77983
0.813492
0.838486
0.856598
0.869501
0.878582
0.884914
0.889292
0.892298
0.894366
0.895854
0.897061
0.898766
0.900667
0.902131
0.90325
0.904166
0.904969
0.905703
0.906391
0.907045
0.90767
0.908268
0.908842
0.909392
0.909918
0.910419
0.910897
0.91135
0.911778
0.912181
0.912559
0.912913
0.913242
0.913546
0.913826
0.914082
0.914314
0.914522
0.914708
0.914871
0.915012
0.915132
0.915231
0.915311
0.915371
0.915414
0.915439
0.915448
0.915441
0.915419
0.915384
0.915336
0.915275
0.915203
0.91512
0.915027
0.91493
0.914878
0.91482
0.914752
0.914675
0.91459
0.914497
0.914398
0.914294
0.914185
0.914072
0.913956
0.913838
0.913718
0.913598
0.913478
0.913358
0.91324
0.913124
0.91301
0.9129
0.912793
0.912691
0.912593
0.912501
0.912413
0.912331
0.912253
0.912181
0.912112
0.912047
0.911983
0.911919
0.91185
0.911772
0.911675
0.91155
0.911399
0.911301
)
;
    }
    lowerWall
    {
        type            epsilonWallFunction;
        value           nonuniform List<scalar> 
124
(
0.54163
0.719523
0.874024
0.971401
1.02537
1.05571
1.07503
1.09003
1.10393
1.11827
1.1338
1.15095
1.17011
1.19172
1.21641
1.24508
1.27914
1.32085
1.37402
1.44446
1.54068
1.6664
1.75199
1.74112
1.60862
1.41162
1.25093
1.14632
1.04609
1.00372
1.12167
1.50484
1.88326
0.529278
0.555985
0.562003
0.562207
0.560818
0.558821
0.556198
0.552431
0.54618
0.53431
0.509975
0.462581
0.400062
0.400062
0.647535
0.728721
0.810159
0.878371
0.93326
0.97681
1.01158
1.04028
1.06567
1.09071
1.119
1.15563
1.20887
1.29647
1.49842
2.0194
1.64724
1.38677
1.22807
1.14178
1.10409
1.1097
1.22363
0.379713
0.594788
0.677717
0.737788
0.781795
0.814695
0.839159
0.857345
0.871185
0.882534
0.893681
0.908822
0.938086
1.00592
1.15886
1.45036
0.379713
0.468949
0.524048
0.550489
0.561249
0.56474
0.565263
0.564763
0.563992
0.563284
0.562903
0.562615
0.562375
0.562167
0.561991
0.561842
0.561708
0.561596
0.561494
0.561401
0.561321
0.561234
0.561163
0.561082
0.56101
0.560936
0.560857
0.560776
0.560663
0.560491
0.560146
0.559382
0.557564
0.553129
0.542385
0.517558
0.466888
0.45882
)
;
    }
    atmosphere
    {
        type            inletOutlet;
        inletValue      uniform 0.1;
        value           nonuniform List<scalar> 
92
(
0.1
0.1
0.1
0.1
0.1
0.1
0.1
0.1
0.1
0.1
0.1
0.1
0.1
0.1
0.1
0.1
0.1
0.1
0.1
0.1
0.1
0.1
0.1
0.1
0.1
0.1
0.1
0.1
0.1
0.1
0.1
0.1
0.1
0.1
0.1
0.1
0.1
0.1
0.1
0.1
0.0943248
0.0928509
0.0920562
0.0916186
0.0913785
0.0912519
0.091208
0.0911903
0.0911801
0.0911753
0.0911742
0.0911751
0.0911762
0.0911752
0.0911678
0.091146
0.0911233
0.091105
0.0910919
0.0910829
0.091077
0.091073
0.0910702
0.0910682
0.0910666
0.0910653
0.0910642
0.0910633
0.0910625
0.0910619
0.0910615
0.0910617
0.091063
0.0910666
0.0910752
0.0910941
0.0911342
0.0912168
0.0913813
0.091699
0.0922929
0.0933672
0.0952491
0.0984509
0.103773
0.1125
0.126804
0.150654
0.192002
0.268656
0.428271
0.911301
)
;
    }
    defaultFaces
    {
        type            empty;
    }
}


// ************************************************************************* //
