/*--------------------------------*- C++ -*----------------------------------*\
  =========                 |
  \\      /  F ield         | OpenFOAM: The Open Source CFD Toolbox
   \\    /   O peration     | Website:  https://openfoam.org
    \\  /    A nd           | Version:  7
     \\/     M anipulation  |
\*---------------------------------------------------------------------------*/
FoamFile
{
    version     2.0;
    format      ascii;
    class       volScalarField;
    location    "0.05";
    object      k;
}
// * * * * * * * * * * * * * * * * * * * * * * * * * * * * * * * * * * * * * //

dimensions      [0 2 -2 0 0 0 0];

internalField   nonuniform List<scalar> 
9072
(
0.0179791
0.0182685
0.0211828
0.0229771
0.0239848
0.0245619
0.0249288
0.0252054
0.0254528
0.0257012
0.0259659
0.0262558
0.0265779
0.0269395
0.0273502
0.0278241
0.0283821
0.0290566
0.0299002
0.030986
0.032402
0.0341584
0.0354207
0.0353198
0.0335804
0.0308212
0.0283607
0.026614
0.025022
0.0238823
0.0241521
0.02778
0.0328415
0.0393494
0.0419069
0.0426928
0.0428225
0.0427331
0.0425615
0.0423268
0.0419905
0.0414423
0.0404251
0.0383863
0.0344607
0.0290313
0.025687
0.0387506
0.0457758
0.0495538
0.0515804
0.0526823
0.0533117
0.0537119
0.0540118
0.0542797
0.0545526
0.0548526
0.0551958
0.0555973
0.0560755
0.0566555
0.0573749
0.0582907
0.059488
0.0610708
0.0630866
0.0652811
0.0665245
0.0657821
0.062395
0.0572759
0.0527922
0.0499862
0.0446501
0.0402202
0.0412478
0.0458922
0.0502829
0.0533863
0.0548369
0.0552056
0.055116
0.0548585
0.054525
0.0541072
0.0535382
0.052658
0.0511031
0.0480653
0.0418511
0.0281902
0.0286226
0.0483297
0.0572512
0.0618784
0.0644022
0.0658352
0.0666953
0.0672597
0.0676806
0.0680432
0.0683976
0.0687754
0.0692002
0.0696934
0.0702793
0.0709899
0.0718703
0.072986
0.0744242
0.0762713
0.0784823
0.080639
0.0816473
0.0807655
0.0773749
0.0722213
0.0673464
0.0648704
0.0616644
0.0597689
0.0613636
0.0643274
0.0664351
0.0674021
0.0675753
0.0672943
0.0668236
0.0662808
0.0656884
0.0650062
0.0641456
0.0629207
0.0609207
0.0572022
0.0495144
0.0304743
0.0305058
0.0541837
0.0641663
0.0692215
0.0720038
0.0736296
0.0746406
0.0753223
0.0758336
0.0762672
0.0766802
0.0771105
0.0775866
0.0781342
0.0787812
0.0795626
0.0805258
0.0817347
0.0832643
0.0851644
0.0873142
0.0892092
0.08989
0.0889253
0.0858825
0.0814017
0.0783038
0.0757779
0.0725104
0.0715229
0.0732134
0.0754625
0.0768084
0.0771118
0.0767743
0.0761513
0.0754323
0.0746837
0.0738988
0.0730239
0.0719612
0.0705145
0.0682506
0.0641436
0.0555554
0.0328437
0.031887
0.0580517
0.068698
0.0739986
0.0769267
0.0786674
0.0797741
0.0805331
0.0811044
0.0815835
0.082031
0.0824885
0.0829877
0.0835567
0.084225
0.0850278
0.0860099
0.0872273
0.0887352
0.0905433
0.0924799
0.0940255
0.0943954
0.0934009
0.0908887
0.0875934
0.0855833
0.0826138
0.0803312
0.0797992
0.0809669
0.0826164
0.0835574
0.0835784
0.083034
0.0822574
0.0814095
0.0805435
0.0796455
0.0786582
0.0774819
0.0759165
0.0735163
0.0692002
0.0600519
0.0348303
0.0329169
0.0607214
0.0718133
0.077268
0.0802826
0.0820919
0.0832568
0.0840628
0.0846692
0.0851722
0.085634
0.086098
0.0865976
0.0871618
0.0878199
0.088605
0.0895563
0.0907175
0.0921215
0.0937432
0.0953858
0.0965663
0.0966799
0.0957266
0.0938401
0.0919968
0.0895511
0.0873726
0.0861013
0.0855907
0.0862302
0.08736
0.0879753
0.087837
0.0872129
0.086385
0.0854914
0.0845793
0.0836345
0.0826012
0.0813793
0.0797673
0.0773102
0.0728859
0.0633707
0.0364256
0.0336821
0.062623
0.0740313
0.0795911
0.08266
0.08451
0.0857084
0.0865401
0.0871635
0.0876744
0.0881354
0.0885907
0.0890742
0.0896146
0.0902398
0.0909792
0.0918645
0.0929258
0.0941747
0.0955606
0.0968841
0.0977297
0.0976615
0.0968321
0.0956188
0.095018
0.0925151
0.0911554
0.0904358
0.0897652
0.0899391
0.090582
0.0908933
0.0906351
0.0899839
0.0891586
0.0882724
0.0873649
0.0864224
0.0853913
0.0841723
0.0825617
0.0800963
0.0756194
0.0658437
0.0376933
0.0342528
0.0640129
0.0756553
0.0812922
0.0843975
0.0862719
0.0874882
0.0883316
0.0889595
0.0894673
0.0899174
0.0903539
0.0908103
0.0913146
0.0918922
0.0925679
0.0933654
0.0943021
0.0953716
0.0965084
0.0975272
0.098095
0.0979254
0.0972871
0.0966973
0.0967396
0.0948688
0.0942462
0.093707
0.0928333
0.0926114
0.0928148
0.0928434
0.0924796
0.0918215
0.0910255
0.0901776
0.0893074
0.0884004
0.0874048
0.0862219
0.0846458
0.0822045
0.0777086
0.0677321
0.0387106
0.0346836
0.0650521
0.0768727
0.0825699
0.0857018
0.0875911
0.0888158
0.089662
0.0902865
0.0907843
0.0912173
0.0916291
0.0920523
0.0925134
0.0930351
0.0936377
0.0943372
0.0951398
0.0960267
0.0969265
0.0976787
0.0980357
0.0978367
0.0974192
0.0973259
0.0977266
0.0966838
0.0967383
0.0961648
0.0951166
0.0945628
0.0943869
0.0941637
0.0937039
0.0930463
0.0922912
0.0914979
0.0906846
0.0898342
0.0888962
0.0877724
0.0862559
0.0838661
0.079379
0.0692411
0.0395558
0.0350145
0.0658458
0.0778041
0.0835509
0.0867041
0.0886031
0.0898309
0.0906746
0.0912914
0.0917755
0.0921883
0.0925726
0.09296
0.0933752
0.0938381
0.0943647
0.0949646
0.0956355
0.096351
0.0970412
0.0975759
0.0977859
0.0976085
0.0974026
0.0976458
0.0982807
0.0981639
0.0987659
0.0980378
0.096831
0.095998
0.0955064
0.0950689
0.0945248
0.0938709
0.0931611
0.0924299
0.0916837
0.0909022
0.0900361
0.088989
0.0875544
0.0852457
0.0808025
0.0705424
0.0403068
0.0352734
0.0664641
0.0785297
0.0843192
0.0874912
0.0893974
0.0906255
0.0914643
0.0920712
0.0925402
0.0929322
0.0932889
0.0936406
0.0940104
0.0944155
0.0948683
0.0953735
0.0959231
0.0964872
0.0970028
0.0973704
0.0974861
0.0973555
0.097321
0.0977428
0.0985062
0.0994836
0.100474
0.0995023
0.0981276
0.0970565
0.0963094
0.0956973
0.0950837
0.0944365
0.093773
0.093106
0.0924311
0.0917251
0.0909401
0.0899836
0.0886539
0.0864642
0.0821196
0.0718001
0.0410461
0.0354791
0.0669534
0.0791038
0.0849319
0.088122
0.0900347
0.0912622
0.0920952
0.092692
0.0931464
0.0935185
0.0938492
0.0941676
0.0944949
0.0948465
0.0952315
0.0956512
0.0960946
0.0965319
0.0969095
0.0971554
0.0972151
0.0971342
0.0972135
0.0976856
0.098483
0.100724
0.101964
0.100676
0.0991112
0.0978361
0.0968885
0.0961411
0.0954749
0.0948383
0.0942207
0.0936168
0.0930134
0.0923849
0.0916865
0.0908324
0.0896325
0.0876117
0.0834543
0.0731986
0.0418729
0.0356434
0.0673429
0.0795629
0.0854284
0.0886374
0.090557
0.091784
0.0926118
0.0931994
0.0936408
0.0939954
0.0943032
0.0945922
0.0948821
0.0951863
0.095512
0.0958584
0.0962133
0.0965494
0.0968231
0.0969851
0.0970131
0.0969683
0.0970981
0.0975229
0.0982847
0.101888
0.103281
0.101629
0.0998548
0.0984079
0.0973102
0.0964652
0.0957643
0.0951424
0.0945691
0.0940249
0.0934897
0.0929373
0.0923272
0.0915845
0.0905397
0.0887502
0.0849184
0.0749722
0.0429228
0.0357727
0.0676485
0.0799313
0.0858356
0.0890654
0.0909934
0.0922211
0.0930449
0.0936252
0.0940559
0.0943963
0.0946853
0.0949499
0.0952086
0.0954734
0.0957501
0.0960366
0.0963213
0.0965805
0.0967798
0.0968864
0.096895
0.0968643
0.0969885
0.0973119
0.0979735
0.102986
0.10446
0.102412
0.100414
0.0988283
0.0976273
0.0967193
0.0960002
0.0953964
0.094864
0.0943735
0.0939003
0.0934185
0.092894
0.0922667
0.0913982
0.089908
0.0866001
0.0774139
0.0444036
0.0358713
0.0678759
0.080224
0.0861714
0.0894249
0.0913632
0.0925933
0.0934149
0.09399
0.0944131
0.0947429
0.0950177
0.0952636
0.0954981
0.0957322
0.0959708
0.0962115
0.0964437
0.0966473
0.0967956
0.096866
0.0968585
0.0968188
0.0969005
0.0971193
0.0976988
0.104067
0.105554
0.103067
0.100837
0.0991468
0.0978845
0.096943
0.0962187
0.0956337
0.095136
0.0946901
0.0942686
0.0938473
0.0933994
0.0928822
0.0921976
0.091061
0.0885132
0.0807964
0.0467136
0.035945
0.0680272
0.0804477
0.0864435
0.0897239
0.0916747
0.0929092
0.0937306
0.094303
0.0947211
0.0950437
0.0953086
0.0955412
0.0957583
0.0959702
0.0961812
0.0963891
0.0965843
0.0967497
0.0968633
0.0969073
0.0968795
0.0968116
0.0968321
0.0969629
0.0974922
0.105122
0.106564
0.103612
0.101157
0.0993968
0.0981092
0.0971569
0.0964352
0.0958658
0.0953936
0.0949799
0.0945962
0.0942202
0.0938321
0.0934061
0.0928867
0.0921063
0.0904747
0.0851825
0.0515572
0.0275852
0.0348199
0.0394257
0.0417393
0.0427419
0.0431016
0.0431806
0.0431531
0.043093
0.0430331
0.0429982
0.0429724
0.042951
0.0429328
0.0429175
0.0429049
0.042894
0.0428849
0.042877
0.0428698
0.0428638
0.0428575
0.0428523
0.0428466
0.0428414
0.0428361
0.0428303
0.0428238
0.042814
0.0427973
0.0427623
0.0426844
0.0425038
0.0420802
0.0411006
0.0389379
0.0346652
0.026889
0.0283151
0.0425456
0.0495229
0.0529315
0.0545015
0.0551581
0.0553856
0.0554273
0.0553969
0.0553468
0.0553048
0.0552681
0.055237
0.0552114
0.0551904
0.0551739
0.0551602
0.0551495
0.0551408
0.0551334
0.0551277
0.0551222
0.0551178
0.0551133
0.0551092
0.055105
0.0550996
0.0550918
0.0550771
0.0550471
0.0549813
0.0548356
0.0545137
0.0538073
0.0522821
0.049059
0.0424407
0.0284874
0.0308265
0.0502386
0.0586435
0.0626694
0.064611
0.0655133
0.0658995
0.0660387
0.0660666
0.0660497
0.0660191
0.0659854
0.0659546
0.0659282
0.0659061
0.0658882
0.0658733
0.0658613
0.0658514
0.065843
0.0658362
0.06583
0.0658247
0.0658197
0.0658147
0.0658093
0.0658018
0.0657897
0.0657662
0.065718
0.0656167
0.0654035
0.0649598
0.0640468
0.0621857
0.0583817
0.0503569
0.0308254
0.0327286
0.0558563
0.0651777
0.0695754
0.071754
0.0728314
0.0733438
0.0735689
0.0736525
0.0736702
0.073658
0.0736348
0.0736102
0.0735876
0.0735679
0.0735512
0.073537
0.0735251
0.0735151
0.0735064
0.073499
0.0734923
0.0734863
0.0734805
0.0734745
0.0734675
0.0734571
0.0734396
0.073406
0.0733388
0.0732032
0.0729311
0.0723925
0.0713373
0.069272
0.0651371
0.056246
0.0326607
0.0341259
0.059766
0.0697246
0.0743707
0.0767064
0.0779043
0.0785091
0.0788007
0.0789296
0.0789769
0.0789828
0.0789714
0.0789544
0.0789368
0.0789205
0.0789061
0.0788935
0.0788826
0.0788732
0.0788648
0.0788575
0.0788507
0.0788444
0.0788382
0.0788314
0.0788227
0.0788095
0.0787863
0.0787424
0.0786569
0.0784901
0.0781687
0.0775573
0.0764031
0.0742071
0.069865
0.0603987
0.0340734
0.0351684
0.0625059
0.0729395
0.0777669
0.0802101
0.0814895
0.0821583
0.0824979
0.0826607
0.0827309
0.0827519
0.0827506
0.0827405
0.0827276
0.0827146
0.0827026
0.0826917
0.0826821
0.0826735
0.0826658
0.0826589
0.0826524
0.0826463
0.0826399
0.0826325
0.0826224
0.0826062
0.0825775
0.0825236
0.082421
0.0822268
0.0818646
0.0811973
0.0799723
0.0776878
0.0732042
0.0633304
0.0351495
0.0359457
0.0644639
0.075279
0.080249
0.082767
0.0840989
0.084809
0.0851805
0.0853666
0.0854529
0.0854852
0.0854916
0.0854866
0.0854774
0.085467
0.085457
0.0854477
0.0854392
0.0854316
0.0854247
0.0854184
0.0854124
0.0854064
0.0854
0.0853921
0.0853807
0.0853617
0.0853275
0.0852641
0.0851458
0.0849278
0.0845319
0.0838211
0.0825436
0.0801949
0.0756055
0.0654241
0.0359512
0.0365284
0.0659012
0.0770448
0.0821318
0.0846992
0.0860603
0.0867929
0.0871825
0.0873825
0.0874787
0.0875181
0.0875295
0.0875279
0.0875209
0.0875123
0.0875036
0.0874953
0.0874878
0.087481
0.0874748
0.087469
0.0874635
0.0874579
0.0874515
0.087443
0.0874303
0.0874084
0.087369
0.0872966
0.0871643
0.0869255
0.0865016
0.0857559
0.0844377
0.0820386
0.0773634
0.0669366
0.0365371
0.0369778
0.0670017
0.0784427
0.0836232
0.0862157
0.0875847
0.0883228
0.0887184
0.0889238
0.0890242
0.0890669
0.0890805
0.0890804
0.0890744
0.0890665
0.0890584
0.0890507
0.0890437
0.0890374
0.0890317
0.0890264
0.0890212
0.0890157
0.0890092
0.0890003
0.0889861
0.0889614
0.088917
0.0888362
0.0886911
0.0884343
0.0879868
0.0872124
0.0858608
0.0834195
0.0786694
0.0680389
0.0369594
0.0373539
0.0679109
0.0796238
0.0848667
0.0874553
0.0888101
0.089538
0.0899283
0.0901316
0.0902309
0.0902734
0.0902867
0.0902862
0.0902799
0.0902717
0.0902635
0.0902558
0.0902488
0.0902427
0.0902371
0.090232
0.0902269
0.0902215
0.0902148
0.0902052
0.0901895
0.090162
0.0901127
0.0900242
0.0898675
0.0895948
0.089127
0.0883283
0.0869482
0.0844692
0.0796511
0.068847
0.0372608
0.0377341
0.0687642
0.0807102
0.0859658
0.0885128
0.0898289
0.0905307
0.0909055
0.0910997
0.0911934
0.0912322
0.091243
0.0912405
0.0912327
0.0912233
0.0912141
0.0912057
0.0911984
0.091192
0.0911863
0.0911811
0.0911759
0.0911704
0.0911633
0.0911528
0.0911355
0.0911051
0.0910511
0.0909554
0.0907882
0.0905014
0.0900158
0.0891961
0.0877906
0.0852766
0.0803953
0.0694416
0.0374742
0.038262
0.0697095
0.0818086
0.0869975
0.0894533
0.0907031
0.0913632
0.0917129
0.0918919
0.0919758
0.0920082
0.0920144
0.0920084
0.0919979
0.0919864
0.0919756
0.0919661
0.0919579
0.0919508
0.0919446
0.091939
0.0919336
0.0919276
0.0919199
0.0919084
0.0918894
0.0918562
0.0917977
0.0916951
0.0915184
0.0912189
0.0907177
0.089879
0.0884502
0.0859034
0.0809631
0.0698798
0.0376243
0.0392659
0.0709245
0.0830126
0.0880154
0.0903184
0.0914728
0.0920764
0.0923926
0.0925512
0.0926221
0.0926458
0.0926458
0.0926352
0.092621
0.0926068
0.0925939
0.0925826
0.0925731
0.092565
0.092558
0.0925518
0.0925457
0.0925391
0.0925306
0.0925179
0.0924971
0.0924611
0.0923982
0.0922893
0.0921038
0.0917929
0.0912775
0.0904217
0.0889713
0.0863932
0.0813982
0.0702033
0.0377292
0.0414548
0.0726243
0.0843902
0.0890447
0.0911284
0.0921604
0.0926956
0.0929721
0.0931066
0.0931622
0.0931757
0.0931683
0.0931523
0.093134
0.0931165
0.093101
0.0930877
0.0930766
0.0930672
0.0930591
0.0930519
0.0930451
0.0930376
0.0930282
0.0930143
0.0929915
0.0929527
0.0928857
0.0927708
0.0925773
0.092256
0.0917277
0.0908561
0.0893854
0.0867779
0.0817327
0.0704426
0.0378028
0.0459318
0.07505
0.0859501
0.0900706
0.0918804
0.0927722
0.0932324
0.0934666
0.0935755
0.0936151
0.0936179
0.093603
0.0935814
0.0935588
0.0935379
0.0935197
0.0935043
0.0934914
0.0934805
0.0934713
0.0934631
0.0934553
0.093447
0.0934365
0.0934212
0.0933966
0.0933551
0.0932841
0.0931637
0.0929627
0.0926319
0.0920919
0.0912057
0.089716
0.087081
0.0819907
0.0706207
0.0378566
0.0534186
0.078296
0.0875833
0.0910299
0.0925491
0.0933002
0.0936871
0.0938807
0.0939659
0.0939907
0.0939839
0.0939624
0.0939359
0.0939096
0.0938857
0.0938652
0.0938479
0.0938334
0.0938213
0.093811
0.0938019
0.0937933
0.0937841
0.0937726
0.093756
0.0937297
0.0936856
0.0936109
0.0934855
0.0932778
0.0929383
0.0923875
0.0914878
0.0899805
0.0873202
0.0821899
0.0707547
0.0379004
0.0360117
0.0681411
0.0806754
0.0867528
0.0900812
0.0920569
0.0933026
0.0941277
0.0946992
0.0951133
0.0954287
0.095683
0.0959011
0.096099
0.0962865
0.0964675
0.0966402
0.0967961
0.0969205
0.0969949
0.0970017
0.0969299
0.0968022
0.0967272
0.0967668
0.0972507
0.106535
0.107944
0.104292
0.101493
0.0996673
0.0983865
0.0974461
0.0967376
0.0961873
0.0957406
0.0953579
0.0950101
0.0946774
0.0943478
0.0940159
0.0936807
0.0933339
0.0928965
0.0911754
0.0725772
0.0360779
0.0681422
0.080787
0.0869507
0.0903365
0.0923489
0.0936179
0.0944577
0.0950382
0.0954569
0.0957733
0.096025
0.0962369
0.0964252
0.0965997
0.0967643
0.0969169
0.097049
0.0971449
0.0971837
0.0971426
0.0970056
0.0968056
0.0966495
0.096648
0.0971409
0.107878
0.109101
0.104905
0.101749
0.0998557
0.0986188
0.097727
0.097049
0.0965157
0.0960796
0.0957045
0.0953631
0.0950366
0.0947156
0.0944034
0.0941205
0.0939119
0.093839
0.0938117
0.0914796
0.0361523
0.06812
0.0808167
0.0870291
0.0904538
0.0924968
0.0937903
0.09465
0.0952463
0.0956773
0.0960024
0.0962596
0.096474
0.0966621
0.0968339
0.0969933
0.0971377
0.0972573
0.0973345
0.0973449
0.0972628
0.0970743
0.0968262
0.0966307
0.096623
0.097186
0.108859
0.109874
0.105387
0.101979
0.100013
0.098811
0.097973
0.0973335
0.0968203
0.0963921
0.0960183
0.0956752
0.0953462
0.0950242
0.0947162
0.0944508
0.0942886
0.0943341
0.0946916
0.0948054
0.0362409
0.0681147
0.0808193
0.0870467
0.0904885
0.0925498
0.0938618
0.0947392
0.0953514
0.0957957
0.096131
0.0963952
0.0966136
0.0968027
0.0969727
0.0971272
0.0972631
0.0973695
0.0974271
0.0974105
0.0972946
0.0970726
0.0968042
0.0966025
0.0966073
0.097286
0.109398
0.110128
0.105616
0.102115
0.100102
0.0989232
0.0981363
0.0975429
0.0970617
0.0966532
0.0962921
0.0959594
0.0956421
0.0953369
0.0950545
0.0948273
0.094717
0.094815
0.0951884
0.0956095
0.0363387
0.0681298
0.0808187
0.0870382
0.0904795
0.092546
0.0938672
0.0947558
0.0953793
0.0958335
0.0961764
0.0964452
0.096665
0.0968523
0.0970171
0.0971631
0.0972865
0.097376
0.0974123
0.0973709
0.0972311
0.0969943
0.0967286
0.096542
0.0965677
0.0974314
0.109757
0.110057
0.105623
0.10214
0.100112
0.0989487
0.0982032
0.0976562
0.0972146
0.0968374
0.0965021
0.0961939
0.0959039
0.0956322
0.095392
0.095215
0.0951544
0.0952763
0.0956068
0.0959673
0.0364411
0.0681611
0.080823
0.0870219
0.0904504
0.0925116
0.093833
0.0947252
0.0953538
0.0958128
0.0961589
0.0964283
0.0966457
0.0968275
0.0969834
0.097117
0.0972247
0.0972953
0.0973108
0.0972498
0.0970967
0.0968606
0.0966127
0.0964515
0.0965004
0.0976589
0.110102
0.109873
0.105516
0.102091
0.100061
0.0989035
0.0981861
0.097679
0.097278
0.0969379
0.0966365
0.0963617
0.0961079
0.0958775
0.095684
0.0955551
0.095532
0.0956563
0.0959252
0.0961865
0.0365448
0.0682039
0.0808343
0.087006
0.0904145
0.0924628
0.0937773
0.0946666
0.0952946
0.0957533
0.0960981
0.0963644
0.0965761
0.0967493
0.0968937
0.0970128
0.0971035
0.0971557
0.0971535
0.0970793
0.0969227
0.0966981
0.0964753
0.0963417
0.0964135
0.0980424
0.110477
0.1097
0.105389
0.102014
0.0999768
0.0988124
0.098109
0.0976317
0.097267
0.0969639
0.0966988
0.0964605
0.0962453
0.0960565
0.0959068
0.0958188
0.0958225
0.095942
0.096161
0.0963538
0.0366478
0.0682545
0.0808522
0.086994
0.0903787
0.0924096
0.0937121
0.0945938
0.0952165
0.0956709
0.0960111
0.0962714
0.0964751
0.096638
0.0967698
0.0968742
0.0969488
0.0969851
0.0969696
0.0968884
0.0967356
0.0965282
0.0963323
0.0962246
0.0963191
0.0986738
0.110896
0.109601
0.105299
0.101944
0.0998841
0.0986994
0.0979971
0.0975391
0.0972038
0.0969339
0.0967032
0.0965002
0.0963215
0.0961709
0.0960594
0.0960051
0.0960298
0.0961469
0.0963352
0.0964888
0.0367487
0.0683104
0.0808759
0.0869872
0.0903464
0.0923575
0.0936453
0.0945161
0.0951306
0.095578
0.0959112
0.0961638
0.0963584
0.0965105
0.0966299
0.0967207
0.0967814
0.096805
0.0967806
0.0966976
0.0965531
0.0963653
0.0961948
0.0961094
0.096226
0.0997037
0.111368
0.109602
0.10527
0.101898
0.0997986
0.0985827
0.0978713
0.0974235
0.0971102
0.0968682
0.0966678
0.0964963
0.0963501
0.0962326
0.0961534
0.0961273
0.0961703
0.0962902
0.096464
0.0965982
0.0368467
0.0683697
0.0809044
0.0869858
0.0903194
0.0923096
0.0935811
0.0944394
0.0950439
0.0954828
0.0958079
0.0960519
0.0962372
0.096379
0.0964871
0.0965661
0.0966154
0.0966296
0.0966002
0.0965189
0.0963852
0.096217
0.0960691
0.0960018
0.0961375
0.101214
0.111882
0.109691
0.105297
0.101879
0.0997273
0.0984734
0.0977463
0.0973016
0.0970038
0.096784
0.096609
0.0964644
0.0963459
0.0962564
0.0962041
0.0962016
0.0962618
0.0963887
0.0965593
0.0966857
0.0369411
0.0684309
0.0809366
0.0869895
0.090298
0.0922674
0.0935222
0.0943671
0.0949609
0.0953905
0.095707
0.0959426
0.096119
0.0962513
0.0963496
0.0964187
0.0964592
0.0964669
0.0964352
0.096358
0.0962359
0.0960861
0.0959578
0.0959047
0.0960526
0.10315
0.112421
0.109837
0.105359
0.10188
0.0996706
0.0983767
0.0976305
0.0971843
0.0968967
0.0966939
0.0965395
0.0964172
0.0963217
0.0962552
0.0962253
0.0962429
0.0963188
0.0964555
0.096629
0.0967542
0.0370317
0.0684931
0.0809718
0.0869977
0.0902821
0.0922312
0.0934694
0.094301
0.0948838
0.0953041
0.0956122
0.0958395
0.0960077
0.0961318
0.0962217
0.096283
0.0963168
0.0963203
0.0962884
0.0962165
0.0961061
0.0959731
0.0958614
0.095819
0.0959684
0.105373
0.112937
0.109994
0.105429
0.101888
0.0996256
0.0982938
0.0975279
0.0970773
0.0967959
0.0966059
0.0964679
0.0963636
0.0962869
0.0962393
0.0962276
0.0962621
0.0963524
0.0964996
0.096679
0.096806
0.0371183
0.0685556
0.0810092
0.0870097
0.0902714
0.0922011
0.0934232
0.0942417
0.0948138
0.095225
0.095525
0.0957448
0.0959057
0.0960226
0.0961056
0.0961607
0.0961896
0.0961906
0.0961598
0.0960937
0.0959945
0.0958766
0.0957792
0.0957457
0.0958967
0.107317
0.11338
0.110126
0.105488
0.101896
0.0995886
0.0982237
0.0974393
0.096983
0.0967052
0.0965246
0.0963993
0.0963094
0.0962478
0.0962155
0.0962188
0.0962673
0.0963702
0.0965275
0.0967138
0.0968435
0.0372009
0.0686177
0.0810482
0.0870251
0.0902654
0.0921766
0.0933833
0.0941893
0.0947511
0.0951537
0.0954461
0.095659
0.0958134
0.0959242
0.0960016
0.0960518
0.0960772
0.0960769
0.096048
0.095988
0.0958992
0.0957948
0.0957099
0.0956837
0.0958323
0.109031
0.113744
0.110224
0.105529
0.1019
0.0995571
0.0981649
0.0973641
0.0969017
0.0966257
0.096452
0.0963365
0.0962579
0.0962084
0.0961883
0.0962037
0.0962638
0.0963773
0.0965438
0.0967368
0.0968694
0.0372793
0.0686792
0.0810884
0.0870433
0.0902635
0.0921573
0.0933495
0.0941436
0.0946956
0.0950901
0.0953754
0.0955822
0.0957309
0.0958365
0.0959093
0.0959558
0.0959787
0.095978
0.0959514
0.0958973
0.095818
0.0957257
0.0956518
0.0956326
0.0957825
0.110331
0.11403
0.110294
0.105554
0.101899
0.0995296
0.0981155
0.0973008
0.0968327
0.0965573
0.0963886
0.0962806
0.096211
0.096171
0.0961606
0.0961857
0.0962552
0.0963776
0.0965519
0.0967509
0.096886
0.0373537
0.0687398
0.0811292
0.0870638
0.0902653
0.0921427
0.0933212
0.0941041
0.0946469
0.0950338
0.0953127
0.0955138
0.0956576
0.0957589
0.0958279
0.0958714
0.0958927
0.0958921
0.0958681
0.0958196
0.095749
0.0956676
0.0956035
0.0955915
0.0957548
0.111145
0.114254
0.110348
0.105572
0.101896
0.0995058
0.098074
0.0972478
0.0967745
0.0964993
0.0963342
0.0962321
0.0961694
0.0961369
0.0961342
0.0961669
0.096244
0.0963736
0.0965545
0.0967584
0.0968956
0.0374242
0.0687992
0.0811705
0.0870861
0.0902702
0.0921324
0.093298
0.0940702
0.0946045
0.0949842
0.0952572
0.0954533
0.0955928
0.0956903
0.0957563
0.0957975
0.0958177
0.0958175
0.0957962
0.0957529
0.0956902
0.0956185
0.0955632
0.0955579
0.0957349
0.111832
0.114469
0.110408
0.105591
0.101894
0.0994858
0.0980392
0.0972035
0.096726
0.0964508
0.0962884
0.0961908
0.0961335
0.0961068
0.09611
0.0961487
0.0962318
0.0963673
0.0965534
0.0967614
0.0969
0.0374909
0.0688575
0.0812119
0.08711
0.0902778
0.0921256
0.0932792
0.0940415
0.0945677
0.0949408
0.0952084
0.0954
0.0955357
0.09563
0.0956934
0.0957329
0.0957524
0.0957529
0.0957342
0.0956958
0.0956402
0.0955772
0.0955296
0.0955303
0.0957208
0.112481
0.114701
0.110487
0.105618
0.101895
0.0994694
0.0980103
0.0971669
0.0966861
0.0964108
0.0962507
0.0961565
0.0961033
0.096081
0.0960888
0.0961322
0.0962199
0.0963599
0.0965501
0.0967612
0.0969007
0.0375538
0.0689144
0.0812531
0.0871349
0.0902876
0.0921221
0.0932643
0.0940173
0.094536
0.094903
0.0951657
0.0953531
0.0954854
0.095577
0.0956383
0.0956765
0.0956955
0.0956969
0.0956806
0.0956467
0.0955976
0.0955423
0.0955017
0.0955077
0.0957126
0.113084
0.114942
0.110579
0.105651
0.1019
0.0994565
0.0979867
0.0971372
0.096654
0.0963788
0.0962204
0.0961289
0.0960788
0.0960598
0.096071
0.0961178
0.096209
0.0963524
0.0965457
0.0967589
0.0968987
0.037613
0.0689699
0.0812939
0.0871606
0.0902993
0.0921213
0.093253
0.0939973
0.0945089
0.0948702
0.0951283
0.095312
0.0954413
0.0955305
0.0955901
0.0956272
0.095646
0.0956483
0.0956344
0.0956045
0.0955613
0.0955129
0.0954785
0.0954897
0.095712
0.113608
0.115178
0.110678
0.105688
0.101906
0.0994468
0.0979679
0.097114
0.0966292
0.0963543
0.0961973
0.0961078
0.09606
0.0960433
0.0960569
0.096106
0.0961997
0.0963455
0.0965409
0.0967554
0.0968948
0.0376686
0.0690237
0.0813341
0.0871868
0.0903124
0.0921228
0.0932446
0.0939808
0.0944858
0.0948419
0.0950957
0.0952761
0.0954027
0.0954899
0.095548
0.0955843
0.095603
0.0956062
0.0955945
0.0955684
0.0955303
0.0954882
0.0954594
0.0954753
0.0957179
0.114072
0.115406
0.110779
0.105727
0.101915
0.0994402
0.097954
0.0970971
0.0966116
0.0963372
0.0961814
0.0960932
0.0960468
0.0960316
0.0960465
0.0960971
0.0961923
0.0963395
0.0965362
0.096751
0.0968894
0.0377207
0.0690757
0.0813735
0.0872131
0.0903266
0.0921263
0.0932389
0.0939675
0.0944663
0.0948176
0.0950675
0.0952448
0.095369
0.0954544
0.0955112
0.0955469
0.0955656
0.0955698
0.0955602
0.0955374
0.095504
0.0954674
0.0954437
0.0954642
0.09573
0.114496
0.11563
0.110883
0.105768
0.101925
0.0994369
0.0979454
0.0970868
0.0966014
0.0963278
0.0961728
0.0960853
0.0960395
0.0960247
0.0960401
0.0960913
0.096187
0.0963348
0.0965317
0.096746
0.0968828
0.0377692
0.0691258
0.0814118
0.0872394
0.0903417
0.0921313
0.0932354
0.0939569
0.0944501
0.0947967
0.095043
0.0952175
0.0953396
0.0954234
0.0954792
0.0955143
0.0955332
0.0955383
0.0955306
0.0955109
0.0954817
0.0954501
0.0954309
0.0954558
0.0957483
0.114896
0.115856
0.11099
0.105811
0.101938
0.0994378
0.0979426
0.0970839
0.0965994
0.0963265
0.0961719
0.0960844
0.0960382
0.096023
0.096038
0.0960887
0.0961841
0.0963314
0.0965276
0.0967405
0.0968749
0.0378144
0.069174
0.081449
0.0872654
0.0903573
0.0921377
0.0932338
0.0939488
0.0944366
0.094779
0.095022
0.095194
0.0953141
0.0953965
0.0954514
0.0954861
0.0955052
0.0955112
0.0955052
0.0954883
0.0954629
0.0954358
0.0954208
0.0954499
0.0957732
0.115285
0.116088
0.111103
0.105857
0.101954
0.0994437
0.097947
0.0970895
0.0966063
0.0963341
0.0961792
0.0960908
0.0960434
0.0960267
0.0960402
0.0960895
0.0961836
0.0963295
0.096524
0.0967346
0.0968658
0.0378562
0.0692201
0.0814849
0.0872911
0.0903734
0.0921452
0.0932339
0.0939427
0.0944256
0.0947641
0.095004
0.0951736
0.095292
0.0953731
0.0954273
0.0954617
0.095481
0.0954879
0.0954836
0.0954692
0.0954473
0.0954242
0.095413
0.0954461
0.0958056
0.115671
0.116331
0.111223
0.105908
0.101975
0.0994562
0.0979601
0.0971053
0.0966238
0.0963518
0.0961958
0.0961054
0.0960554
0.096036
0.0960469
0.0960938
0.0961855
0.0963291
0.0965208
0.096728
0.0968554
0.0378948
0.0692642
0.0815195
0.0873163
0.0903898
0.0921537
0.0932355
0.0939386
0.0944169
0.0947517
0.0949888
0.0951563
0.0952731
0.0953531
0.0954065
0.0954407
0.0954603
0.0954681
0.0954653
0.0954532
0.0954345
0.0954151
0.0954073
0.0954445
0.0958466
0.116067
0.116589
0.111354
0.105965
0.102002
0.0994775
0.0979844
0.0971335
0.0966539
0.0963813
0.0962229
0.0961289
0.0960748
0.0960514
0.0960584
0.0961017
0.0961899
0.09633
0.0965178
0.0967205
0.0968432
0.0379301
0.069306
0.0815527
0.087341
0.0904065
0.0921631
0.0932385
0.0939363
0.0944102
0.0947417
0.0949762
0.0951417
0.095257
0.095336
0.0953888
0.0954228
0.0954427
0.0954513
0.09545
0.0954402
0.0954243
0.0954082
0.0954037
0.0954449
0.0958983
0.116486
0.116871
0.111496
0.106029
0.102038
0.0995104
0.0980232
0.0971774
0.0966994
0.0964248
0.0962621
0.0961625
0.0961025
0.0960733
0.0960749
0.0961132
0.0961967
0.0963321
0.0965148
0.0967119
0.0968291
0.037962
0.0693453
0.0815844
0.0873652
0.0904235
0.0921733
0.0932428
0.0939356
0.0944056
0.094734
0.094966
0.0951296
0.0952436
0.0953216
0.0953738
0.0954077
0.0954279
0.0954373
0.0954375
0.0954298
0.0954166
0.0954037
0.0954022
0.0954475
0.0959634
0.116942
0.117182
0.111654
0.106101
0.102083
0.0995585
0.0980807
0.0972412
0.0967637
0.0964851
0.0963153
0.0962075
0.0961392
0.0961021
0.0960966
0.0961284
0.0962059
0.0963351
0.0965114
0.0967017
0.0968125
0.0379904
0.0693814
0.0816145
0.0873891
0.090441
0.0921845
0.0932485
0.0939367
0.094403
0.0947285
0.0949583
0.0951201
0.0952327
0.0953098
0.0953614
0.0953951
0.0954156
0.0954258
0.0954275
0.0954219
0.0954114
0.0954015
0.095403
0.0954525
0.0960463
0.117449
0.117529
0.111825
0.106181
0.102142
0.0996264
0.0981627
0.0973302
0.0968515
0.0965654
0.096385
0.0962654
0.0961858
0.0961383
0.0961236
0.0961472
0.0962171
0.0963389
0.0965074
0.0966896
0.0967932
0.0380151
0.0694135
0.0816431
0.0874128
0.0904589
0.0921968
0.0932557
0.0939397
0.0944027
0.0947255
0.0949532
0.0951133
0.0952245
0.0953005
0.0953515
0.0953848
0.0954056
0.0954167
0.0954199
0.0954164
0.0954087
0.0954018
0.0954063
0.0954604
0.0961536
0.118025
0.117912
0.112003
0.106264
0.102214
0.0997201
0.0982767
0.0974517
0.0969683
0.0966698
0.0964735
0.0963378
0.096243
0.0961822
0.0961559
0.0961695
0.0962301
0.0963429
0.0965023
0.096675
0.0967706
0.0380366
0.0694413
0.0816701
0.0874364
0.0904775
0.0922103
0.0932647
0.093945
0.0944051
0.0947254
0.094951
0.0951093
0.095219
0.0952938
0.0953439
0.0953769
0.0953978
0.0954098
0.0954145
0.0954135
0.0954087
0.0954052
0.0954128
0.0954718
0.0962949
0.118678
0.118313
0.112163
0.106336
0.102299
0.0998473
0.0984329
0.0976146
0.0971207
0.0968025
0.0965835
0.0964258
0.0963114
0.0962338
0.0961934
0.0961948
0.0962445
0.0963468
0.0964954
0.0966575
0.0967442
0.0380576
0.0694657
0.0816963
0.08746
0.0904968
0.0922253
0.0932761
0.0939535
0.094411
0.0947291
0.0949525
0.0951088
0.0952166
0.0952899
0.095339
0.0953714
0.0953924
0.0954051
0.0954116
0.0954132
0.0954119
0.0954123
0.0954236
0.0954878
0.0964857
0.119389
0.118674
0.11225
0.106371
0.102398
0.100019
0.0986432
0.0978284
0.0973151
0.0969672
0.0967167
0.0965299
0.0963908
0.0962927
0.0962354
0.0962226
0.0962597
0.0963498
0.0964863
0.0966364
0.0967137
0.0380906
0.0695004
0.081729
0.0874865
0.0905182
0.0922429
0.0932912
0.0939665
0.094422
0.0947378
0.0949587
0.0951125
0.0952181
0.0952895
0.0953372
0.0953689
0.0953898
0.0954033
0.0954117
0.0954163
0.0954192
0.0954244
0.0954403
0.0955104
0.0967567
0.120055
0.11885
0.112165
0.106334
0.10251
0.100247
0.098921
0.0981027
0.0975569
0.0971663
0.0968735
0.0966497
0.0964801
0.0963577
0.0962808
0.0962519
0.0962747
0.0963514
0.0964742
0.0966111
0.0966783
0.0381841
0.0696007
0.0817999
0.0875315
0.0905488
0.0922672
0.0933129
0.0939867
0.0944402
0.0947533
0.0949711
0.0951217
0.0952245
0.0952937
0.0953398
0.0953706
0.0953914
0.0954058
0.0954161
0.0954243
0.0954323
0.0954438
0.0954661
0.0955424
0.0971579
0.120382
0.118543
0.111757
0.10618
0.102641
0.100551
0.0992812
0.0984456
0.0978489
0.0973992
0.097052
0.0967828
0.0965771
0.0964267
0.096328
0.0962812
0.0962885
0.0963504
0.0964585
0.0965812
0.0966378
0.0384548
0.0698523
0.0819592
0.0876219
0.090603
0.0923067
0.0933471
0.0940183
0.0944689
0.0947782
0.0949918
0.0951384
0.0952379
0.0953046
0.095349
0.0953789
0.0953997
0.0954152
0.0954279
0.0954403
0.0954547
0.0954746
0.0955064
0.0955902
0.0976333
0.119823
0.117344
0.110876
0.105904
0.102826
0.100959
0.0997377
0.0988597
0.0981877
0.0976607
0.0972466
0.0969243
0.0966779
0.0964968
0.0963745
0.0963088
0.0962996
0.0963459
0.0964385
0.0965462
0.0965919
0.0390447
0.0703546
0.0822563
0.0877858
0.0907005
0.0923754
0.0934038
0.0940682
0.0945129
0.0948163
0.0950243
0.0951662
0.0952621
0.0953263
0.0953694
0.0953988
0.0954199
0.0954367
0.0954522
0.0954692
0.0954911
0.0955225
0.0955699
0.0956724
0.0979857
0.118075
0.11511
0.109592
0.105623
0.103142
0.101502
0.100293
0.0993347
0.0985597
0.097938
0.0974472
0.0970664
0.0967769
0.0965639
0.0964177
0.0963327
0.0963068
0.0963371
0.0964135
0.0965058
0.0965408
0.0403072
0.0714124
0.0828778
0.0881244
0.0908982
0.0925077
0.0935042
0.0941504
0.0945824
0.0948759
0.0950762
0.0952124
0.0953043
0.0953662
0.095408
0.0954371
0.0954588
0.095477
0.0954952
0.0955168
0.0955474
0.0955957
0.0956755
0.0958702
0.0987467
0.116114
0.112528
0.108405
0.105604
0.103686
0.10219
0.100922
0.0998389
0.0989371
0.0982097
0.0976382
0.0971986
0.0968667
0.0966232
0.096454
0.0963507
0.0963085
0.0963229
0.0963832
0.09646
0.0964846
0.0443243
0.0733163
0.0838879
0.0886738
0.0912282
0.0927275
0.093664
0.0942747
0.0946843
0.0949632
0.0951538
0.0952839
0.0953724
0.0954326
0.0954743
0.0955044
0.0955282
0.0955496
0.0955719
0.0955992
0.095639
0.0957143
0.0958951
0.0970218
0.103919
0.113867
0.11057
0.107975
0.106095
0.104486
0.102969
0.101558
0.100316
0.0992784
0.0984474
0.097801
0.0973085
0.0969395
0.0966694
0.0964803
0.0963606
0.0963034
0.0963027
0.0963472
0.0964089
0.0964235
0.0425384
0.0729153
0.0837644
0.0886597
0.0912376
0.0927401
0.0936761
0.0942877
0.0947004
0.0949844
0.0951823
0.0953215
0.0954211
0.095495
0.0955537
0.0956051
0.095656
0.0957117
0.0957775
0.0958578
0.095961
0.0961336
0.0965081
0.103213
0.112429
0.112034
0.110136
0.108581
0.107044
0.105392
0.103695
0.102093
0.100691
0.0995356
0.0986207
0.0979165
0.0973842
0.0969877
0.0966978
0.0964934
0.0963606
0.0962905
0.096276
0.0963056
0.0963528
0.0963583
0.0434462
0.0722783
0.0828222
0.088307
0.0913251
0.0930427
0.0941004
0.0948577
0.0954911
0.096078
0.0966535
0.0972403
0.0978614
0.0985452
0.0993269
0.100248
0.101355
0.102691
0.10427
0.106008
0.107699
0.109253
0.111366
0.113041
0.112968
0.112211
0.111082
0.109688
0.107991
0.106092
0.104175
0.10241
0.100897
0.0996677
0.0987053
0.0979699
0.0974168
0.0970059
0.0967051
0.0964914
0.0963494
0.096269
0.0962426
0.0962585
0.0962923
0.0962897
0.0410906
0.0711119
0.0824014
0.0881838
0.091477
0.0933949
0.0945646
0.0953677
0.0960135
0.0966068
0.0972006
0.0978287
0.0985217
0.099314
0.100246
0.101366
0.102721
0.104349
0.106251
0.108322
0.110303
0.111888
0.113004
0.113719
0.113767
0.113202
0.112039
0.110401
0.108429
0.106318
0.10427
0.102437
0.100894
0.0996541
0.0986895
0.0979547
0.0974025
0.0969917
0.0966898
0.0964734
0.0963266
0.0962391
0.0962027
0.0962066
0.0962282
0.0962186
0.0404956
0.0705569
0.0822987
0.0880919
0.0913808
0.0933697
0.0946278
0.0954862
0.0961431
0.0967135
0.0972657
0.097846
0.0984929
0.0992446
0.100143
0.101231
0.102554
0.10414
0.105981
0.107994
0.109985
0.111691
0.112947
0.113746
0.113912
0.113324
0.112029
0.110224
0.108133
0.10598
0.103952
0.102169
0.100686
0.0994995
0.0985772
0.0978736
0.097343
0.0969462
0.0966527
0.0964399
0.0962927
0.0962011
0.0961571
0.0961507
0.0961616
0.0961461
0.0402897
0.0705325
0.0823983
0.0881277
0.0913478
0.0933264
0.0946103
0.0954935
0.0961537
0.0967027
0.0972139
0.0977399
0.0983235
0.0990048
0.0998238
0.100821
0.102034
0.103487
0.10517
0.10702
0.108897
0.110596
0.111918
0.112733
0.112876
0.112253
0.110947
0.109175
0.107175
0.10516
0.10329
0.101662
0.100311
0.0992294
0.0983851
0.0977371
0.0972448
0.0968737
0.0965963
0.0963927
0.0962491
0.0961561
0.0961067
0.0960917
0.0960934
0.0960734
0.0401586
0.0706144
0.0825432
0.0882315
0.0913831
0.0933167
0.094585
0.0954651
0.0961186
0.0966492
0.0971285
0.0976095
0.0981358
0.0987462
0.0994781
0.100367
0.101443
0.102724
0.104199
0.105816
0.107463
0.108973
0.110156
0.110847
0.110913
0.110307
0.109118
0.107539
0.105781
0.104027
0.102409
0.100999
0.0998262
0.098881
0.098137
0.0975603
0.0971177
0.0967801
0.0965247
0.0963344
0.0961973
0.0961055
0.0960527
0.096031
0.0960251
0.0960016
0.0400191
0.070651
0.0826419
0.088328
0.0914365
0.0933236
0.0945592
0.0954187
0.0960554
0.0965657
0.0970162
0.0974575
0.0979306
0.0984714
0.0991126
0.0998834
0.100807
0.101893
0.103129
0.104468
0.105817
0.107042
0.107985
0.108503
0.108499
0.107959
0.106959
0.105653
0.104207
0.102767
0.101435
0.100269
0.0992896
0.0984928
0.0978581
0.0973598
0.0969721
0.0966723
0.0964422
0.096268
0.0961398
0.096051
0.0959965
0.0959696
0.0959575
0.0959318
0.0398667
0.0706365
0.0826772
0.0883812
0.0914728
0.0933269
0.0945302
0.0953632
0.0959768
0.0964628
0.0968837
0.0972859
0.097707
0.0981784
0.0987274
0.099377
0.100143
0.101029
0.102021
0.103076
0.10412
0.10505
0.105746
0.106102
0.106054
0.105604
0.104812
0.103788
0.102657
0.101526
0.100473
0.0995415
0.0987506
0.098098
0.0975706
0.0971502
0.096818
0.0965571
0.0963535
0.0961966
0.0960785
0.0959942
0.0959393
0.0959088
0.0958919
0.0958648
0.0397091
0.07059
0.082664
0.0883898
0.0914802
0.0933159
0.0944943
0.095302
0.0958909
0.0963508
0.0967408
0.097104
0.0974739
0.0978776
0.0983371
0.0988697
0.0994854
0.100184
0.10095
0.101748
0.102521
0.103193
0.10368
0.103909
0.103842
0.103483
0.102882
0.102112
0.101258
0.100399
0.0995906
0.098867
0.0982435
0.0977209
0.0972915
0.0969434
0.0966636
0.09644
0.0962625
0.096123
0.0960157
0.0959366
0.0958826
0.0958496
0.0958291
0.0958014
0.0395521
0.0705273
0.0826206
0.0883642
0.0914598
0.093287
0.0944483
0.095235
0.0958008
0.0962349
0.0965946
0.0969199
0.0972411
0.0975813
0.0979585
0.0983851
0.0988671
0.0994021
0.099976
0.100561
0.101115
0.101583
0.101911
0.102051
0.10198
0.101705
0.101261
0.100696
0.100068
0.0994305
0.0988229
0.0982713
0.0977882
0.0973764
0.0970319
0.0967476
0.0965149
0.0963256
0.0961725
0.0960498
0.0959531
0.0958797
0.0958273
0.0957928
0.0957697
0.0957422
0.0393984
0.0704573
0.0825601
0.0883156
0.0914175
0.0932415
0.0943916
0.0951618
0.0957075
0.0961181
0.0964494
0.0967397
0.0970166
0.0973001
0.0976051
0.0979408
0.0983108
0.0987119
0.0991324
0.0995513
0.0999384
0.100258
0.100472
0.100554
0.100488
0.100282
0.099959
0.0995512
0.0990961
0.0986291
0.0981784
0.0977629
0.0973928
0.0970716
0.096798
0.0965678
0.096376
0.096217
0.0960859
0.0959787
0.0958922
0.0958246
0.0957742
0.0957392
0.0957145
0.0956876
0.0392489
0.0703844
0.0824909
0.0882529
0.0913599
0.093183
0.0943257
0.0950835
0.0956126
0.0960027
0.096309
0.0965683
0.0968064
0.0970414
0.0972858
0.097547
0.0978273
0.0981237
0.0984272
0.0987226
0.0989891
0.0992029
0.0993408
0.0993853
0.0993288
0.0991759
0.0989422
0.0986501
0.0983224
0.0979828
0.0976505
0.0973393
0.0970573
0.0968081
0.0965917
0.0964064
0.096249
0.096116
0.0960043
0.095911
0.0958341
0.0957721
0.0957242
0.0956892
0.0956636
0.0956378
0.0391038
0.0703111
0.0824177
0.0881822
0.0912924
0.0931154
0.0942535
0.095002
0.0955179
0.0958908
0.0961758
0.0964087
0.0966141
0.096809
0.0970043
0.0972064
0.0974173
0.0976346
0.0978518
0.0980583
0.0982402
0.098382
0.0984693
0.0984915
0.0984443
0.0983313
0.0981625
0.0979527
0.0977166
0.0974695
0.0972245
0.0969915
0.0967768
0.0965835
0.0964127
0.0962636
0.0961347
0.0960238
0.0959288
0.0958478
0.0957794
0.0957228
0.0956776
0.0956431
0.0956173
0.0955929
0.0389632
0.0702382
0.082343
0.0881074
0.0912192
0.0930424
0.0941774
0.0949192
0.0954248
0.0957838
0.096051
0.0962621
0.0964409
0.0966035
0.0967601
0.0969166
0.0970751
0.0972342
0.0973892
0.0975332
0.0976569
0.0977505
0.097805
0.097814
0.0977754
0.0976915
0.0975689
0.0974169
0.0972459
0.0970651
0.0968837
0.0967084
0.0965443
0.096394
0.0962589
0.0961388
0.0960331
0.0959405
0.0958597
0.0957894
0.0957287
0.0956772
0.0956347
0.0956012
0.0955755
0.0955526
0.0388267
0.0701662
0.0822683
0.088031
0.0911433
0.0929667
0.0940999
0.0948368
0.0953344
0.0956823
0.0959354
0.096129
0.0962865
0.0964237
0.0965504
0.0966725
0.0967922
0.0969089
0.0970199
0.0971205
0.0972047
0.0972663
0.0972999
0.0973015
0.0972701
0.0972072
0.0971171
0.097006
0.0968806
0.0967471
0.0966115
0.0964788
0.0963525
0.096235
0.0961275
0.0960304
0.0959435
0.095866
0.0957972
0.0957361
0.0956822
0.0956353
0.0955956
0.0955633
0.0955381
0.095517
0.0386942
0.0700956
0.0821947
0.0879548
0.091067
0.0928908
0.0940228
0.0947563
0.0952478
0.0955872
0.0958292
0.0960089
0.0961498
0.0962674
0.0963714
0.0964677
0.0965589
0.0966453
0.0967253
0.0967959
0.0968536
0.0968942
0.0969145
0.0969122
0.0968866
0.0968389
0.0967719
0.0966895
0.0965962
0.0964964
0.0963939
0.0962923
0.0961943
0.0961017
0.0960157
0.0959368
0.0958649
0.0957999
0.095741
0.0956879
0.09564
0.0955973
0.0955602
0.0955293
0.095505
0.0954856
0.0385657
0.0700267
0.082123
0.0878803
0.0909922
0.0928162
0.0939476
0.0946787
0.0951658
0.0954987
0.0957321
0.0959012
0.0960293
0.0961319
0.0962188
0.0962959
0.0963664
0.0964311
0.0964894
0.0965396
0.0965794
0.0966063
0.0966184
0.0966141
0.0965932
0.0965565
0.0965058
0.0964438
0.0963733
0.0962976
0.0962192
0.0961405
0.0960636
0.0959899
0.0959206
0.095856
0.0957963
0.0957414
0.095691
0.0956445
0.0956019
0.095563
0.0955285
0.0954992
0.0954759
0.0954582
0.0384417
0.0699597
0.0820539
0.0878084
0.0909197
0.092744
0.0938751
0.0946046
0.0950887
0.0954168
0.0956438
0.0958049
0.0959233
0.0960145
0.0960885
0.0961516
0.096207
0.0962563
0.0962995
0.0963356
0.0963635
0.0963815
0.0963884
0.0963834
0.0963663
0.0963376
0.0962987
0.0962512
0.0961972
0.0961388
0.0960779
0.0960162
0.0959552
0.0958961
0.0958397
0.0957864
0.0957365
0.09569
0.0956465
0.0956058
0.0955677
0.0955323
0.0955003
0.0954726
0.0954505
0.0954345
0.0383225
0.069895
0.0819874
0.0877394
0.0908499
0.0926745
0.0938058
0.0945347
0.0950167
0.0953415
0.0955638
0.0957188
0.0958299
0.0959126
0.0959771
0.0960299
0.0960745
0.0961128
0.0961454
0.0961719
0.0961917
0.0962039
0.0962077
0.0962026
0.0961885
0.0961659
0.0961355
0.0960986
0.0960565
0.0960108
0.0959629
0.0959139
0.095865
0.0958171
0.0957708
0.0957265
0.0956845
0.0956447
0.0956071
0.0955713
0.0955372
0.095505
0.0954753
0.0954492
0.0954284
0.095414
0.0382083
0.0698328
0.0819238
0.0876734
0.0907834
0.0926084
0.0937403
0.0944691
0.0949501
0.0952727
0.0954916
0.0956422
0.0957478
0.0958242
0.0958817
0.0959268
0.0959636
0.0959941
0.0960193
0.0960393
0.0960537
0.0960621
0.096064
0.0960592
0.0960476
0.0960294
0.0960054
0.0959763
0.0959431
0.0959068
0.0958686
0.0958292
0.0957896
0.0957503
0.0957119
0.0956748
0.0956392
0.0956051
0.0955723
0.0955407
0.0955101
0.0954808
0.0954533
0.0954288
0.0954093
0.0953965
0.0380989
0.0697731
0.0818633
0.0876108
0.0907205
0.0925463
0.093679
0.0944082
0.0948888
0.09521
0.0954266
0.095574
0.0956756
0.0957473
0.0957996
0.0958392
0.0958704
0.0958953
0.0959153
0.0959307
0.0959415
0.0959475
0.0959484
0.095944
0.0959344
0.0959198
0.0959005
0.0958773
0.0958507
0.0958216
0.0957906
0.0957586
0.0957261
0.0956936
0.0956615
0.0956302
0.0955998
0.0955704
0.0955417
0.0955136
0.0954861
0.0954594
0.095434
0.0954111
0.0953929
0.0953815
0.0379941
0.069716
0.0818059
0.0875519
0.0906615
0.0924883
0.0936222
0.0943521
0.0948327
0.0951532
0.0953682
0.0955133
0.095612
0.0956803
0.0957288
0.0957644
0.0957914
0.0958125
0.0958288
0.0958411
0.0958494
0.0958539
0.0958542
0.0958504
0.0958425
0.0958306
0.095815
0.0957963
0.0957747
0.0957511
0.0957258
0.0956994
0.0956725
0.0956453
0.0956183
0.0955917
0.0955656
0.09554
0.0955147
0.0954898
0.095465
0.0954405
0.0954171
0.0953958
0.0953788
0.0953687
0.0378938
0.0696614
0.0817518
0.0874967
0.0906066
0.0924345
0.0935696
0.0943005
0.0947815
0.0951016
0.0953158
0.0954593
0.0955559
0.0956218
0.0956675
0.0957002
0.0957243
0.0957425
0.0957563
0.0957664
0.0957732
0.0957767
0.0957768
0.0957736
0.0957671
0.0957574
0.0957447
0.0957294
0.0957118
0.0956923
0.0956714
0.0956495
0.095627
0.0956041
0.0955812
0.0955583
0.0955357
0.0955133
0.0954911
0.0954688
0.0954464
0.095424
0.0954023
0.0953826
0.0953668
0.095358
0.037798
0.0696094
0.0817008
0.0874453
0.0905556
0.0923847
0.0935212
0.0942531
0.0947348
0.095055
0.0952686
0.0954112
0.0955064
0.0955705
0.0956143
0.0956449
0.0956669
0.0956831
0.0956951
0.0957038
0.0957095
0.0957124
0.0957126
0.0957099
0.0957046
0.0956967
0.0956863
0.0956737
0.0956592
0.095643
0.0956256
0.0956072
0.0955882
0.0955687
0.0955491
0.0955294
0.0955097
0.09549
0.0954703
0.0954503
0.09543
0.0954096
0.0953895
0.0953712
0.0953566
0.0953489
0.0377065
0.0695599
0.081653
0.0873974
0.0905083
0.0923386
0.0934765
0.0942097
0.0946922
0.0950128
0.0952264
0.0953684
0.0954627
0.0955256
0.095568
0.0955971
0.0956177
0.0956325
0.0956433
0.095651
0.095656
0.0956586
0.0956588
0.0956568
0.0956525
0.095646
0.0956374
0.095627
0.0956149
0.0956014
0.0955867
0.0955712
0.095555
0.0955383
0.0955214
0.0955043
0.095487
0.0954697
0.0954521
0.0954341
0.0954156
0.0953969
0.0953784
0.0953614
0.095348
0.0953413
0.0376193
0.0695129
0.0816082
0.0873529
0.0904645
0.0922962
0.0934356
0.0941701
0.0946536
0.0949748
0.0951885
0.0953303
0.0954241
0.0954863
0.0955277
0.0955558
0.0955753
0.0955891
0.0955991
0.0956061
0.0956107
0.0956132
0.0956136
0.095612
0.0956086
0.0956033
0.0955962
0.0955875
0.0955774
0.095566
0.0955536
0.0955403
0.0955264
0.0955121
0.0954974
0.0954824
0.0954672
0.0954518
0.0954361
0.0954198
0.095403
0.0953859
0.0953688
0.0953531
0.0953407
0.0953349
0.0375366
0.0694684
0.0815663
0.0873115
0.0904241
0.0922571
0.0933981
0.0941341
0.0946187
0.0949407
0.0951547
0.0952966
0.0953901
0.0954518
0.0954926
0.09552
0.0955387
0.0955519
0.0955612
0.0955678
0.0955722
0.0955746
0.0955753
0.0955742
0.0955715
0.0955671
0.0955613
0.0955541
0.0955455
0.0955359
0.0955253
0.0955139
0.0955019
0.0954894
0.0954766
0.0954634
0.09545
0.0954362
0.095422
0.0954073
0.095392
0.0953762
0.0953605
0.0953459
0.0953346
0.0953297
0.0374585
0.0694264
0.0815271
0.087273
0.0903867
0.0922212
0.0933639
0.0941013
0.0945872
0.09491
0.0951246
0.0952666
0.0953601
0.0954215
0.0954619
0.0954888
0.0955071
0.0955198
0.0955288
0.0955351
0.0955393
0.0955418
0.0955427
0.095542
0.09554
0.0955365
0.0955316
0.0955256
0.0955184
0.0955102
0.095501
0.0954912
0.0954808
0.0954698
0.0954585
0.0954469
0.0954349
0.0954226
0.0954098
0.0953964
0.0953824
0.0953679
0.0953533
0.0953399
0.0953295
0.0953253
0.0373852
0.0693871
0.0814905
0.0872373
0.0903522
0.0921884
0.0933327
0.0940717
0.0945588
0.0948826
0.0950978
0.0952402
0.0953338
0.095395
0.0954352
0.0954618
0.0954798
0.0954922
0.0955009
0.095507
0.0955112
0.0955138
0.0955149
0.0955147
0.0955132
0.0955104
0.0955064
0.0955013
0.0954952
0.0954881
0.0954803
0.0954717
0.0954626
0.0954529
0.0954429
0.0954325
0.0954218
0.0954107
0.0953991
0.0953869
0.095374
0.0953606
0.0953472
0.0953347
0.0953252
0.0953216
0.0373166
0.0693503
0.0814565
0.0872043
0.0903206
0.0921584
0.0933044
0.094045
0.0945334
0.0948582
0.0950741
0.0952169
0.0953107
0.095372
0.0954121
0.0954385
0.0954563
0.0954685
0.0954771
0.0954832
0.0954874
0.0954901
0.0954914
0.0954915
0.0954905
0.0954883
0.095485
0.0954807
0.0954755
0.0954694
0.0954626
0.0954551
0.095447
0.0954385
0.0954295
0.0954202
0.0954105
0.0954005
0.0953899
0.0953787
0.0953668
0.0953544
0.095342
0.0953304
0.0953217
0.0953187
0.0372523
0.0693159
0.081425
0.0871741
0.0902918
0.0921313
0.0932791
0.0940212
0.094511
0.0948368
0.0950535
0.0951968
0.0952909
0.0953523
0.0953924
0.0954188
0.0954365
0.0954486
0.0954571
0.0954631
0.0954674
0.0954702
0.0954718
0.0954722
0.0954715
0.0954699
0.0954672
0.0954635
0.0954591
0.0954538
0.0954478
0.0954411
0.095434
0.0954263
0.0954183
0.0954099
0.0954011
0.0953918
0.0953821
0.0953718
0.0953608
0.0953492
0.0953376
0.0953269
0.0953189
0.0953163
0.0371918
0.0692838
0.0813961
0.0871468
0.090266
0.0921073
0.0932568
0.0940006
0.0944917
0.0948187
0.0950362
0.09518
0.0952745
0.0953361
0.0953763
0.0954027
0.0954203
0.0954324
0.0954408
0.0954469
0.0954512
0.0954541
0.0954559
0.0954566
0.0954562
0.0954549
0.0954527
0.0954497
0.0954458
0.0954411
0.0954358
0.0954299
0.0954235
0.0954166
0.0954093
0.0954016
0.0953935
0.0953849
0.0953759
0.0953662
0.0953559
0.0953451
0.0953342
0.0953241
0.0953167
0.0953145
0.037135
0.0692539
0.0813697
0.0871223
0.0902434
0.0920866
0.093238
0.0939835
0.0944761
0.0948042
0.0950226
0.0951671
0.0952619
0.0953238
0.0953641
0.0953905
0.0954082
0.0954202
0.0954287
0.0954348
0.0954391
0.0954421
0.095444
0.0954449
0.0954448
0.0954439
0.095442
0.0954394
0.095436
0.0954319
0.0954272
0.0954218
0.095416
0.0954096
0.0954029
0.0953957
0.0953881
0.0953801
0.0953715
0.0953623
0.0953525
0.0953421
0.0953317
0.0953221
0.0953151
0.0953132
0.0370816
0.0692262
0.0813461
0.0871011
0.0902245
0.09207
0.0932237
0.0939712
0.0944654
0.0947947
0.0950141
0.0951592
0.0952544
0.0953165
0.0953569
0.0953834
0.095401
0.0954131
0.0954215
0.0954276
0.0954319
0.095435
0.095437
0.095438
0.0954382
0.0954374
0.0954359
0.0954336
0.0954306
0.0954269
0.0954226
0.0954177
0.0954123
0.0954064
0.0954
0.0953931
0.0953858
0.095378
0.0953696
0.0953605
0.0953509
0.0953407
0.0953305
0.0953212
0.0953143
0.0953126
0.0370318
0.0692011
0.081326
0.0870844
0.0902109
0.0920594
0.0932158
0.0939656
0.0944616
0.0947923
0.0950125
0.0951582
0.0952538
0.0953161
0.0953566
0.0953831
0.0954007
0.0954127
0.0954211
0.0954271
0.0954314
0.0954345
0.0954365
0.0954376
0.0954379
0.0954373
0.095436
0.095434
0.0954312
0.0954278
0.0954238
0.0954192
0.0954141
0.0954084
0.0954021
0.0953954
0.095388
0.09538
0.0953713
0.095362
0.0953519
0.0953415
0.095331
0.0953215
0.0953145
0.0953126
0.036986
0.0691799
0.0813114
0.0870747
0.0902059
0.0920585
0.0932183
0.0939707
0.0944685
0.0948004
0.0950215
0.0951676
0.0952634
0.0953258
0.0953662
0.0953926
0.0954101
0.095422
0.0954303
0.0954362
0.0954404
0.0954434
0.0954454
0.0954466
0.0954469
0.0954464
0.0954452
0.0954433
0.0954407
0.0954375
0.0954336
0.0954292
0.0954241
0.0954184
0.0954121
0.095405
0.0953971
0.0953884
0.0953788
0.0953683
0.0953571
0.0953455
0.095334
0.0953237
0.095316
0.0953135
0.0369447
0.0691651
0.0813067
0.0870782
0.0902162
0.0920743
0.093238
0.0939931
0.0944926
0.0948253
0.0950467
0.0951928
0.0952885
0.0953506
0.0953909
0.095417
0.0954343
0.0954459
0.0954539
0.0954596
0.0954637
0.0954666
0.0954685
0.0954695
0.0954698
0.0954693
0.0954681
0.0954663
0.0954637
0.0954605
0.0954567
0.0954522
0.095447
0.0954411
0.0954342
0.0954263
0.0954173
0.0954069
0.0953952
0.0953824
0.0953686
0.0953545
0.0953407
0.0953285
0.0953194
0.0953157
0.0369094
0.0691629
0.0813222
0.0871072
0.090255
0.0921195
0.0932871
0.0940439
0.0945438
0.0948763
0.095097
0.0952423
0.0953372
0.0953986
0.0954382
0.0954638
0.0954806
0.0954918
0.0954995
0.0955049
0.0955088
0.0955114
0.0955131
0.0955139
0.095514
0.0955134
0.0955121
0.0955102
0.0955076
0.0955043
0.0955003
0.0954956
0.0954901
0.0954835
0.0954756
0.0954662
0.095455
0.0954416
0.0954261
0.0954088
0.0953901
0.0953712
0.0953531
0.0953373
0.0953254
0.0953195
0.0368838
0.069189
0.0813808
0.087187
0.0903466
0.0922164
0.093385
0.0941405
0.094638
0.0949676
0.0951855
0.0953285
0.0954215
0.0954813
0.0955197
0.0955444
0.0955604
0.0955711
0.0955782
0.0955832
0.0955866
0.0955888
0.0955902
0.0955908
0.0955906
0.0955897
0.0955882
0.095586
0.0955832
0.0955797
0.0955754
0.0955703
0.0955641
0.0955565
0.0955471
0.0955353
0.0955204
0.0955021
0.09548
0.0954546
0.0954273
0.0953997
0.0953739
0.0953517
0.0953349
0.0953255
0.0368796
0.0692833
0.0815336
0.0873674
0.0905348
0.0924017
0.0935625
0.0943089
0.0947975
0.0951193
0.095331
0.095469
0.0955582
0.0956154
0.0956517
0.0956749
0.0956898
0.0956995
0.0957059
0.0957102
0.0957131
0.0957148
0.0957157
0.0957159
0.0957153
0.0957141
0.0957122
0.0957096
0.0957064
0.0957025
0.0956978
0.0956921
0.095685
0.095676
0.0956644
0.0956492
0.095629
0.0956027
0.0955698
0.0955309
0.0954883
0.0954456
0.0954066
0.0953738
0.0953492
0.0953343
0.0369327
0.0695493
0.0818928
0.0877441
0.0908943
0.0927326
0.0938644
0.0945853
0.0950531
0.0953589
0.0955584
0.0956877
0.0957706
0.0958233
0.0958565
0.0958775
0.0958908
0.0958993
0.0959047
0.0959082
0.0959103
0.0959115
0.0959118
0.0959113
0.0959102
0.0959085
0.0959061
0.0959032
0.0958995
0.0958951
0.0958898
0.0958834
0.0958753
0.0958647
0.0958504
0.0958306
0.095803
0.0957652
0.0957153
0.0956538
0.095585
0.0955166
0.0954556
0.0954059
0.0953692
0.0953461
0.03716
0.0702528
0.0826935
0.0884857
0.09154
0.0932892
0.0943493
0.0950158
0.0954437
0.0957207
0.0958999
0.0960151
0.0960884
0.0961346
0.0961634
0.0961814
0.0961926
0.0961995
0.0962037
0.0962063
0.0962076
0.0962079
0.0962075
0.0962065
0.0962048
0.0962025
0.0961996
0.0961961
0.096192
0.0961871
0.0961812
0.0961741
0.096165
0.0961529
0.0961358
0.096111
0.0960744
0.0960209
0.0959457
0.0958475
0.0957338
0.0956219
0.0955253
0.0954496
0.0953954
0.095361
0.0379935
0.0720406
0.084375
0.089847
0.0926199
0.094164
0.0950819
0.0956512
0.0960128
0.0962448
0.0963937
0.0964886
0.0965486
0.096586
0.0966092
0.0966233
0.0966319
0.096637
0.09664
0.0966414
0.0966418
0.0966414
0.0966404
0.0966387
0.0966365
0.0966337
0.0966303
0.0966264
0.0966218
0.0966166
0.0966104
0.0966029
0.0965933
0.0965802
0.0965611
0.0965321
0.0964865
0.0964147
0.0963047
0.0961484
0.0959556
0.0957704
0.095618
0.0955048
0.0954268
0.095378
0.0411203
0.0762766
0.0875693
0.0920936
0.0942568
0.0954276
0.0961141
0.0965365
0.0968032
0.0969735
0.0970823
0.0971512
0.0971945
0.0972213
0.0972376
0.0972474
0.0972532
0.0972564
0.097258
0.0972584
0.0972581
0.0972571
0.0972555
0.0972534
0.0972509
0.0972478
0.0972442
0.0972402
0.0972356
0.0972304
0.0972244
0.0972171
0.0972079
0.0971953
0.0971765
0.0971465
0.0970961
0.0970088
0.0968588
0.0966145
0.0962739
0.0959652
0.0957304
0.0955671
0.0954602
0.095395
0.0525502
0.0849245
0.0926223
0.0952267
0.0964217
0.0970713
0.097457
0.0976969
0.0978494
0.0979471
0.0980096
0.0980492
0.0980739
0.0980892
0.0980984
0.0981038
0.0981068
0.0981083
0.0981088
0.0981086
0.0981078
0.0981066
0.098105
0.098103
0.0981007
0.0980979
0.0980948
0.0980914
0.0980875
0.0980832
0.0980783
0.0980725
0.0980653
0.0980554
0.0980407
0.0980162
0.097972
0.0978863
0.0977121
0.0973554
0.0967007
0.09619
0.0958458
0.0956258
0.0954896
0.095409
0.0924924
0.0976624
0.0982787
0.0986081
0.0988277
0.0989731
0.0990687
0.0991317
0.0991731
0.0992003
0.099218
0.0992294
0.0992366
0.0992411
0.0992438
0.0992454
0.0992463
0.0992467
0.0992468
0.0992467
0.0992463
0.0992457
0.099245
0.0992441
0.0992431
0.0992419
0.0992405
0.099239
0.0992373
0.0992354
0.0992332
0.0992307
0.0992277
0.0992237
0.0992177
0.0992077
0.0991881
0.0991439
0.0990247
0.0986393
0.0971655
0.0963778
0.0959281
0.0956636
0.0955072
0.0954169
0.0638901
0.0559692
0.0497661
0.0455794
0.0431119
0.0418861
0.0418096
0.0443546
0.0875536
0.0833403
0.0797167
0.0772205
0.0757034
0.0751684
0.075791
0.0778824
0.0937572
0.092354
0.090712
0.089214
0.0880935
0.0874998
0.0875198
0.0881456
0.0953273
0.09476
0.0939528
0.0931175
0.0924197
0.0919619
0.0917905
0.0919007
0.0958259
0.0955141
0.0950606
0.0945713
0.0941327
0.0938027
0.0936125
0.0935698
0.0960796
0.0958678
0.0955659
0.0952361
0.0949281
0.0946768
0.0945034
0.0944186
0.0962585
0.0960906
0.0958576
0.0956035
0.0953616
0.0951553
0.0949999
0.0949047
0.0963985
0.0962519
0.0960526
0.0958365
0.0956291
0.0954482
0.0953054
0.0952082
0.0965109
0.096375
0.0961929
0.0959962
0.095807
0.09564
0.0955049
0.0954074
0.0966003
0.0964698
0.096296
0.0961089
0.0959289
0.0957692
0.0956382
0.0955402
0.0966696
0.0965414
0.0963711
0.0961882
0.0960123
0.095856
0.0957267
0.095628
0.0967215
0.0965936
0.0964241
0.0962425
0.0960679
0.0959127
0.0957839
0.0956842
0.0967585
0.09663
0.0964599
0.0962779
0.0961032
0.095948
0.0958189
0.0957184
0.0967834
0.0966537
0.0964824
0.0962993
0.0961238
0.0959681
0.0958387
0.0957373
0.0967989
0.0966678
0.096495
0.0963106
0.0961342
0.0959779
0.0958481
0.0957462
0.0968072
0.0966748
0.0965005
0.0963149
0.0961376
0.0959808
0.0958508
0.0957486
0.0968102
0.0966766
0.096501
0.0963143
0.0961364
0.0959793
0.0958493
0.095747
0.0968095
0.0966747
0.0964981
0.0963105
0.0961321
0.095975
0.0958453
0.0957431
0.0968061
0.0966703
0.0964927
0.0963046
0.096126
0.0959691
0.0958398
0.095738
0.0968007
0.0966639
0.0964857
0.0962972
0.0961187
0.0959622
0.0958335
0.0957322
0.0967938
0.0966562
0.0964775
0.0962888
0.0961106
0.0959547
0.0958268
0.0957262
0.0967855
0.0966472
0.0964682
0.0962797
0.096102
0.0959469
0.0958199
0.0957201
0.096776
0.0966371
0.096458
0.0962698
0.0960929
0.0959388
0.0958129
0.0957141
0.0967651
0.0966258
0.0964467
0.0962592
0.0960832
0.0959304
0.0958059
0.0957081
0.0967528
0.0966131
0.0964344
0.0962477
0.096073
0.0959217
0.0957986
0.0957021
0.0967388
0.0965989
0.0964208
0.0962353
0.0960621
0.0959125
0.0957911
0.0956961
0.0967227
0.0965828
0.0964056
0.0962217
0.0960504
0.0959028
0.0957834
0.0956899
0.0967042
0.0965646
0.0963887
0.0962067
0.0960377
0.0958925
0.0957752
0.0956835
0.0966831
0.0965439
0.0963697
0.09619
0.0960238
0.0958813
0.0957666
0.0956769
0.0966587
0.0965204
0.0963483
0.0961716
0.0960085
0.0958692
0.0957573
0.09567
0.0966308
0.0964937
0.0963243
0.0961511
0.0959918
0.0958561
0.0957474
0.0956627
0.096599
0.0964635
0.0962974
0.0961283
0.0959733
0.0958418
0.0957367
0.095655
0.0965629
0.0964296
0.0962675
0.0961031
0.0959531
0.0958263
0.0957253
0.0956469
0.0965222
0.0963917
0.0962342
0.0960755
0.0959311
0.0958095
0.0957131
0.0956382
0.0964767
0.0963497
0.0961977
0.0960453
0.0959073
0.0957915
0.0957
0.0956291
0.0964267
0.0963038
0.096158
0.0960126
0.0958816
0.0957722
0.0956861
0.0956195
0.0963723
0.0962541
0.0961153
0.0959776
0.0958542
0.0957517
0.0956715
0.0956094
0.0963139
0.0962012
0.0960699
0.0959406
0.0958254
0.0957303
0.0956562
0.0955989
0.0962522
0.0961455
0.0960225
0.0959021
0.0957955
0.095708
0.0956403
0.095588
0.096188
0.0960877
0.0959734
0.0958624
0.0957647
0.0956852
0.0956241
0.0955769
0.096122
0.0960288
0.0959235
0.095822
0.0957335
0.0956621
0.0956076
0.0955656
0.0960553
0.0959694
0.0958734
0.0957817
0.0957024
0.095639
0.0955912
0.0955543
0.0959889
0.0959105
0.0958238
0.0957418
0.0956716
0.0956162
0.0955749
0.095543
0.0959237
0.0958529
0.0957755
0.095703
0.0956417
0.095594
0.095559
0.0955319
0.0958608
0.0957973
0.095729
0.0956657
0.0956129
0.0955726
0.0955435
0.0955211
0.0958007
0.0957445
0.0956848
0.0956303
0.0955856
0.0955522
0.0955287
0.0955105
0.0957442
0.095695
0.0956434
0.0955971
0.0955599
0.0955329
0.0955146
0.0955004
0.0956917
0.095649
0.095605
0.0955663
0.095536
0.0955149
0.0955013
0.0954906
0.0956434
0.0956068
0.0955699
0.095538
0.0955141
0.0954983
0.0954888
0.0954813
0.0955995
0.0955686
0.095538
0.0955124
0.095494
0.0954829
0.0954772
0.0954725
0.0955601
0.0955342
0.0955093
0.0954893
0.0954759
0.0954689
0.0954664
0.0954641
0.0955249
0.0955036
0.0954837
0.0954687
0.0954596
0.0954562
0.0954563
0.0954562
0.0954938
0.0954765
0.0954612
0.0954504
0.095445
0.0954446
0.0954471
0.0954487
0.0954665
0.0954528
0.0954413
0.0954342
0.095432
0.0954342
0.0954386
0.0954416
0.0954427
0.0954322
0.095424
0.09542
0.0954205
0.0954248
0.0954307
0.0954348
0.0954222
0.0954143
0.095409
0.0954076
0.0954103
0.0954163
0.0954235
0.0954285
0.0954045
0.0953989
0.095396
0.0953969
0.0954013
0.0954086
0.0954168
0.0954225
0.0953893
0.0953857
0.0953849
0.0953875
0.0953934
0.0954018
0.0954106
0.0954168
0.0953764
0.0953745
0.0953753
0.0953793
0.0953864
0.0953955
0.0954049
0.0954114
0.0953654
0.0953649
0.0953671
0.0953723
0.0953802
0.0953899
0.0953995
0.0954063
0.0953562
0.0953568
0.0953601
0.0953662
0.0953748
0.0953848
0.0953946
0.0954015
0.0953484
0.0953499
0.0953541
0.0953609
0.0953699
0.0953802
0.09539
0.0953969
0.0953418
0.0953441
0.095349
0.0953563
0.0953656
0.095376
0.0953858
0.0953926
0.0953363
0.0953393
0.0953446
0.0953523
0.0953618
0.0953722
0.0953818
0.0953886
0.0953318
0.0953352
0.095341
0.0953489
0.0953584
0.0953687
0.0953782
0.0953847
0.095328
0.0953318
0.0953378
0.0953459
0.0953554
0.0953655
0.0953748
0.0953811
0.0953248
0.0953289
0.0953352
0.0953433
0.0953527
0.0953626
0.0953716
0.0953778
0.0953222
0.0953266
0.0953329
0.095341
0.0953503
0.09536
0.0953687
0.0953746
0.0953202
0.0953246
0.095331
0.0953391
0.0953482
0.0953576
0.0953661
0.0953717
0.0953185
0.0953231
0.0953295
0.0953374
0.0953464
0.0953555
0.0953636
0.0953691
0.0953173
0.0953219
0.0953283
0.0953361
0.0953448
0.0953536
0.0953614
0.0953666
0.0953166
0.0953212
0.0953274
0.095335
0.0953434
0.095352
0.0953595
0.0953644
0.0953165
0.0953209
0.0953269
0.0953343
0.0953424
0.0953506
0.0953578
0.0953625
0.095317
0.0953212
0.0953269
0.0953339
0.0953417
0.0953495
0.0953564
0.0953608
0.0953185
0.0953222
0.0953275
0.0953341
0.0953414
0.0953488
0.0953553
0.0953594
0.0953211
0.0953241
0.0953288
0.0953348
0.0953416
0.0953485
0.0953545
0.0953583
0.0953252
0.0953272
0.095331
0.0953362
0.0953422
0.0953485
0.095354
0.0953573
0.0953312
0.0953316
0.0953341
0.0953382
0.0953433
0.0953488
0.0953537
0.0953565
0.095339
0.0953374
0.0953381
0.0953408
0.0953447
0.0953492
0.0953533
0.0953556
0.0953486
0.0953442
0.0953428
0.0953436
0.0953461
0.0953495
0.0953526
0.0953542
0.0953591
0.0953515
0.0953474
0.0953462
0.0953471
0.0953491
0.0953512
0.0953519
0.0953692
0.095358
0.0953513
0.0953479
0.095347
0.0953476
0.0953486
0.0953486
0.095377
0.0953627
0.0953535
0.0953482
0.0953457
0.095345
0.095345
0.0953443
0.095381
0.0953648
0.0953541
0.0953475
0.095344
0.0953425
0.0953418
0.0953405
0.06312
0.0831343
0.0898154
0.0922908
0.0934136
0.0939747
0.0942635
0.0944034
0.0944581
0.094465
0.094447
0.0944182
0.0943865
0.0943564
0.0943296
0.0943067
0.0942876
0.0942716
0.0942583
0.094247
0.094237
0.0942274
0.0942173
0.0942046
0.0941864
0.0941576
0.09411
0.0940303
0.0938978
0.0936805
0.0933289
0.0927627
0.0918437
0.0903109
0.0876146
0.0824301
0.0709137
0.0379618
0.0836453
0.0893182
0.0920916
0.0934478
0.0941663
0.0945489
0.0947478
0.0948407
0.0948708
0.0948651
0.0948408
0.0948089
0.0947759
0.0947452
0.0947182
0.0946953
0.0946762
0.0946604
0.0946471
0.0946358
0.0946258
0.0946162
0.0946057
0.0945923
0.0945728
0.0945418
0.0944907
0.0944057
0.0942657
0.0940382
0.0936732
0.0930899
0.0921492
0.0905881
0.0878538
0.0826177
0.0710365
0.0380289
0.0899466
0.0920793
0.0934198
0.0942093
0.094671
0.0949299
0.095065
0.095124
0.0951365
0.0951223
0.0950945
0.0950616
0.0950289
0.0949989
0.0949728
0.0949507
0.0949323
0.0949171
0.0949043
0.0948934
0.0948837
0.0948741
0.0948635
0.0948497
0.0948293
0.0947966
0.0947427
0.0946535
0.0945074
0.0942717
0.0938959
0.0932988
0.0923407
0.0907575
0.087995
0.0827244
0.071106
0.0380799
0.0924695
0.0934624
0.0942096
0.0947074
0.095016
0.095192
0.0952808
0.0953138
0.0953123
0.0952912
0.0952605
0.0952269
0.0951945
0.0951653
0.09514
0.0951187
0.0951009
0.0950862
0.0950739
0.0950633
0.0950537
0.0950443
0.0950335
0.0950193
0.0949981
0.094964
0.0949079
0.0948153
0.0946644
0.0944222
0.0940379
0.09343
0.0924584
0.0908587
0.0880765
0.0827835
0.071144
0.0381181
0.0937266
0.0942371
0.0946958
0.0950317
0.0952478
0.0953698
0.0954264
0.0954403
0.095428
0.0954013
0.0953683
0.0953341
0.0953019
0.0952733
0.0952487
0.0952279
0.0952107
0.0951963
0.0951842
0.0951738
0.0951643
0.0951548
0.0951438
0.0951292
0.0951073
0.0950722
0.0950143
0.0949191
0.0947646
0.0945173
0.0941265
0.0935106
0.0925291
0.0909178
0.0881222
0.0828153
0.0711645
0.0381487
0.0944262
0.0947031
0.0950021
0.0952403
0.095398
0.0954849
0.0955199
0.0955208
0.0955011
0.0954706
0.0954361
0.0954017
0.0953699
0.0953418
0.0953178
0.0952975
0.0952806
0.0952665
0.0952546
0.0952442
0.0952347
0.0952251
0.095214
0.095199
0.0951766
0.0951406
0.0950813
0.0949842
0.0948269
0.094576
0.0941805
0.0935587
0.0925704
0.0909511
0.088147
0.0828318
0.0711754
0.0381751
0.0948514
0.0950002
0.0951998
0.0953729
0.0954909
0.095554
0.0955749
0.0955676
0.0955435
0.095511
0.095476
0.095442
0.0954109
0.0953836
0.0953602
0.0953405
0.0953239
0.09531
0.0952982
0.0952879
0.0952783
0.0952687
0.0952574
0.0952422
0.0952193
0.0951826
0.0951224
0.0950239
0.0948646
0.0946111
0.0942123
0.0935865
0.0925936
0.0909693
0.0881599
0.08284
0.0711811
0.0381988
0.0951262
0.0951973
0.0953292
0.0954553
0.0955443
0.0955907
0.0956023
0.0955901
0.095564
0.0955312
0.0954969
0.0954638
0.0954339
0.0954075
0.0953849
0.0953658
0.0953496
0.095336
0.0953243
0.0953141
0.0953045
0.0952948
0.0952834
0.095268
0.0952448
0.0952077
0.0951468
0.0950472
0.0948866
0.0946313
0.0942303
0.0936019
0.092606
0.0909785
0.0881661
0.0828436
0.0711841
0.0382209
0.0953093
0.0953297
0.0954136
0.0955045
0.0955712
0.0956052
0.0956106
0.095596
0.0955696
0.0955377
0.0955047
0.0954733
0.0954447
0.0954196
0.095398
0.0953795
0.0953639
0.0953506
0.0953391
0.095329
0.0953195
0.0953098
0.0952983
0.0952828
0.0952594
0.0952219
0.0951606
0.0950603
0.0948988
0.0946423
0.0942398
0.0936098
0.0926121
0.0909828
0.0881686
0.0828447
0.0711854
0.0382417
0.0954319
0.0954178
0.0954668
0.095531
0.0955807
0.0956053
0.0956066
0.0955911
0.0955655
0.0955353
0.0955042
0.0954747
0.0954478
0.0954241
0.0954035
0.0953859
0.0953708
0.095358
0.0953468
0.0953368
0.0953275
0.0953178
0.0953063
0.0952908
0.0952672
0.0952295
0.0951678
0.0950671
0.094905
0.0946477
0.0942443
0.0936133
0.0926145
0.0909842
0.0881691
0.0828445
0.0711859
0.0382615
0.0955125
0.0954741
0.0954979
0.0955421
0.0955788
0.0955965
0.0955952
0.0955797
0.0955555
0.0955274
0.0954986
0.0954711
0.095446
0.0954238
0.0954044
0.0953876
0.0953732
0.0953608
0.09535
0.0953403
0.0953311
0.0953215
0.0953101
0.0952945
0.0952709
0.0952331
0.0951712
0.0950702
0.0949076
0.0946499
0.0942459
0.0936143
0.0926149
0.090984
0.0881685
0.0828435
0.0711856
0.0382804
0.0955634
0.0955077
0.0955132
0.0955427
0.0955698
0.0955826
0.0955797
0.0955648
0.0955424
0.0955165
0.0954899
0.0954646
0.0954413
0.0954206
0.0954024
0.0953865
0.0953728
0.0953609
0.0953505
0.095341
0.095332
0.0953226
0.0953112
0.0952957
0.0952721
0.0952342
0.0951722
0.095071
0.0949082
0.0946501
0.0942458
0.0936138
0.0926141
0.090983
0.0881672
0.0828421
0.0711849
0.0382985
0.0955934
0.0955252
0.0955176
0.0955365
0.0955566
0.095566
0.0955624
0.0955484
0.0955278
0.0955041
0.0954798
0.0954565
0.095435
0.0954157
0.0953986
0.0953837
0.0953707
0.0953593
0.0953493
0.0953402
0.0953314
0.0953221
0.0953108
0.0952954
0.0952718
0.0952339
0.0951718
0.0950705
0.0949075
0.0946492
0.0942447
0.0936125
0.0926127
0.0909814
0.0881655
0.0828403
0.0711838
0.0383158
0.0956093
0.0955319
0.0955149
0.0955261
0.0955414
0.0955485
0.0955447
0.0955318
0.095513
0.0954914
0.0954691
0.0954477
0.0954278
0.0954099
0.0953939
0.0953799
0.0953676
0.0953567
0.0953471
0.0953383
0.0953297
0.0953206
0.0953095
0.0952942
0.0952706
0.0952327
0.0951706
0.0950692
0.0949061
0.0946477
0.0942431
0.0936108
0.0926109
0.0909796
0.0881636
0.0828382
0.0711824
0.0383323
0.0956159
0.0955316
0.0955077
0.0955134
0.0955253
0.0955311
0.0955274
0.0955156
0.0954985
0.0954788
0.0954584
0.0954386
0.0954203
0.0954036
0.0953887
0.0953755
0.0953638
0.0953536
0.0953443
0.0953358
0.0953275
0.0953186
0.0953077
0.0952924
0.095269
0.0952311
0.095169
0.0950676
0.0949044
0.0946459
0.0942411
0.0936087
0.0926088
0.0909775
0.0881615
0.082836
0.0711807
0.038348
0.0956166
0.0955271
0.095498
0.0954999
0.0955094
0.0955144
0.095511
0.0955004
0.0954848
0.0954667
0.095448
0.0954297
0.0954127
0.0953972
0.0953832
0.0953708
0.0953598
0.09535
0.0953412
0.095333
0.095325
0.0953163
0.0953055
0.0952904
0.095267
0.0952292
0.095167
0.0950656
0.0949023
0.0946438
0.094239
0.0936066
0.0926066
0.0909754
0.0881593
0.0828336
0.0711787
0.0383629
0.095614
0.0955203
0.0954873
0.0954863
0.0954942
0.0954987
0.0954958
0.0954862
0.0954719
0.0954553
0.095438
0.0954211
0.0954053
0.0953908
0.0953777
0.095366
0.0953556
0.0953463
0.0953379
0.09533
0.0953222
0.0953137
0.0953031
0.0952881
0.0952648
0.0952271
0.095165
0.0950635
0.0949002
0.0946416
0.0942367
0.0936043
0.0926044
0.0909731
0.088157
0.0828311
0.0711765
0.038377
0.0956094
0.0955124
0.0954764
0.0954732
0.0954799
0.0954842
0.0954818
0.0954731
0.09546
0.0954447
0.0954286
0.0954129
0.0953981
0.0953845
0.0953722
0.0953612
0.0953513
0.0953425
0.0953344
0.0953269
0.0953194
0.0953111
0.0953006
0.0952858
0.0952626
0.0952249
0.0951628
0.0950613
0.094898
0.0946393
0.0942344
0.093602
0.0926021
0.0909709
0.0881546
0.0828284
0.071174
0.0383903
0.0956039
0.0955043
0.0954658
0.0954609
0.0954667
0.0954709
0.0954689
0.095461
0.095449
0.0954347
0.0954198
0.0954051
0.0953912
0.0953784
0.0953668
0.0953564
0.0953471
0.0953386
0.095331
0.0953237
0.0953165
0.0953084
0.0952981
0.0952833
0.0952603
0.0952226
0.0951606
0.0950591
0.0948958
0.094637
0.0942321
0.0935996
0.0925998
0.0909685
0.0881522
0.0828257
0.0711713
0.0384027
0.0955982
0.0954964
0.0954559
0.0954495
0.0954547
0.0954587
0.0954571
0.0954499
0.0954388
0.0954255
0.0954115
0.0953977
0.0953846
0.0953726
0.0953616
0.0953517
0.0953429
0.0953348
0.0953275
0.0953206
0.0953135
0.0953056
0.0952955
0.0952809
0.095258
0.0952204
0.0951584
0.0950569
0.0948935
0.0946348
0.0942298
0.0935973
0.0925974
0.0909662
0.0881497
0.0828228
0.0711684
0.0384144
0.0955925
0.095489
0.0954467
0.0954392
0.0954437
0.0954476
0.0954464
0.0954398
0.0954294
0.0954169
0.0954037
0.0953907
0.0953783
0.0953669
0.0953565
0.0953472
0.0953387
0.0953311
0.0953241
0.0953174
0.0953106
0.0953029
0.095293
0.0952785
0.0952556
0.0952181
0.0951562
0.0950547
0.0948913
0.0946325
0.0942275
0.093595
0.0925951
0.0909638
0.0881472
0.0828199
0.0711653
0.0384253
0.095587
0.0954821
0.0954384
0.0954298
0.0954337
0.0954375
0.0954365
0.0954304
0.0954206
0.0954088
0.0953964
0.095384
0.0953723
0.0953615
0.0953517
0.0953428
0.0953347
0.0953274
0.0953207
0.0953143
0.0953077
0.0953002
0.0952905
0.0952761
0.0952533
0.0952159
0.095154
0.0950525
0.0948891
0.0946303
0.0942252
0.0935927
0.0925928
0.0909615
0.0881446
0.0828168
0.071162
0.0384353
0.0955817
0.0954758
0.095431
0.0954213
0.0954247
0.0954283
0.0954275
0.0954218
0.0954125
0.0954014
0.0953895
0.0953778
0.0953666
0.0953564
0.095347
0.0953385
0.0953308
0.0953239
0.0953174
0.0953113
0.0953049
0.0952976
0.095288
0.0952738
0.0952511
0.0952137
0.0951518
0.0950504
0.0948869
0.0946281
0.094223
0.0935904
0.0925905
0.0909591
0.0881421
0.0828138
0.0711586
0.0384446
0.0955767
0.0954702
0.0954243
0.0954137
0.0954165
0.0954199
0.0954192
0.0954138
0.095405
0.0953943
0.095383
0.0953718
0.0953612
0.0953514
0.0953425
0.0953344
0.095327
0.0953204
0.0953142
0.0953083
0.0953022
0.095295
0.0952856
0.0952715
0.0952489
0.0952116
0.0951497
0.0950483
0.0948848
0.0946259
0.0942208
0.0935883
0.0925883
0.0909568
0.0881395
0.0828107
0.0711551
0.0384531
0.095572
0.0954651
0.0954183
0.0954069
0.0954091
0.0954123
0.0954115
0.0954064
0.0953979
0.0953877
0.0953769
0.0953662
0.0953561
0.0953467
0.0953382
0.0953304
0.0953234
0.095317
0.0953111
0.0953054
0.0952995
0.0952925
0.0952832
0.0952692
0.0952467
0.0952095
0.0951477
0.0950463
0.0948828
0.0946239
0.0942187
0.0935861
0.0925861
0.0909546
0.088137
0.0828076
0.0711514
0.0384608
0.0955675
0.0954606
0.0954131
0.0954008
0.0954024
0.0954053
0.0954045
0.0953995
0.0953914
0.0953816
0.0953712
0.0953609
0.0953512
0.0953422
0.095334
0.0953266
0.0953199
0.0953138
0.0953082
0.0953027
0.0952969
0.0952901
0.0952809
0.0952671
0.0952447
0.0952075
0.0951457
0.0950443
0.0948809
0.0946219
0.0942167
0.0935841
0.092584
0.0909523
0.0881345
0.0828044
0.0711477
0.0384677
0.0955632
0.0954565
0.0954085
0.0953955
0.0953964
0.0953988
0.0953979
0.095393
0.0953852
0.0953757
0.0953657
0.0953559
0.0953465
0.0953379
0.0953301
0.095323
0.0953166
0.0953107
0.0953053
0.0953
0.0952944
0.0952878
0.0952787
0.095265
0.0952427
0.0952056
0.0951439
0.0950425
0.094879
0.09462
0.0942148
0.0935821
0.092582
0.0909502
0.088132
0.0828013
0.0711438
0.0384739
0.095559
0.095453
0.0954045
0.0953907
0.0953909
0.0953929
0.0953919
0.095387
0.0953794
0.0953702
0.0953606
0.0953511
0.0953421
0.0953338
0.0953263
0.0953195
0.0953134
0.0953078
0.0953026
0.0952975
0.0952921
0.0952856
0.0952766
0.095263
0.0952408
0.0952038
0.0951421
0.0950407
0.0948772
0.0946182
0.0942129
0.0935802
0.0925801
0.0909481
0.0881296
0.0827981
0.0711399
0.0384794
0.0955549
0.0954498
0.0954011
0.0953865
0.095386
0.0953875
0.0953862
0.0953814
0.0953739
0.095365
0.0953557
0.0953465
0.0953379
0.0953299
0.0953227
0.0953162
0.0953103
0.095305
0.0952999
0.095295
0.0952898
0.0952834
0.0952746
0.0952611
0.095239
0.095202
0.0951404
0.095039
0.0948755
0.0946165
0.0942112
0.0935784
0.0925782
0.0909461
0.0881272
0.082795
0.0711359
0.0384841
0.0955509
0.0954471
0.0953981
0.0953829
0.0953816
0.0953825
0.095381
0.0953761
0.0953687
0.0953601
0.095351
0.0953422
0.0953339
0.0953262
0.0953193
0.0953131
0.0953074
0.0953023
0.0952975
0.0952927
0.0952876
0.0952814
0.0952727
0.0952593
0.0952373
0.0952004
0.0951388
0.0950374
0.0948739
0.0946149
0.0942096
0.0935767
0.0925764
0.0909441
0.0881248
0.0827919
0.0711319
0.0384882
0.0955468
0.0954447
0.0953957
0.0953797
0.0953776
0.095378
0.0953761
0.0953711
0.0953639
0.0953554
0.0953466
0.0953381
0.0953301
0.0953227
0.0953161
0.0953101
0.0953047
0.0952997
0.0952951
0.0952905
0.0952856
0.0952795
0.0952709
0.0952576
0.0952357
0.0951988
0.0951373
0.0950359
0.0948724
0.0946134
0.094208
0.0935751
0.0925747
0.0909422
0.0881225
0.0827888
0.0711278
0.0384915
0.0955428
0.0954426
0.0953938
0.095377
0.0953741
0.0953738
0.0953715
0.0953664
0.0953592
0.095351
0.0953425
0.0953342
0.0953265
0.0953194
0.095313
0.0953072
0.095302
0.0952973
0.0952929
0.0952885
0.0952837
0.0952777
0.0952693
0.095256
0.0952341
0.0951974
0.0951358
0.0950345
0.0948711
0.094612
0.0942066
0.0935736
0.0925731
0.0909404
0.0881203
0.0827857
0.0711237
0.0384942
0.0955388
0.0954409
0.0953922
0.0953748
0.0953709
0.0953699
0.0953672
0.095362
0.0953549
0.0953468
0.0953385
0.0953305
0.095323
0.0953162
0.0953101
0.0953045
0.0952995
0.095295
0.0952907
0.0952865
0.0952818
0.095276
0.0952677
0.0952545
0.0952327
0.095196
0.0951345
0.0950333
0.0948698
0.0946107
0.0942052
0.0935722
0.0925716
0.0909387
0.0881181
0.0827827
0.0711196
0.0384963
0.0955348
0.0954395
0.0953911
0.0953729
0.0953681
0.0953663
0.0953632
0.0953578
0.0953507
0.0953428
0.0953347
0.095327
0.0953198
0.0953132
0.0953073
0.095302
0.0952972
0.0952928
0.0952887
0.0952847
0.0952801
0.0952744
0.0952662
0.0952531
0.0952314
0.0951948
0.0951333
0.0950321
0.0948686
0.0946095
0.094204
0.0935709
0.0925702
0.090937
0.088116
0.0827797
0.0711155
0.0384978
0.0955307
0.0954384
0.0953903
0.0953714
0.0953656
0.095363
0.0953594
0.0953538
0.0953468
0.095339
0.0953311
0.0953236
0.0953167
0.0953104
0.0953047
0.0952996
0.095295
0.0952908
0.0952869
0.0952829
0.0952785
0.0952729
0.0952648
0.0952518
0.0952302
0.0951936
0.0951322
0.095031
0.0948675
0.0946084
0.0942029
0.0935697
0.0925689
0.0909355
0.088114
0.0827768
0.0711115
0.0384988
0.0955265
0.0954374
0.0953899
0.0953702
0.0953634
0.09536
0.0953558
0.0953501
0.095343
0.0953354
0.0953277
0.0953205
0.0953138
0.0953077
0.0953022
0.0952973
0.0952929
0.0952889
0.0952851
0.0952813
0.095277
0.0952716
0.0952635
0.0952507
0.0952291
0.0951925
0.0951312
0.09503
0.0948665
0.0946074
0.0942018
0.0935686
0.0925676
0.090934
0.088112
0.082774
0.0711075
0.0384991
0.0955222
0.0954367
0.0953897
0.0953692
0.0953614
0.0953571
0.0953525
0.0953465
0.0953394
0.0953319
0.0953245
0.0953175
0.095311
0.0953051
0.0952999
0.0952952
0.095291
0.0952871
0.0952835
0.0952798
0.0952757
0.0952703
0.0952623
0.0952495
0.095228
0.0951916
0.0951302
0.0950291
0.0948656
0.0946065
0.0942009
0.0935676
0.0925665
0.0909326
0.0881101
0.0827712
0.0711035
0.038499
0.0955178
0.095436
0.0953896
0.0953684
0.0953596
0.0953545
0.0953493
0.0953431
0.095336
0.0953287
0.0953214
0.0953146
0.0953084
0.0953027
0.0952977
0.0952932
0.0952891
0.0952854
0.0952819
0.0952784
0.0952744
0.0952691
0.0952613
0.0952485
0.0952271
0.0951907
0.0951294
0.0950282
0.0948648
0.0946057
0.0942001
0.0935667
0.0925654
0.0909313
0.0881083
0.0827685
0.0710995
0.0384984
0.0955132
0.0954353
0.0953897
0.0953678
0.0953579
0.095352
0.0953463
0.0953398
0.0953328
0.0953255
0.0953185
0.0953119
0.0953059
0.0953005
0.0952956
0.0952913
0.0952874
0.0952839
0.0952805
0.0952771
0.0952732
0.095268
0.0952603
0.0952476
0.0952262
0.0951899
0.0951286
0.0950275
0.0948641
0.0946049
0.0941993
0.0935659
0.0925644
0.09093
0.0881066
0.0827659
0.0710957
0.0384973
0.0955086
0.0954347
0.0953898
0.0953673
0.0953564
0.0953496
0.0953434
0.0953367
0.0953297
0.0953226
0.0953157
0.0953093
0.0953035
0.0952983
0.0952937
0.0952895
0.0952858
0.0952824
0.0952792
0.0952759
0.0952721
0.095267
0.0952594
0.0952468
0.0952255
0.0951891
0.0951279
0.0950269
0.0948634
0.0946043
0.0941986
0.0935651
0.0925636
0.0909288
0.0881049
0.0827633
0.0710919
0.0384958
0.0955038
0.095434
0.09539
0.0953668
0.0953549
0.0953473
0.0953406
0.0953338
0.0953267
0.0953197
0.0953131
0.0953069
0.0953013
0.0952963
0.0952919
0.0952879
0.0952843
0.0952811
0.095278
0.0952748
0.0952711
0.0952661
0.0952585
0.095246
0.0952248
0.0951885
0.0951273
0.0950263
0.0948629
0.0946037
0.094198
0.0935645
0.0925627
0.0909277
0.0881033
0.0827609
0.0710882
0.0384938
0.095499
0.0954333
0.0953901
0.0953664
0.0953535
0.0953451
0.095338
0.0953309
0.0953239
0.095317
0.0953105
0.0953046
0.0952992
0.0952944
0.0952902
0.0952864
0.095283
0.0952799
0.0952769
0.0952738
0.0952702
0.0952653
0.0952578
0.0952453
0.0952241
0.0951879
0.0951268
0.0950258
0.0948624
0.0946032
0.0941975
0.0935639
0.092562
0.0909267
0.0881018
0.0827585
0.0710846
0.0384915
0.0954941
0.0954324
0.0953901
0.0953659
0.0953521
0.095343
0.0953354
0.0953282
0.0953212
0.0953144
0.0953082
0.0953024
0.0952973
0.0952927
0.0952886
0.0952849
0.0952817
0.0952787
0.0952759
0.0952729
0.0952694
0.0952645
0.0952571
0.0952447
0.0952236
0.0951874
0.0951263
0.0950253
0.0948619
0.0946028
0.094197
0.0935633
0.0925613
0.0909257
0.0881003
0.0827562
0.0710811
0.0384889
0.0954891
0.0954314
0.09539
0.0953653
0.0953507
0.0953409
0.0953329
0.0953256
0.0953186
0.095312
0.0953059
0.0953004
0.0952954
0.095291
0.0952871
0.0952836
0.0952805
0.0952776
0.0952749
0.095272
0.0952686
0.0952639
0.0952565
0.0952442
0.0952231
0.0951869
0.0951259
0.0950249
0.0948616
0.0946024
0.0941966
0.0935628
0.0925607
0.0909248
0.0880989
0.082754
0.0710776
0.0384859
0.095484
0.0954301
0.0953898
0.0953646
0.0953493
0.0953389
0.0953305
0.0953231
0.0953161
0.0953097
0.0953038
0.0952984
0.0952937
0.0952894
0.0952857
0.0952824
0.0952794
0.0952767
0.095274
0.0952712
0.0952679
0.0952632
0.0952559
0.0952437
0.0952226
0.0951865
0.0951255
0.0950246
0.0948612
0.0946021
0.0941963
0.0935624
0.09256
0.0909239
0.0880974
0.0827517
0.0710742
0.0384826
0.0954789
0.0954287
0.0953893
0.0953639
0.0953479
0.0953369
0.0953282
0.0953207
0.0953138
0.0953075
0.0953017
0.0952966
0.095292
0.095288
0.0952844
0.0952812
0.0952784
0.0952758
0.0952732
0.0952705
0.0952673
0.0952627
0.0952554
0.0952432
0.0952222
0.0951862
0.0951252
0.0950243
0.094861
0.0946018
0.0941959
0.093562
0.0925594
0.090923
0.088096
0.0827494
0.0710705
0.0384791
0.0954737
0.095427
0.0953886
0.095363
0.0953464
0.0953349
0.095326
0.0953183
0.0953115
0.0953054
0.0952998
0.0952949
0.0952905
0.0952866
0.0952832
0.0952802
0.0952774
0.0952749
0.0952725
0.0952699
0.0952667
0.0952622
0.095255
0.0952428
0.0952219
0.0951859
0.0951249
0.095024
0.0948607
0.0946015
0.0941956
0.0935616
0.0925588
0.090922
0.0880943
0.0827467
0.0710664
0.0384773
0.0954686
0.0954251
0.0953877
0.0953619
0.0953449
0.095333
0.0953238
0.0953161
0.0953094
0.0953034
0.095298
0.0952933
0.0952891
0.0952854
0.0952821
0.0952792
0.0952766
0.0952742
0.0952718
0.0952693
0.0952662
0.0952617
0.0952546
0.0952425
0.0952216
0.0951856
0.0951247
0.0950238
0.0948605
0.0946013
0.0941953
0.0935611
0.0925582
0.0909209
0.0880926
0.0827439
0.0710622
0.0384752
0.0954634
0.0954229
0.0953865
0.0953607
0.0953433
0.095331
0.0953217
0.095314
0.0953073
0.0953015
0.0952963
0.0952917
0.0952877
0.0952842
0.095281
0.0952783
0.0952758
0.0952735
0.0952712
0.0952688
0.0952657
0.0952613
0.0952542
0.0952422
0.0952213
0.0951853
0.0951245
0.0950236
0.0948603
0.0946011
0.0941951
0.0935608
0.0925575
0.0909199
0.0880909
0.0827412
0.0710581
0.0384729
0.0954582
0.0954205
0.0953851
0.0953593
0.0953416
0.0953291
0.0953196
0.0953119
0.0953053
0.0952997
0.0952947
0.0952903
0.0952864
0.095283
0.09528
0.0952774
0.095275
0.0952728
0.0952706
0.0952683
0.0952653
0.0952609
0.0952539
0.0952419
0.0952211
0.0951851
0.0951243
0.0950234
0.0948601
0.0946009
0.0941948
0.0935604
0.092557
0.0909189
0.0880893
0.0827386
0.0710542
0.0384703
0.095453
0.0954178
0.0953835
0.0953578
0.0953399
0.0953272
0.0953176
0.0953099
0.0953035
0.0952979
0.0952931
0.0952889
0.0952852
0.095282
0.0952791
0.0952766
0.0952743
0.0952722
0.0952701
0.0952678
0.0952649
0.0952606
0.0952536
0.0952416
0.0952209
0.095185
0.0951241
0.0950233
0.09486
0.0946008
0.0941946
0.0935601
0.0925564
0.090918
0.0880878
0.0827361
0.0710505
0.0384674
0.0954478
0.095415
0.0953816
0.0953561
0.0953381
0.0953253
0.0953156
0.095308
0.0953017
0.0952963
0.0952917
0.0952876
0.0952841
0.095281
0.0952783
0.0952758
0.0952737
0.0952716
0.0952696
0.0952674
0.0952645
0.0952603
0.0952534
0.0952414
0.0952207
0.0951848
0.095124
0.0950232
0.0948599
0.0946007
0.0941945
0.0935598
0.092556
0.0909172
0.0880864
0.0827338
0.071047
0.0384643
0.0954426
0.095412
0.0953796
0.0953544
0.0953363
0.0953234
0.0953137
0.0953062
0.0953
0.0952948
0.0952903
0.0952864
0.095283
0.0952801
0.0952775
0.0952751
0.0952731
0.0952711
0.0952692
0.095267
0.0952642
0.09526
0.0952531
0.0952412
0.0952205
0.0951847
0.0951239
0.0950231
0.0948598
0.0946006
0.0941944
0.0935596
0.0925555
0.0909165
0.0880851
0.0827317
0.0710438
0.038461
0.0954375
0.0954088
0.0953774
0.0953525
0.0953344
0.0953215
0.0953119
0.0953044
0.0952983
0.0952933
0.095289
0.0952853
0.095282
0.0952792
0.0952767
0.0952745
0.0952725
0.0952706
0.0952688
0.0952667
0.0952639
0.0952598
0.0952529
0.0952411
0.0952204
0.0951846
0.0951238
0.095023
0.0948598
0.0946005
0.0941943
0.0935594
0.0925552
0.0909158
0.088084
0.0827298
0.0710408
0.0384576
0.0954324
0.0954054
0.095375
0.0953505
0.0953326
0.0953196
0.0953101
0.0953027
0.0952968
0.0952919
0.0952878
0.0952842
0.0952811
0.0952784
0.095276
0.0952739
0.095272
0.0952702
0.0952684
0.0952664
0.0952637
0.0952596
0.0952527
0.0952409
0.0952203
0.0951845
0.0951237
0.095023
0.0948597
0.0946005
0.0941942
0.0935593
0.0925548
0.0909152
0.0880829
0.082728
0.0710381
0.038454
0.0954274
0.095402
0.0953725
0.0953484
0.0953307
0.0953178
0.0953083
0.0953011
0.0952953
0.0952906
0.0952866
0.0952832
0.0952802
0.0952776
0.0952753
0.0952733
0.0952715
0.0952698
0.095268
0.0952661
0.0952634
0.0952593
0.0952526
0.0952408
0.0952201
0.0951844
0.0951237
0.095023
0.0948597
0.0946005
0.0941942
0.0935591
0.0925546
0.0909146
0.0880819
0.0827264
0.0710356
0.0384503
0.0954224
0.0953984
0.0953699
0.0953463
0.0953287
0.095316
0.0953067
0.0952996
0.0952939
0.0952894
0.0952855
0.0952822
0.0952794
0.0952769
0.0952747
0.0952728
0.095271
0.0952694
0.0952677
0.0952658
0.0952632
0.0952592
0.0952524
0.0952407
0.09522
0.0951843
0.0951236
0.0950229
0.0948597
0.0946005
0.0941941
0.0935591
0.0925544
0.0909142
0.0880811
0.082725
0.0710333
0.0384465
0.0954176
0.0953949
0.0953673
0.0953441
0.0953268
0.0953143
0.0953051
0.0952981
0.0952926
0.0952882
0.0952845
0.0952813
0.0952786
0.0952763
0.0952742
0.0952723
0.0952706
0.095269
0.0952674
0.0952655
0.095263
0.095259
0.0952523
0.0952405
0.0952199
0.0951843
0.0951236
0.0950229
0.0948597
0.0946005
0.0941941
0.093559
0.0925542
0.0909138
0.0880803
0.0827237
0.0710314
0.0384426
0.0954128
0.0953913
0.0953646
0.095342
0.0953249
0.0953126
0.0953035
0.0952967
0.0952914
0.0952871
0.0952835
0.0952805
0.0952779
0.0952756
0.0952736
0.0952719
0.0952702
0.0952687
0.0952671
0.0952653
0.0952628
0.0952588
0.0952521
0.0952404
0.0952199
0.0951842
0.0951236
0.0950229
0.0948598
0.0946005
0.0941942
0.093559
0.092554
0.0909134
0.0880797
0.0827227
0.0710296
0.0384387
0.0954082
0.0953877
0.0953618
0.0953398
0.0953231
0.0953109
0.095302
0.0952954
0.0952902
0.0952861
0.0952827
0.0952797
0.0952772
0.0952751
0.0952731
0.0952714
0.0952699
0.0952684
0.0952669
0.0952651
0.0952626
0.0952586
0.095252
0.0952403
0.0952198
0.0951841
0.0951235
0.0950229
0.0948598
0.0946006
0.0941942
0.093559
0.092554
0.0909132
0.0880792
0.0827218
0.0710282
0.0384348
0.0954037
0.0953841
0.0953591
0.0953376
0.0953213
0.0953093
0.0953006
0.0952941
0.0952891
0.0952851
0.0952818
0.095279
0.0952766
0.0952745
0.0952727
0.095271
0.0952695
0.0952681
0.0952666
0.0952648
0.0952624
0.0952585
0.0952519
0.0952402
0.0952197
0.0951841
0.0951235
0.0950229
0.0948598
0.0946006
0.0941943
0.093559
0.0925539
0.090913
0.0880788
0.082721
0.0710269
0.038431
0.0953994
0.0953806
0.0953564
0.0953355
0.0953195
0.0953078
0.0952993
0.095293
0.0952881
0.0952842
0.095281
0.0952784
0.095276
0.095274
0.0952722
0.0952707
0.0952692
0.0952678
0.0952664
0.0952646
0.0952622
0.0952584
0.0952517
0.0952401
0.0952196
0.0951841
0.0951235
0.095023
0.0948599
0.0946007
0.0941944
0.0935591
0.0925539
0.0909129
0.0880785
0.0827205
0.0710259
0.0384271
0.0953952
0.0953772
0.0953538
0.0953334
0.0953178
0.0953063
0.095298
0.0952919
0.0952871
0.0952834
0.0952803
0.0952777
0.0952755
0.0952735
0.0952718
0.0952703
0.0952689
0.0952676
0.0952662
0.0952645
0.0952621
0.0952582
0.0952516
0.09524
0.0952196
0.095184
0.0951235
0.095023
0.0948599
0.0946008
0.0941944
0.0935592
0.0925539
0.0909128
0.0880783
0.0827201
0.0710252
0.0384233
0.0953912
0.0953738
0.0953512
0.0953314
0.0953161
0.0953049
0.0952968
0.0952908
0.0952862
0.0952826
0.0952796
0.0952771
0.095275
0.0952731
0.0952715
0.09527
0.0952686
0.0952673
0.095266
0.0952643
0.0952619
0.0952581
0.0952515
0.09524
0.0952195
0.095184
0.0951235
0.095023
0.09486
0.0946009
0.0941946
0.0935592
0.092554
0.0909128
0.0880781
0.0827198
0.0710247
0.0384196
0.0953873
0.0953706
0.0953487
0.0953294
0.0953145
0.0953036
0.0952957
0.0952898
0.0952854
0.0952819
0.095279
0.0952766
0.0952745
0.0952727
0.0952711
0.0952697
0.0952684
0.0952671
0.0952658
0.0952641
0.0952618
0.095258
0.0952514
0.0952399
0.0952195
0.095184
0.0951235
0.095023
0.09486
0.094601
0.0941947
0.0935594
0.0925541
0.0909128
0.0880781
0.0827198
0.0710244
0.0384159
0.0953837
0.0953675
0.0953463
0.0953275
0.095313
0.0953023
0.0952946
0.0952889
0.0952846
0.0952812
0.0952784
0.0952761
0.0952741
0.0952723
0.0952708
0.0952694
0.0952681
0.0952669
0.0952656
0.095264
0.0952616
0.0952579
0.0952514
0.0952398
0.0952194
0.0951839
0.0951235
0.0950231
0.0948601
0.0946011
0.0941948
0.0935595
0.0925542
0.0909129
0.0880782
0.0827198
0.0710243
0.0384124
0.0953802
0.0953646
0.095344
0.0953257
0.0953116
0.0953012
0.0952936
0.0952881
0.0952839
0.0952805
0.0952779
0.0952756
0.0952736
0.095272
0.0952705
0.0952691
0.0952679
0.0952667
0.0952654
0.0952638
0.0952615
0.0952578
0.0952513
0.0952397
0.0952194
0.0951839
0.0951235
0.0950231
0.0948602
0.0946012
0.0941949
0.0935597
0.0925544
0.0909131
0.0880783
0.08272
0.0710245
0.038409
0.0953769
0.0953618
0.0953418
0.095324
0.0953102
0.0953
0.0952927
0.0952873
0.0952832
0.09528
0.0952773
0.0952751
0.0952733
0.0952716
0.0952702
0.0952689
0.0952677
0.0952665
0.0952653
0.0952637
0.0952614
0.0952577
0.0952512
0.0952397
0.0952193
0.0951839
0.0951235
0.0950231
0.0948602
0.0946013
0.0941951
0.0935598
0.0925545
0.0909133
0.0880786
0.0827203
0.0710248
0.0384058
0.0953739
0.0953592
0.0953398
0.0953224
0.0953089
0.095299
0.0952918
0.0952865
0.0952825
0.0952794
0.0952769
0.0952747
0.0952729
0.0952713
0.0952699
0.0952686
0.0952675
0.0952663
0.0952651
0.0952635
0.0952613
0.0952576
0.0952511
0.0952396
0.0952193
0.0951838
0.0951235
0.0950231
0.0948603
0.0946014
0.0941952
0.09356
0.0925548
0.0909135
0.0880789
0.0827208
0.0710253
0.0384026
0.095371
0.0953567
0.0953378
0.0953209
0.0953077
0.095298
0.095291
0.0952858
0.0952819
0.0952789
0.0952764
0.0952744
0.0952726
0.095271
0.0952697
0.0952684
0.0952673
0.0952662
0.095265
0.0952634
0.0952612
0.0952575
0.095251
0.0952395
0.0952192
0.0951838
0.0951235
0.0950232
0.0948604
0.0946015
0.0941954
0.0935602
0.092555
0.0909138
0.0880793
0.0827213
0.071026
0.0383997
0.0953684
0.0953544
0.095336
0.0953195
0.0953066
0.0952971
0.0952902
0.0952852
0.0952814
0.0952784
0.095276
0.095274
0.0952723
0.0952708
0.0952694
0.0952682
0.0952671
0.095266
0.0952648
0.0952633
0.0952611
0.0952574
0.0952509
0.0952395
0.0952192
0.0951838
0.0951235
0.0950232
0.0948604
0.0946016
0.0941955
0.0935604
0.0925552
0.0909141
0.0880797
0.082722
0.0710269
0.0383969
0.095366
0.0953523
0.0953343
0.0953182
0.0953056
0.0952963
0.0952895
0.0952846
0.0952809
0.095278
0.0952756
0.0952737
0.095272
0.0952705
0.0952692
0.095268
0.095267
0.0952659
0.0952647
0.0952632
0.095261
0.0952573
0.0952509
0.0952394
0.0952191
0.0951838
0.0951235
0.0950232
0.0948605
0.0946017
0.0941957
0.0935606
0.0925555
0.0909144
0.0880801
0.0827227
0.0710278
0.0383943
0.0953638
0.0953504
0.0953328
0.095317
0.0953047
0.0952955
0.0952889
0.0952841
0.0952804
0.0952776
0.0952753
0.0952734
0.0952717
0.0952703
0.095269
0.0952679
0.0952668
0.0952657
0.0952646
0.0952631
0.0952609
0.0952572
0.0952508
0.0952394
0.0952191
0.0951837
0.0951235
0.0950233
0.0948606
0.0946018
0.0941958
0.0935608
0.0925557
0.0909147
0.0880806
0.0827234
0.0710289
0.0383919
0.0953619
0.0953487
0.0953314
0.0953159
0.0953038
0.0952948
0.0952883
0.0952835
0.09528
0.0952772
0.0952749
0.0952731
0.0952715
0.0952701
0.0952688
0.0952677
0.0952666
0.0952656
0.0952645
0.095263
0.0952608
0.0952571
0.0952507
0.0952393
0.095219
0.0951837
0.0951235
0.0950233
0.0948606
0.0946019
0.094196
0.093561
0.092556
0.090915
0.0880811
0.0827242
0.0710299
0.0383896
0.0953602
0.0953471
0.0953301
0.0953149
0.0953029
0.0952941
0.0952877
0.095283
0.0952795
0.0952768
0.0952746
0.0952728
0.0952712
0.0952698
0.0952686
0.0952675
0.0952665
0.0952655
0.0952643
0.0952629
0.0952607
0.0952571
0.0952507
0.0952393
0.095219
0.0951837
0.0951235
0.0950233
0.0948607
0.094602
0.0941961
0.0935612
0.0925562
0.0909153
0.0880815
0.0827249
0.0710309
0.0383875
0.0953587
0.0953456
0.0953289
0.0953139
0.0953021
0.0952934
0.0952871
0.0952825
0.0952791
0.0952764
0.0952743
0.0952725
0.0952709
0.0952696
0.0952684
0.0952673
0.0952663
0.0952653
0.0952642
0.0952628
0.0952606
0.095257
0.0952506
0.0952392
0.095219
0.0951837
0.0951235
0.0950234
0.0948608
0.0946021
0.0941963
0.0935613
0.0925563
0.0909155
0.0880818
0.0827255
0.0710318
0.0383854
0.0953573
0.0953442
0.0953276
0.0953128
0.0953012
0.0952926
0.0952864
0.0952819
0.0952786
0.095276
0.0952739
0.0952721
0.0952706
0.0952693
0.0952682
0.0952671
0.0952662
0.0952652
0.0952641
0.0952627
0.0952605
0.0952569
0.0952505
0.0952392
0.0952189
0.0951837
0.0951235
0.0950234
0.0948609
0.0946022
0.0941964
0.0935614
0.0925565
0.0909157
0.088082
0.0827259
0.0710324
0.0383834
0.095356
0.0953427
0.0953262
0.0953115
0.0953001
0.0952917
0.0952856
0.0952812
0.095278
0.0952754
0.0952734
0.0952717
0.0952703
0.095269
0.0952679
0.0952669
0.095266
0.095265
0.0952639
0.0952625
0.0952604
0.0952568
0.0952505
0.0952391
0.0952189
0.0951837
0.0951235
0.0950235
0.0948609
0.0946023
0.0941965
0.0935615
0.0925565
0.0909157
0.088082
0.082726
0.0710326
0.0383813
0.0953543
0.0953408
0.0953244
0.09531
0.0952987
0.0952905
0.0952846
0.0952804
0.0952772
0.0952748
0.0952728
0.0952712
0.0952698
0.0952686
0.0952676
0.0952666
0.0952657
0.0952648
0.0952638
0.0952624
0.0952603
0.0952567
0.0952504
0.095239
0.0952188
0.0951836
0.0951235
0.0950235
0.094861
0.0946024
0.0941966
0.0935616
0.0925565
0.0909156
0.0880818
0.0827256
0.0710322
0.0383791
0.0953522
0.0953384
0.0953221
0.0953079
0.095297
0.095289
0.0952833
0.0952792
0.0952762
0.0952739
0.0952721
0.0952706
0.0952693
0.0952681
0.0952671
0.0952662
0.0952654
0.0952645
0.0952635
0.0952622
0.0952601
0.0952565
0.0952502
0.0952389
0.0952188
0.0951836
0.0951235
0.0950235
0.094861
0.0946025
0.0941966
0.0935616
0.0925564
0.0909153
0.0880812
0.0827246
0.0710307
0.0383765
0.0953491
0.0953351
0.0953191
0.0953053
0.0952948
0.0952871
0.0952817
0.0952778
0.095275
0.0952729
0.0952712
0.0952698
0.0952686
0.0952675
0.0952666
0.0952658
0.095265
0.0952642
0.0952632
0.0952619
0.0952598
0.0952563
0.0952501
0.0952388
0.0952187
0.0951835
0.0951235
0.0950235
0.094861
0.0946025
0.0941967
0.0935616
0.0925563
0.0909149
0.0880802
0.0827228
0.0710278
0.0383733
0.0953448
0.0953308
0.0953153
0.0953021
0.0952921
0.0952849
0.0952798
0.0952762
0.0952736
0.0952717
0.0952701
0.0952688
0.0952678
0.0952668
0.095266
0.0952652
0.0952645
0.0952637
0.0952628
0.0952616
0.0952596
0.0952561
0.0952499
0.0952386
0.0952185
0.0951834
0.0951234
0.0950235
0.094861
0.0946025
0.0941967
0.0935616
0.0925562
0.0909145
0.0880792
0.0827206
0.0710232
0.0383691
0.0953399
0.0953261
0.0953113
0.0952988
0.0952894
0.0952826
0.0952779
0.0952746
0.0952722
0.0952704
0.095269
0.0952679
0.0952669
0.0952661
0.0952653
0.0952647
0.095264
0.0952633
0.0952625
0.0952613
0.0952593
0.0952559
0.0952497
0.0952385
0.0952184
0.0951833
0.0951233
0.0950234
0.094861
0.0946025
0.0941967
0.0935617
0.0925562
0.0909143
0.0880786
0.0827189
0.0710193
0.0383642
0.0953358
0.0953225
0.0953083
0.0952964
0.0952875
0.095281
0.0952766
0.0952734
0.0952712
0.0952695
0.0952682
0.0952672
0.0952663
0.0952656
0.0952649
0.0952643
0.0952636
0.095263
0.0952622
0.095261
0.0952591
0.0952557
0.0952495
0.0952383
0.0952183
0.0951832
0.0951232
0.0950233
0.094861
0.0946025
0.0941967
0.0935616
0.0925562
0.0909142
0.0880784
0.0827188
0.07102
0.0383608
)
;

boundaryField
{
    leftWall
    {
        type            kqRWallFunction;
        value           nonuniform List<scalar> 
100
(
0.0179791
0.025687
0.0286226
0.0305058
0.031887
0.0329169
0.0336821
0.0342528
0.0346836
0.0350145
0.0352734
0.0354791
0.0356434
0.0357727
0.0358713
0.035945
0.0360117
0.0360779
0.0361523
0.0362409
0.0363387
0.0364411
0.0365448
0.0366478
0.0367487
0.0368467
0.0369411
0.0370317
0.0371183
0.0372009
0.0372793
0.0373537
0.0374242
0.0374909
0.0375538
0.037613
0.0376686
0.0377207
0.0377692
0.0378144
0.0378562
0.0378948
0.0379301
0.037962
0.0379904
0.0380151
0.0380366
0.0380576
0.0380906
0.0381841
0.0384548
0.0390447
0.0403072
0.0443243
0.0425384
0.0434462
0.0410906
0.0404956
0.0402897
0.0401586
0.0400191
0.0398667
0.0397091
0.0395521
0.0393984
0.0392489
0.0391038
0.0389632
0.0388267
0.0386942
0.0385657
0.0384417
0.0383225
0.0382083
0.0380989
0.0379941
0.0378938
0.037798
0.0377065
0.0376193
0.0375366
0.0374585
0.0373852
0.0373166
0.0372523
0.0371918
0.037135
0.0370816
0.0370318
0.036986
0.0369447
0.0369094
0.0368838
0.0368796
0.0369327
0.03716
0.0379935
0.0411203
0.0525502
0.0924924
)
;
    }
    rightWall
    {
        type            kqRWallFunction;
        value           nonuniform List<scalar> 
100
(
0.026889
0.0284874
0.0308254
0.0326607
0.0340734
0.0351495
0.0359512
0.0365371
0.0369594
0.0372608
0.0374742
0.0376243
0.0377292
0.0378028
0.0378566
0.0379004
0.0379618
0.0380289
0.0380799
0.0381181
0.0381487
0.0381751
0.0381988
0.0382209
0.0382417
0.0382615
0.0382804
0.0382985
0.0383158
0.0383323
0.038348
0.0383629
0.038377
0.0383903
0.0384027
0.0384144
0.0384253
0.0384353
0.0384446
0.0384531
0.0384608
0.0384677
0.0384739
0.0384794
0.0384841
0.0384882
0.0384915
0.0384942
0.0384963
0.0384978
0.0384988
0.0384991
0.038499
0.0384984
0.0384973
0.0384958
0.0384938
0.0384915
0.0384889
0.0384859
0.0384826
0.0384791
0.0384773
0.0384752
0.0384729
0.0384703
0.0384674
0.0384643
0.038461
0.0384576
0.038454
0.0384503
0.0384465
0.0384426
0.0384387
0.0384348
0.038431
0.0384271
0.0384233
0.0384196
0.0384159
0.0384124
0.038409
0.0384058
0.0384026
0.0383997
0.0383969
0.0383943
0.0383919
0.0383896
0.0383875
0.0383854
0.0383834
0.0383813
0.0383791
0.0383765
0.0383733
0.0383691
0.0383642
0.0383608
)
;
    }
    lowerWall
    {
        type            kqRWallFunction;
        value           nonuniform List<scalar> 
124
(
0.0179791
0.0182685
0.0211828
0.0229771
0.0239848
0.0245619
0.0249288
0.0252054
0.0254528
0.0257012
0.0259659
0.0262558
0.0265779
0.0269395
0.0273502
0.0278241
0.0283821
0.0290566
0.0299002
0.030986
0.032402
0.0341584
0.0354207
0.0353198
0.0335804
0.0308212
0.0283607
0.026614
0.025022
0.0238823
0.0241521
0.02778
0.0328415
0.0393494
0.0419069
0.0426928
0.0428225
0.0427331
0.0425615
0.0423268
0.0419905
0.0414423
0.0404251
0.0383863
0.0344607
0.0290313
0.0290313
0.0281902
0.0304743
0.0328437
0.0348303
0.0364256
0.0376933
0.0387106
0.0395558
0.0403068
0.0410461
0.0418729
0.0429228
0.0444036
0.0467136
0.0515572
0.0638901
0.0559692
0.0497661
0.0455794
0.0431119
0.0418861
0.0418096
0.0443546
0.0275852
0.0283151
0.0308265
0.0327286
0.0341259
0.0351684
0.0359457
0.0365284
0.0369778
0.0373539
0.0377341
0.038262
0.0392659
0.0414548
0.0459318
0.0534186
0.0275852
0.0348199
0.0394257
0.0417393
0.0427419
0.0431016
0.0431806
0.0431531
0.043093
0.0430331
0.0429982
0.0429724
0.042951
0.0429328
0.0429175
0.0429049
0.042894
0.0428849
0.042877
0.0428698
0.0428638
0.0428575
0.0428523
0.0428466
0.0428414
0.0428361
0.0428303
0.0428238
0.042814
0.0427973
0.0427623
0.0426844
0.0425038
0.0420802
0.0411006
0.0389379
0.0346652
0.026889
)
;
    }
    atmosphere
    {
        type            inletOutlet;
        inletValue      uniform 0.1;
        value           nonuniform List<scalar> 
92
(
0.1
0.1
0.1
0.1
0.1
0.1
0.1
0.1
0.1
0.1
0.1
0.1
0.1
0.1
0.1
0.1
0.1
0.1
0.1
0.1
0.1
0.1
0.1
0.1
0.1
0.1
0.1
0.1
0.1
0.1
0.1
0.1
0.1
0.1
0.1
0.1
0.1
0.1
0.1
0.1
0.0971655
0.0963778
0.0959281
0.0956636
0.0955072
0.0954169
0.095381
0.0953648
0.0953541
0.0953475
0.095344
0.0953425
0.0953418
0.0953405
0.0953358
0.0953225
0.0953083
0.0952964
0.0952875
0.095281
0.0952766
0.0952734
0.0952712
0.0952695
0.0952682
0.0952672
0.0952663
0.0952656
0.0952649
0.0952643
0.0952636
0.095263
0.0952622
0.095261
0.0952591
0.0952557
0.0952495
0.0952383
0.0952183
0.0951832
0.0951232
0.0950233
0.094861
0.0946025
0.0941967
0.0935616
0.0925562
0.0909142
0.0880784
0.0827188
0.07102
0.0383608
)
;
    }
    defaultFaces
    {
        type            empty;
    }
}


// ************************************************************************* //
