/*--------------------------------*- C++ -*----------------------------------*\
  =========                 |
  \\      /  F ield         | OpenFOAM: The Open Source CFD Toolbox
   \\    /   O peration     | Website:  https://openfoam.org
    \\  /    A nd           | Version:  7
     \\/     M anipulation  |
\*---------------------------------------------------------------------------*/
FoamFile
{
    version     2.0;
    format      ascii;
    class       volScalarField;
    location    "0.05";
    object      p_rgh;
}
// * * * * * * * * * * * * * * * * * * * * * * * * * * * * * * * * * * * * * //

dimensions      [1 -1 -2 0 0 0 0];

internalField   nonuniform List<scalar> 
9072
(
1293.29
1293.83
1291.66
1285.96
1276.36
1262.9
1245.75
1225.09
1201.02
1173.6
1142.82
1108.58
1070.76
1029.13
983.413
933.265
878.222
817.686
750.786
676.443
592.98
498.034
392.376
278.663
165.811
80.188
36.3373
10.6496
4.19161
3.23846
2.87394
2.71776
2.61744
2.5354
2.46479
2.39937
2.33903
2.28425
2.23554
2.19325
2.15775
2.12962
2.10924
2.09666
2.09135
2.09254
1292.92
1293.07
1290.44
1284.42
1274.69
1261.19
1244.04
1223.36
1199.27
1171.81
1140.96
1106.64
1068.7
1026.93
981.04
930.679
875.368
814.487
747.12
672.169
587.799
491.56
384.776
269.52
153.217
64.1726
17.9838
4.20223
3.22949
2.96727
2.80711
2.70828
2.62387
2.54371
2.46887
2.40209
2.34139
2.28643
2.2376
2.19525
2.15972
2.13157
2.11106
2.09806
2.09197
2.09206
1292.89
1292.73
1289.58
1283.11
1273.13
1259.52
1242.32
1221.6
1197.45
1169.92
1138.98
1104.56
1066.48
1024.55
978.457
927.846
872.219
810.928
743.014
667.362
581.995
484.674
377.464
259.645
139.183
47.7805
6.8444
3.4732
3.08888
2.86161
2.76689
2.69587
2.61804
2.54085
2.46817
2.4019
2.34132
2.28627
2.23727
2.19473
2.15899
2.13056
2.10967
2.09615
2.08972
2.08963
1293.24
1293.05
1289.62
1282.79
1272.54
1258.76
1241.44
1220.63
1196.41
1168.8
1137.77
1103.24
1065.06
1022.99
976.739
925.937
870.072
808.481
740.198
664.109
578.255
480.741
373.775
252.228
122.192
27.7546
3.81778
3.29047
2.97126
2.81747
2.74798
2.68395
2.61053
2.53636
2.46552
2.39977
2.33932
2.2842
2.23498
2.19214
2.15603
2.12713
2.10568
2.09161
2.08518
2.08555
1294
1293.89
1290.42
1283.39
1272.93
1258.98
1241.53
1220.61
1196.29
1168.6
1137.5
1102.89
1064.62
1022.47
976.13
925.223
869.24
807.522
739.126
662.984
577.263
480.445
374.394
250.25
102.061
12.8799
3.73041
3.17192
2.92114
2.80477
2.73993
2.67498
2.60322
2.5309
2.46115
2.39576
2.33545
2.28026
2.2308
2.18762
2.15106
2.12157
2.09943
2.08482
2.07854
2.07948
1295.22
1295.21
1291.85
1284.76
1274.2
1260.13
1242.57
1221.55
1197.15
1169.38
1138.22
1103.57
1065.26
1023.08
976.725
925.813
869.848
808.19
739.95
664.147
579.14
483.826
379.494
253.399
82.6927
6.43771
3.63421
3.11244
2.90799
2.80517
2.73557
2.66718
2.59526
2.52371
2.4547
2.38963
2.32944
2.27424
2.22457
2.18103
2.14395
2.11377
2.09091
2.07578
2.0697
2.07117
1296.94
1297.02
1293.85
1286.85
1276.29
1262.19
1244.57
1223.49
1199.03
1171.22
1140.04
1105.38
1067.09
1024.94
978.655
927.849
872.046
810.646
742.829
667.739
583.98
490.907
389.334
256.932
67.7865
5.41714
3.51439
3.07833
2.90868
2.80727
2.73123
2.65897
2.58596
2.51453
2.44602
2.38124
2.32115
2.26599
2.21618
2.17225
2.1346
2.1037
2.08012
2.06452
2.05862
2.06048
1299.21
1299.34
1296.41
1289.61
1279.18
1265.14
1247.54
1226.47
1202
1174.19
1143.03
1108.42
1070.2
1028.17
982.04
931.456
875.968
815.021
747.882
673.843
591.788
501.551
403.725
263.42
56.8361
5.28958
3.41664
3.06127
2.91196
2.80716
2.72523
2.64926
2.57489
2.5032
2.43498
2.3705
2.31055
2.25547
2.20556
2.16126
2.12302
2.09142
2.06717
2.05113
2.04532
2.04735
1302.02
1302.2
1299.53
1293.03
1282.84
1268.97
1251.49
1230.49
1206.08
1178.34
1147.25
1112.74
1074.66
1032.82
986.959
936.719
881.694
821.387
755.157
682.456
602.457
515.444
421.994
272.05
49.1693
5.07894
3.34139
3.05341
2.91254
2.80335
2.71654
2.63732
2.5616
2.48951
2.42148
2.35734
2.29763
2.24266
2.19268
2.14804
2.10925
2.07701
2.05215
2.03564
2.02975
2.03166
1305.4
1305.6
1303.2
1297.08
1287.24
1273.66
1256.39
1235.56
1211.28
1183.66
1152.71
1118.37
1080.51
1038.96
993.451
943.677
889.259
829.762
764.644
693.504
615.795
532.179
443.324
283.37
44.4469
4.89872
3.28089
3.04619
2.90794
2.79492
2.70439
2.62248
2.54565
2.47327
2.40545
2.34174
2.28236
2.22756
2.17754
2.13263
2.09339
2.06058
2.03512
2.01805
2.01188
2.01326
1309.32
1309.54
1307.43
1301.75
1292.37
1279.18
1262.23
1241.65
1217.59
1190.17
1159.42
1125.32
1087.76
1046.57
1001.52
952.33
898.653
840.118
776.28
706.865
631.566
551.329
466.902
298.105
42.501
4.7635
3.23081
3.03498
2.89691
2.78127
2.68815
2.60431
2.52675
2.45435
2.38686
2.3237
2.26476
2.2102
2.16021
2.11513
2.07553
2.04221
2.01615
1.99833
1.99163
1.99189
1313.76
1314.02
1312.22
1307.05
1298.21
1285.52
1268.99
1248.75
1224.98
1197.83
1167.36
1133.57
1096.38
1055.64
1011.15
962.645
909.833
852.393
789.968
722.387
649.525
572.501
492.031
316.153
43.1607
4.66214
3.18816
3.01721
2.87885
2.76197
2.6674
2.58249
2.50473
2.43267
2.36573
2.30323
2.24486
2.19065
2.14079
2.09564
2.05579
2.02201
1.99527
1.97642
1.96891
1.96708
1318.71
1319.03
1317.58
1313
1304.8
1292.7
1276.68
1256.87
1233.46
1206.65
1176.53
1143.12
1106.37
1066.16
1022.32
974.614
922.78
866.552
805.65
739.973
669.515
595.454
518.314
337.463
45.4238
4.58384
3.15082
2.99139
2.85348
2.73678
2.64185
2.55682
2.47945
2.40814
2.34203
2.28034
2.22268
2.16896
2.11936
2.07426
2.03423
2.00001
1.97245
1.9522
1.9436
1.93799
1324.14
1324.61
1323.59
1319.71
1312.27
1300.87
1285.45
1266.14
1243.18
1216.77
1187.06
1154.1
1117.88
1078.29
1035.19
988.384
937.645
882.748
823.474
759.762
691.665
620.31
545.822
369.656
54.594
4.51434
3.117
2.95726
2.82079
2.70547
2.61115
2.52694
2.45062
2.38051
2.31551
2.25483
2.19803
2.14497
2.09578
2.05084
2.0107
1.976
1.94746
1.9254
1.91561
1.90306
1330.03
1330.75
1330.29
1327.22
1320.66
1310.07
1295.33
1276.59
1254.13
1228.17
1198.93
1166.48
1130.85
1091.96
1049.69
1003.89
954.346
900.884
843.325
781.625
715.846
646.962
574.265
408.134
67.6771
4.40175
3.07939
2.91515
2.78142
2.66838
2.57549
2.49298
2.41834
2.34984
2.28626
2.22679
2.17103
2.11879
2.07013
2.02542
1.98515
1.94987
1.92004
1.89559
1.88409
1.85932
1336.37
1337.33
1337.34
1334.96
1329.14
1319.25
1305.13
1286.93
1264.92
1239.42
1210.62
1178.68
1143.63
1105.44
1063.99
1019.17
970.798
918.724
862.799
802.978
739.329
672.473
600.128
441.404
78.0485
4.18318
3.027
2.86099
2.73638
2.6284
2.53835
2.45846
2.38602
2.31937
2.25734
2.19919
2.14451
2.09309
2.04496
2.00039
1.95977
1.92344
1.89143
1.86312
1.84425
1.80147
1.14876
1.149
1.14624
1.14053
1.13208
1.12151
1.10943
1.09632
1.08259
1.06851
1.05431
1.04015
1.02615
1.01242
0.999022
0.986025
0.973489
0.961448
0.949952
0.939028
0.9287
0.918988
0.909889
0.901418
0.893556
0.886305
0.879654
0.87359
0.868124
0.863237
0.858954
0.855279
0.852235
0.849866
0.84818
0.847206
0.846858
0.846995
1.14876
1.14865
1.14563
1.13981
1.13147
1.12104
1.10911
1.09614
1.0825
1.06851
1.05436
1.04025
1.02628
1.01257
0.999201
0.986218
0.973693
0.961657
0.950165
0.939245
0.928918
0.919208
0.910108
0.901638
0.893776
0.886524
0.879874
0.873808
0.868344
0.863457
0.859177
0.855505
0.852464
0.850095
0.848392
0.847375
0.846947
0.846999
1.14904
1.14879
1.14557
1.13959
1.13125
1.12086
1.109
1.0961
1.0825
1.06855
1.05443
1.04033
1.02638
1.01268
0.999313
0.986336
0.973815
0.961782
0.950291
0.939371
0.929044
0.919335
0.910235
0.901763
0.8939
0.886647
0.879996
0.873929
0.868463
0.863575
0.859291
0.855619
0.852573
0.850195
0.848469
0.847406
0.846928
0.846945
1.14958
1.14935
1.14603
1.13986
1.13143
1.121
1.10912
1.09621
1.08261
1.06864
1.05451
1.0404
1.02644
1.01273
0.999359
0.986381
0.973859
0.961826
0.950334
0.939415
0.929088
0.919377
0.910274
0.901798
0.893933
0.886676
0.880022
0.873951
0.86848
0.863588
0.859297
0.855619
0.852562
0.850168
0.848417
0.847319
0.84682
0.846831
1.15045
1.1503
1.14697
1.14059
1.13199
1.12144
1.10945
1.09647
1.08281
1.06879
1.05461
1.04045
1.02646
1.01272
0.999336
0.986351
0.973825
0.961793
0.950301
0.939382
0.929054
0.919338
0.91023
0.901747
0.893877
0.886613
0.879953
0.873875
0.868395
0.863495
0.859194
0.855505
0.852434
0.850021
0.848248
0.847124
0.846625
0.846641
1.1517
1.15171
1.14841
1.14183
1.13298
1.12221
1.11003
1.0969
1.0831
1.06898
1.05471
1.04048
1.02642
1.01264
0.999228
0.986229
0.973698
0.961666
0.950175
0.939256
0.928925
0.919204
0.910088
0.901595
0.893715
0.886441
0.879771
0.873682
0.86819
0.86328
0.858966
0.855263
0.852178
0.849748
0.847958
0.846821
0.846337
0.846366
1.15335
1.15361
1.15036
1.14357
1.13438
1.12331
1.11084
1.09748
1.08349
1.0692
1.0548
1.04046
1.02632
1.01248
0.999019
0.986
0.973462
0.96143
0.94994
0.939022
0.928687
0.918958
0.909832
0.901326
0.893434
0.886145
0.87946
0.873357
0.86785
0.862926
0.858598
0.854882
0.851785
0.849344
0.847547
0.846412
0.845954
0.845998
1.15543
1.15605
1.15286
1.14582
1.13622
1.12473
1.11189
1.09821
1.08396
1.06945
1.05487
1.04038
1.02613
1.0122
0.998696
0.985651
0.973103
0.961072
0.949584
0.938666
0.928327
0.918589
0.909452
0.90093
0.893021
0.885714
0.87901
0.872889
0.867364
0.862425
0.858083
0.854357
0.851252
0.848809
0.847019
0.845902
0.845475
0.845534
1.15791
1.1591
1.15595
1.14861
1.13848
1.12648
1.11315
1.09907
1.08449
1.0697
1.05489
1.04022
1.02583
1.01182
0.998249
0.985173
0.972614
0.960582
0.949097
0.938179
0.927837
0.918089
0.908939
0.900399
0.892469
0.885139
0.878413
0.872272
0.866726
0.861772
0.857418
0.853684
0.850581
0.848147
0.846378
0.845293
0.844901
0.844972
1.16077
1.16284
1.15968
1.15195
1.14118
1.12852
1.11461
1.10003
1.08505
1.06993
1.05486
1.03998
1.02543
1.0113
0.997668
0.984556
0.971983
0.95995
0.948468
0.937552
0.927207
0.917451
0.908286
0.899726
0.891772
0.884417
0.877664
0.871501
0.865934
0.860964
0.856599
0.852865
0.849772
0.84736
0.845629
0.844588
0.844234
0.844313
1.16396
1.16738
1.16415
1.15589
1.14431
1.13086
1.11624
1.10108
1.08562
1.07012
1.05475
1.03963
1.02491
1.01066
0.996947
0.983793
0.971203
0.959168
0.94769
0.936777
0.926432
0.916668
0.907489
0.898907
0.890927
0.883544
0.876763
0.870575
0.864986
0.86
0.855629
0.851899
0.848826
0.846452
0.844774
0.84379
0.843475
0.843563
1.16761
1.17289
1.16947
1.16046
1.14789
1.13347
1.11802
1.10217
1.08618
1.07024
1.05454
1.03917
1.02426
1.00987
0.996077
0.982878
0.970268
0.958231
0.946757
0.935851
0.925507
0.915737
0.906544
0.897939
0.889932
0.88252
0.875709
0.869494
0.863882
0.858882
0.854507
0.850788
0.847747
0.845423
0.843814
0.842901
0.84263
0.842724
1.17167
1.17972
1.17587
1.16574
1.15193
1.13635
1.11993
1.1033
1.08669
1.07028
1.05421
1.03857
1.02346
1.00893
0.995047
0.981798
0.969166
0.957127
0.945661
0.934762
0.924423
0.914649
0.905444
0.896818
0.888783
0.881341
0.874499
0.868256
0.862621
0.857607
0.853231
0.849529
0.846528
0.844269
0.842747
0.84192
0.841701
0.841803
1.17427
1.1887
1.18385
1.17185
1.15648
1.13949
1.12195
1.10442
1.08713
1.0702
1.05373
1.03781
1.02248
1.00781
0.993824
0.980519
0.967863
0.95582
0.944361
0.933473
0.923141
0.913366
0.904151
0.895507
0.887446
0.879975
0.873102
0.866831
0.861173
0.856145
0.85177
0.84809
0.84514
0.842963
0.84155
0.840837
0.840688
0.840803
1.17317
1.20168
1.19453
1.17905
1.16157
1.14292
1.12406
1.10553
1.08748
1.06998
1.0531
1.03686
1.02131
1.00649
0.9924
0.979033
0.966348
0.954299
0.942848
0.931971
0.921648
0.911876
0.902655
0.893995
0.885912
0.878413
0.871511
0.865213
0.859532
0.854491
0.850118
0.846464
0.843574
0.841495
0.840216
0.839645
0.839592
0.839727
1.18215
1.22085
1.20857
1.18741
1.16701
1.14645
1.1262
1.10662
1.0878
1.06974
1.05245
1.03591
1.02016
1.00518
0.990999
0.977575
0.964862
0.952808
0.941365
0.9305
0.920189
0.910422
0.901198
0.892527
0.884424
0.8769
0.86997
0.863643
0.857937
0.852877
0.848501
0.844863
0.84202
0.84002
0.838851
0.838397
0.838422
0.838573
1346.93
1348.05
1348.22
1346.11
1340.67
1331.25
1317.62
1299.92
1278.42
1253.43
1225.19
1193.88
1159.57
1122.24
1081.84
1038.25
991.358
941.025
887.135
829.66
768.704
703.95
630.798
476.63
86.1615
3.83931
2.91334
2.75808
2.66096
2.56929
2.48753
2.41323
2.34467
2.28085
2.22103
2.16466
2.11139
2.06098
2.01339
1.9687
1.92702
1.88815
1.85119
1.81374
1.76695
1.65742
1362.88
1363.99
1363.94
1361.54
1355.92
1346.51
1333.1
1315.77
1294.76
1270.34
1242.79
1212.26
1178.86
1142.6
1103.45
1061.34
1016.19
967.892
916.381
861.671
803.859
742.247
672.392
510.325
84.0219
3.55748
2.75662
2.63138
2.56217
2.4918
2.42344
2.35802
2.29555
2.23609
2.17954
2.1257
2.07439
2.02544
1.97872
1.93417
1.89166
1.85074
1.81012
1.76692
1.71685
1.65736
1380.49
1381.57
1381.44
1378.92
1373.28
1364.02
1350.94
1334.1
1313.72
1290.05
1263.34
1233.78
1201.47
1166.46
1128.74
1088.28
1045.03
998.922
949.93
898.114
843.594
785.667
720.455
537.531
75.519
3.42473
2.64169
2.52625
2.47105
2.4133
2.35499
2.29745
2.2411
2.18641
2.13365
2.08291
2.03413
1.98721
1.94204
1.89851
1.85647
1.8155
1.7747
1.73249
1.68774
1.63886
1399.83
1400.86
1400.7
1398.2
1392.68
1383.71
1371.09
1354.88
1335.26
1312.47
1286.76
1258.3
1227.23
1193.61
1157.46
1118.77
1077.53
1033.7
987.306
938.439
887.258
833.101
772.469
559.673
64.8483
3.25496
2.53699
2.43392
2.38633
2.33573
2.28443
2.23332
2.18253
2.13257
2.08382
2.03647
1.99059
1.94615
1.90306
1.86125
1.82058
1.78074
1.74109
1.70063
1.65827
1.61145
1420.94
1421.91
1421.72
1419.27
1413.92
1405.29
1393.19
1377.66
1358.86
1337.02
1312.37
1285.11
1255.36
1223.21
1188.69
1151.83
1112.64
1071.11
1027.29
981.325
933.402
882.885
826.477
575.411
53.3944
3.06095
2.43551
2.34791
2.30524
2.25948
2.21365
2.16795
2.12217
2.07667
2.03186
1.98798
1.94514
1.90337
1.86264
1.82292
1.78411
1.74601
1.70816
1.66987
1.63058
1.58882
1443.84
1444.75
1444.53
1442.15
1437
1428.72
1417.16
1402.33
1384.38
1363.53
1339.99
1313.96
1285.58
1254.93
1222.08
1187.07
1149.91
1110.65
1069.36
1026.2
981.385
934.283
881.684
585.459
42.4394
2.8587
2.33644
2.26462
2.22578
2.18409
2.14303
2.10213
2.06088
2.01957
1.97854
1.93805
1.89823
1.85918
1.82092
1.78345
1.74674
1.71063
1.67481
1.63887
1.60277
1.56555
1468.52
1469.37
1469.15
1466.84
1461.91
1454
1442.98
1428.85
1411.76
1391.91
1369.5
1344.72
1317.72
1288.6
1257.42
1224.24
1189.1
1152.07
1113.21
1072.73
1030.85
986.895
937.7
590.715
32.6035
2.65607
2.23847
2.18168
2.14659
2.10909
2.07259
2.03613
1.9991
1.9617
1.92426
1.88702
1.85016
1.8138
1.77801
1.74283
1.70826
1.6742
1.64042
1.60671
1.5733
1.53946
1494.96
1495.75
1495.52
1493.32
1488.61
1481.08
1470.6
1457.17
1440.93
1422.07
1400.79
1377.27
1351.66
1324.05
1294.53
1263.16
1230
1195.11
1158.6
1120.67
1081.52
1040.45
994.313
591.619
24.4872
2.45833
2.14017
2.09788
2.06719
2.0344
2.00248
1.97025
1.93717
1.90345
1.86939
1.83525
1.80124
1.7675
1.73414
1.70121
1.66875
1.63669
1.60487
1.5732
1.54205
1.5108
1523.1
1523.84
1523.63
1521.52
1517.05
1509.9
1499.95
1487.22
1471.82
1453.94
1433.78
1411.5
1387.25
1361.13
1333.24
1303.64
1272.4
1239.58
1205.31
1169.78
1133.18
1094.75
1051.41
589.123
17.7375
2.27087
2.04174
2.01355
1.98808
1.96041
1.93304
1.90484
1.87545
1.84516
1.81428
1.78307
1.75177
1.72056
1.68955
1.65881
1.62839
1.59826
1.56831
1.53851
1.50932
1.48018
1552.9
1553.6
1553.39
1551.4
1547.16
1540.39
1530.97
1518.91
1504.34
1487.42
1468.35
1447.29
1424.38
1399.73
1373.42
1345.54
1316.14
1285.31
1253.17
1219.9
1185.68
1149.69
1108.94
583.477
12.5065
2.10399
1.94605
1.93052
1.91055
1.88789
1.86478
1.84026
1.81425
1.78711
1.75917
1.73072
1.702
1.6732
1.64444
1.61581
1.58735
1.55908
1.53091
1.50287
1.47544
1.44816
1584.29
1584.95
1584.76
1582.87
1578.86
1572.46
1563.56
1552.16
1538.4
1522.42
1504.42
1484.55
1462.94
1439.71
1414.94
1388.7
1361.08
1332.15
1302.02
1270.89
1238.9
1205.18
1166.86
575.182
8.67803
1.96488
1.85734
1.85131
1.8361
1.81771
1.79821
1.77689
1.75386
1.72955
1.70429
1.67839
1.65208
1.62556
1.59894
1.57232
1.54576
1.51928
1.49283
1.46647
1.44071
1.41514
1617.21
1617.82
1617.65
1615.87
1612.09
1606.05
1597.65
1586.9
1573.92
1558.86
1541.89
1523.17
1502.83
1480.97
1457.68
1433.04
1407.12
1380
1351.78
1322.66
1292.77
1261.18
1225.18
564.655
5.87047
1.85795
1.77966
1.7781
1.76587
1.75051
1.73374
1.71501
1.6945
1.67265
1.6498
1.62622
1.60214
1.57774
1.55314
1.52843
1.50369
1.47895
1.45418
1.42945
1.40531
1.38136
1651.58
1652.16
1651.99
1650.32
1646.76
1641.07
1633.16
1623.05
1610.83
1596.66
1580.7
1563.1
1543.98
1523.44
1501.58
1478.46
1454.17
1428.77
1402.37
1375.17
1347.25
1317.69
1283.92
551.933
4.35857
1.77468
1.71236
1.71112
1.70009
1.68647
1.67154
1.65477
1.63631
1.61656
1.59581
1.57431
1.55226
1.52984
1.50713
1.48424
1.46124
1.43819
1.41505
1.39192
1.36934
1.34696
1687.34
1687.87
1687.72
1686.16
1682.81
1677.47
1670.04
1660.54
1649.06
1635.76
1620.77
1604.25
1586.31
1567.05
1546.56
1524.91
1502.17
1478.42
1453.77
1428.38
1402.35
1374.72
1343.07
537.91
3.25243
1.70622
1.6527
1.64936
1.63819
1.62529
1.61149
1.59614
1.57932
1.56132
1.54239
1.52274
1.50254
1.48193
1.46099
1.43983
1.41851
1.39708
1.37553
1.35396
1.33289
1.31202
1724.41
1724.91
1724.78
1723.31
1720.18
1715.17
1708.21
1699.31
1688.55
1676.08
1662.03
1646.55
1629.75
1611.72
1592.55
1572.31
1551.07
1528.9
1505.91
1482.25
1458.02
1432.22
1402.6
522.681
2.59732
1.64847
1.59844
1.5914
1.57921
1.56639
1.55322
1.53891
1.52339
1.50687
1.48952
1.47152
1.453
1.43407
1.4148
1.39527
1.37556
1.35571
1.3357
1.31565
1.29605
1.27663
1762.74
1763.2
1763.08
1761.72
1758.79
1754.12
1747.61
1739.28
1729.22
1717.55
1704.41
1689.93
1674.22
1657.38
1639.48
1620.6
1600.8
1580.14
1558.73
1536.73
1514.2
1490.15
1462.46
506.321
2.38715
1.59026
1.54496
1.53504
1.5219
1.509
1.49625
1.48275
1.46832
1.45307
1.43712
1.4206
1.40363
1.38626
1.36857
1.35061
1.33245
1.31412
1.29563
1.27706
1.25888
1.24085
1802.25
1802.68
1802.58
1801.31
1798.59
1794.23
1788.15
1780.38
1770.98
1760.09
1747.83
1734.31
1719.66
1703.96
1687.29
1669.71
1651.28
1632.07
1612.15
1591.71
1570.8
1548.42
1522.59
489.098
2.1958
1.52787
1.48974
1.4788
1.46527
1.45244
1.44011
1.42733
1.41386
1.39975
1.38508
1.36993
1.35439
1.3385
1.32231
1.30585
1.28919
1.27236
1.25534
1.23823
1.22144
1.20474
1842.88
1843.28
1843.19
1842.01
1839.48
1835.43
1829.77
1822.53
1813.78
1803.63
1792.21
1779.63
1766
1751.4
1735.9
1719.57
1702.46
1684.61
1666.13
1647.16
1627.77
1606.99
1582.95
471.225
1.99629
1.46471
1.43349
1.4224
1.40888
1.39632
1.38449
1.37243
1.35987
1.34682
1.33334
1.31947
1.30529
1.2908
1.27604
1.26103
1.24581
1.23042
1.21485
1.19916
1.18373
1.16835
1884.56
1884.92
1884.84
1883.76
1881.41
1877.65
1872.4
1865.67
1857.54
1848.12
1837.51
1825.84
1813.19
1799.65
1785.28
1770.14
1754.27
1737.73
1720.61
1703.05
1685.12
1665.86
1643.53
452.802
1.80455
1.4028
1.37698
1.3659
1.35261
1.34048
1.32923
1.31792
1.30626
1.29425
1.28191
1.26927
1.25637
1.24323
1.22984
1.2162
1.20237
1.18837
1.1742
1.15989
1.14579
1.13168
1927.21
1927.55
1927.48
1926.48
1924.31
1920.83
1915.97
1909.74
1902.21
1893.48
1883.67
1872.87
1861.17
1848.64
1835.35
1821.35
1806.68
1791.39
1775.57
1759.37
1742.83
1725.03
1704.32
433.849
1.65713
1.34197
1.32024
1.30925
1.29637
1.2848
1.27421
1.26369
1.25295
1.24198
1.23076
1.21931
1.20766
1.19581
1.18374
1.17144
1.15894
1.14627
1.13343
1.12046
1.10764
1.09478
1970.79
1971.09
1971.03
1970.11
1968.12
1964.91
1960.42
1954.68
1947.73
1939.68
1930.63
1920.67
1909.88
1898.33
1886.07
1873.15
1859.62
1845.54
1830.98
1816.08
1800.87
1784.45
1765.29
414.383
1.53273
1.28136
1.26305
1.25233
1.24001
1.2291
1.21926
1.20959
1.19981
1.18989
1.1798
1.16954
1.15912
1.14853
1.13776
1.12676
1.11556
1.10418
1.09263
1.08094
1.06937
1.05772
2015.22
2015.5
2015.45
2014.61
2012.78
2009.83
2005.71
2000.42
1994.04
1986.64
1978.32
1969.17
1959.26
1948.65
1937.37
1925.49
1913.06
1900.13
1886.77
1873.12
1859.17
1844.08
1826.4
394.42
1.42193
1.22072
1.20529
1.19501
1.18338
1.17324
1.16423
1.15548
1.14671
1.13787
1.12893
1.11987
1.11068
1.10135
1.09185
1.08214
1.07223
1.06212
1.05184
1.04139
1.03103
1.02057
2060.45
2060.71
2060.66
2059.9
2058.22
2055.53
2051.75
2046.92
2041.08
2034.31
2026.7
2018.32
2009.25
1999.53
1989.21
1978.33
1966.96
1955.14
1942.93
1930.45
1917.71
1903.88
1887.63
373.969
1.32065
1.16001
1.14698
1.13725
1.12642
1.11715
1.10906
1.10129
1.09359
1.08588
1.07812
1.07028
1.06233
1.05426
1.04603
1.0376
1.02896
1.02012
1.01108
1.00187
0.992693
0.983397
2106.42
2106.65
2106.61
2105.92
2104.4
2101.94
2098.51
2094.1
2088.79
2082.62
2075.69
2068.05
2059.78
2050.93
2041.54
2031.64
2021.29
2010.53
1999.42
1988.06
1976.47
1963.86
1948.99
353.033
1.22692
1.09923
1.08815
1.07905
1.06912
1.06081
1.05371
1.04701
1.04044
1.03391
1.02738
1.02079
1.0141
1.0073
1.00034
0.993181
0.985804
0.978216
0.970416
0.962423
0.954428
0.946285
2153.08
2153.28
2153.25
2152.62
2151.24
2149.02
2145.91
2141.92
2137.11
2131.53
2125.25
2118.33
2110.83
2102.82
2094.31
2085.36
2076
2066.26
2056.2
2045.92
2035.43
2024
2010.46
331.616
1.13916
1.03823
1.02871
1.0203
1.01135
1.00408
0.998059
0.992512
0.987151
0.981889
0.976648
0.971362
0.965985
0.960487
0.954824
0.948949
0.942838
0.936496
0.929925
0.923143
0.916314
0.909314
2200.35
2200.53
2200.5
2199.94
2198.71
2196.71
2193.92
2190.33
2186
2180.98
2175.33
2169.11
2162.36
2155.15
2147.5
2139.45
2131.03
2122.28
2113.23
2104
2094.58
2084.29
2072.03
309.723
1.05582
0.976759
0.968534
0.960846
0.952923
0.946774
0.941928
0.937625
0.93358
0.929681
0.925826
0.921925
0.917927
0.913795
0.909478
0.904922
0.900099
0.895015
0.889677
0.884103
0.878436
0.872571
2248.19
2248.35
2248.33
2247.84
2246.74
2244.96
2242.47
2239.27
2235.41
2230.93
2225.89
2220.34
2214.33
2207.89
2201.07
2193.88
2186.37
2178.56
2170.5
2162.28
2153.9
2144.71
2133.69
287.348
0.976041
0.914703
0.907518
0.90059
0.893756
0.88882
0.885254
0.882308
0.879687
0.877263
0.8749
0.872482
0.869944
0.867244
0.864325
0.86113
0.857628
0.853826
0.849736
0.845376
0.840868
0.836131
2296.55
2296.69
2296.68
2296.25
2295.29
2293.72
2291.53
2288.71
2285.3
2281.34
2276.89
2272
2266.7
2261.02
2254.98
2248.63
2242
2235.1
2227.99
2220.75
2213.37
2205.26
2195.44
264.478
0.899571
0.852001
0.8456
0.839461
0.833811
0.830204
0.828053
0.826601
0.82553
0.824692
0.823926
0.823092
0.822102
0.820903
0.819435
0.817639
0.815488
0.812993
0.810166
0.807026
0.803676
0.800059
2345.38
2345.5
2345.51
2345.15
2344.31
2342.95
2341.03
2338.58
2335.61
2332.16
2328.29
2324.03
2319.41
2314.46
2309.2
2303.66
2297.88
2291.87
2285.68
2279.38
2272.98
2265.91
2257.28
241.103
0.825665
0.788385
0.782554
0.777241
0.772887
0.770766
0.770212
0.77044
0.771091
0.771979
0.772932
0.77379
0.774447
0.774831
0.774875
0.774522
0.773754
0.772586
0.771035
0.769117
0.76692
0.764412
2394.59
2394.71
2394.75
2394.47
2393.77
2392.6
2390.95
2388.84
2386.3
2383.35
2380.04
2376.39
2372.44
2368.19
2363.68
2358.93
2353.98
2348.83
2343.53
2338.15
2332.69
2326.66
2319.19
217.246
0.753322
0.723451
0.718017
0.71358
0.710649
0.710231
0.711532
0.713695
0.716302
0.719115
0.721939
0.724614
0.727024
0.729078
0.730703
0.731844
0.732494
0.732674
0.732405
0.731709
0.730655
0.729239
2444.06
2444.23
2444.33
2444.16
2443.61
2442.64
2441.24
2439.46
2437.32
2434.86
2432.09
2429.05
2425.74
2422.18
2418.4
2414.42
2410.27
2405.96
2401.52
2397.02
2392.49
2387.51
2381.19
193.015
0.682327
0.656929
0.651654
0.648148
0.646838
0.648424
0.65189
0.656302
0.66114
0.666112
0.670995
0.675629
0.679898
0.683708
0.686979
0.689667
0.691771
0.693319
0.694338
0.694856
0.69493
0.694584
2493.9
2494.09
2494.21
2494.12
2493.72
2492.94
2491.8
2490.33
2488.59
2486.59
2484.36
2481.9
2479.23
2476.34
2473.27
2470.03
2466.65
2463.15
2459.55
2455.93
2452.32
2448.4
2443.27
168.425
0.612645
0.588368
0.582926
0.580509
0.581204
0.585177
0.591215
0.59824
0.605626
0.613016
0.620165
0.626915
0.633158
0.638803
0.64378
0.648056
0.651643
0.654573
0.656883
0.658605
0.65979
0.66049
2544.09
2544.19
2544.24
2544.13
2543.82
2543.22
2542.32
2541.17
2539.83
2538.3
2536.6
2534.73
2532.67
2530.43
2528.05
2525.53
2522.89
2520.17
2517.39
2514.62
2511.94
2509.15
2505.33
142.604
0.543612
0.516741
0.510598
0.509729
0.513167
0.520243
0.529441
0.539544
0.549843
0.559933
0.569566
0.578595
0.586923
0.594476
0.601204
0.607097
0.61218
0.616493
0.620084
0.622998
0.625273
0.626994
2592.67
2593.06
2593.53
2593.66
2593.5
2593.08
2592.43
2591.62
2590.69
2589.66
2588.51
2587.21
2585.77
2584.17
2582.44
2580.6
2578.67
2576.68
2574.69
2572.76
2571.01
2569.4
2567.11
114.889
0.476029
0.44123
0.432842
0.43434
0.441953
0.45329
0.466513
0.480323
0.493975
0.507069
0.519394
0.530842
0.541348
0.550865
0.559375
0.566897
0.573471
0.579152
0.584002
0.588079
0.591416
0.594126
2636.98
2639.22
2641.08
2642.21
2642.55
2642.44
2642.11
2641.7
2641.27
2640.8
2640.24
2639.56
2638.74
2637.78
2636.69
2635.49
2634.23
2632.94
2631.69
2630.55
2629.7
2629.21
2628.3
93.1876
0.404148
0.360382
0.346941
0.352627
0.366856
0.384189
0.40257
0.420826
0.438311
0.454712
0.469915
0.483888
0.496626
0.508132
0.518431
0.52757
0.535613
0.542631
0.548703
0.553906
0.558267
0.561925
2652.1
2678.13
2684.35
2687.92
2689.78
2690.62
2691.05
2691.35
2691.63
2691.85
2691.96
2691.91
2691.68
2691.27
2690.71
2690.03
2689.29
2688.53
2687.81
2687.25
2687.13
2687.57
2686.12
87.2792
0.276272
0.262004
0.250012
0.263549
0.287687
0.313286
0.338116
0.361558
0.383298
0.403246
0.421452
0.438004
0.452983
0.466464
0.478523
0.489243
0.49871
0.507015
0.514262
0.520543
0.525881
0.530441
1435.92
1679.51
1893.24
2067.31
2190.76
2270.14
2318.26
2345.2
2358.14
2361.89
2359.63
2353.38
2344.43
2333.56
2321.28
2307.88
2293.5
2278.33
2262.5
2245.91
2229.59
2210.68
2174.44
84.6354
-0.0312551
0.122298
0.139258
0.167994
0.205815
0.241876
0.274264
0.303401
0.329617
0.353192
0.374405
0.3935
0.410666
0.42606
0.439813
0.452045
0.462867
0.472394
0.480753
0.488056
0.494317
0.499729
3.53993
61.408
133.281
214.972
290.583
351.24
393.48
419.127
431.86
435.408
432.781
426.145
416.967
406.173
394.343
381.866
369.098
356.239
343.225
329.969
317.242
300.288
339.475
29.7021
-0.304827
-0.0438231
0.0188834
0.071938
0.12575
0.172706
0.212801
0.247589
0.27814
0.305175
0.329232
0.350719
0.36994
0.387127
0.402467
0.41611
0.428193
0.438857
0.448253
0.45651
0.463635
0.469844
-1.36041
-1.25575
-1.33839
-1.41673
-1.48382
-1.51379
-1.5161
-1.50291
-1.48091
-1.45405
-1.42496
-1.3952
-1.36536
-1.33549
-1.30534
-1.27462
-1.24329
-1.2116
-1.18057
-1.15481
-1.1314
-1.06596
-0.759964
-0.563434
-0.412381
-0.21269
-0.0996597
-0.0156561
0.052979
0.10915
0.1558
0.195455
0.229768
0.259825
0.286386
0.309999
0.331062
0.349868
0.366642
0.381563
0.394792
0.406492
0.416839
0.425975
0.433897
0.440843
-1.3126
-1.30179
-1.31887
-1.33325
-1.34629
-1.35231
-1.35079
-1.34326
-1.33093
-1.31467
-1.29526
-1.27324
-1.24889
-1.22236
-1.19373
-1.16305
-1.13034
-1.09555
-1.05842
-1.01865
-0.974188
-0.913811
-0.806138
-0.663879
-0.469946
-0.296163
-0.174304
-0.0811086
-0.00640921
0.0545204
0.105181
0.148175
0.185267
0.217672
0.246254
0.271633
0.29426
0.31446
0.332481
0.34852
0.36276
0.375383
0.386584
0.396514
0.40516
0.412777
-1.26042
-1.25651
-1.26889
-1.27908
-1.29039
-1.29766
-1.2983
-1.29244
-1.28099
-1.26505
-1.24559
-1.22322
-1.19826
-1.17087
-1.14118
-1.10915
-1.07462
-1.03722
-0.995986
-0.948603
-0.891036
-0.817765
-0.723482
-0.603175
-0.456924
-0.322831
-0.214629
-0.125862
-0.0521655
0.0094671
0.0616025
0.106288
0.145057
0.179047
0.2091
0.235835
0.259706
0.281043
0.300097
0.317077
0.33218
0.345603
0.357551
0.368183
0.377474
0.385696
-1.20956
-1.21009
-1.21665
-1.22419
-1.23208
-1.23678
-1.23617
-1.22982
-1.21824
-1.20236
-1.18294
-1.16044
-1.13512
-1.10719
-1.07677
-1.04376
-1.00786
-0.968604
-0.925032
-0.875024
-0.81507
-0.741335
-0.652363
-0.550115
-0.438699
-0.331959
-0.238172
-0.157017
-0.0871789
-0.0271393
0.0246862
0.069737
0.109211
0.144067
0.175051
0.202726
0.22751
0.24971
0.269572
0.287307
0.303118
0.31721
0.329794
0.341032
0.350885
0.359641
-1.1604
-1.16184
-1.16559
-1.16997
-1.17381
-1.17504
-1.17218
-1.16469
-1.15282
-1.1371
-1.11795
-1.09562
-1.07033
-1.04232
-1.01166
-0.97821
-0.941582
-0.901296
-0.856645
-0.806281
-0.748058
-0.679858
-0.601045
-0.514336
-0.423217
-0.33427
-0.252444
-0.179019
-0.113973
-0.0566957
-0.00629875
0.0381652
0.0775756
0.112689
0.14412
0.172343
0.197714
0.22051
0.240956
0.259259
0.275621
0.290248
0.303352
0.315094
0.325426
0.334648
-1.11096
-1.11286
-1.1157
-1.11852
-1.12021
-1.1194
-1.11508
-1.10687
-1.09489
-1.07937
-1.06048
-1.03839
-1.01335
-0.98558
-0.955132
-0.921761
-0.885052
-0.844594
-0.799905
-0.750217
-0.694438
-0.631621
-0.561842
-0.486832
-0.409221
-0.332862
-0.260825
-0.194531
-0.134446
-0.0804653
-0.0321503
0.0110902
0.0498726
0.0847612
0.116228
0.144647
0.170309
0.193446
0.214263
0.232953
0.249712
0.26474
0.278249
0.290396
0.301125
0.310745
-1.06251
-1.06452
-1.06702
-1.06912
-1.06977
-1.06793
-1.0629
-1.05443
-1.04253
-1.0272
-1.00854
-0.986755
-0.962124
-0.934843
-0.904893
-0.872001
-0.835781
-0.795898
-0.752074
-0.703929
-0.651
-0.592983
-0.530244
-0.464048
-0.396306
-0.32942
-0.265383
-0.205395
-0.150066
-0.0995363
-0.0536311
-0.0120004
0.0257662
0.0600635
0.0912319
0.119548
0.145236
0.168486
0.189477
0.208385
0.225391
0.240691
0.254491
0.266948
0.277996
0.28795
-1.01549
-1.01744
-1.01967
-1.02121
-1.02113
-1.01865
-1.01326
-1.00473
-0.992897
-0.977708
-0.959296
-0.93793
-0.913856
-0.887218
-0.85794
-0.825774
-0.790441
-0.75172
-0.709472
-0.663572
-0.613888
-0.56042
-0.503601
-0.444429
-0.384299
-0.324822
-0.267363
-0.212871
-0.161938
-0.114796
-0.0714125
-0.0315976
0.00490144
0.0383406
0.0689474
0.0969143
0.122405
0.145571
0.166558
0.185525
0.202639
0.218086
0.232072
0.244751
0.256044
0.266272
-0.970142
-0.971951
-0.973862
-0.974893
-0.974261
-0.971358
-0.965767
-0.957162
-0.945321
-0.930253
-0.912179
-0.891368
-0.867983
-0.842083
-0.813584
-0.782312
-0.748123
-0.710931
-0.670691
-0.627408
-0.581112
-0.531929
-0.48027
-0.426916
-0.372921
-0.319449
-0.267497
-0.217802
-0.170867
-0.126938
-0.0860592
-0.0481486
-0.0130705
0.0193232
0.0491706
0.0765938
0.101704
0.124613
0.145439
0.16432
0.181413
0.196897
0.210974
0.223794
0.235268
0.245712
-0.926447
-0.928114
-0.929727
-0.930369
-0.92936
-0.926183
-0.920403
-0.911653
-0.899784
-0.884912
-0.867301
-0.847148
-0.824529
-0.799431
-0.771798
-0.741566
-0.708714
-0.673266
-0.63524
-0.59468
-0.551677
-0.50641
-0.45925
-0.410825
-0.36195
-0.313505
-0.266254
-0.220765
-0.177437
-0.136501
-0.0980419
-0.0620521
-0.0284788
0.00274681
0.0316926
0.0584228
0.0830027
0.105508
0.126034
0.144702
0.16166
0.177082
0.191168
0.20406
0.215655
0.226262
-0.884371
-0.885911
-0.887305
-0.887682
-0.886413
-0.882988
-0.876965
-0.868062
-0.856251
-0.841712
-0.824662
-0.805207
-0.78336
-0.759107
-0.732448
-0.703405
-0.672049
-0.638469
-0.602711
-0.564821
-0.524906
-0.483167
-0.439949
-0.395768
-0.351269
-0.307129
-0.263948
-0.222163
-0.182081
-0.14391
-0.107756
-0.0736589
-0.0416225
-0.0116374
0.016309
0.0422323
0.066159
0.0881367
0.108243
0.126587
0.143314
0.158594
0.172621
0.185525
0.197188
0.207908
-0.843899
-0.845334
-0.846599
-0.846796
-0.845298
-0.841602
-0.835341
-0.826381
-0.814776
-0.800685
-0.784228
-0.765446
-0.74434
-0.720956
-0.69537
-0.667652
-0.637907
-0.606243
-0.57271
-0.537355
-0.500292
-0.461731
-0.421992
-0.381514
-0.340814
-0.300418
-0.260794
-0.222286
-0.185133
-0.149511
-0.115534
-0.0832705
-0.0527662
-0.0240575
0.0028224
0.02785
0.0510224
0.0723682
0.0919544
0.109888
0.126308
0.141383
0.155294
0.168159
0.179842
0.190628
-0.80497
-0.80634
-0.807523
-0.807573
-0.805853
-0.801922
-0.795555
-0.786707
-0.775429
-0.761805
-0.745895
-0.727725
-0.707339
-0.684862
-0.660426
-0.634126
-0.606054
-0.576291
-0.544887
-0.511899
-0.477452
-0.441754
-0.40511
-0.367896
-0.330533
-0.293431
-0.25695
-0.221364
-0.186862
-0.153586
-0.121649
-0.0911411
-0.0621411
-0.034724
-0.00895915
0.0151016
0.0374374
0.0580681
0.0770584
0.0945144
0.110574
0.125394
0.139146
0.151929
0.163587
0.174395
-0.767479
-0.768805
-0.769895
-0.769789
-0.767889
-0.763858
-0.757571
-0.748982
-0.738071
-0.72486
-0.709425
-0.691839
-0.672213
-0.650717
-0.627506
-0.602672
-0.576267
-0.548338
-0.518932
-0.488127
-0.456063
-0.422953
-0.389083
-0.354781
-0.320387
-0.286218
-0.252545
-0.219582
-0.187481
-0.156357
-0.126322
-0.0974849
-0.0699539
-0.0438354
-0.0192239
0.00381348
0.0252499
0.0451058
0.0634482
0.0803839
0.0960451
0.110578
0.124134
0.136794
0.148388
0.159176
-0.731333
-0.732592
-0.733557
-0.733304
-0.731312
-0.727341
-0.721271
-0.712989
-0.702408
-0.689558
-0.674575
-0.657619
-0.638849
-0.618431
-0.5965
-0.573121
-0.548312
-0.522096
-0.494534
-0.465729
-0.435842
-0.405093
-0.373746
-0.342081
-0.310364
-0.278833
-0.247685
-0.217083
-0.187151
-0.157997
-0.129734
-0.102489
-0.0763964
-0.0515828
-0.0281544
-0.00618064
0.0143157
0.0333614
0.0510278
0.0674199
0.0826608
0.0968805
0.110211
0.122714
0.134206
0.144936
-0.69646
-0.697628
-0.698482
-0.69815
-0.696181
-0.692359
-0.686516
-0.678485
-0.66818
-0.655685
-0.64121
-0.62498
-0.607163
-0.587885
-0.567232
-0.545235
-0.521899
-0.497256
-0.471391
-0.444436
-0.416571
-0.388015
-0.359001
-0.329752
-0.300468
-0.271317
-0.24244
-0.213961
-0.185992
-0.158645
-0.132043
-0.106329
-0.0816528
-0.0581487
-0.0359213
-0.015032
0.00450685
0.0227304
0.0397126
0.0555528
0.0703608
0.0842484
0.0973275
0.109643
0.121
0.13164
-0.662786
-0.663879
-0.664684
-0.664368
-0.662499
-0.658816
-0.653112
-0.645242
-0.635191
-0.62311
-0.609248
-0.593841
-0.57703
-0.558886
-0.539446
-0.518722
-0.496735
-0.473548
-0.449275
-0.424071
-0.398126
-0.371639
-0.344799
-0.317771
-0.290694
-0.263685
-0.236846
-0.210279
-0.184098
-0.158426
-0.133402
-0.109175
-0.0858977
-0.0637005
-0.0426757
-0.0228703
-0.00428425
0.0131244
0.0294283
0.0447174
0.0590856
0.0726256
0.0854311
0.097532
0.108728
0.11925
-0.630246
-0.631296
-0.632095
-0.631834
-0.630047
-0.626427
-0.620779
-0.613045
-0.603302
-0.591741
-0.578604
-0.564083
-0.548273
-0.531203
-0.512882
-0.493331
-0.472606
-0.450804
-0.428066
-0.404556
-0.380454
-0.355922
-0.3311
-0.3061
-0.281015
-0.255927
-0.23092
-0.206092
-0.181561
-0.157468
-0.13396
-0.111186
-0.0892889
-0.0683827
-0.0485431
-0.0298011
-0.012146
0.00446753
0.020107
0.0348501
0.048774
0.0619543
0.0744684
0.086334
0.097347
0.107731
-0.598794
-0.599808
-0.600578
-0.600311
-0.598523
-0.594904
-0.58932
-0.581799
-0.572481
-0.561559
-0.54922
-0.535594
-0.520735
-0.504654
-0.487364
-0.468916
-0.449404
-0.428954
-0.407718
-0.385855
-0.363513
-0.340811
-0.317843
-0.294681
-0.271388
-0.248031
-0.224689
-0.201465
-0.178488
-0.155904
-0.133864
-0.112508
-0.0919591
-0.0723115
-0.0536224
-0.0359088
-0.0191524
-0.00330837
0.0116832
0.0258866
0.0393639
0.0521756
0.0643857
0.0760012
0.0868159
0.0970441
-0.5684
-0.569349
-0.570024
-0.569661
-0.567808
-0.564209
-0.558785
-0.551611
-0.542835
-0.532617
-0.521078
-0.508295
-0.494301
-0.479117
-0.462788
-0.445402
-0.42708
-0.407962
-0.388198
-0.367921
-0.347239
-0.326231
-0.304955
-0.283457
-0.261787
-0.240007
-0.218203
-0.196486
-0.174989
-0.153858
-0.133239
-0.113256
-0.0940108
-0.0755756
-0.0579911
-0.0412634
-0.0253698
-0.0102685
0.00409149
0.0177626
0.0307937
0.0432326
0.0551315
0.0664875
0.0770929
0.0871524
-0.539017
-0.539869
-0.540405
-0.539914
-0.53802
-0.534531
-0.529389
-0.522662
-0.514472
-0.504932
-0.494115
-0.482073
-0.468845
-0.454483
-0.439072
-0.422729
-0.405589
-0.387789
-0.369457
-0.350691
-0.331562
-0.312114
-0.292382
-0.2724
-0.252215
-0.231895
-0.211532
-0.191244
-0.171166
-0.151435
-0.132182
-0.113517
-0.0955199
-0.0782431
-0.0617128
-0.0459269
-0.0308608
-0.0164766
-0.00273148
0.0104166
0.0230058
0.0350728
0.0466582
0.0577492
0.0681368
0.0780152
-0.510581
-0.511328
-0.511738
-0.511174
-0.50933
-0.506045
-0.501251
-0.494983
-0.487329
-0.478366
-0.468155
-0.456749
-0.444213
-0.430639
-0.416141
-0.400849
-0.384894
-0.368396
-0.351449
-0.334114
-0.316428
-0.298417
-0.280101
-0.261512
-0.242701
-0.223745
-0.204744
-0.185819
-0.167097
-0.148707
-0.130762
-0.113353
-0.0965443
-0.0803703
-0.0648444
-0.0499578
-0.0356852
-0.0219925
-0.00884378
0.00379444
0.0159505
0.0276504
0.038923
0.0497449
0.0599058
0.0695891
-0.483054
-0.483711
-0.484048
-0.483495
-0.481779
-0.478729
-0.47426
-0.468383
-0.461163
-0.452669
-0.442972
-0.432147
-0.420292
-0.407525
-0.393972
-0.379759
-0.364998
-0.349779
-0.334158
-0.318165
-0.301816
-0.285124
-0.268108
-0.250804
-0.233272
-0.215598
-0.197888
-0.18026
-0.162835
-0.145725
-0.129026
-0.112814
-0.0971344
-0.0820096
-0.06744
-0.0534112
-0.0398975
-0.0268682
-0.0142935
-0.00214789
0.00958733
0.020927
0.0318873
0.0424342
0.0523566
0.0618272
-0.45644
-0.457038
-0.457349
-0.456851
-0.455265
-0.452403
-0.448179
-0.4426
-0.435729
-0.427647
-0.418442
-0.408216
-0.397089
-0.385186
-0.372627
-0.359519
-0.345945
-0.331958
-0.317583
-0.302831
-0.287706
-0.272219
-0.256394
-0.240277
-0.22394
-0.207475
-0.190991
-0.174601
-0.158413
-0.142526
-0.127018
-0.111945
-0.0973401
-0.0832113
-0.0695493
-0.0563347
-0.0435418
-0.0311435
-0.0191162
-0.00744293
0.0038847
0.0148694
0.0255147
0.035776
0.0454432
0.0546787
-0.430771
-0.431333
-0.431635
-0.431172
-0.429653
-0.426896
-0.422837
-0.417498
-0.410953
-0.403294
-0.394626
-0.385066
-0.374736
-0.363752
-0.352216
-0.340206
-0.327771
-0.314934
-0.301701
-0.288073
-0.274054
-0.259661
-0.244927
-0.229913
-0.2147
-0.199385
-0.184074
-0.168871
-0.153871
-0.139155
-0.124785
-0.110797
-0.0972099
-0.0840213
-0.0712138
-0.0587647
-0.0466492
-0.034845
-0.0233358
-0.0121145
-0.00118388
0.0094464
0.0197677
0.0297268
0.0391158
0.0480888
-0.406052
-0.406584
-0.406861
-0.406378
-0.404853
-0.402143
-0.398221
-0.393128
-0.386945
-0.379766
-0.371704
-0.362875
-0.353387
-0.343339
-0.332804
-0.321831
-0.310443
-0.298643
-0.286431
-0.273808
-0.260784
-0.247386
-0.233664
-0.219691
-0.205552
-0.191345
-0.177167
-0.16311
-0.149254
-0.135662
-0.122375
-0.109415
-0.0967841
-0.0844722
-0.07246
-0.0607218
-0.049236
-0.0379871
-0.0269679
-0.016182
-0.00564409
0.00462483
0.0146057
0.0242391
0.0333219
0.0420015
-0.382227
-0.382721
-0.382941
-0.382393
-0.380835
-0.37818
-0.37443
-0.369636
-0.363875
-0.357238
-0.349831
-0.341756
-0.333104
-0.323949
-0.31434
-0.304302
-0.293841
-0.282957
-0.271651
-0.259928
-0.247811
-0.235342
-0.222584
-0.209615
-0.196522
-0.183395
-0.17032
-0.157373
-0.144617
-0.132095
-0.11983
-0.10783
-0.0960852
-0.084581
-0.0732967
-0.0622106
-0.0513062
-0.0405763
-0.0300243
-0.0196651
-0.00952411
0.000368105
0.00998495
0.0192637
0.0280087
0.0363622
-0.359205
-0.35964
-0.359777
-0.359159
-0.357602
-0.355064
-0.351557
-0.347127
-0.341838
-0.335773
-0.329023
-0.321674
-0.3138
-0.305454
-0.296665
-0.287447
-0.2778
-0.267728
-0.257237
-0.246345
-0.235085
-0.223514
-0.2117
-0.199721
-0.187658
-0.17559
-0.163589
-0.151711
-0.140001
-0.128483
-0.117166
-0.106046
-0.0951092
-0.0843371
-0.0737128
-0.0632217
-0.0528552
-0.0426158
-0.0325178
-0.0225865
-0.0128561
-0.00336351
0.00586022
0.0147523
0.0231272
0.0311235
-0.336906
-0.337266
-0.337314
-0.336661
-0.335177
-0.332834
-0.329636
-0.325609
-0.320806
-0.315299
-0.309164
-0.302477
-0.295296
-0.28766
-0.279589
-0.271093
-0.262177
-0.252849
-0.243124
-0.233031
-0.222616
-0.211938
-0.201065
-0.19007
-0.179022
-0.167985
-0.157015
-0.146149
-0.135414
-0.12482
-0.114365
-0.104039
-0.0938265
-0.0837122
-0.0736848
-0.0637394
-0.0538778
-0.0441121
-0.0344666
-0.0249746
-0.0156762
-0.00661141
0.00218784
0.0106617
0.0186364
0.0262487
-0.315305
-0.31559
-0.315575
-0.314945
-0.313602
-0.311509
-0.308643
-0.305016
-0.300671
-0.29567
-0.290085
-0.283981
-0.277409
-0.270401
-0.262973
-0.255138
-0.246906
-0.238291
-0.229318
-0.220024
-0.210458
-0.200678
-0.190743
-0.180716
-0.170654
-0.160603
-0.150602
-0.140672
-0.130825
-0.121062
-0.111377
-0.101758
-0.0921916
-0.0826691
-0.0731876
-0.0637525
-0.0543765
-0.0450811
-0.0358976
-0.0268646
-0.0180244
-0.00941675
-0.00107193
0.00695555
0.0145058
0.021714
-0.294428
-0.294664
-0.294636
-0.294088
-0.292927
-0.291088
-0.288533
-0.285261
-0.281313
-0.276753
-0.271648
-0.266059
-0.260033
-0.253596
-0.24677
-0.239567
-0.232003
-0.224097
-0.21588
-0.207392
-0.198679
-0.189789
-0.180773
-0.171679
-0.16255
-0.153418
-0.144304
-0.135219
-0.126165
-0.11714
-0.108136
-0.0991439
-0.0901579
-0.0811766
-0.0722066
-0.0632631
-0.0543685
-0.0455515
-0.0368477
-0.0282973
-0.0199418
-0.0118182
-0.00395261
0.00360726
0.0107163
0.0175082
-0.274309
-0.27454
-0.274559
-0.274134
-0.273156
-0.27154
-0.269238
-0.266256
-0.26264
-0.258456
-0.253774
-0.248651
-0.243129
-0.237237
-0.230994
-0.224414
-0.217516
-0.210323
-0.202866
-0.19518
-0.187304
-0.179276
-0.171135
-0.162916
-0.154648
-0.14635
-0.13803
-0.129694
-0.121341
-0.112967
-0.104569
-0.0961427
-0.0876901
-0.0792187
-0.0707441
-0.0622895
-0.0538843
-0.0455619
-0.0373591
-0.0293145
-0.0214664
-0.0138472
-0.00647786
0.000601782
0.00726144
0.013633
-0.254937
-0.255205
-0.255319
-0.255032
-0.254211
-0.252764
-0.250654
-0.2479
-0.24456
-0.240708
-0.236411
-0.231725
-0.226688
-0.221327
-0.21566
-0.209701
-0.203467
-0.196982
-0.190272
-0.183364
-0.176287
-0.169071
-0.161741
-0.154322
-0.14683
-0.139274
-0.131659
-0.123985
-0.116253
-0.108463
-0.100615
-0.0927145
-0.0847695
-0.0767961
-0.068817
-0.0608609
-0.052961
-0.0451523
-0.0374703
-0.0299501
-0.0226253
-0.0155227
-0.00865739
-0.00206172
0.00414843
0.0101019
-0.236222
-0.236553
-0.236777
-0.236614
-0.235909
-0.234581
-0.232615
-0.230049
-0.226956
-0.223412
-0.219485
-0.215224
-0.210664
-0.205829
-0.200731
-0.195384
-0.189803
-0.184006
-0.178011
-0.171838
-0.165507
-0.159037
-0.152445
-0.145745
-0.138945
-0.132049
-0.12506
-0.11798
-0.110813
-0.103561
-0.0962326
-0.0888385
-0.0813947
-0.0739231
-0.066451
-0.0590097
-0.0516331
-0.0443552
-0.0372088
-0.0302246
-0.0234305
-0.0168477
-0.0104858
-0.00437042
0.00139595
0.00693789
-0.218016
-0.218404
-0.218716
-0.218636
-0.218004
-0.216759
-0.214912
-0.212522
-0.209671
-0.206435
-0.202876
-0.199041
-0.194957
-0.190641
-0.186103
-0.181353
-0.176401
-0.171258
-0.165934
-0.160443
-0.154796
-0.149005
-0.143079
-0.137024
-0.130844
-0.124544
-0.118126
-0.111595
-0.104957
-0.098222
-0.0914018
-0.0845136
-0.0775787
-0.0706223
-0.0636737
-0.0567643
-0.0499261
-0.0431908
-0.0365877
-0.0301427
-0.0238786
-0.0178113
-0.0119457
-0.0063021
-0.00097064
0.00416791
-0.200157
-0.200569
-0.200913
-0.20086
-0.200258
-0.199074
-0.197343
-0.195138
-0.192541
-0.189625
-0.186446
-0.183041
-0.17943
-0.175626
-0.171634
-0.167458
-0.163103
-0.158573
-0.153873
-0.149009
-0.143988
-0.138814
-0.133492
-0.128023
-0.122413
-0.116665
-0.110784
-0.104779
-0.0986571
-0.0924335
-0.0861255
-0.0797539
-0.0733425
-0.0669179
-0.0605085
-0.0541441
-0.0478537
-0.0416656
-0.0356057
-0.029696
-0.0239545
-0.0183931
-0.0130132
-0.00783095
-0.00292541
0.00181649
-0.182523
-0.182912
-0.183218
-0.18313
-0.182522
-0.181388
-0.179778
-0.17777
-0.175444
-0.172862
-0.170071
-0.167097
-0.163955
-0.16065
-0.157183
-0.153554
-0.14976
-0.1458
-0.141677
-0.137391
-0.132945
-0.128339
-0.123573
-0.118651
-0.113577
-0.108358
-0.102999
-0.0975107
-0.0919056
-0.0862009
-0.0804171
-0.074577
-0.0687046
-0.0628256
-0.0569665
-0.0511538
-0.0454137
-0.0397707
-0.0342477
-0.0288638
-0.0236339
-0.0185666
-0.0136616
-0.00893183
-0.00444597
-9.78242e-05
-0.165067
-0.165389
-0.165597
-0.165424
-0.164779
-0.163681
-0.162191
-0.160385
-0.158335
-0.15609
-0.153684
-0.151133
-0.148444
-0.145617
-0.142649
-0.139531
-0.13626
-0.13283
-0.129241
-0.125491
-0.121578
-0.1175
-0.113259
-0.108858
-0.104302
-0.0995997
-0.094758
-0.0897889
-0.0847075
-0.079533
-0.0742868
-0.0689915
-0.0636699
-0.0583453
-0.0530413
-0.0477815
-0.0425882
-0.0374833
-0.032487
-0.0276168
-0.0228866
-0.0183035
-0.0138657
-0.00958401
-0.00551696
-0.00156545
-0.14782
-0.148051
-0.148129
-0.147838
-0.147129
-0.146044
-0.144656
-0.143039
-0.141251
-0.139327
-0.137286
-0.135134
-0.13287
-0.130488
-0.12798
-0.125335
-0.122546
-0.119606
-0.116511
-0.113258
-0.109843
-0.106264
-0.102524
-0.0986265
-0.0945783
-0.090387
-0.0860622
-0.0816169
-0.0770674
-0.0724331
-0.0677347
-0.062993
-0.0582284
-0.0534616
-0.0487129
-0.0440024
-0.0393494
-0.0347728
-0.0302915
-0.0259233
-0.0216834
-0.0175789
-0.0136069
-0.00977574
-0.00613378
-0.00258887
-0.130876
-0.131023
-0.130968
-0.13054
-0.129734
-0.128626
-0.127306
-0.125845
-0.124286
-0.122646
-0.12093
-0.119136
-0.117254
-0.115273
-0.113179
-0.11096
-0.108609
-0.106116
-0.103475
-0.100682
-0.0977327
-0.0946274
-0.0913685
-0.0879604
-0.0844098
-0.0807249
-0.0769165
-0.072998
-0.0689856
-0.0648972
-0.0607514
-0.0565667
-0.0523609
-0.0481514
-0.0439555
-0.0397894
-0.0356691
-0.0316112
-0.0276336
-0.0237569
-0.0200019
-0.0163776
-0.0128781
-0.00950804
-0.00630536
-0.00318464
-0.114333
-0.114438
-0.114268
-0.113683
-0.112735
-0.111556
-0.110259
-0.108909
-0.107531
-0.106125
-0.104684
-0.103194
-0.101638
-0.100002
-0.0982685
-0.0964263
-0.0944639
-0.092372
-0.0901434
-0.0877733
-0.0852595
-0.0826024
-0.0798044
-0.0768698
-0.0738053
-0.0706199
-0.0673246
-0.0639323
-0.0604574
-0.0569156
-0.0533228
-0.049695
-0.0460472
-0.0423937
-0.038748
-0.0351224
-0.0315291
-0.0279817
-0.0244977
-0.0211026
-0.0178319
-0.0146972
-0.0116859
-0.00879621
-0.00605507
-0.00338374
-0.098157
-0.0983178
-0.0980591
-0.097294
-0.0961579
-0.0948636
-0.0935515
-0.0922724
-0.0910288
-0.0898056
-0.0885819
-0.0873359
-0.0860468
-0.0846962
-0.0832679
-0.0817478
-0.0801236
-0.0783854
-0.0765266
-0.0745434
-0.0724342
-0.0701992
-0.0678402
-0.0653615
-0.0627702
-0.0600753
-0.057287
-0.0544165
-0.0514759
-0.0484781
-0.0454366
-0.0423646
-0.0392744
-0.0361769
-0.0330815
-0.0299962
-0.0269285
-0.0238874
-0.0208876
-0.0179627
-0.0151774
-0.0125517
-0.0100529
-0.0076707
-0.0054205
-0.00323065
-0.0824209
-0.0826357
-0.0822834
-0.0813188
-0.0799681
-0.0785516
-0.0772192
-0.0759925
-0.0748499
-0.0737623
-0.072701
-0.0716403
-0.0705579
-0.0694347
-0.0682538
-0.0670003
-0.0656618
-0.0642294
-0.0626978
-0.0610638
-0.0593257
-0.0574833
-0.0555382
-0.0534947
-0.0513599
-0.0491421
-0.0468498
-0.0444919
-0.0420777
-0.0396177
-0.037123
-0.034604
-0.0320701
-0.0295286
-0.0269851
-0.024443
-0.0219038
-0.0193683
-0.0168416
-0.0143568
-0.0120469
-0.0099623
-0.00801535
-0.00617605
-0.00445159
-0.00278187
-0.068092
-0.0682125
-0.0676091
-0.0661622
-0.0645456
-0.0630435
-0.0617088
-0.0605179
-0.0594338
-0.058423
-0.0574571
-0.0565116
-0.055565
-0.0545983
-0.0535944
-0.0525389
-0.0514209
-0.0502332
-0.0489715
-0.0476332
-0.0462164
-0.0447208
-0.043148
-0.0415027
-0.0397911
-0.0380198
-0.0361953
-0.0343238
-0.0324124
-0.0304692
-0.0285029
-0.0265211
-0.02453
-0.0225342
-0.0205356
-0.0185333
-0.0165226
-0.0144908
-0.0124013
-0.0102555
-0.00840272
-0.00696161
-0.00564942
-0.00440935
-0.00325375
-0.00213947
-0.0537946
-0.057336
-0.0548198
-0.051623
-0.0496623
-0.0481645
-0.0468531
-0.0456786
-0.0446128
-0.04363
-0.0427078
-0.0418246
-0.04096
-0.0400953
-0.0392141
-0.0383039
-0.0373557
-0.0363644
-0.0353266
-0.0342403
-0.0331041
-0.0319181
-0.0306845
-0.0294072
-0.0280909
-0.0267403
-0.0253594
-0.0239525
-0.0225247
-0.0210815
-0.0196289
-0.0181719
-0.0167141
-0.0152576
-0.0138021
-0.0123437
-0.0108727
-0.00935175
-0.00763264
-0.00557126
-0.00399337
-0.00352282
-0.00301778
-0.00245964
-0.00191587
-0.00139684
-0.0275872
-0.0480341
-0.0335165
-0.0274557
-0.0253163
-0.0239716
-0.0229147
-0.022042
-0.0212932
-0.0206318
-0.0200331
-0.0194771
-0.0189469
-0.0184286
-0.0179113
-0.0173876
-0.0168529
-0.0163046
-0.0157413
-0.015162
-0.0145664
-0.0139553
-0.0133299
-0.0126926
-0.0120453
-0.0113901
-0.0107286
-0.0100625
-0.00939417
-0.0087259
-0.00806005
-0.00739847
-0.00674224
-0.00609155
-0.00544459
-0.00479541
-0.00412878
-0.00339047
-0.00234324
-0.000487886
-2.22079e-05
-0.000561803
-0.000736341
-0.000734724
-0.000686486
-0.000658587
1.45464
1.42641
1.43075
1.42172
1.40183
1.37969
1.35617
1.3289
1.57859
1.53151
1.49282
1.45914
1.4291
1.40219
1.3774
1.35181
1.57741
1.53313
1.49436
1.46167
1.43252
1.40527
1.37908
1.35386
1.56235
1.52697
1.49294
1.46169
1.43239
1.4042
1.37667
1.35097
1.54799
1.51625
1.48371
1.4529
1.42356
1.39497
1.36683
1.34111
1.52914
1.49938
1.46805
1.43799
1.40909
1.38063
1.35243
1.32695
1.50601
1.4779
1.44786
1.41881
1.39066
1.36275
1.33498
1.31002
1.47967
1.45308
1.42442
1.39654
1.36939
1.34237
1.31538
1.29118
1.45104
1.42592
1.39869
1.3721
1.34613
1.32019
1.2942
1.27092
1.42081
1.39711
1.37133
1.3461
1.32138
1.29662
1.27177
1.24949
1.38948
1.36717
1.34282
1.31892
1.29546
1.27193
1.24828
1.22705
1.35733
1.33637
1.31342
1.29084
1.26864
1.24632
1.22388
1.20373
1.3245
1.30486
1.28329
1.26202
1.24105
1.21995
1.19871
1.17963
1.29107
1.27271
1.2525
1.23252
1.21278
1.19289
1.17285
1.15483
1.25711
1.23999
1.22111
1.20241
1.1839
1.16521
1.14636
1.12941
1.2227
1.20676
1.18917
1.17173
1.15444
1.13695
1.1193
1.10342
1.18791
1.17311
1.15676
1.14055
1.12447
1.10819
1.09173
1.07692
1.15278
1.13909
1.12396
1.10896
1.09406
1.07897
1.06372
1.04997
1.11736
1.10476
1.09083
1.07701
1.06329
1.04938
1.03532
1.02265
1.08169
1.07016
1.0574
1.04476
1.0322
1.01948
1.00661
0.995008
1.04583
1.03534
1.02376
1.01227
1.00088
0.989336
0.977647
0.96712
1.00985
1.0004
0.989965
0.979636
0.969397
0.95902
0.94851
0.939051
0.973832
0.965407
0.956117
0.946931
0.937832
0.928612
0.91927
0.910868
0.937866
0.930456
0.922297
0.914242
0.90627
0.898192
0.890001
0.882638
0.902033
0.89563
0.88859
0.881651
0.87479
0.867833
0.86077
0.854425
0.866419
0.861011
0.855076
0.849235
0.843461
0.8376
0.831638
0.826285
0.831098
0.826674
0.821824
0.817058
0.812346
0.807551
0.802658
0.798267
0.796131
0.792675
0.788889
0.78517
0.78149
0.777729
0.773873
0.770413
0.761572
0.759064
0.756314
0.753614
0.750932
0.748173
0.745318
0.742759
0.727465
0.72588
0.724137
0.722423
0.720707
0.718914
0.717028
0.715338
0.693848
0.693159
0.692392
0.69163
0.690846
0.689985
0.689034
0.688183
0.66076
0.660939
0.661113
0.661268
0.661381
0.661419
0.661369
0.661327
0.628241
0.629256
0.630338
0.631376
0.632351
0.633252
0.634069
0.634805
0.596313
0.598135
0.60009
0.601977
0.603781
0.605512
0.607163
0.608648
0.565009
0.567602
0.570392
0.573092
0.575691
0.578219
0.580673
0.582877
0.534378
0.537702
0.541288
0.544763
0.54812
0.55141
0.554631
0.557524
0.50447
0.508487
0.512826
0.517036
0.521113
0.525128
0.52908
0.532628
0.475339
0.480006
0.485055
0.489958
0.494716
0.499416
0.504059
0.508226
0.447037
0.45231
0.458022
0.463574
0.46897
0.474314
0.479606
0.484354
0.419615
0.425447
0.431773
0.43793
0.44392
0.449863
0.455759
0.461049
0.393119
0.399463
0.406355
0.413068
0.419607
0.426103
0.432555
0.438343
0.367591
0.3744
0.381806
0.389027
0.396066
0.403067
0.410027
0.416268
0.343067
0.350293
0.358163
0.365841
0.373332
0.380786
0.388203
0.394851
0.319576
0.327171
0.335452
0.343536
0.351427
0.359284
0.367105
0.374114
0.297138
0.305054
0.313692
0.32213
0.33037
0.338578
0.346752
0.354076
0.275762
0.283951
0.292894
0.301633
0.310171
0.318679
0.327155
0.334749
0.255451
0.263866
0.273061
0.28205
0.290835
0.299592
0.308322
0.316144
0.236199
0.244795
0.254189
0.263378
0.272361
0.28132
0.290256
0.298264
0.217993
0.226725
0.23627
0.245609
0.254743
0.263859
0.272956
0.281112
0.200814
0.209639
0.219286
0.228731
0.237973
0.247203
0.256418
0.264685
0.184636
0.193513
0.20322
0.212727
0.222037
0.231341
0.240636
0.248977
0.16943
0.178324
0.188049
0.197581
0.206921
0.216262
0.225599
0.233982
0.155167
0.164043
0.173752
0.183274
0.192611
0.201954
0.211297
0.219686
0.141814
0.150645
0.160306
0.169787
0.17909
0.188401
0.197714
0.206077
0.129341
0.138104
0.147689
0.157101
0.166339
0.175585
0.184833
0.193134
0.117717
0.12639
0.135876
0.145191
0.154334
0.163483
0.172629
0.180834
0.106907
0.115473
0.124835
0.134029
0.143048
0.152067
0.161075
0.169149
0.0968764
0.105318
0.114534
0.123578
0.132445
0.1413
0.150135
0.158047
0.0875833
0.0958825
0.104928
0.113797
0.12248
0.131141
0.139772
0.147491
0.0789822
0.0871185
0.095968
0.104634
0.113106
0.121543
0.12994
0.137442
0.071022
0.0789723
0.0875989
0.0960338
0.104267
0.112456
0.120596
0.127862
0.0636475
0.0713865
0.0797628
0.0879407
0.0959123
0.103831
0.111697
0.118715
0.0568009
0.0643023
0.0724023
0.0803002
0.0879909
0.0956252
0.103207
0.109971
0.0504245
0.0576627
0.0654636
0.0730634
0.0804605
0.0878027
0.0950962
0.101608
0.0444644
0.0514166
0.0589004
0.0661899
0.0732867
0.0803352
0.0873428
0.0936074
0.0388765
0.0455241
0.0526782
0.059651
0.0664467
0.0732049
0.079933
0.0859592
0.03363
0.0399602
0.0467779
0.053433
0.0599309
0.0664054
0.0728624
0.0786598
0.0287091
0.0347153
0.0411955
0.0475358
0.053742
0.0599405
0.0661346
0.071711
0.0241107
0.0297922
0.0359379
0.0419692
0.0478907
0.0538201
0.0597571
0.0651171
0.0198426
0.0252026
0.0310193
0.0367478
0.0423906
0.0480555
0.0537375
0.0588814
0.015923
0.0209667
0.0264598
0.0318903
0.0372572
0.0426577
0.0480822
0.0530051
0.0123776
0.0171103
0.0222831
0.0274166
0.0325057
0.0376366
0.042795
0.0474861
0.00923313
0.0136583
0.0185105
0.023343
0.0281466
0.0329966
0.0378745
0.0423175
0.00651134
0.0106286
0.0151552
0.0196775
0.0241825
0.0287346
0.0333122
0.0374861
0.00422579
0.00803021
0.0122209
0.0164186
0.0206066
0.0248392
0.0290925
0.0329727
0.00238012
0.00586163
0.00970111
0.0135545
0.0174026
0.0212903
0.0251927
0.0287527
0.000965394
0.00410881
0.00757717
0.0110629
0.0145452
0.0180607
0.0215843
0.0247974
-4.13061e-05
0.00274486
0.00581916
0.00891152
0.012001
0.0151167
0.0182347
0.0210758
-0.000676473
0.00173059
0.00438656
0.00705957
0.0097297
0.01242
0.0151086
0.0175553
-0.000990136
0.00101475
0.00322884
0.00545817
0.00768526
0.00992853
0.0121689
0.014204
-0.00104277
0.000535927
0.00228607
0.00405003
0.00581453
0.00759506
0.00937593
0.0109893
-0.000918758
0.000219924
0.00148927
0.00277139
0.00405806
0.00536398
0.00667864
0.00785954
-0.000798278
-0.000121871
0.000662786
0.00145084
0.00224543
0.00306414
0.00390558
0.00467377
-0.000641806
-0.00041844
-9.18886e-05
0.000236953
0.000567408
0.000915288
0.00127882
0.00159836
1.26417
1.25474
1.22969
1.20005
1.1746
1.1512
1.12903
1.10806
1.08822
1.06943
1.05161
1.0347
1.01868
1.00353
0.989226
0.975727
0.962976
0.95091
0.939473
0.92862
0.918322
0.908562
0.899337
0.890657
0.882534
0.874983
0.86802
0.861657
0.855915
0.850825
0.846428
0.842784
0.839953
0.83798
0.836848
0.836427
0.836468
0.836634
1.30576
1.2709
1.24062
1.20899
1.18047
1.15465
1.13076
1.10853
1.08777
1.0683
1.04998
1.03272
1.01644
1.00112
0.98671
0.973151
0.960376
0.948309
0.936885
0.926051
0.915772
0.906025
0.896807
0.888125
0.879993
0.872427
0.865441
0.859052
0.853282
0.848162
0.843737
0.840063
0.837197
0.835177
0.833979
0.833487
0.833484
0.833658
1.3156
1.27869
1.24526
1.21251
1.18254
1.15532
1.13035
1.10729
1.08589
1.06594
1.04726
1.02973
1.01327
0.997834
0.98336
0.96978
0.957011
0.94497
0.933582
0.922787
0.912543
0.902827
0.893631
0.884964
0.87684
0.869274
0.862284
0.855888
0.850109
0.844982
0.84055
0.836867
0.833988
0.831942
0.830708
0.830181
0.830166
0.830352
1.31542
1.27891
1.24453
1.21141
1.18097
1.15319
1.1277
1.10421
1.08247
1.06223
1.04333
1.02564
1.00908
0.993598
0.979113
0.965553
0.952826
0.940842
0.929517
0.918784
0.908597
0.89893
0.889777
0.881143
0.873045
0.865499
0.858524
0.85214
0.846375
0.841262
0.836846
0.833181
0.830315
0.828275
0.827039
0.826508
0.826498
0.826698
1.30751
1.27264
1.23894
1.20634
1.17616
1.14844
1.12292
1.09936
1.07752
1.05721
1.03824
1.02052
1.00396
0.988496
0.974061
0.960571
0.947929
0.936036
0.924803
0.914159
0.904053
0.894459
0.885368
0.876787
0.868732
0.861223
0.854281
0.847927
0.842192
0.837109
0.832725
0.829091
0.826252
0.824232
0.823005
0.822479
0.822473
0.822679
1.29488
1.26195
1.2296
1.19807
1.16862
1.14138
1.11618
1.09282
1.07113
1.05091
1.03203
1.01439
0.997921
0.982558
0.968235
0.954866
0.94235
0.930584
0.919474
0.908946
0.898946
0.889445
0.880437
0.871928
0.863935
0.856481
0.849587
0.84328
0.837588
0.83255
0.828209
0.824615
0.821811
0.819816
0.818604
0.818083
0.81808
0.818287
1.27933
1.24827
1.21747
1.18723
1.15879
1.1323
1.10766
1.08473
1.06336
1.0434
1.02473
1.00728
0.990991
0.975801
0.96165
0.948451
0.936103
0.924499
0.913542
0.903156
0.893286
0.883902
0.874996
0.866578
0.858665
0.851282
0.844454
0.838207
0.832573
0.827589
0.823301
0.819754
0.81699
0.815025
0.813829
0.813315
0.813314
0.813522
1.26181
1.23244
1.2032
1.17435
1.14705
1.12148
1.09756
1.07521
1.05431
1.03473
1.01639
0.99923
0.983197
0.968249
0.954327
0.941345
0.929204
0.917795
0.907021
0.896804
0.887087
0.877841
0.869058
0.860749
0.852934
0.845639
0.83889
0.832718
0.827153
0.822235
0.818006
0.814513
0.811793
0.809859
0.808682
0.808177
0.808178
0.808385
1.24283
1.21499
1.18725
1.15981
1.13371
1.10914
1.08606
1.0644
1.04407
1.02498
1.00706
0.990273
0.974573
0.959929
0.946287
0.933568
0.92167
0.910489
0.899926
0.889902
0.880361
0.871273
0.862633
0.854452
0.846752
0.839561
0.832907
0.826822
0.821338
0.816494
0.812333
0.808897
0.806224
0.804324
0.803169
0.802673
0.802676
0.802882
1.22268
1.19626
1.16996
1.14389
1.11901
1.09549
1.0733
1.05241
1.03274
1.01422
0.996807
0.980457
0.965155
0.950871
0.937558
0.92514
0.913521
0.902598
0.892271
0.882464
0.87312
0.864211
0.855733
0.847697
0.84013
0.833058
0.826514
0.820529
0.815136
0.810375
0.806287
0.802914
0.80029
0.798427
0.797295
0.79681
0.796814
0.797018
1.20152
1.17647
1.15155
1.12682
1.10315
1.0807
1.05945
1.03937
1.02042
1.00254
0.985681
0.969835
0.954984
0.941108
0.928166
0.916087
0.904778
0.894139
0.884073
0.874504
0.865377
0.856666
0.848367
0.840495
0.833076
0.82614
0.819718
0.813845
0.808555
0.803884
0.799876
0.79657
0.794
0.792176
0.791067
0.790594
0.790599
0.790801
1.1795
1.15576
1.13218
1.10875
1.08628
1.06491
1.04461
1.02539
1.0072
0.989994
0.973751
0.958455
0.944102
0.930676
0.918142
0.906434
0.895463
0.885132
0.875348
0.866037
0.857146
0.84865
0.840548
0.832856
0.825601
0.818815
0.81253
0.806781
0.801601
0.79703
0.793107
0.789873
0.78736
0.785577
0.784495
0.784033
0.78404
0.784238
1.15668
1.13424
1.11196
1.08981
1.06853
1.04822
1.0289
1.01056
0.993158
0.976671
0.961077
0.946371
0.932553
0.919613
0.907518
0.896208
0.885599
0.875598
0.866115
0.857079
0.84844
0.840177
0.832288
0.824791
0.817715
0.811092
0.804957
0.799343
0.794285
0.78982
0.78599
0.782832
0.780379
0.77864
0.777585
0.777136
0.777144
0.777338
1.13317
1.112
1.09099
1.07009
1.04998
1.03076
1.01242
0.994968
0.978382
0.962638
0.947723
0.933636
0.920383
0.907956
0.896327
0.885439
0.875212
0.865558
0.856393
0.847647
0.839277
0.83126
0.823599
0.816312
0.809429
0.802983
0.797009
0.791541
0.786613
0.782264
0.778532
0.775456
0.773067
0.771373
0.770347
0.769911
0.769921
0.770111
1.10902
1.08911
1.06935
1.04969
1.03074
1.01259
0.995243
0.978697
0.962941
0.947959
0.933745
0.920301
0.907636
0.895746
0.884603
0.874156
0.864328
0.855037
0.846203
0.837762
0.829672
0.821916
0.814496
0.807433
0.800756
0.794499
0.788698
0.783386
0.778598
0.77437
0.770743
0.767754
0.765433
0.763788
0.762792
0.762369
0.76238
0.762565
1.08431
1.06564
1.04712
1.02869
1.01089
0.993812
0.977453
0.961819
0.946903
0.932698
0.919199
0.906417
0.894358
0.883021
0.872382
0.862389
0.852974
0.844059
0.835568
0.827443
0.819646
0.812161
0.804994
0.798167
0.791708
0.785652
0.780034
0.774888
0.770248
0.76615
0.762634
0.759736
0.757486
0.755892
0.754928
0.75452
0.754531
0.754712
1.05909
1.04167
1.02438
1.00715
0.990499
0.974487
0.959118
0.9444
0.930332
0.916911
0.904141
0.892031
0.880592
0.869821
0.859695
0.850169
0.841177
0.832646
0.824509
0.81671
0.809216
0.802014
0.795111
0.78853
0.7823
0.776456
0.771031
0.766059
0.761575
0.757614
0.754215
0.751414
0.749238
0.747698
0.746766
0.746372
0.746384
0.74656
1.03343
1.01726
1.00119
0.985157
0.969635
0.954683
0.940302
0.926501
0.913285
0.900656
0.88862
0.877191
0.866378
0.85618
0.846577
0.837524
0.828963
0.820825
0.813049
0.805584
0.798402
0.791492
0.784864
0.778539
0.772547
0.766923
0.7617
0.756912
0.752591
0.748774
0.745497
0.742797
0.740699
0.739214
0.738317
0.737938
0.737951
0.738122
1.0074
0.992465
0.977604
0.962762
0.948362
0.934464
0.921066
0.908181
0.895818
0.883982
0.872684
0.861938
0.851756
0.842136
0.833058
0.824484
0.816359
0.80862
0.801211
0.794088
0.787226
0.780616
0.77427
0.768209
0.762465
0.75707
0.752057
0.747459
0.743309
0.739641
0.736492
0.733897
0.731881
0.730453
0.729591
0.729228
0.729242
0.729407
0.981051
0.967356
0.953697
0.940029
0.926742
0.913887
0.901467
0.889495
0.877982
0.866939
0.856379
0.846316
0.836763
0.827721
0.819171
0.811078
0.803392
0.796056
0.78902
0.782244
0.775707
0.769405
0.763348
0.75756
0.75207
0.746911
0.742115
0.737715
0.733741
0.730229
0.727212
0.724725
0.722794
0.721426
0.7206
0.720254
0.720268
0.720428
0.954455
0.941992
0.929524
0.917017
0.90483
0.893009
0.881559
0.870494
0.859827
0.849572
0.839745
0.830362
0.821436
0.81297
0.804946
0.797334
0.790088
0.783157
0.776497
0.770074
0.763869
0.75788
0.752119
0.746609
0.74138
0.736464
0.731891
0.727694
0.723903
0.72055
0.71767
0.715295
0.71345
0.712144
0.711356
0.711026
0.711041
0.711195
0.927672
0.91643
0.905141
0.893782
0.882681
0.871882
0.861392
0.851224
0.841396
0.831922
0.822821
0.814112
0.805808
0.797913
0.790413
0.78328
0.776473
0.769949
0.763668
0.757601
0.751731
0.74606
0.7406
0.735375
0.730413
0.725745
0.7214
0.717411
0.713806
0.710617
0.707877
0.705617
0.703861
0.702619
0.701869
0.701556
0.701571
0.701719
0.900762
0.890728
0.880603
0.870375
0.860345
0.850555
0.841011
0.83173
0.82273
0.814028
0.805644
0.7976
0.789911
0.782581
0.775599
0.768942
0.762573
0.756456
0.750556
0.744846
0.739316
0.733967
0.728813
0.723876
0.719185
0.714769
0.710658
0.706881
0.703466
0.700445
0.697847
0.695704
0.69404
0.692862
0.692152
0.691856
0.691872
0.692013
0.873786
0.864941
0.855962
0.846847
0.83787
0.829072
0.82046
0.812052
0.803866
0.795924
0.788247
0.780858
0.773774
0.767001
0.760532
0.754346
0.748414
0.742703
0.737183
0.731834
0.726645
0.721621
0.716776
0.712131
0.707715
0.703555
0.69968
0.696118
0.692896
0.690045
0.687593
0.68557
0.683998
0.682886
0.682215
0.681936
0.681953
0.682088
0.846799
0.839121
0.831266
0.823243
0.815301
0.807476
0.799778
0.792225
0.784839
0.777643
0.77066
0.763915
0.757426
0.751202
0.745239
0.73952
0.734021
0.728714
0.723575
0.718586
0.71374
0.709042
0.704508
0.700158
0.696019
0.692118
0.688482
0.685137
0.682111
0.679432
0.677127
0.675225
0.673747
0.672701
0.67207
0.671809
0.671826
0.671955
0.819853
0.813315
0.806561
0.799606
0.792676
0.785803
0.779
0.772285
0.765682
0.759216
0.752913
0.746799
0.740894
0.73521
0.729745
0.724488
0.719418
0.714513
0.709754
0.705124
0.700622
0.696252
0.692029
0.687976
0.684116
0.680475
0.677079
0.673954
0.671125
0.668619
0.666463
0.664682
0.663299
0.662319
0.661729
0.661485
0.661502
0.661624
0.792993
0.787566
0.781885
0.775975
0.770032
0.764089
0.758159
0.752262
0.746424
0.740671
0.735032
0.729535
0.724203
0.719049
0.714076
0.709274
0.70463
0.700125
0.695743
0.691472
0.687312
0.68327
0.67936
0.675604
0.672023
0.668644
0.665489
0.662584
0.659953
0.65762
0.655613
0.653954
0.652665
0.651752
0.651202
0.650976
0.650993
0.651109
0.766261
0.761913
0.757278
0.752384
0.747403
0.742366
0.737286
0.732186
0.727092
0.722035
0.717044
0.71215
0.707379
0.702745
0.698255
0.693904
0.68968
0.685571
0.681564
0.67765
0.673832
0.670117
0.66652
0.66306
0.659759
0.65664
0.653726
0.651041
0.648608
0.646449
0.64459
0.643053
0.641858
0.641011
0.640502
0.640293
0.640311
0.64042
0.739691
0.73639
0.732771
0.728866
0.724821
0.720663
0.716409
0.712083
0.707714
0.703333
0.698973
0.694669
0.690445
0.686322
0.682307
0.678399
0.674591
0.670874
0.667238
0.66368
0.660202
0.656813
0.653526
0.650362
0.647339
0.64448
0.641807
0.639341
0.637104
0.635118
0.633407
0.631991
0.630889
0.630108
0.629639
0.629447
0.629465
0.629568
0.713317
0.711032
0.708399
0.705453
0.702314
0.699009
0.695556
0.691981
0.688314
0.68459
0.680845
0.677115
0.673427
0.669804
0.666254
0.662782
0.659384
0.656055
0.652788
0.649583
0.646442
0.643377
0.640399
0.637528
0.634782
0.632181
0.629746
0.627497
0.625456
0.623641
0.622076
0.620779
0.61977
0.619054
0.618624
0.618449
0.618468
0.618564
0.687174
0.68587
0.684191
0.682174
0.679912
0.677431
0.674752
0.671903
0.668917
0.665831
0.662684
0.659512
0.656347
0.653212
0.650119
0.647076
0.644082
0.641136
0.638235
0.635379
0.632573
0.629828
0.627156
0.624575
0.622102
0.619757
0.617558
0.615525
0.613676
0.61203
0.610609
0.60943
0.608512
0.607861
0.60747
0.607311
0.60733
0.607419
0.661293
0.660937
0.660179
0.659057
0.657641
0.655955
0.654023
0.651875
0.649548
0.64708
0.644513
0.641885
0.639229
0.63657
0.633925
0.631302
0.628707
0.626138
0.623598
0.621087
0.618613
0.616185
0.613815
0.611521
0.609317
0.607224
0.605258
0.603436
0.601777
0.600298
0.599018
0.597955
0.597126
0.596538
0.596185
0.596044
0.596063
0.596145
0.635708
0.636264
0.636391
0.63613
0.635528
0.634606
0.633394
0.631922
0.630231
0.628361
0.626356
0.624255
0.622095
0.619901
0.617694
0.615484
0.613279
0.611084
0.608899
0.606729
0.604581
0.602465
0.600393
0.59838
0.596443
0.594597
0.592859
0.591246
0.589773
0.588457
0.587315
0.586366
0.585624
0.585098
0.584782
0.584657
0.584676
0.584752
0.610451
0.611881
0.612859
0.613423
0.6136
0.613412
0.612889
0.612068
0.61099
0.609698
0.608236
0.606648
0.604968
0.603228
0.601448
0.599642
0.597822
0.595992
0.594158
0.592323
0.590496
0.588686
0.586907
0.585171
0.583494
0.58189
0.580376
0.578966
0.577674
0.576517
0.575511
0.574672
0.574016
0.57355
0.573272
0.573162
0.573181
0.573251
0.585546
0.587817
0.589608
0.590963
0.591884
0.592397
0.592535
0.592338
0.591849
0.591114
0.590178
0.589085
0.587873
0.586573
0.58521
0.5838
0.582355
0.580885
0.579393
0.577887
0.576375
0.574866
0.573373
0.571908
0.570485
0.569118
0.567821
0.566609
0.565494
0.564491
0.563617
0.562886
0.562313
0.561906
0.561663
0.561568
0.561588
0.561651
0.561022
0.564096
0.566665
0.568773
0.570406
0.571588
0.572358
0.572758
0.572834
0.572634
0.572205
0.57159
0.570831
0.56996
0.569002
0.567977
0.5669
0.56578
0.564624
0.56344
0.562236
0.561021
0.559807
0.558605
0.55743
0.556292
0.555207
0.554186
0.553242
0.55239
0.551644
0.551018
0.550525
0.550175
0.549967
0.549887
0.549906
0.549964
0.536913
0.540749
0.544056
0.54688
0.549188
0.551007
0.55238
0.553351
0.553969
0.554283
0.55434
0.554187
0.553865
0.553409
0.552845
0.552195
0.551476
0.550697
0.549869
0.548999
0.548095
0.547166
0.546223
0.545278
0.544342
0.543427
0.542545
0.541709
0.540931
0.540224
0.539601
0.539077
0.538663
0.538368
0.538193
0.538127
0.538147
0.538198
0.513255
0.517809
0.521811
0.525309
0.528255
0.530679
0.532625
0.534142
0.535278
0.536084
0.536609
0.5369
0.537
0.536944
0.536761
0.536474
0.536101
0.535655
0.535145
0.53458
0.533967
0.533316
0.532636
0.531938
0.531233
0.530532
0.529847
0.529189
0.528571
0.528003
0.5275
0.527073
0.526735
0.526494
0.526351
0.526299
0.526319
0.526365
0.490081
0.495307
0.49996
0.50409
0.507637
0.510629
0.513119
0.515154
0.516784
0.518061
0.519034
0.519751
0.520256
0.520585
0.520769
0.520833
0.520796
0.520671
0.52047
0.520199
0.519868
0.519485
0.519059
0.518599
0.518115
0.51762
0.517123
0.516637
0.516171
0.515738
0.515349
0.515016
0.514751
0.514562
0.51445
0.514413
0.514433
0.514473
0.467423
0.473274
0.478532
0.483252
0.487359
0.490887
0.493887
0.496412
0.498511
0.500236
0.501636
0.50276
0.503653
0.504352
0.50489
0.505291
0.505577
0.505762
0.505858
0.505872
0.505812
0.505686
0.505503
0.505271
0.505
0.504701
0.504385
0.504062
0.503742
0.503438
0.503158
0.502916
0.502721
0.502581
0.5025
0.502476
0.502496
0.502532
0.445314
0.451739
0.457555
0.462821
0.46745
0.471477
0.474958
0.477943
0.480484
0.482632
0.484437
0.485948
0.48721
0.488263
0.489139
0.489865
0.490461
0.490944
0.491325
0.491611
0.491811
0.491931
0.49198
0.491966
0.491898
0.491786
0.491641
0.491474
0.491294
0.491111
0.490937
0.490781
0.490653
0.490561
0.490509
0.490498
0.49052
0.49055
0.423781
0.43073
0.437056
0.442824
0.447936
0.452427
0.456355
0.459771
0.462726
0.465271
0.467457
0.469333
0.470946
0.472335
0.473534
0.47457
0.475463
0.476231
0.476885
0.477431
0.477878
0.478233
0.478502
0.478694
0.478819
0.478885
0.478903
0.478882
0.478834
0.478768
0.478693
0.478619
0.478555
0.478509
0.478486
0.478488
0.478511
0.478537
0.402851
0.410272
0.417061
0.423287
0.428841
0.43376
0.438102
0.441918
0.445259
0.448174
0.450716
0.452935
0.454878
0.456586
0.458091
0.459421
0.460597
0.461636
0.462549
0.463343
0.464024
0.464601
0.465079
0.465466
0.465772
0.466006
0.466177
0.466297
0.466373
0.466417
0.466436
0.46644
0.466437
0.466435
0.46644
0.466455
0.466478
0.4665
0.382546
0.390387
0.397592
0.404232
0.410189
0.415499
0.420221
0.424405
0.4281
0.431358
0.434232
0.436771
0.439023
0.44103
0.442824
0.444432
0.445876
0.447172
0.448329
0.449357
0.45026
0.451045
0.451719
0.452291
0.452767
0.453159
0.453474
0.453725
0.453919
0.454066
0.454174
0.454252
0.454307
0.454347
0.454378
0.454405
0.45443
0.454448
0.362885
0.371097
0.378671
0.38568
0.392
0.397663
0.402729
0.407247
0.411267
0.41484
0.418019
0.420855
0.423395
0.425681
0.427746
0.429615
0.431311
0.432848
0.434237
0.435483
0.436593
0.437574
0.438433
0.439176
0.439812
0.440351
0.440802
0.441175
0.441479
0.441723
0.441915
0.442063
0.442173
0.442252
0.442309
0.442347
0.442373
0.442389
0.343884
0.352416
0.360313
0.367649
0.374289
0.380268
0.385642
0.390461
0.394774
0.398633
0.402091
0.4052
0.408007
0.410552
0.412869
0.414983
0.416915
0.418677
0.420281
0.421732
0.423035
0.424198
0.425227
0.42613
0.426915
0.427591
0.428167
0.428654
0.429062
0.429397
0.429667
0.42988
0.430042
0.430159
0.430239
0.430289
0.430316
0.430329
0.325553
0.334358
0.342532
0.350151
0.357072
0.363327
0.368973
0.374058
0.378633
0.382749
0.38646
0.389818
0.392869
0.395654
0.398204
0.400545
0.402695
0.404668
0.406471
0.408111
0.409594
0.410925
0.412111
0.413161
0.414083
0.414885
0.415578
0.416171
0.416674
0.417093
0.417437
0.417711
0.417921
0.418074
0.418177
0.418238
0.418266
0.418277
0.307899
0.31693
0.325337
0.333196
0.340356
0.346848
0.352729
0.358047
0.362852
0.367196
0.371134
0.374717
0.377991
0.380995
0.383761
0.386311
0.388663
0.390829
0.392816
0.39463
0.396276
0.397761
0.399092
0.400276
0.401323
0.402241
0.403041
0.403732
0.404322
0.404821
0.405232
0.405563
0.405819
0.406005
0.406129
0.4062
0.40623
0.406238
0.290926
0.300139
0.308735
0.31679
0.324148
0.330839
0.336918
0.342434
0.347438
0.351982
0.356121
0.359906
0.363381
0.366585
0.369547
0.372288
0.374825
0.377168
0.379322
0.381295
0.38309
0.384715
0.386176
0.387483
0.388643
0.389666
0.390563
0.391343
0.392015
0.392585
0.393059
0.393443
0.39374
0.393957
0.394101
0.394182
0.394214
0.394219
0.274634
0.283984
0.292726
0.300935
0.30845
0.3153
0.321541
0.327222
0.332394
0.337112
0.341427
0.34539
0.349046
0.35243
0.35557
0.358485
0.361189
0.363691
0.365997
0.368112
0.370041
0.371792
0.37337
0.374787
0.376049
0.377167
0.378152
0.379013
0.379757
0.380393
0.380924
0.381356
0.381692
0.381938
0.382101
0.382191
0.382224
0.382226
0.259018
0.268464
0.277309
0.285629
0.29326
0.300231
0.306598
0.312411
0.317723
0.322587
0.327055
0.331176
0.334992
0.338537
0.341836
0.344906
0.34776
0.350405
0.352846
0.355088
0.357136
0.358998
0.360681
0.362194
0.363547
0.36475
0.365813
0.366745
0.367556
0.36825
0.368834
0.369309
0.369681
0.369953
0.370132
0.370231
0.370265
0.370265
0.244072
0.25357
0.262477
0.270865
0.278573
0.285627
0.292086
0.298001
0.303425
0.308411
0.313009
0.317266
0.321223
0.324911
0.32835
0.331557
0.334543
0.337313
0.339873
0.342226
0.344378
0.346337
0.348111
0.34971
0.351142
0.352419
0.35355
0.354546
0.355415
0.356162
0.356792
0.357308
0.357712
0.358007
0.358202
0.358308
0.358343
0.358341
0.229785
0.239293
0.248218
0.256635
0.26438
0.271482
0.278001
0.283989
0.289499
0.294583
0.29929
0.303665
0.307744
0.311554
0.315116
0.318443
0.321542
0.324421
0.327082
0.329531
0.331772
0.333815
0.335667
0.337338
0.338838
0.340178
0.34137
0.342421
0.343341
0.344134
0.344805
0.345356
0.345788
0.346105
0.346313
0.346426
0.346462
0.346457
0.21614
0.225616
0.23452
0.242925
0.250671
0.257787
0.264336
0.270371
0.275944
0.281105
0.285901
0.290374
0.294555
0.298471
0.302137
0.305564
0.30876
0.311729
0.314476
0.317004
0.319321
0.321433
0.323349
0.325081
0.326639
0.328033
0.329274
0.330373
0.331336
0.33217
0.332877
0.333459
0.333916
0.334251
0.334471
0.334589
0.334625
0.334619
0.203119
0.212522
0.221364
0.22972
0.237432
0.244533
0.251085
0.257143
0.262757
0.267975
0.272842
0.277394
0.28166
0.285663
0.289414
0.292924
0.296198
0.299241
0.302057
0.304649
0.307025
0.309193
0.311162
0.312943
0.314547
0.315984
0.317267
0.318405
0.319405
0.320273
0.321011
0.321618
0.322097
0.322448
0.322678
0.322801
0.322838
0.32283
0.190697
0.199987
0.20873
0.217003
0.22465
0.231709
0.238241
0.2443
0.249936
0.255193
0.260112
0.264725
0.269059
0.27313
0.276948
0.280523
0.283858
0.286957
0.289825
0.292467
0.294888
0.297098
0.299106
0.300925
0.302564
0.304036
0.305352
0.306521
0.307551
0.308447
0.309209
0.309839
0.310335
0.310699
0.310938
0.311064
0.311101
0.311092
0.178849
0.187988
0.196598
0.204755
0.212312
0.219305
0.225796
0.231838
0.237478
0.242757
0.247711
0.252368
0.25675
0.260871
0.264739
0.26836
0.271738
0.274877
0.277781
0.280456
0.282908
0.285147
0.287183
0.289028
0.290693
0.29219
0.29353
0.294723
0.295776
0.296694
0.297476
0.298123
0.298633
0.299008
0.299253
0.299382
0.299419
0.299408
0.167543
0.176497
0.184944
0.192961
0.200404
0.207311
0.213744
0.219752
0.22538
0.230665
0.235637
0.240321
0.244733
0.248886
0.252784
0.256433
0.259837
0.262999
0.265923
0.268616
0.271085
0.27334
0.275392
0.277252
0.278933
0.280446
0.281803
0.283013
0.284082
0.285015
0.285813
0.286472
0.286993
0.287375
0.287626
0.287757
0.287794
0.287781
0.156749
0.165489
0.173747
0.181602
0.188913
0.195718
0.202078
0.208039
0.21364
0.218914
0.223887
0.22858
0.233005
0.23717
0.241081
0.24474
0.248152
0.25132
0.254249
0.256946
0.259418
0.261677
0.263732
0.265598
0.267285
0.268806
0.270171
0.271391
0.27247
0.273414
0.27422
0.274889
0.275417
0.275804
0.276058
0.27619
0.276226
0.276212
0.146435
0.154937
0.162987
0.170663
0.177827
0.184518
0.190792
0.196692
0.202252
0.2075
0.212458
0.217142
0.22156
0.22572
0.229625
0.233277
0.23668
0.239837
0.242756
0.245442
0.247904
0.250154
0.252203
0.254064
0.255748
0.257269
0.258635
0.259857
0.260941
0.261889
0.2627
0.263373
0.263905
0.264295
0.26455
0.264684
0.264719
0.264704
0.13657
0.144818
0.152646
0.16013
0.167138
0.173704
0.179881
0.185707
0.191213
0.196419
0.201345
0.206001
0.210394
0.21453
0.21841
0.222037
0.225413
0.228545
0.231438
0.2341
0.23654
0.23877
0.240802
0.242649
0.244322
0.245833
0.247194
0.248412
0.249494
0.25044
0.251252
0.251925
0.252458
0.252849
0.253104
0.253238
0.253272
0.253256
0.127127
0.135111
0.142708
0.149992
0.156835
0.163267
0.169338
0.175079
0.180515
0.185664
0.19054
0.19515
0.1995
0.203592
0.207429
0.211013
0.214348
0.217438
0.220291
0.222916
0.225322
0.227521
0.229526
0.231349
0.233003
0.234499
0.235846
0.237054
0.238128
0.239069
0.239876
0.240546
0.241076
0.241466
0.241721
0.241853
0.241887
0.24187
0.118085
0.1258
0.133161
0.14024
0.146912
0.153203
0.159157
0.1648
0.170153
0.175228
0.180035
0.18458
0.188868
0.192899
0.196675
0.200199
0.203475
0.206509
0.209309
0.211884
0.214245
0.216404
0.218372
0.220164
0.22179
0.223263
0.224591
0.225783
0.226843
0.227773
0.228572
0.229235
0.229761
0.230147
0.230399
0.23053
0.230563
0.230545
0.109425
0.116873
0.123997
0.130867
0.137363
0.143505
0.149331
0.154864
0.160117
0.1651
0.169821
0.174283
0.178489
0.18244
0.186137
0.189585
0.192787
0.195751
0.198486
0.201
0.203305
0.205413
0.207337
0.209089
0.210681
0.212123
0.213426
0.214596
0.215638
0.216553
0.217339
0.217992
0.21851
0.218891
0.21914
0.219268
0.219301
0.219283
0.101138
0.108322
0.115208
0.121867
0.12818
0.134164
0.139852
0.145259
0.150396
0.15527
0.159886
0.164246
0.168351
0.172204
0.175806
0.179162
0.182276
0.185158
0.187814
0.190257
0.192496
0.194545
0.196416
0.198121
0.199671
0.201078
0.202349
0.203493
0.204512
0.205407
0.206177
0.206817
0.207325
0.207698
0.207942
0.208069
0.2081
0.208081
0.0932136
0.10014
0.106789
0.113234
0.119358
0.125174
0.130709
0.135975
0.140979
0.145725
0.150217
0.154455
0.158443
0.16218
0.165671
0.16892
0.171933
0.174719
0.177287
0.179648
0.181813
0.183794
0.185604
0.187255
0.188758
0.190123
0.191358
0.19247
0.193462
0.194334
0.195084
0.195708
0.196204
0.196568
0.196806
0.196929
0.196959
0.196941
0.08565
0.0923226
0.0987352
0.10496
0.110886
0.116522
0.12189
0.126998
0.131851
0.13645
0.140799
0.144898
0.148749
0.152355
0.15572
0.158848
0.161747
0.164427
0.166896
0.169166
0.171248
0.173155
0.174897
0.176488
0.177938
0.179256
0.18045
0.181525
0.182486
0.183331
0.184058
0.184664
0.185145
0.185499
0.18573
0.18585
0.185878
0.18586
0.0784456
0.084867
0.0910397
0.0970368
0.102754
0.108196
0.11338
0.118312
0.122994
0.127428
0.131616
0.135558
0.139257
0.142716
0.14594
0.148935
0.151709
0.154272
0.156633
0.158804
0.160796
0.16262
0.164289
0.165815
0.167206
0.168472
0.16962
0.170656
0.171581
0.172396
0.173098
0.173683
0.174147
0.174489
0.174713
0.174828
0.174856
0.174837
0.0715997
0.0777682
0.0836948
0.089454
0.0949487
0.10018
0.105162
0.109899
0.114393
0.118643
0.122651
0.126419
0.12995
0.133248
0.136319
0.13917
0.141809
0.144246
0.146491
0.148555
0.150449
0.152186
0.153776
0.15523
0.156558
0.157768
0.158867
0.159859
0.160746
0.161527
0.162201
0.162763
0.163209
0.163538
0.163753
0.163864
0.16389
0.163872
0.0651099
0.0710193
0.0766898
0.0821975
0.0874533
0.0924562
0.0972178
0.101741
0.106026
0.110074
0.113886
0.117465
0.120814
0.123939
0.126845
0.129541
0.132036
0.134339
0.13646
0.138412
0.140203
0.141846
0.143352
0.144731
0.145991
0.147142
0.148187
0.149132
0.149977
0.150722
0.151365
0.151902
0.152329
0.152643
0.152849
0.152955
0.152979
0.152962
0.0589709
0.06461
0.0700106
0.0752504
0.080249
0.085004
0.0895254
0.0938152
0.097874
0.101703
0.105303
0.108679
0.111833
0.114773
0.117505
0.120038
0.122381
0.124543
0.126535
0.128367
0.13005
0.131595
0.133013
0.134312
0.135501
0.136588
0.137576
0.13847
0.139271
0.139978
0.140589
0.141099
0.141504
0.141803
0.141999
0.1421
0.142123
0.142106
0.0531734
0.0585263
0.0636397
0.0685927
0.0733142
0.0778012
0.0820628
0.0861008
0.0899158
0.0935093
0.0968837
0.100043
0.102992
0.105737
0.108287
0.110649
0.112832
0.114848
0.116704
0.118413
0.119984
0.121427
0.122752
0.123968
0.125082
0.126102
0.12703
0.127871
0.128625
0.129292
0.129868
0.130349
0.130732
0.131016
0.131201
0.131296
0.131318
0.131302
0.0477041
0.0527501
0.0575559
0.0622015
0.0666251
0.0708241
0.0748068
0.0785751
0.0821302
0.0854738
0.0886093
0.0915411
0.0942749
0.0968175
0.0991769
0.101362
0.103381
0.105245
0.106962
0.108543
0.109997
0.111334
0.112564
0.113693
0.11473
0.115679
0.116545
0.11733
0.118035
0.118659
0.119198
0.11965
0.120011
0.120277
0.120452
0.120542
0.120562
0.120546
0.0425444
0.0472595
0.0517354
0.0560518
0.0601568
0.0640481
0.0677336
0.0712158
0.0744961
0.077577
0.0804624
0.0831572
0.0856676
0.0880007
0.0901642
0.0921668
0.0940174
0.095725
0.0972991
0.098749
0.100084
0.101313
0.102444
0.103484
0.10444
0.105316
0.106116
0.106843
0.107497
0.108076
0.108578
0.108999
0.109336
0.109586
0.10975
0.109834
0.109853
0.109838
0.0376715
0.0420293
0.0461516
0.0501173
0.0538833
0.0574483
0.06082
0.064001
0.0669935
0.0698005
0.0724263
0.0748763
0.0771568
0.0792748
0.0812378
0.0830542
0.0847324
0.0862811
0.0877092
0.0890256
0.0902386
0.0913563
0.0923861
0.0933344
0.0942067
0.0950075
0.0957401
0.0964065
0.097007
0.0975403
0.0980038
0.0983938
0.0987065
0.0989393
0.0990926
0.0991713
0.0991887
0.0991744
0.033059
0.0370319
0.040777
0.0443708
0.0477788
0.0510003
0.0540429
0.0569097
0.0596031
0.0621268
0.0644854
0.0666843
0.0687297
0.0706283
0.0723872
0.0740142
0.0755173
0.0769048
0.0781848
0.0793655
0.0804546
0.0814591
0.0823855
0.0832395
0.0840261
0.0847493
0.0854121
0.0860162
0.0865619
0.0870478
0.0874716
0.0878298
0.0881184
0.0883344
0.0884773
0.088551
0.0885672
0.0885535
0.0286781
0.0322385
0.0355833
0.0387854
0.0418177
0.0446802
0.0473805
0.0499217
0.0523068
0.0545396
0.0566248
0.0585677
0.060374
0.0620498
0.0636018
0.0650371
0.0663632
0.0675877
0.068718
0.0697615
0.0707248
0.0716142
0.0724353
0.0731931
0.073892
0.0745356
0.0751267
0.0756668
0.0761561
0.0765936
0.076977
0.0773032
0.077568
0.0777679
0.0779015
0.077971
0.0779864
0.0779735
0.0244992
0.0276201
0.0305426
0.0333347
0.0359754
0.0384655
0.040812
0.0430184
0.0450876
0.0470236
0.0488307
0.0505138
0.052078
0.0535287
0.0548718
0.0561139
0.0572617
0.0583219
0.0593013
0.0602062
0.0610424
0.0618151
0.0625291
0.0631889
0.0637983
0.0643606
0.0648783
0.0653528
0.0657844
0.0661725
0.0665151
0.0668094
0.0670512
0.0672367
0.0673628
0.0674296
0.0674447
0.0674326
0.0204928
0.0231486
0.0256286
0.0279943
0.0302297
0.032336
0.0343197
0.0361838
0.0379316
0.0395663
0.0410919
0.0425126
0.0438325
0.0450563
0.0461893
0.0472372
0.0482057
0.0491009
0.0499285
0.0506938
0.0514016
0.0520562
0.0526617
0.053222
0.0537403
0.0542197
0.0546624
0.0550698
0.0554425
0.0557803
0.0560819
0.0563448
0.0565651
0.0567384
0.0568597
0.0569258
0.0569415
0.0569302
0.0166314
0.0187982
0.0208178
0.0227435
0.0245625
0.0262762
0.02789
0.0294068
0.0308291
0.0321595
0.0334014
0.0345577
0.0356321
0.0366282
0.0375504
0.0384035
0.0391925
0.0399222
0.0405973
0.0412221
0.0418005
0.0423359
0.0428317
0.0432911
0.043717
0.044112
0.0444782
0.044817
0.0451296
0.0454164
0.0456768
0.045909
0.0461098
0.0462738
0.0463933
0.0464608
0.0464776
0.046467
0.0128847
0.0145397
0.0160822
0.0175558
0.0189492
0.0202634
0.0215023
0.022668
0.0237619
0.024786
0.0257423
0.0266332
0.027461
0.0282288
0.0289398
0.0295979
0.0302069
0.0307707
0.0312927
0.0317763
0.0322243
0.0326394
0.0330244
0.0333817
0.0337138
0.0340229
0.034311
0.0345799
0.0348312
0.0350662
0.0352857
0.0354894
0.0356749
0.035836
0.035961
0.0360358
0.0360557
0.0360453
0.00919089
0.0103006
0.0113465
0.0123547
0.0133134
0.0142216
0.0150812
0.0158924
0.0166557
0.0173715
0.018041
0.0186653
0.0192458
0.0197847
0.0202841
0.0207467
0.0211753
0.0215724
0.0219405
0.0222819
0.0225985
0.0228922
0.0231651
0.023419
0.0236559
0.0238776
0.0240862
0.0242837
0.0244728
0.0246564
0.0248375
0.0250189
0.0252008
0.0253767
0.0255302
0.0256358
0.025674
0.0256678
0.00551695
0.00607046
0.00660049
0.00713377
0.00765172
0.00815032
0.00862832
0.00908391
0.00951575
0.0099231
0.0103057
0.0106636
0.0109973
0.0113078
0.0115962
0.0118639
0.0121124
0.0123432
0.0125575
0.0127566
0.0129417
0.0131139
0.0132745
0.0134247
0.0135659
0.0136997
0.013828
0.0139534
0.0140796
0.0142112
0.0143544
0.0145155
0.014698
0.0148973
0.0150936
0.0152493
0.0153262
0.0153368
0.0018773
0.00198372
0.00210076
0.00223798
0.00238073
0.00252423
0.00266622
0.00280475
0.0029384
0.0030662
0.00318751
0.00330197
0.00340947
0.00351008
0.00360404
0.00369169
0.00377344
0.00384968
0.00392082
0.00398723
0.00404929
0.00410745
0.00416219
0.00421407
0.00426375
0.00431211
0.00436017
0.00440942
0.0044616
0.0045189
0.00458377
0.00465839
0.00474355
0.00483653
0.00492863
0.00500435
0.00504735
0.00505998
)
;

boundaryField
{
    leftWall
    {
        type            fixedFluxPressure;
        gradient        uniform 0;
        value           nonuniform List<scalar> 
100
(
1293.29
1292.92
1292.89
1293.24
1294
1295.22
1296.94
1299.21
1302.02
1305.4
1309.32
1313.76
1318.71
1324.14
1330.03
1336.37
1346.93
1362.88
1380.49
1399.83
1420.94
1443.84
1468.52
1494.96
1523.1
1552.9
1584.29
1617.21
1651.58
1687.34
1724.41
1762.74
1802.25
1842.88
1884.56
1927.21
1970.79
2015.22
2060.45
2106.42
2153.08
2200.35
2248.19
2296.55
2345.38
2394.59
2444.06
2493.9
2544.09
2592.67
2636.98
2652.1
1435.92
3.53993
-1.36041
-1.3126
-1.26042
-1.20956
-1.1604
-1.11096
-1.06251
-1.01549
-0.970142
-0.926447
-0.884371
-0.843899
-0.80497
-0.767479
-0.731333
-0.69646
-0.662786
-0.630246
-0.598794
-0.5684
-0.539017
-0.510581
-0.483054
-0.45644
-0.430771
-0.406052
-0.382227
-0.359205
-0.336906
-0.315305
-0.294428
-0.274309
-0.254937
-0.236222
-0.218016
-0.200157
-0.182523
-0.165067
-0.14782
-0.130876
-0.114333
-0.098157
-0.0824209
-0.068092
-0.0537946
-0.0275872
)
;
    }
    rightWall
    {
        type            fixedFluxPressure;
        gradient        uniform 0;
        value           nonuniform List<scalar> 
100
(
0.846995
0.846999
0.846945
0.846831
0.846641
0.846366
0.845998
0.845534
0.844972
0.844313
0.843563
0.842724
0.841803
0.840803
0.839727
0.838573
0.836634
0.833658
0.830352
0.826698
0.822679
0.818287
0.813522
0.808385
0.802882
0.797018
0.790801
0.784238
0.777338
0.770111
0.762565
0.754712
0.74656
0.738122
0.729407
0.720428
0.711195
0.701719
0.692013
0.682088
0.671955
0.661624
0.651109
0.64042
0.629568
0.618564
0.607419
0.596145
0.584752
0.573251
0.561651
0.549964
0.538198
0.526365
0.514473
0.502532
0.49055
0.478537
0.4665
0.454448
0.442389
0.430329
0.418277
0.406238
0.394219
0.382226
0.370265
0.358341
0.346457
0.334619
0.32283
0.311092
0.299408
0.287781
0.276212
0.264704
0.253256
0.24187
0.230545
0.219283
0.208081
0.196941
0.18586
0.174837
0.163872
0.152962
0.142106
0.131302
0.120546
0.109838
0.0991744
0.0885535
0.0779735
0.0674326
0.0569302
0.046467
0.0360453
0.0256678
0.0153368
0.00505998
)
;
    }
    lowerWall
    {
        type            fixedFluxPressure;
        gradient        uniform 0;
        value           nonuniform List<scalar> 
124
(
1293.29
1293.83
1291.66
1285.96
1276.36
1262.9
1245.75
1225.09
1201.02
1173.6
1142.82
1108.58
1070.76
1029.13
983.413
933.265
878.222
817.686
750.786
676.443
592.98
498.034
392.376
278.663
165.811
80.188
36.3373
10.6496
4.19161
3.23846
2.87394
2.71776
2.61744
2.5354
2.46479
2.39937
2.33903
2.28425
2.23554
2.19325
2.15775
2.12962
2.10924
2.09666
2.09135
2.09254
2.09254
2.09206
2.08963
2.08555
2.07948
2.07117
2.06048
2.04735
2.03166
2.01326
1.99189
1.96708
1.93799
1.90306
1.85932
1.80147
1.45464
1.42641
1.43075
1.42172
1.40183
1.37969
1.35617
1.3289
1.14876
1.14876
1.14904
1.14958
1.15045
1.1517
1.15335
1.15543
1.15791
1.16077
1.16396
1.16761
1.17167
1.17427
1.17317
1.18215
1.14876
1.149
1.14624
1.14053
1.13208
1.12151
1.10943
1.09632
1.08259
1.06851
1.05431
1.04015
1.02615
1.01242
0.999022
0.986025
0.973489
0.961448
0.949952
0.939028
0.9287
0.918988
0.909889
0.901418
0.893556
0.886305
0.879654
0.87359
0.868124
0.863237
0.858954
0.855279
0.852235
0.849866
0.84818
0.847206
0.846858
0.846995
)
;
    }
    atmosphere
    {
        type            totalPressure;
        rho             rho;
        psi             none;
        gamma           1;
        p0              uniform 0;
        value           nonuniform List<scalar> 
92
(
-0.00394203
-0.00602524
-0.00480051
-0.00409449
-0.00359542
-0.0032164
-0.00292072
-0.00268413
-0.00248857
-0.00232059
-0.0021705
-0.00203169
-0.00189994
-0.00177276
-0.00164883
-0.00152759
-0.00140896
-0.00129311
-0.00118035
-0.0010711
-0.000965769
-0.000864795
-0.00076857
-0.000677457
-0.000591766
-0.000511757
-0.000437635
-0.000369541
-0.000307559
-0.000251712
-0.000201964
-0.000158229
-0.000120367
-8.81904e-05
-6.14675e-05
-3.99373e-05
-2.33268e-05
-1.13802e-05
-3.88858e-06
-5.41313e-07
0
0
0
0
0
0
0
0
0
0
0
0
0
0
0
0
0
0
0
0
0
0
0
0
0
0
0
0
0
0
0
0
0
0
0
0
0
0
0
0
0
0
0
0
0
0
0
0
0
0
0
0
)
;
    }
    defaultFaces
    {
        type            empty;
    }
}


// ************************************************************************* //
