/*--------------------------------*- C++ -*----------------------------------*\
  =========                 |
  \\      /  F ield         | OpenFOAM: The Open Source CFD Toolbox
   \\    /   O peration     | Website:  https://openfoam.org
    \\  /    A nd           | Version:  7
     \\/     M anipulation  |
\*---------------------------------------------------------------------------*/
FoamFile
{
    version     2.0;
    format      ascii;
    class       volScalarField;
    location    "0.45";
    object      epsilon;
}
// * * * * * * * * * * * * * * * * * * * * * * * * * * * * * * * * * * * * * //

dimensions      [0 2 -3 0 0 0 0];

internalField   nonuniform List<scalar> 
9072
(
0.0254819
0.0812779
0.149426
0.224533
0.295199
0.361292
0.428477
0.492151
0.553538
0.613299
0.672033
0.730212
0.788152
0.846013
0.903804
0.961406
1.01859
1.07502
1.13031
1.18399
1.23554
1.28442
1.33003
1.37177
1.40901
1.44111
1.46744
1.48732
1.50006
1.50484
1.50017
1.48978
1.47137
1.44296
1.40321
1.35105
1.28568
1.20723
1.11771
1.02124
0.920201
0.816581
0.712332
0.600694
0.490469
0.35622
0.0343582
0.0531192
0.0803451
0.110131
0.138973
0.165574
0.190287
0.213586
0.235964
0.25779
0.279355
0.300871
0.322473
0.344227
0.366139
0.38816
0.410202
0.432142
0.453829
0.475093
0.495748
0.515601
0.534452
0.552102
0.568354
0.583023
0.595935
0.60694
0.615911
0.622759
0.627466
0.63223
0.636593
0.640501
0.644203
0.648193
0.653107
0.659577
0.667957
0.677379
0.681623
0.666206
0.582141
0.456219
0.364317
0.401414
0.0457643
0.0497582
0.0699096
0.0917489
0.112571
0.131107
0.147965
0.1636
0.178419
0.192751
0.206852
0.220906
0.235031
0.249291
0.2637
0.278235
0.292843
0.307446
0.321949
0.336242
0.35021
0.36373
0.376681
0.388944
0.400409
0.410977
0.42057
0.429138
0.436669
0.443209
0.448942
0.454805
0.461173
0.468472
0.477365
0.4888
0.504014
0.52448
0.551643
0.585823
0.621224
0.638651
0.599069
0.500742
0.434413
0.583743
0.0529243
0.0511786
0.0683778
0.0868166
0.103866
0.119108
0.132832
0.14541
0.1572
0.168504
0.17956
0.190539
0.201552
0.212662
0.223891
0.235226
0.246632
0.25805
0.26941
0.28063
0.291622
0.302296
0.312563
0.322339
0.33155
0.340137
0.348061
0.355316
0.361939
0.368036
0.373841
0.379961
0.386912
0.39529
0.405906
0.419843
0.438473
0.463408
0.496235
0.537475
0.582222
0.612893
0.601636
0.548252
0.519202
0.784017
0.0576567
0.054742
0.0700643
0.0860193
0.100792
0.114059
0.12598
0.136852
0.146982
0.156641
0.166042
0.175341
0.184643
0.194009
0.20346
0.212994
0.22258
0.232175
0.24172
0.251151
0.260396
0.269383
0.278044
0.286314
0.294141
0.301487
0.308341
0.31472
0.320694
0.326398
0.332089
0.338266
0.345467
0.354352
0.365783
0.380872
0.40098
0.427649
0.462302
0.50527
0.55242
0.589631
0.598153
0.585173
0.60995
1.02239
0.0637722
0.05978
0.073234
0.0872373
0.100259
0.112035
0.122664
0.132374
0.14142
0.15003
0.158389
0.166636
0.174864
0.183127
0.191447
0.199823
0.208231
0.216635
0.224986
0.233228
0.241303
0.249152
0.256719
0.263953
0.270819
0.277294
0.283384
0.289125
0.294607
0.299987
0.305534
0.311699
0.319023
0.328182
0.340049
0.355714
0.376481
0.403767
0.438787
0.481684
0.529097
0.570624
0.594928
0.616462
0.699837
1.28001
0.0715626
0.0657412
0.0773507
0.0895951
0.101077
0.111573
0.121141
0.129949
0.138195
0.146062
0.153704
0.161234
0.168733
0.176245
0.18379
0.191367
0.198955
0.206522
0.214026
0.221419
0.228652
0.235675
0.242442
0.248915
0.255068
0.260893
0.266406
0.271662
0.276763
0.28188
0.28729
0.293421
0.300807
0.310123
0.322225
0.338168
0.359182
0.386561
0.421361
0.463657
0.510904
0.556144
0.594205
0.645216
0.783607
1.53471
0.0798559
0.072129
0.0819979
0.0925927
0.102648
0.111978
0.12061
0.128657
0.136262
0.143562
0.150674
0.157688
0.164665
0.171642
0.178633
0.185632
0.192623
0.199575
0.206452
0.213212
0.219812
0.226209
0.232367
0.238256
0.243861
0.249183
0.25425
0.259127
0.263928
0.268836
0.274128
0.280222
0.287638
0.297041
0.309261
0.325309
0.346345
0.373565
0.407935
0.449595
0.496855
0.545748
0.596217
0.672769
0.860497
1.79119
0.0881058
0.078502
0.0868245
0.0958847
0.104612
0.112862
0.120643
0.128019
0.135081
0.141922
0.148623
0.155248
0.16184
0.168422
0.175003
0.181575
0.188119
0.194607
0.201006
0.20728
0.21339
0.219301
0.224983
0.230414
0.235588
0.240514
0.24523
0.249809
0.254375
0.259117
0.264316
0.270375
0.277806
0.287252
0.299518
0.315567
0.336498
0.363444
0.397344
0.438518
0.486143
0.538774
0.600519
0.699589
0.9323
2.04063
0.0959998
0.0846407
0.0915676
0.0992226
0.106726
0.113982
0.120984
0.127758
0.134347
0.140803
0.147173
0.153494
0.159792
0.166077
0.17235
0.178598
0.184801
0.190932
0.196961
0.202855
0.20858
0.214107
0.219411
0.224479
0.229309
0.233921
0.238359
0.242705
0.247088
0.251703
0.256831
0.262864
0.2703
0.279764
0.292029
0.308016
0.328775
0.355403
0.38887
0.429754
0.478098
0.534576
0.606737
0.726467
1.00299
2.31797
0.103391
0.0904347
0.0960628
0.102438
0.108828
0.115178
0.121473
0.127704
0.133875
0.140001
0.146096
0.152175
0.158244
0.164301
0.170338
0.176337
0.182277
0.188131
0.19387
0.199464
0.204883
0.210103
0.215105
0.219882
0.224439
0.228801
0.23302
0.237183
0.241427
0.245949
0.251027
0.257045
0.264486
0.273953
0.286189
0.302077
0.32263
0.348932
0.382031
0.422811
0.472155
0.53257
0.614547
0.753772
1.07329
2.5905
0.110333
0.095874
0.100232
0.105428
0.11081
0.116345
0.122004
0.127749
0.133551
0.13939
0.145255
0.151136
0.157024
0.162903
0.168757
0.174564
0.180299
0.185935
0.191445
0.1968
0.201975
0.206949
0.211709
0.216253
0.220591
0.224756
0.228804
0.232829
0.236971
0.241429
0.246478
0.252492
0.259941
0.269405
0.281597
0.297368
0.317701
0.343689
0.376482
0.4173
0.467836
0.532219
0.62361
0.781902
1.14694
2.89094
0.11713
0.100996
0.104051
0.108139
0.112605
0.117411
0.122507
0.127824
0.133302
0.138893
0.144562
0.15028
0.156022
0.16176
0.167471
0.173128
0.178702
0.184167
0.189495
0.194659
0.199638
0.204415
0.208981
0.213338
0.217504
0.221514
0.225433
0.229356
0.233428
0.237847
0.242888
0.248912
0.256374
0.265835
0.277979
0.293626
0.31374
0.33943
0.371968
0.412911
0.464718
0.532999
0.633493
0.811235
1.22901
3.23817
0.123809
0.10581
0.107514
0.11054
0.114171
0.118333
0.122938
0.127885
0.133082
0.13846
0.143963
0.149546
0.155168
0.160795
0.166393
0.171931
0.177379
0.182707
0.18789
0.192902
0.197724
0.202343
0.206754
0.210963
0.214993
0.218886
0.222708
0.226562
0.230591
0.234996
0.240047
0.246095
0.25358
0.263043
0.275141
0.290667
0.310568
0.335978
0.36829
0.409383
0.462416
0.534355
0.643515
0.84159
1.32452
3.65646
0.130012
0.110291
0.110603
0.112603
0.115478
0.119082
0.123273
0.127906
0.132866
0.138063
0.143426
0.148895
0.15442
0.159956
0.165464
0.170908
0.176255
0.181475
0.186542
0.191432
0.196129
0.200621
0.204908
0.209001
0.212927
0.216732
0.220488
0.224298
0.228309
0.232722
0.2378
0.243886
0.251406
0.26088
0.272942
0.288356
0.308056
0.3332
0.365291
0.406494
0.460572
0.535666
0.652526
0.870955
1.43062
4.18038
0.135804
0.114369
0.113268
0.114291
0.1165
0.119643
0.123497
0.127876
0.13264
0.137686
0.142931
0.148306
0.15375
0.159212
0.164648
0.170016
0.175283
0.180416
0.18539
0.190183
0.194778
0.19917
0.203359
0.207363
0.211211
0.214954
0.218667
0.222457
0.226471
0.23091
0.236032
0.242172
0.24974
0.259237
0.271275
0.286591
0.306104
0.330991
0.362845
0.404059
0.458861
0.536259
0.658781
0.89341
1.5235
4.95725
0.0616522
0.139693
0.218019
0.270156
0.311181
0.348096
0.383931
0.419824
0.455374
0.489032
0.520446
0.548811
0.567309
0.564736
0.56482
2.39661
0.566767
0.56742
0.566594
0.566023
0.567078
0.552019
0.519902
0.482911
0.443013
0.401748
0.360628
0.322159
0.288518
0.259348
0.234076
0.211591
0.190219
0.167822
0.141969
0.110558
0.0729769
0.0361554
0.0185799
0.109512
0.158435
0.184368
0.201279
0.216262
0.232311
0.250122
0.269464
0.288659
0.307086
0.325319
0.357407
0.413092
0.437089
0.46323
0.458617
0.458698
0.45294
0.432929
0.371295
0.31087
0.286035
0.262125
0.237795
0.214155
0.192544
0.174882
0.161951
0.152993
0.147069
0.142572
0.137304
0.128771
0.11444
0.0927377
0.0608454
0.0157172
0.104762
0.112751
0.144276
0.160544
0.170463
0.180028
0.19164
0.205648
0.221405
0.237496
0.253161
0.268072
0.284625
0.305558
0.32023
0.328872
0.331462
0.328123
0.31798
0.300156
0.274415
0.25165
0.231731
0.211036
0.190118
0.170109
0.152247
0.137831
0.127758
0.121852
0.119546
0.119533
0.119625
0.116946
0.108302
0.0915193
0.0630807
0.0185682
0.153871
0.121888
0.14165
0.153365
0.161092
0.169456
0.180378
0.194013
0.209436
0.225311
0.240761
0.255177
0.268658
0.282168
0.29227
0.297864
0.29867
0.294779
0.28599
0.272519
0.255513
0.237727
0.218728
0.198596
0.178248
0.158824
0.141518
0.127482
0.117698
0.112297
0.110918
0.112464
0.11478
0.11472
0.10862
0.0938971
0.0698616
0.0869141
0.202414
0.13376
0.144595
0.153934
0.161497
0.170523
0.182493
0.197437
0.214135
0.231193
0.247589
0.262576
0.275767
0.287173
0.295451
0.299688
0.299664
0.295491
0.287225
0.275151
0.259968
0.242529
0.223133
0.202462
0.181521
0.161461
0.143476
0.128711
0.118232
0.112348
0.110816
0.112691
0.115877
0.11702
0.11209
0.0982548
0.0769686
0.103633
0.250506
0.147641
0.151385
0.159705
0.168416
0.179422
0.193774
0.211377
0.230622
0.249939
0.268087
0.284195
0.297801
0.308646
0.316009
0.319304
0.318453
0.313628
0.304969
0.292691
0.277181
0.258918
0.238459
0.216615
0.194413
0.173024
0.153669
0.137537
0.125793
0.118862
0.116547
0.117999
0.121192
0.122654
0.118068
0.104469
0.0849433
0.123004
0.299233
0.163384
0.161502
0.170036
0.181168
0.195526
0.213709
0.235442
0.25857
0.281237
0.301854
0.319399
0.333529
0.344088
0.350626
0.352797
0.350692
0.344604
0.334753
0.321315
0.304542
0.284845
0.262839
0.239348
0.215401
0.192181
0.170952
0.152976
0.139533
0.131142
0.127589
0.128061
0.130585
0.131645
0.12673
0.112774
0.0941405
0.145244
0.349733
0.181193
0.175052
0.185269
0.200454
0.219967
0.243891
0.271568
0.300118
0.327327
0.351068
0.370105
0.384428
0.394301
0.399546
0.399966
0.395831
0.387639
0.375761
0.360374
0.341667
0.320019
0.296027
0.270484
0.244389
0.21893
0.195412
0.175185
0.159668
0.14947
0.144311
0.143345
0.144613
0.144598
0.138671
0.123654
0.104949
0.170932
0.403421
0.201694
0.192776
0.206688
0.228292
0.255619
0.288053
0.323924
0.359555
0.392471
0.419766
0.439884
0.45346
0.461607
0.464547
0.46214
0.4548
0.443352
0.428431
0.410252
0.388931
0.364797
0.338394
0.310439
0.281867
0.253839
0.227694
0.204877
0.186962
0.174668
0.167598
0.16481
0.164292
0.162524
0.154815
0.137861
0.11793
0.200953
0.462314
0.226292
0.216493
0.236971
0.268552
0.307774
0.352882
0.399483
0.443477
0.482728
0.513366
0.533307
0.544271
0.548849
0.547871
0.541094
0.528932
0.512683
0.493436
0.471477
0.446792
0.419609
0.390395
0.359747
0.328479
0.297678
0.268688
0.243049
0.222507
0.207919
0.198727
0.193819
0.191046
0.186833
0.176444
0.156463
0.133917
0.23673
0.529493
0.258011
0.250325
0.281322
0.328051
0.385389
0.449352
0.508684
0.560679
0.605223
0.637604
0.654805
0.660041
0.658219
0.651096
0.638005
0.619023
0.59605
0.570926
0.544076
0.515241
0.484476
0.452144
0.418678
0.384692
0.35113
0.319289
0.290788
0.267565
0.250653
0.239295
0.232123
0.226733
0.219395
0.205289
0.180929
0.15412
0.280505
0.610117
0.303293
0.303709
0.349853
0.418421
0.502596
0.593097
0.664917
0.720653
0.765986
0.796187
0.806512
0.801618
0.789608
0.77359
0.75208
0.724217
0.692424
0.659727
0.626886
0.593232
0.558508
0.522967
0.486838
0.450445
0.414485
0.380134
0.349057
0.323401
0.304435
0.291162
0.281854
0.273699
0.262641
0.243662
0.213262
0.180271
0.335695
0.713103
0.37584
0.39873
0.462391
0.558844
0.679273
0.801332
0.879935
0.928769
0.965271
0.98654
0.984801
0.964985
0.938496
0.910571
0.878891
0.840667
0.798301
0.756515
0.716859
0.678087
0.639396
0.60094
0.562751
0.524766
0.487307
0.451319
0.41845
0.391083
0.370813
0.356365
0.345519
0.334843
0.319699
0.294648
0.256216
0.214847
0.407381
0.856077
0.507289
0.585009
0.655855
0.778278
0.93634
1.08098
1.15063
1.17599
1.18974
1.19387
1.17591
1.13775
1.09336
1.05117
1.00867
0.960153
0.906746
0.855127
0.808498
0.765023
0.723002
0.682511
0.643486
0.605408
0.568085
0.532074
0.498902
0.471232
0.451135
0.43701
0.425977
0.413698
0.394573
0.362376
0.313641
0.261467
0.503009
1.08425
0.757791
0.950381
0.982357
1.1053
1.2719
1.39764
1.43415
1.42375
1.40446
1.38549
1.35074
1.29527
1.23319
1.17672
1.12495
1.06894
1.00665
0.946198
0.893618
0.84696
0.803198
0.762321
0.724439
0.688596
0.653954
0.620492
0.589426
0.563737
0.546346
0.535153
0.526416
0.514532
0.492381
0.452396
0.391024
0.325697
0.633588
1.75124
1.26779
1.53661
1.43583
1.48585
1.57497
1.61457
1.62686
1.59372
1.54578
1.50811
1.4641
1.39929
1.32581
1.25981
1.20411
1.14751
1.08254
1.01733
0.961594
0.914678
0.871995
0.833318
0.799358
0.768948
0.740551
0.713344
0.687906
0.66744
0.656769
0.652673
0.650352
0.642479
0.619659
0.57216
0.49623
0.416646
0.817588
0.141866
0.11879
0.116074
0.115992
0.117491
0.120159
0.123661
0.12776
0.132298
0.137161
0.142259
0.147513
0.152853
0.158222
0.163565
0.168838
0.174004
0.179029
0.183886
0.188557
0.193027
0.197294
0.201364
0.205259
0.209016
0.212691
0.216364
0.220146
0.224186
0.228683
0.23389
0.240127
0.247789
0.257347
0.26937
0.28456
0.303804
0.328296
0.359727
0.400732
0.455979
0.53511
0.661107
0.898407
1.45815
3.06979
0.146712
0.122781
0.118021
0.116799
0.117784
0.1202
0.123515
0.127432
0.131796
0.136505
0.14147
0.146611
0.151854
0.157133
0.162391
0.167578
0.172653
0.177582
0.182339
0.186905
0.191269
0.195434
0.199411
0.203229
0.206932
0.210584
0.214272
0.218108
0.222246
0.226883
0.232264
0.238697
0.24655
0.25626
0.268345
0.283446
0.302396
0.326357
0.357022
0.396995
0.450705
0.526604
0.642659
0.841345
1.23208
2.06765
0.14518
0.123185
0.117312
0.115938
0.117116
0.119703
0.123074
0.126963
0.131259
0.135889
0.140778
0.14585
0.15103
0.156252
0.161455
0.166587
0.171606
0.176478
0.181174
0.185678
0.189983
0.194091
0.198022
0.201808
0.205501
0.209171
0.21291
0.216837
0.221108
0.225921
0.231518
0.238192
0.246291
0.256216
0.268437
0.283525
0.302236
0.325654
0.355362
0.393688
0.444346
0.513771
0.613904
0.768283
1.02425
1.44343
0.137736
0.119978
0.114724
0.114244
0.116079
0.11899
0.122479
0.126393
0.130678
0.135282
0.140141
0.145182
0.150335
0.155532
0.160714
0.165825
0.170822
0.175669
0.180341
0.18482
0.189101
0.193188
0.197105
0.20089
0.204599
0.208308
0.212114
0.216143
0.220559
0.22557
0.231417
0.238379
0.246778
0.256987
0.269432
0.284611
0.303183
0.326125
0.35483
0.391208
0.438115
0.500028
0.584041
0.701502
0.868708
1.09066
0.131183
0.116629
0.113318
0.113524
0.115709
0.118685
0.122155
0.126049
0.130322
0.134914
0.139757
0.144781
0.14992
0.15511
0.160291
0.165407
0.170402
0.175246
0.179913
0.184387
0.188662
0.192747
0.196667
0.200466
0.204203
0.207958
0.211828
0.215946
0.220493
0.225701
0.231831
0.239136
0.247901
0.258462
0.271222
0.286631
0.305247
0.327913
0.355741
0.390122
0.433125
0.487679
0.557536
0.647349
0.761126
0.893506
0.217633
0.132228
0.118992
0.116726
0.117352
0.119596
0.122735
0.12646
0.130632
0.135156
0.139948
0.144935
0.150044
0.155208
0.160389
0.165638
0.170695
0.175532
0.180182
0.184635
0.188887
0.19295
0.196854
0.20065
0.204407
0.208207
0.212139
0.216335
0.220999
0.22641
0.23288
0.240577
0.24973
0.260614
0.273692
0.289429
0.308385
0.331216
0.358493
0.390984
0.430264
0.478159
0.536263
0.606001
0.687413
0.775089
0.546627
0.255204
0.214267
0.195069
0.180307
0.172421
0.168357
0.166553
0.166221
0.166861
0.168153
0.169874
0.171796
0.173682
0.175215
0.175951
0.177619
0.180448
0.183821
0.187406
0.191044
0.19466
0.198233
0.201774
0.205322
0.208934
0.2127
0.216756
0.221303
0.226844
0.234264
0.242956
0.253163
0.264389
0.277362
0.292999
0.312526
0.336261
0.363301
0.393928
0.430019
0.472309
0.520898
0.576072
0.637071
0.69988
0.666071
0.314031
0.261009
0.232691
0.218157
0.210182
0.205394
0.202502
0.200978
0.200526
0.20095
0.202117
0.203927
0.20631
0.209226
0.212677
0.21667
0.221099
0.225865
0.230914
0.236225
0.2418
0.247645
0.253761
0.260117
0.266606
0.272933
0.278289
0.280719
0.275984
0.248416
0.246488
0.254351
0.265364
0.27961
0.296466
0.320433
0.347528
0.371634
0.399111
0.432983
0.470695
0.511362
0.556053
0.603859
0.65155
0.627958
0.313327
0.2723
0.255164
0.245693
0.240075
0.236443
0.233992
0.23244
0.231676
0.231637
0.232273
0.233545
0.235415
0.237849
0.240824
0.244341
0.248411
0.253034
0.258218
0.263991
0.270401
0.277513
0.285402
0.29413
0.303706
0.313968
0.324314
0.333354
0.339135
0.342392
0.349973
0.3581
0.354883
0.306197
0.303046
0.324912
0.353682
0.377073
0.408659
0.445468
0.476498
0.508654
0.546006
0.585377
0.622622
0.582328
0.311718
0.278217
0.266842
0.261016
0.257663
0.255598
0.254274
0.253487
0.25318
0.253344
0.253983
0.255106
0.256722
0.25884
0.261479
0.264669
0.268457
0.272893
0.278035
0.283959
0.290763
0.29857
0.307518
0.317744
0.329345
0.342292
0.356282
0.370663
0.384875
0.399974
0.417937
0.436676
0.447631
0.446579
0.44969
0.453834
0.41067
0.38584
0.414047
0.454589
0.482589
0.513249
0.549547
0.583921
0.61171
0.559804
0.317384
0.283388
0.272766
0.268179
0.266034
0.265122
0.26489
0.265085
0.265607
0.266428
0.267554
0.26901
0.270832
0.273061
0.275747
0.278952
0.282746
0.287212
0.292443
0.29855
0.305668
0.313953
0.323575
0.334705
0.347479
0.361938
0.377954
0.39524
0.413628
0.433672
0.456414
0.481377
0.50485
0.524672
0.544542
0.56247
0.565109
0.565803
0.572922
0.528247
0.49164
0.516423
0.552981
0.588823
0.6133
0.556769
0.32765
0.288211
0.275354
0.270172
0.268192
0.267851
0.268421
0.269523
0.270963
0.272651
0.274559
0.276695
0.279096
0.281811
0.284907
0.288459
0.292559
0.297308
0.302821
0.309234
0.316699
0.325388
0.335485
0.347169
0.36059
0.37583
0.392867
0.411606
0.432037
0.454512
0.479623
0.507178
0.53544
0.563081
0.591515
0.621281
0.647743
0.671015
0.693254
0.701264
0.705895
0.722891
0.735102
0.653278
0.628758
0.561251
0.33799
0.291837
0.27558
0.268857
0.266357
0.266099
0.267128
0.268919
0.271174
0.273728
0.276502
0.279472
0.282654
0.286089
0.289842
0.293994
0.298641
0.303895
0.309884
0.316752
0.324662
0.33379
0.344323
0.356441
0.370302
0.386018
0.403639
0.423181
0.444708
0.468452
0.494722
0.523402
0.553608
0.584536
0.616691
0.650649
0.684509
0.717279
0.750599
0.78098
0.807077
0.836652
0.863739
0.874022
0.889149
0.572325
0.347192
0.293907
0.273986
0.265392
0.262029
0.261523
0.262707
0.264929
0.267798
0.271084
0.274655
0.27845
0.282458
0.286701
0.291233
0.296127
0.301479
0.3074
0.314021
0.321489
0.329968
0.339634
0.350672
0.363264
0.377574
0.393738
0.411857
0.432009
0.454293
0.478868
0.505887
0.535261
0.566503
0.599102
0.633086
0.668576
0.704718
0.740761
0.777121
0.812224
0.844421
0.87797
0.9141
0.945233
0.970307
0.589897
0.354971
0.294459
0.271001
0.260526
0.256174
0.255224
0.256335
0.25875
0.262012
0.265837
0.270052
0.274564
0.279332
0.28436
0.289683
0.295364
0.30149
0.308168
0.315523
0.323702
0.332863
0.343182
0.354841
0.36802
0.382894
0.399616
0.418319
0.43912
0.462132
0.487477
0.515236
0.545335
0.577476
0.611287
0.646585
0.683218
0.72062
0.758122
0.795457
0.831713
0.865933
0.899814
0.934468
0.966571
0.993908
0.612754
0.361179
0.293653
0.266962
0.254738
0.24939
0.247896
0.248775
0.251194
0.254647
0.258815
0.263495
0.268567
0.27397
0.279687
0.285738
0.292173
0.299067
0.30652
0.314651
0.323599
0.33352
0.344584
0.35697
0.370861
0.386436
0.403862
0.423295
0.444872
0.46872
0.494942
0.523594
0.554618
0.587808
0.622872
0.659538
0.697512
0.736283
0.775217
0.813768
0.851193
0.886803
0.921033
0.9543
0.98513
1.01213
0.638787
0.365663
0.291639
0.262111
0.248329
0.242038
0.239962
0.24051
0.242794
0.246274
0.25061
0.255579
0.261045
0.266931
0.273204
0.279872
0.286973
0.294572
0.30276
0.311649
0.321371
0.332077
0.343933
0.357115
0.371806
0.38819
0.406446
0.426742
0.44923
0.474047
0.501294
0.531024
0.563197
0.597659
0.634168
0.672429
0.71208
0.752615
0.793408
0.833805
0.873084
0.910584
0.946131
0.979641
1.01031
1.03724
0.665685
0.368332
0.288554
0.256622
0.241496
0.234343
0.231688
0.231849
0.233901
0.237285
0.241645
0.246749
0.252451
0.258663
0.265345
0.272495
0.280141
0.288341
0.297177
0.306756
0.317205
0.328668
0.341309
0.355301
0.370827
0.388076
0.407231
0.428473
0.451964
0.47785
0.506241
0.537194
0.570689
0.606612
0.644754
0.684826
0.726445
0.769105
0.812183
0.854987
0.896773
0.936832
0.974673
1.00989
1.04182
1.06976
0.691461
0.369212
0.284541
0.250636
0.234379
0.226463
0.223252
0.223003
0.224762
0.227958
0.232229
0.237339
0.243137
0.24953
0.256474
0.263961
0.272014
0.280686
0.290054
0.300219
0.311304
0.32345
0.336816
0.351576
0.367912
0.386016
0.406077
0.428281
0.452804
0.479797
0.509382
0.541628
0.576537
0.614024
0.653911
0.695925
0.739687
0.784701
0.830348
0.875924
0.920661
0.963794
1.00464
1.04259
1.07694
1.10697
0.714679
0.36844
0.279757
0.244282
0.227096
0.218517
0.214791
0.214129
0.21556
0.218505
0.222601
0.227612
0.233386
0.23983
0.246899
0.254582
0.262901
0.271905
0.281669
0.292291
0.303891
0.316607
0.330598
0.346035
0.363102
0.381992
0.4029
0.426018
0.451529
0.479596
0.51035
0.543877
0.580197
0.619253
0.660895
0.704872
0.750822
0.798263
0.846591
0.895098
0.943002
0.989487
1.03376
1.07504
1.11255
1.14548
0.734455
0.366219
0.274363
0.237676
0.219747
0.210607
0.206414
0.205351
0.206437
0.20909
0.212948
0.217778
0.22343
0.229814
0.236885
0.244633
0.253081
0.262277
0.272295
0.283232
0.295207
0.308357
0.32284
0.338827
0.356503
0.376063
0.397707
0.421631
0.448027
0.477067
0.508894
0.543609
0.581252
0.62179
0.665099
0.710954
0.759014
0.808818
0.859778
0.911194
0.962274
1.01217
1.06
1.10489
1.14595
1.18225
0.750363
0.362774
0.268507
0.230923
0.21242
0.202815
0.19821
0.19677
0.197508
0.199845
0.203422
0.208009
0.213461
0.219691
0.226659
0.234356
0.242806
0.25206
0.262193
0.273302
0.285505
0.29894
0.313765
0.330152
0.348287
0.368367
0.390595
0.415175
0.442304
0.472164
0.50491
0.540658
0.579467
0.621325
0.666134
0.713694
0.763689
0.81568
0.869099
0.923258
0.977362
1.03054
1.08186
1.13036
1.17507
1.21494
0.762311
0.358318
0.262317
0.224112
0.205186
0.195209
0.190248
0.188461
0.18886
0.190871
0.194139
0.198439
0.203632
0.209636
0.216412
0.223958
0.232301
0.241493
0.25161
0.262753
0.27504
0.28861
0.303622
0.320247
0.338676
0.359107
0.381747
0.406804
0.434484
0.464976
0.498449
0.53503
0.574799
0.617765
0.663851
0.712884
0.764571
0.818497
0.874116
0.930752
0.987615
1.04382
1.0984
1.15034
1.19858
1.24199
0.770424
0.353034
0.255893
0.217309
0.198096
0.187835
0.182577
0.180478
0.180557
0.182243
0.185188
0.189174
0.194065
0.199786
0.206303
0.213617
0.221758
0.230783
0.240771
0.251822
0.264059
0.277621
0.292667
0.309373
0.327928
0.348536
0.371405
0.396751
0.424784
0.455705
0.489691
0.526887
0.567386
0.611218
0.65833
0.708569
0.761669
0.817238
0.874748
0.933541
0.992832
1.05173
1.10924
1.16433
1.21586
1.26262
0.774956
0.347075
0.249313
0.210562
0.191186
0.180724
0.175226
0.172855
0.172638
0.17401
0.176631
0.180288
0.184851
0.19025
0.196456
0.203474
0.21134
0.220112
0.229872
0.240724
0.25279
0.266214
0.281156
0.297793
0.316316
0.336932
0.359854
0.385302
0.413494
0.444639
0.478925
0.516511
0.557506
0.60196
0.649839
0.701014
0.75524
0.812147
0.871228
0.931838
0.993202
1.05443
1.11451
1.17238
1.22688
1.27671
0.776223
0.340566
0.242634
0.203903
0.184477
0.173891
0.16821
0.165609
0.165125
0.166202
0.168506
0.17183
0.176052
0.181105
0.186965
0.193643
0.201176
0.209627
0.219081
0.229643
0.241439
0.254614
0.269329
0.285764
0.304113
0.324584
0.347396
0.372774
0.400942
0.432118
0.466504
0.50427
0.545542
0.590386
0.638791
0.690646
0.745729
0.803688
0.864034
0.926138
0.989232
1.05242
1.11472
1.17501
1.23211
1.2847
0.774566
0.333609
0.2359
0.197353
0.177978
0.167341
0.161531
0.158743
0.158024
0.158829
0.160831
0.16383
0.167708
0.172404
0.177899
0.184206
0.191366
0.199446
0.208534
0.218737
0.230182
0.243017
0.257404
0.273525
0.291577
0.311772
0.334332
0.359488
0.387472
0.418512
0.45282
0.490581
0.531936
0.57697
0.62569
0.678004
0.733709
0.792471
0.853818
0.917132
0.981655
1.0465
1.11066
1.17305
1.23244
1.28749
0.770332
0.326294
0.229145
0.190927
0.171693
0.16107
0.155183
0.152249
0.15133
0.151891
0.153612
0.156299
0.15984
0.164179
0.169299
0.17522
0.181984
0.18966
0.19834
0.208132
0.219166
0.231589
0.245569
0.261287
0.278944
0.298754
0.320946
0.345755
0.373423
0.404188
0.438272
0.475876
0.517158
0.562219
0.611084
0.663682
0.719825
0.779196
0.841336
0.905638
0.971353
1.0376
1.10337
1.16759
1.22902
1.2863
0.763859
0.318697
0.222398
0.184633
0.165619
0.15507
0.149155
0.146116
0.145031
0.145376
0.14684
0.149234
0.152453
0.156442
0.161191
0.166721
0.173077
0.180332
0.188578
0.197926
0.208506
0.22047
0.233983
0.249232
0.266419
0.285762
0.307496
0.331863
0.359113
0.389495
0.423245
0.460579
0.501671
0.546641
0.595532
0.64829
0.704745
0.764594
0.827388
0.89253
0.959277
1.02676
1.09398
1.15985
1.22318
1.28258
0.755475
0.310889
0.215684
0.178481
0.159756
0.149332
0.143432
0.140326
0.139108
0.139268
0.1405
0.142625
0.14554
0.149196
0.153584
0.158728
0.164677
0.171505
0.179305
0.188191
0.198294
0.209766
0.222775
0.237509
0.254175
0.272995
0.294208
0.318065
0.344826
0.374751
0.408092
0.44508
0.485909
0.530716
0.579563
0.632415
0.689118
0.749379
0.812762
0.878676
0.946389
1.01504
1.08364
1.15115
1.21637
1.27795
0.745496
0.302935
0.209031
0.172478
0.154101
0.143848
0.138002
0.134862
0.133543
0.133546
0.134575
0.136455
0.139089
0.14243
0.146474
0.151246
0.156798
0.163204
0.170559
0.178978
0.188594
0.199559
0.212044
0.226239
0.242354
0.260616
0.28127
0.304577
0.330807
0.360233
0.393124
0.429729
0.470261
0.514877
0.563662
0.616595
0.673539
0.734216
0.798196
0.864899
0.933602
1.00346
1.07351
1.14274
1.21002
1.27403
0.734226
0.294899
0.202463
0.166636
0.148655
0.138611
0.132851
0.129708
0.128317
0.128191
0.129043
0.130704
0.13308
0.13613
0.139851
0.14427
0.14944
0.155437
0.162358
0.170317
0.179448
0.189906
0.201863
0.215511
0.231064
0.248754
0.268835
0.291575
0.317257
0.346172
0.378603
0.41482
0.455058
0.499498
0.548244
0.601296
0.658532
0.719687
0.784343
0.851928
0.921733
0.992935
1.06463
1.13584
1.20552
1.27243
0.721954
0.286841
0.196009
0.160967
0.14342
0.133616
0.127969
0.124849
0.123411
0.123182
0.123882
0.125349
0.127494
0.130277
0.133699
0.137787
0.142597
0.148205
0.154709
0.162223
0.170884
0.180845
0.192282
0.20539
0.220385
0.237507
0.257017
0.279194
0.304336
0.332748
0.364735
0.400589
0.440569
0.48488
0.533649
0.586899
0.644525
0.706274
0.771741
0.840369
0.911469
0.984255
1.05788
1.13146
1.20408
1.27461
0.708955
0.27882
0.189696
0.155485
0.138401
0.12886
0.123348
0.120273
0.118811
0.1185
0.119073
0.120371
0.122308
0.12485
0.127997
0.131781
0.136255
0.141499
0.147608
0.154699
0.16291
0.172394
0.183329
0.195914
0.210369
0.22694
0.245898
0.267533
0.292158
0.320097
0.351677
0.387214
0.426995
0.47125
0.520135
0.573693
0.631841
0.694341
0.760801
0.830684
0.903332
0.978014
1.05397
1.13045
1.20669
1.28177
0.695486
0.270896
0.183556
0.150206
0.133606
0.124344
0.118984
0.115969
0.114501
0.11413
0.114596
0.115747
0.117501
0.119827
0.122726
0.12623
0.130396
0.135301
0.141042
0.147738
0.155524
0.164557
0.175017
0.187104
0.201045
0.217093
0.235527
0.256653
0.280798
0.308307
0.339531
0.374814
0.41447
0.458763
0.507873
0.561872
0.620695
0.684126
0.75179
0.823175
0.897666
0.974606
1.05336
1.13335
1.21405
1.29481
0.681788
0.263127
0.177618
0.145147
0.129042
0.12007
0.114871
0.111931
0.110471
0.110056
0.110433
0.111458
0.113053
0.115186
0.117862
0.121113
0.124998
0.129592
0.134994
0.141323
0.148714
0.157326
0.167341
0.178962
0.192422
0.207981
0.225929
0.246585
0.270295
0.297425
0.328353
0.363452
0.403069
0.447498
0.496952
0.551532
0.611196
0.675748
0.744836
0.817979
0.894622
0.974205
1.05625
1.14043
1.22652
1.31423
0.668081
0.25557
0.171914
0.140328
0.124719
0.116041
0.11101
0.108152
0.106711
0.106265
0.106571
0.107488
0.108942
0.110905
0.113382
0.116407
0.120037
0.124349
0.129442
0.135433
0.14246
0.150684
0.160286
0.171476
0.184491
0.199599
0.217101
0.237332
0.260655
0.287461
0.318156
0.353143
0.392804
0.43747
0.487387
0.542684
0.603348
0.669205
0.739928
0.815078
0.894169
0.976769
1.0626
1.15164
1.24407
1.34007
0.65457
0.24828
0.166473
0.135765
0.120649
0.112261
0.107399
0.104628
0.103213
0.102747
0.102994
0.103819
0.105152
0.106965
0.109266
0.112088
0.115489
0.119546
0.124358
0.130043
0.136738
0.144605
0.153829
0.164623
0.17723
0.191926
0.209024
0.228873
0.251858
0.278394
0.308914
0.343858
0.383644
0.428638
0.479123
0.535263
0.597069
0.664393
0.736939
0.814312
0.896111
0.982055
1.07212
1.16664
1.26631
1.37191
0.641441
0.241308
0.161325
0.131478
0.11684
0.108736
0.10404
0.101356
0.0999722
0.099493
0.0996915
0.100438
0.101664
0.103346
0.105491
0.108133
0.111329
0.115158
0.119716
0.125123
0.131517
0.139059
0.147939
0.158371
0.170606
0.184927
0.20166
0.22117
0.243861
0.270174
0.300574
0.335534
0.37551
0.42091
0.472053
0.529136
0.5922
0.661124
0.73564
0.815405
0.900113
0.989654
1.08429
1.18481
1.29248
1.40884
0.628859
0.234705
0.156497
0.127481
0.113304
0.105471
0.100934
0.0983348
0.0969822
0.0964946
0.0966524
0.0973306
0.0984642
0.10003
0.102037
0.104519
0.107534
0.111157
0.115488
0.120644
0.126764
0.134012
0.142578
0.152681
0.164577
0.178559
0.194963
0.21417
0.236606
0.262737
0.293058
0.32808
0.368298
0.414159
0.466024
0.524124
0.588529
0.659142
0.735727
0.817993
0.905732
0.999025
1.09845
1.20529
1.32152
1.44953
0.616976
0.228516
0.152015
0.123792
0.11005
0.102471
0.098082
0.0955616
0.0942392
0.0937452
0.0938675
0.0944857
0.0955374
0.0970011
0.0988859
0.101226
0.104078
0.107519
0.111645
0.116575
0.122448
0.129428
0.137709
0.147512
0.159099
0.172771
0.188877
0.207811
0.230021
0.255999
0.286272
0.321386
0.361877
0.408234
0.460858
0.520014
0.585802
0.65815
0.736849
0.821655
0.912462
1.00954
1.11381
1.22708
1.3521
1.49224
0.605921
0.222782
0.1479
0.120423
0.107086
0.0997409
0.0954861
0.093036
0.0917396
0.0912387
0.0913283
0.0918923
0.0928708
0.0942433
0.0960193
0.0982327
0.10094
0.104216
0.108158
0.112884
0.118533
0.12527
0.13329
0.142818
0.154122
0.16751
0.18334
0.202025
0.22403
0.249873
0.280113
0.315332
0.356106
0.402967
0.456355
0.516572
0.583747
0.657828
0.738629
0.825946
0.91976
1.02053
1.1295
1.24904
1.38272
1.53497
0.59581
0.217539
0.144173
0.117388
0.10442
0.0972845
0.0931475
0.0907569
0.0894801
0.0889697
0.0890274
0.0895408
0.0904523
0.0917423
0.0934204
0.0955201
0.0980965
0.101225
0.105001
0.109542
0.114986
0.121501
0.129281
0.138556
0.149596
0.162718
0.178291
0.196741
0.218552
0.244267
0.274474
0.309792
0.350837
0.398184
0.452313
0.513562
0.582086
0.657852
0.740687
0.830416
0.927089
1.03132
1.14467
1.27003
1.4118
1.57553
0.586741
0.212821
0.140852
0.114696
0.102058
0.0951056
0.0910676
0.0887235
0.0874578
0.0869334
0.0869579
0.0874224
0.088271
0.0894851
0.0910738
0.0930703
0.0955285
0.0985227
0.102147
0.106519
0.111776
0.118085
0.125642
0.13468
0.145472
0.158343
0.173669
0.191889
0.213508
0.239088
0.269249
0.304643
0.345926
0.393715
0.448532
0.510749
0.580547
0.657907
0.742661
0.834644
0.933945
1.04129
1.15851
1.28896
1.43781
1.61174
0.578797
0.208653
0.13795
0.112356
0.100006
0.0932071
0.0892472
0.0869347
0.08567
0.0851252
0.0851134
0.0855287
0.0863168
0.0874594
0.0889654
0.0908668
0.0932166
0.0960877
0.0995733
0.103788
0.108871
0.114988
0.122336
0.131149
0.141705
0.154331
0.169414
0.187404
0.208821
0.23425
0.264336
0.299766
0.341235
0.389399
0.444822
0.507913
0.578876
0.657702
0.744217
0.838245
0.939879
1.0499
1.17032
1.30487
1.45939
1.64159
0.572048
0.20506
0.135481
0.110377
0.0982687
0.0915916
0.0876869
0.0853894
0.0841139
0.0835409
0.083488
0.0838522
0.0845804
0.0856541
0.0870818
0.0888945
0.0911435
0.0939001
0.0972562
0.101325
0.106245
0.11218
0.119328
0.127925
0.138249
0.150634
0.165472
0.183224
0.204422
0.229672
0.259643
0.295054
0.336636
0.385087
0.441012
0.504853
0.576842
0.656974
0.745061
0.84089
0.944516
1.05672
1.17956
1.31702
1.47545
1.66344
0.566551
0.202062
0.133456
0.108765
0.09685
0.0902608
0.0863867
0.0840862
0.0827868
0.0821761
0.0820762
0.082386
0.0830531
0.084059
0.0854113
0.0871394
0.0892931
0.091942
0.0951758
0.0991065
0.10387
0.109631
0.116587
0.124971
0.135067
0.147209
0.161795
0.179293
0.200248
0.225281
0.255087
0.29041
0.332018
0.380649
0.436947
0.501393
0.574243
0.655495
0.744939
0.842305
0.947566
1.06141
1.18585
1.32494
1.48532
1.67621
0.562353
0.199676
0.131884
0.107527
0.0957532
0.0892162
0.0853466
0.0830235
0.0816856
0.0810268
0.0808724
0.0811232
0.081727
0.0826647
0.0839428
0.085589
0.0876513
0.090197
0.0933139
0.0971119
0.101725
0.107317
0.114083
0.122258
0.132123
0.144016
0.158338
0.175562
0.196243
0.221017
0.250596
0.285753
0.327286
0.375972
0.432497
0.497381
0.570905
0.653074
0.743646
0.842278
0.948818
1.06379
1.18903
1.32847
1.48876
1.67948
0.559494
0.197919
0.130776
0.106666
0.0949814
0.0884587
0.0845657
0.0821991
0.080807
0.0800885
0.0798714
0.0800574
0.0805944
0.0814624
0.0826663
0.0842319
0.086205
0.0886506
0.0916541
0.095323
0.0997897
0.105215
0.111792
0.119756
0.129387
0.141022
0.155064
0.171991
0.192363
0.216827
0.246112
0.281013
0.322359
0.370964
0.427555
0.492692
0.566687
0.649552
0.741017
0.840649
0.948141
1.06378
1.1891
1.32771
1.486
1.67357
0.558006
0.196807
0.130141
0.106191
0.0945369
0.0879887
0.0840429
0.0816106
0.0801476
0.0793566
0.0790675
0.0791823
0.0796482
0.0804439
0.0815725
0.0830577
0.0849427
0.0872899
0.0901821
0.0937241
0.0980455
0.103305
0.109693
0.117443
0.126833
0.138199
0.151943
0.168545
0.188569
0.212669
0.241588
0.276138
0.317177
0.365554
0.422037
0.487229
0.561476
0.644806
0.736922
0.837304
0.945462
1.06139
1.18622
1.32304
1.47772
1.65947
0.557921
0.196358
0.129988
0.106104
0.094422
0.087806
0.0837762
0.0812548
0.079703
0.0788262
0.0784551
0.0784914
0.0788811
0.0796013
0.0806528
0.0820569
0.0838539
0.0861034
0.0888852
0.0923011
0.0964777
0.10157
0.107768
0.115299
0.124439
0.135522
0.148949
0.165197
0.184832
0.208512
0.236988
0.27109
0.311697
0.35969
0.415881
0.480918
0.555189
0.638742
0.731266
0.832159
0.940748
1.0567
1.18065
1.31502
1.46489
1.6387
0.559266
0.19659
0.130328
0.106412
0.0946383
0.0879098
0.083763
0.0811277
0.0794684
0.0784917
0.0780281
0.0779782
0.0782863
0.0789272
0.0798992
0.0812208
0.0829293
0.085081
0.0877524
0.0910421
0.0950733
0.0999978
0.106001
0.113307
0.122189
0.132976
0.146063
0.161928
0.181131
0.204334
0.232291
0.265842
0.305889
0.35334
0.409048
0.473712
0.54777
0.631299
0.723978
0.825149
0.933971
1.04979
1.17269
1.30428
1.44866
1.6131
0.562071
0.197523
0.131173
0.107119
0.0951867
0.0882982
0.0839996
0.0812243
0.079438
0.0783468
0.0777798
0.0776357
0.0778564
0.0784141
0.0793039
0.0805413
0.0821602
0.0842135
0.0867742
0.089937
0.0938214
0.0985754
0.10438
0.111455
0.120068
0.130544
0.143272
0.158722
0.177454
0.200121
0.227482
0.260384
0.299742
0.346493
0.401521
0.46558
0.539176
0.622447
0.715029
0.816238
0.925084
1.04061
1.16238
1.29125
1.43012
1.58478
0.566367
0.199182
0.132532
0.10823
0.0960671
0.0889682
0.084481
0.0815385
0.0796049
0.0783842
0.0777029
0.0774565
0.0775841
0.0780544
0.0788594
0.0800107
0.0815389
0.0834929
0.0859419
0.0889767
0.0927128
0.0972935
0.102895
0.109733
0.118068
0.128217
0.140565
0.155573
0.173791
0.19587
0.222559
0.254711
0.293255
0.339155
0.393308
0.456518
0.529341
0.611966
0.704136
0.805135
0.913864
1.0291
1.14993
1.27638
1.4102
1.55561
0.572187
0.20159
0.134417
0.109749
0.097278
0.0899151
0.0852005
0.0820625
0.0799609
0.0785956
0.0777889
0.0774326
0.0774615
0.0778406
0.078558
0.0796216
0.0810577
0.0829115
0.085248
0.0881537
0.0917396
0.0961443
0.101539
0.108132
0.11618
0.12599
0.137937
0.152474
0.170142
0.191583
0.217531
0.248834
0.286419
0.331257
0.384299
0.446389
0.518151
0.599856
0.691329
0.791881
0.900362
1.01534
1.13547
1.26004
1.38966
1.52702
0.579572
0.204773
0.136838
0.111676
0.0988156
0.0911318
0.0861493
0.0827866
0.0804961
0.0789713
0.0780287
0.0775549
0.0774801
0.0777646
0.0783922
0.0793664
0.0807095
0.0824624
0.0846856
0.0874612
0.0908953
0.0951213
0.100304
0.106648
0.114398
0.123858
0.135386
0.149425
0.166501
0.187237
0.212361
0.242708
0.279201
0.322819
0.374543
0.435266
0.505685
0.58617
0.676641
0.776489
0.884564
0.999304
1.11902
1.24235
1.36889
1.49988
0.588566
0.208755
0.139803
0.114011
0.100674
0.092609
0.0873164
0.0836993
0.081199
0.0795002
0.0784118
0.0778139
0.0776308
0.0778179
0.0783538
0.0792377
0.0804873
0.0821387
0.0842481
0.0868927
0.0901738
0.0942192
0.0991874
0.105274
0.112718
0.121808
0.132897
0.146409
0.162854
0.182837
0.207071
0.236372
0.271654
0.3139
0.364113
0.423231
0.492027
0.570975
0.66012
0.758966
0.866429
0.9809
1.10045
1.22322
1.34791
1.47448
0.599221
0.213562
0.14332
0.116751
0.102843
0.0943341
0.0886877
0.0847863
0.0820559
0.0801694
0.0789262
0.0781985
0.0779038
0.0779914
0.0784348
0.0792279
0.0803838
0.081934
0.0839295
0.0864425
0.0895686
0.0934298
0.0981782
0.104002
0.111129
0.11984
0.130472
0.143434
0.159217
0.178406
0.201691
0.229868
0.263835
0.304572
0.353094
0.410379
0.477275
0.554365
0.641833
0.739332
0.845905
0.959988
1.07954
1.20232
1.32638
1.45054
0.611597
0.219215
0.147391
0.119889
0.105311
0.0962909
0.0902464
0.086031
0.0830512
0.0809646
0.0795591
0.0786972
0.0782886
0.0782758
0.0786264
0.079329
0.0803914
0.0818404
0.0837218
0.0861026
0.0890729
0.0927482
0.0972739
0.102829
0.109634
0.117956
0.128118
0.140512
0.155608
0.173969
0.196257
0.223245
0.255809
0.294915
0.341584
0.396827
0.461554
0.53646
0.621875
0.717634
0.822959
0.936412
1.05596
1.17919
1.30362
1.42723
0.625767
0.225735
0.152016
0.123412
0.108059
0.0984591
0.0919718
0.0874139
0.0841668
0.0818697
0.080296
0.0792971
0.0787736
0.0786606
0.0789191
0.0795321
0.0805022
0.0818509
0.083619
0.0858681
0.0886822
0.0921708
0.0964719
0.101756
0.108234
0.116159
0.125841
0.137654
0.152044
0.16955
0.190806
0.216554
0.247642
0.285017
0.329693
0.382701
0.445008
0.517407
0.600382
0.693963
0.79759
0.910035
1.02939
1.15321
1.27875
1.40334
0.64182
0.233141
0.157192
0.127305
0.111064
0.100815
0.0938402
0.088913
0.085383
0.0828669
0.0811213
0.0799845
0.0793468
0.079135
0.0793034
0.0798288
0.0807085
0.0819586
0.0836148
0.0857333
0.0883921
0.091694
0.0957698
0.100782
0.106929
0.114454
0.12365
0.134871
0.148544
0.165178
0.185375
0.209845
0.239403
0.274967
0.317534
0.368142
0.427799
0.497386
0.577529
0.668459
0.769865
0.880783
0.999542
1.12381
1.25077
1.37742
0.659868
0.241458
0.162912
0.131544
0.114298
0.103327
0.0958232
0.0905025
0.0866772
0.0839368
0.0820183
0.0807449
0.0799956
0.0796882
0.0797696
0.0802105
0.0810024
0.0821564
0.0837029
0.0856925
0.0881974
0.0913138
0.0951647
0.0999038
0.10572
0.112842
0.121549
0.132176
0.145125
0.160876
0.180001
0.20317
0.231161
0.264855
0.305224
0.353298
0.410107
0.4766
0.553533
0.641327
0.739929
0.848678
0.966214
1.09046
1.21873
1.34791
0.680045
0.250702
0.16916
0.136101
0.117726
0.105962
0.0978895
0.092155
0.0880256
0.0850592
0.0829696
0.0815635
0.0807073
0.080309
0.0803079
0.0806682
0.081376
0.082437
0.0838765
0.0857397
0.0880928
0.0910254
0.0946532
0.0991208
0.104606
0.111327
0.119546
0.129577
0.1418
0.156667
0.174714
0.196573
0.222979
0.25477
0.29288
0.338319
0.39212
0.455279
0.528652
0.612835
0.708022
0.81387
0.92938
1.05284
1.18183
1.31337
0.702527
0.260903
0.175922
0.140938
0.121307
0.108681
0.100004
0.0938407
0.0894033
0.0862129
0.0839577
0.0824256
0.0814692
0.0809864
0.0809085
0.0811933
0.0818212
0.082793
0.0841287
0.0858684
0.0880725
0.0908241
0.0942312
0.0984298
0.103588
0.109909
0.117642
0.127082
0.138584
0.152571
0.169545
0.190097
0.214916
0.244792
0.280614
0.323353
0.374031
0.433662
0.503176
0.58331
0.674481
0.776651
0.889202
1.01084
1.13955
1.27266
0.72753
0.272098
0.183173
0.146014
0.124994
0.111441
0.10213
0.0955281
0.0907841
0.0873768
0.084965
0.0833163
0.0822689
0.0817098
0.081562
0.0817772
0.0823302
0.0832168
0.0844525
0.086072
0.0881303
0.090704
0.0938938
0.0978269
0.102661
0.108588
0.11584
0.124695
0.135484
0.148603
0.164517
0.183777
0.207023
0.234994
0.268525
0.308541
0.356028
0.411997
0.477416
0.553126
0.639728
0.737457
0.846059
0.964676
1.09177
1.22513
0.755306
0.284329
0.190886
0.151276
0.128735
0.114193
0.104227
0.0971845
0.0921418
0.0885295
0.0859743
0.0842218
0.0830947
0.0824689
0.0822595
0.0824116
0.0828952
0.0837013
0.0848409
0.0863439
0.0882599
0.0906593
0.0936356
0.0973077
0.101823
0.107361
0.11414
0.122419
0.132508
0.144773
0.159647
0.177639
0.199341
0.225437
0.256704
0.294007
0.338286
0.390521
0.451687
0.522686
0.604251
0.696844
0.800534
0.914879
1.03884
1.17072
0.786151
0.297644
0.199024
0.156666
0.132469
0.116887
0.106252
0.0987766
0.0934503
0.0896507
0.0869695
0.085129
0.0839357
0.0832545
0.0829926
0.0830891
0.0835091
0.0842395
0.0852871
0.0866774
0.0884547
0.0906838
0.093451
0.0968668
0.101069
0.106226
0.11254
0.120255
0.129657
0.141089
0.154948
0.171704
0.191903
0.21617
0.245223
0.279861
0.32096
0.369454
0.426292
0.492394
0.568575
0.65546
0.753378
0.862254
0.981511
1.10998
0.820428
0.312093
0.20754
0.162114
0.136132
0.119467
0.108164
0.100271
0.0946843
0.0907211
0.0879359
0.0860262
0.0847825
0.0840587
0.0837543
0.083803
0.0841656
0.0848253
0.085785
0.0870663
0.0887087
0.0907714
0.0933339
0.0964987
0.100394
0.105177
0.111036
0.118199
0.126932
0.137551
0.150425
0.165984
0.184727
0.207227
0.234136
0.266185
0.30418
0.348986
0.401505
0.462635
0.533222
0.613987
0.705448
0.80782
0.920923
1.04409
0.8586
0.32774
0.216379
0.16754
0.13965
0.121875
0.109916
0.101635
0.0958201
0.0917236
0.0888606
0.0869037
0.0856273
0.0848748
0.0845387
0.0845478
0.0848593
0.0854531
0.086329
0.0875049
0.0890161
0.0909162
0.0932786
0.0961978
0.0997929
0.10421
0.109625
0.116248
0.124329
0.134159
0.146078
0.160482
0.177824
0.198625
0.223477
0.253038
0.28804
0.329269
0.377557
0.43375
0.498677
0.573096
0.657635
0.752714
0.858462
0.974629
0.901278
0.344656
0.22547
0.172853
0.142942
0.12405
0.111466
0.102839
0.0968363
0.0926434
0.0897334
0.0877541
0.0864643
0.0856979
0.0853412
0.0853191
0.0855857
0.0861184
0.0869145
0.0879884
0.0893718
0.0911132
0.0932798
0.0959588
0.0992601
0.103319
0.108299
0.114397
0.121843
0.130907
0.141903
0.155193
0.171192
0.19037
0.21326
0.240453
0.272601
0.310408
0.354621
0.406012
0.465354
0.533388
0.610783
0.698075
0.795608
0.903452
0.949274
0.362928
0.234724
0.177943
0.145923
0.125928
0.11277
0.103852
0.0977144
0.0934685
0.0905467
0.0885723
0.08729
0.0865251
0.0861591
0.086114
0.0863417
0.086818
0.0875378
0.0885131
0.0897719
0.0913583
0.0933333
0.0957772
0.0987911
0.1025
0.107056
0.11264
0.119467
0.127788
0.137891
0.150109
0.16482
0.182451
0.203479
0.228432
0.257885
0.292459
0.332809
0.379616
0.433572
0.495359
0.565624
0.644946
0.733788
0.832437
1.00367
0.382659
0.244025
0.182684
0.148492
0.127443
0.113785
0.10465
0.0984395
0.0941911
0.0912964
0.0893563
0.0881029
0.0873552
0.0869911
0.0869309
0.0871255
0.0875495
0.0881965
0.0890763
0.0902137
0.0916484
0.0934362
0.09565
0.0983827
0.101749
0.10589
0.110973
0.117196
0.124793
0.13403
0.145214
0.15869
0.174846
0.194111
0.216953
0.243879
0.275427
0.312162
0.354667
0.403536
0.459361
0.522725
0.594183
0.674237
0.763296
1.06588
0.403968
0.253211
0.18692
0.150543
0.128527
0.114471
0.105211
0.0990012
0.0948072
0.0919821
0.090107
0.0889045
0.0881892
0.0878377
0.0877697
0.0879363
0.088312
0.0888894
0.0896766
0.0906956
0.0919823
0.0935868
0.0955755
0.0980331
0.101065
0.104799
0.109391
0.115024
0.121914
0.130309
0.140491
0.152779
0.167525
0.185117
0.205972
0.230535
0.259271
0.292657
0.331181
0.37533
0.425593
0.482456
0.546403
0.617909
0.697426
1.13763
0.426817
0.262053
0.190463
0.151953
0.129108
0.114791
0.105518
0.0993949
0.0953182
0.0926074
0.0908287
0.0896986
0.0890301
0.0887007
0.0886315
0.0887748
0.0891057
0.0896165
0.090314
0.0912178
0.0923599
0.0937854
0.0955542
0.0977427
0.100446
0.103783
0.107894
0.112949
0.119147
0.126719
0.135926
0.147062
0.160451
0.176447
0.195424
0.217775
0.243902
0.274206
0.309083
0.34892
0.394092
0.444976
0.501953
0.565425
0.635822
1.22113
0.451019
0.270227
0.193079
0.152585
0.129117
0.114715
0.105562
0.0996223
0.0957306
0.0931806
0.091529
0.0904912
0.0898825
0.0895836
0.0895187
0.0896426
0.0899318
0.0903789
0.0909896
0.0917814
0.0927828
0.094034
0.0955884
0.0975143
0.0998976
0.102845
0.106484
0.110972
0.116491
0.123254
0.131505
0.141516
0.153588
0.168047
0.185233
0.205499
0.229195
0.256661
0.288214
0.32415
0.364737
0.410235
0.460909
0.517056
0.579035
1.31927
0.476238
0.277289
0.194486
0.15229
0.128485
0.114218
0.105342
0.0996934
0.0960579
0.0937143
0.0922186
0.0912909
0.0907527
0.0904907
0.0904343
0.090542
0.0907922
0.0911783
0.0917055
0.0923891
0.0932542
0.0943363
0.0956823
0.0973528
0.099424
0.101991
0.105169
0.109099
0.113949
0.119915
0.127222
0.136125
0.146904
0.159863
0.175318
0.193591
0.214996
0.239827
0.268341
0.300757
0.337253
0.377978
0.423076
0.472725
0.527183
1.43583
0.501916
0.282632
0.194332
0.150903
0.127149
0.11329
0.10487
0.0996277
0.0963199
0.094226
0.0929114
0.0921077
0.0916477
0.0914271
0.0913821
0.0914757
0.0916894
0.0920174
0.0924644
0.093044
0.093778
0.0946971
0.095842
0.0972655
0.0990339
0.10123
0.103958
0.107342
0.111534
0.116712
0.123083
0.130885
0.14038
0.151853
0.165603
0.181934
0.201135
0.223472
0.249165
0.27838
0.311222
0.347749
0.387996
0.432018
0.479951
1.57595
0.52714
0.285407
0.192195
0.148254
0.125062
0.111937
0.104174
0.099456
0.0965443
0.0947375
0.0936233
0.0929531
0.0925755
0.0923982
0.0923658
0.0924469
0.092626
0.0928989
0.0932697
0.0937502
0.094359
0.0951223
0.0960747
0.0972609
0.0987377
0.100577
0.102867
0.105718
0.109263
0.113662
0.119104
0.125806
0.134013
0.143994
0.156033
0.170423
0.187444
0.20735
0.230345
0.256571
0.28609
0.318899
0.354943
0.394171
0.436595
1.74713
0.550735
0.284418
0.187563
0.144176
0.122205
0.110193
0.1033
0.0992223
0.0967659
0.0952743
0.094372
0.0938387
0.0935437
0.093409
0.093389
0.0934583
0.0936048
0.0938256
0.0941246
0.0945117
0.0950024
0.0956184
0.0963882
0.0973489
0.0985474
0.100044
0.101912
0.104247
0.107161
0.110795
0.115316
0.120918
0.127826
0.136291
0.146584
0.158989
0.173784
0.191225
0.211525
0.234828
0.261192
0.290589
0.322917
0.358047
0.395886
1.95916
0.569284
0.277913
0.179849
0.138543
0.118609
0.108132
0.102321
0.0989843
0.0970264
0.0958643
0.0951754
0.0947758
0.0945592
0.0944639
0.0944547
0.0945123
0.0946281
0.0948002
0.0950322
0.0953323
0.095713
0.0961914
0.0967904
0.0975392
0.0984755
0.0996471
0.101114
0.102954
0.105259
0.108147
0.11176
0.116268
0.121867
0.128787
0.13728
0.147616
0.160073
0.174918
0.192383
0.212642
0.235788
0.261816
0.290633
0.322083
0.356018
2.22534
0.576771
0.26346
0.168447
0.131324
0.114389
0.105881
0.101338
0.098813
0.0973715
0.0965357
0.0960501
0.0957737
0.0956274
0.0955662
0.095565
0.0956107
0.0956975
0.0958246
0.0959952
0.0962156
0.0964953
0.0968472
0.0972885
0.0978412
0.0985338
0.0994024
0.100493
0.101864
0.103589
0.105761
0.108492
0.11192
0.116213
0.121565
0.128199
0.136364
0.146324
0.15835
0.172697
0.18958
0.209155
0.231488
0.256557
0.284261
0.314475
2.56558
0.561802
0.23776
0.152905
0.122694
0.109793
0.103637
0.100483
0.0987884
0.0978471
0.0973134
0.0970092
0.0968393
0.0967517
0.0967176
0.0967212
0.0967545
0.0968143
0.0969006
0.0970157
0.0971642
0.0973527
0.0975902
0.0978885
0.0982629
0.0987327
0.0993232
0.100066
0.101003
0.102186
0.10368
0.105568
0.107954
0.110962
0.114746
0.119484
0.125383
0.132674
0.141608
0.152439
0.165413
0.180743
0.198592
0.219057
0.242172
0.267944
3.02232
0.498209
0.196956
0.133382
0.113228
0.105261
0.10167
0.0999073
0.09899
0.0984926
0.0982159
0.0980609
0.0979759
0.0979334
0.0979186
0.0979235
0.0979442
0.0979792
0.0980289
0.0980949
0.0981799
0.0982877
0.0984238
0.0985949
0.09881
0.0990803
0.0994206
0.0998495
0.100391
0.101077
0.101946
0.103049
0.104449
0.106226
0.108479
0.111326
0.114912
0.119401
0.124984
0.131868
0.140274
0.150422
0.162528
0.176787
0.193384
0.212518
3.72664
0.31802
0.139475
0.111702
0.104166
0.101456
0.100304
0.0997585
0.0994813
0.0993334
0.0992522
0.0992074
0.0991834
0.099172
0.099169
0.0991721
0.0991802
0.099193
0.0992108
0.0992343
0.0992643
0.0993024
0.0993505
0.0994109
0.0994868
0.0995823
0.0997024
0.0998538
0.100045
0.100287
0.100594
0.100985
0.101482
0.102115
0.102922
0.103949
0.105253
0.106903
0.108982
0.111581
0.114809
0.118781
0.123627
0.129486
0.136522
0.144947
6.44505
5.11699
3.83591
2.79216
2.23583
2.8433
6.2189
7.61823
2.78411
2.89925
2.79427
2.63008
2.50949
2.49176
2.56346
2.63669
1.71672
1.86038
1.91645
1.9143
1.88791
1.86206
1.84473
1.82703
1.23249
1.32896
1.39917
1.44172
1.46177
1.4669
1.46291
1.45173
0.97984
1.0415
1.09468
1.13714
1.16849
1.18974
1.20236
1.20744
0.83305
0.874613
0.912727
0.946285
0.974676
0.997763
1.01572
1.02883
0.741611
0.771359
0.799315
0.824984
0.848049
0.868388
0.886015
0.90099
0.683151
0.705543
0.726836
0.746789
0.765257
0.78225
0.797877
0.812191
0.647141
0.664648
0.681589
0.697733
0.712908
0.727188
0.740805
0.753799
0.630119
0.64395
0.657734
0.671036
0.684014
0.696946
0.709804
0.721817
0.630328
0.644511
0.655114
0.661768
0.669049
0.680012
0.703461
0.721761
0.640525
0.65305
0.658653
0.66343
0.671269
0.690189
0.744566
0.732624
0.909454
0.926324
0.939332
0.944742
0.948145
0.957275
0.969775
0.967659
0.98988
1.00545
1.02074
1.03481
1.04888
1.0652
1.08305
1.09571
1.01281
1.02733
1.04222
1.05728
1.07275
1.08906
1.10581
1.12095
1.02983
1.04292
1.05611
1.06941
1.08283
1.09634
1.10967
1.12215
1.0543
1.06655
1.07854
1.09029
1.10178
1.11298
1.12373
1.1338
1.08707
1.09923
1.11082
1.12188
1.13239
1.14235
1.15169
1.16034
1.1254
1.13818
1.1502
1.16145
1.17195
1.1817
1.19068
1.19888
1.1657
1.17967
1.19272
1.20486
1.21611
1.22645
1.2359
1.24448
1.2047
1.22021
1.23473
1.24824
1.26076
1.27227
1.2828
1.29238
1.23984
1.2571
1.27332
1.28849
1.30261
1.31567
1.32769
1.3387
1.26939
1.28846
1.30649
1.32345
1.33934
1.35415
1.36789
1.38062
1.29244
1.31329
1.33311
1.35188
1.36958
1.38622
1.4018
1.41638
1.30879
1.33132
1.35286
1.37337
1.39286
1.41132
1.42876
1.44523
1.31885
1.34293
1.36607
1.38825
1.40945
1.42967
1.44895
1.46734
1.32352
1.34903
1.37367
1.39741
1.42026
1.44223
1.46334
1.48368
1.32408
1.35094
1.37701
1.40229
1.42678
1.4505
1.4735
1.4959
1.32208
1.35029
1.37781
1.40467
1.43088
1.45649
1.48156
1.50625
1.31926
1.34891
1.37803
1.40664
1.4348
1.46257
1.49006
1.51745
1.31743
1.34876
1.37975
1.41046
1.44097
1.47137
1.50182
1.53256
1.31839
1.35179
1.38511
1.41844
1.4519
1.48563
1.51983
1.55481
1.32381
1.35983
1.39612
1.4328
1.47004
1.50802
1.54702
1.58741
1.33513
1.3745
1.41457
1.45553
1.49758
1.54098
1.58605
1.63325
1.35343
1.39702
1.44186
1.4882
1.53629
1.58645
1.63907
1.69468
1.37938
1.42815
1.47886
1.5318
1.58728
1.64568
1.70744
1.77315
1.4131
1.46809
1.52582
1.58663
1.6509
1.71904
1.79153
1.86896
1.4542
1.51638
1.58224
1.65215
1.72655
1.80584
1.89051
1.98113
1.50165
1.57191
1.64687
1.72696
1.81262
1.90426
2.00232
2.10727
1.55389
1.63288
1.71767
1.80874
1.90653
2.01139
2.12368
2.24369
1.60882
1.6969
1.79191
1.8944
2.00477
2.12331
2.25023
2.38561
1.66394
1.76104
1.86627
1.98016
2.1031
2.23531
2.37678
2.52738
1.71644
1.82209
1.93701
2.06178
2.19678
2.34211
2.49759
2.66283
1.76348
1.8767
2.00029
2.13489
2.28085
2.43821
2.60664
2.78549
1.80237
1.9217
2.05241
2.1952
2.35047
2.5182
2.69795
2.88887
1.83083
1.95439
2.09017
2.239
2.40132
2.57714
2.76597
2.96683
1.84728
1.97284
2.11124
2.26344
2.43001
2.61104
2.80608
3.01411
1.85099
1.97612
2.1144
2.26696
2.43452
2.61733
2.81509
3.02685
1.84225
1.96447
2.09981
2.24952
2.41452
2.59529
2.79172
3.00308
1.82229
1.93935
2.06906
2.21279
2.37163
2.5463
2.73699
2.94327
1.79318
1.90322
2.02502
2.15999
2.30936
2.47405
2.65455
2.85079
1.75748
1.85929
1.97158
2.09571
2.23292
2.38431
2.5506
2.73209
1.71829
1.81149
1.91342
2.02537
2.1486
2.28425
2.43327
2.5963
1.67845
1.76313
1.8547
1.95432
2.06314
2.18225
2.31256
2.45469
1.64016
1.71697
1.79883
1.88672
1.98165
2.08461
2.19646
2.31781
1.60491
1.67499
1.74836
1.82583
1.90823
1.99641
2.09116
2.19308
1.57341
1.63821
1.70476
1.77362
1.84547
1.921
2.00089
2.0857
1.54555
1.60673
1.66833
1.73073
1.7944
1.85987
1.92769
1.99837
1.52051
1.57973
1.63834
1.69653
1.75456
1.81279
1.87162
1.93147
1.49685
1.55567
1.61317
1.66933
1.72425
1.7781
1.83111
1.88357
1.47272
1.53245
1.59046
1.64658
1.70074
1.75292
1.80319
1.85167
1.44604
1.50761
1.5674
1.62511
1.68051
1.73343
1.78376
1.83146
1.41472
1.47864
1.541
1.60142
1.65955
1.7151
1.76782
1.8175
1.37695
1.44323
1.5084
1.57205
1.63375
1.69315
1.74987
1.8036
1.33144
1.39961
1.46727
1.53402
1.59943
1.66308
1.72456
1.78348
1.27761
1.34677
1.41611
1.48525
1.55377
1.62128
1.68735
1.75156
1.21569
1.28468
1.3545
1.42483
1.49532
1.56559
1.63525
1.70387
1.14674
1.21424
1.28315
1.3532
1.42411
1.49557
1.56719
1.63861
1.07244
1.1372
1.20378
1.27201
1.34168
1.41251
1.4842
1.5564
0.994954
1.05585
1.11886
1.18385
1.25069
1.31915
1.38899
1.45989
0.916553
0.972772
1.03121
1.09182
1.15451
1.21912
1.28545
1.35321
0.839412
0.890435
0.943665
0.999101
1.0567
1.11635
1.17789
1.24109
0.765371
0.810996
0.858711
0.90855
0.960506
1.01452
1.07046
1.12815
0.695807
0.736111
0.778314
0.822476
0.86862
0.91672
0.966692
1.01839
0.631576
0.666856
0.703802
0.74249
0.782965
0.825227
0.869227
0.914852
0.573008
0.603723
0.635853
0.669485
0.704674
0.741442
0.779765
0.819564
0.519921
0.546637
0.574522
0.603664
0.634125
0.665938
0.699099
0.733555
0.471627
0.494964
0.51925
0.544564
0.570972
0.598508
0.62718
0.656953
0.426876
0.447457
0.468812
0.491012
0.514111
0.538144
0.563117
0.589003
0.383716
0.402095
0.421145
0.440923
0.461476
0.482826
0.504972
0.527882
0.339272
0.355791
0.372977
0.390883
0.409547
0.428983
0.44918
0.470092
0.289474
0.303986
0.319266
0.335385
0.352401
0.370348
0.389228
0.409004
0.229005
0.240364
0.252607
0.26586
0.28026
0.295937
0.313008
0.331553
0.152483
0.157834
0.163798
0.170514
0.178163
0.186977
0.197249
0.20935
2.36888
1.98422
1.80709
1.67709
1.42762
1.26931
1.23641
1.44022
1.56447
1.51079
1.48433
1.45939
1.39936
1.32611
1.26273
1.21694
1.17837
1.12747
1.06672
1.01336
0.971964
0.936452
0.906143
0.883174
0.86714
0.856125
0.848408
0.843332
0.842807
0.852264
0.868982
0.886626
0.894345
0.877592
0.821419
0.721654
0.6252
1.32565
2.2993
1.96838
1.78497
1.54065
1.2957
1.18883
1.12627
1.07528
0.988822
0.93365
0.896852
0.867404
0.840206
0.813807
0.792273
0.783146
0.834021
0.949727
0.954152
0.934676
0.923705
0.917641
0.911602
0.914673
0.930112
0.957448
0.995362
1.04174
1.09457
1.15649
1.22753
1.2994
1.35417
1.36545
1.30494
1.16408
1.02861
2.24557
1.7543
1.64481
1.52726
1.39635
1.27572
1.18295
1.11165
1.04556
0.976753
0.92709
0.890692
0.860837
0.830906
0.802052
0.778328
0.759098
0.742459
0.723656
0.705943
0.693219
0.696663
0.772495
0.804433
0.832999
0.882192
0.951561
1.04634
1.16663
1.3089
1.4696
1.65033
1.83958
2.00766
2.1064
2.08007
1.90531
1.72894
3.85071
1.41784
1.36475
1.30333
1.23602
1.16977
1.10879
1.05346
1.00232
0.956196
0.916406
0.882194
0.852032
0.824059
0.797929
0.77492
0.754745
0.736186
0.718485
0.702213
0.687543
0.674643
0.661858
0.649509
0.657056
0.748337
0.836988
0.977073
1.16911
1.42034
1.7257
2.08583
2.48632
2.88063
3.183
3.28414
3.12099
2.92693
6.59441
1.20386
1.18131
1.14818
1.11015
1.07061
1.03122
0.993252
0.957318
0.923724
0.892664
0.864082
0.837693
0.813129
0.790345
0.769391
0.750073
0.732069
0.715212
0.699527
0.68491
0.671105
0.658034
0.645929
0.635228
0.624761
0.630315
0.812589
1.0528
1.40004
1.86595
2.46486
3.188
3.97224
4.67606
5.09335
5.06848
4.94135
11.1953
1.04306
1.0422
1.02931
1.01014
0.987287
0.962372
0.936746
0.911368
0.886716
0.863007
0.84035
0.818788
0.798309
0.778893
0.760508
0.743079
0.726495
0.710671
0.695577
0.681207
0.667587
0.654821
0.643067
0.632043
0.621499
0.611989
0.604404
0.715997
1.23885
1.88478
2.74225
3.88199
5.25247
6.65073
7.71781
8.10768
8.26062
18.7552
0.921758
0.932471
0.932718
0.926458
0.9155
0.901269
0.884999
0.86771
0.850055
0.832379
0.814861
0.79764
0.780838
0.764534
0.74875
0.73346
0.718619
0.704205
0.690226
0.676708
0.663684
0.651191
0.639278
0.628019
0.617686
0.60849
0.600114
0.594963
0.615195
1.67386
2.94502
4.55266
6.68601
9.15096
11.392
12.7194
13.6032
30.8842
0.833861
0.849311
0.856827
0.858365
0.855313
0.848632
0.839255
0.828122
0.815942
0.803118
0.789851
0.776309
0.762687
0.749144
0.73576
0.722539
0.709452
0.696498
0.68371
0.67114
0.658837
0.646859
0.635277
0.624183
0.613699
0.603976
0.595416
0.58864
0.585586
0.606077
2.79362
5.28569
8.29844
12.2094
16.359
19.5147
21.9821
49.7964
0.774065
0.790746
0.801145
0.806739
0.808362
0.806498
0.801772
0.794976
0.786776
0.777576
0.767578
0.756942
0.745874
0.734575
0.723168
0.711692
0.700125
0.688468
0.676771
0.665103
0.653525
0.642098
0.6309
0.620031
0.609619
0.599825
0.590909
0.58338
0.578631
0.580399
0.632891
5.39647
10.1545
15.8302
22.8001
29.1998
34.7538
78.3116
0.738943
0.753614
0.764572
0.772069
0.775988
0.776591
0.77459
0.770547
0.764881
0.757956
0.750114
0.741541
0.732347
0.722658
0.712621
0.702352
0.691875
0.681168
0.670275
0.659284
0.648274
0.637303
0.626439
0.615785
0.605465
0.595641
0.586555
0.578654
0.572981
0.572408
0.586442
0.7311
11.0474
19.8643
30.5109
42.3183
53.5813
119.629
0.727273
0.736098
0.746164
0.754377
0.758778
0.759835
0.758962
0.756393
0.751936
0.745886
0.739082
0.731777
0.723784
0.714987
0.705554
0.695797
0.68587
0.675661
0.665144
0.654435
0.643664
0.632896
0.622188
0.611639
0.601362
0.5915
0.582271
0.574075
0.567819
0.565942
0.575818
0.628233
1.02749
22.6126
38.5848
58.2578
79.9107
176.573
0.728269
0.737286
0.747045
0.755362
0.756722
0.755165
0.754213
0.752457
0.748084
0.741289
0.734604
0.728056
0.720769
0.712133
0.702441
0.692481
0.682699
0.672611
0.661992
0.651066
0.640128
0.62925
0.618415
0.607751
0.597374
0.587413
0.57804
0.569595
0.562869
0.559978
0.567128
0.605958
0.820143
3.77413
45.4268
76.5671
114.363
250.648
0.91736
0.833061
0.8315
0.817708
0.773382
0.761783
0.760848
0.760754
0.756496
0.747157
0.73859
0.73192
0.725012
0.716379
0.705923
0.694719
0.68402
0.673133
0.661544
0.649455
0.637725
0.626366
0.615096
0.604072
0.593454
0.583294
0.573742
0.565098
0.558014
0.554342
0.559579
0.590633
0.713846
1.66091
33.223
96.7772
156.107
339.833
1.09738
1.08689
1.09363
1.11016
1.12149
1.12786
1.13038
1.12611
1.11235
1.08996
1.06477
1.04136
1.01946
0.99425
0.95964
0.91263
0.854862
0.788365
0.712732
0.666973
0.643749
0.628417
0.613916
0.599572
0.589018
0.578806
0.569121
0.560345
0.553052
0.548837
0.552607
0.579805
0.685826
1.20348
5.55541
107.897
201.601
437.204
1.13907
1.14458
1.15269
1.16767
1.18187
1.19279
1.20104
1.20502
1.20244
1.19337
1.18134
1.17011
1.16
1.14731
1.12745
1.09889
1.06353
1.02368
0.98017
0.93211
0.875035
0.801943
0.701142
0.611164
0.588416
0.573252
0.563434
0.554962
0.547705
0.54325
0.546055
0.570336
0.663712
1.03212
4.10101
74.1479
242.533
530.433
1.14027
1.15132
1.15999
1.17142
1.18385
1.19542
1.20573
1.21371
1.21786
1.21795
1.21598
1.21453
1.21401
1.21191
1.20493
1.19177
1.17326
1.15012
1.12122
1.08367
1.03383
0.96922
0.892426
0.81052
0.712166
0.589447
0.559911
0.548657
0.541684
0.537434
0.539753
0.561997
0.649363
1.00287
3.55704
33.3025
276.9
608.91
1.14911
1.16041
1.16826
1.17643
1.1855
1.19481
1.20375
1.21149
1.21706
1.2203
1.2225
1.22543
1.22956
1.23334
1.23442
1.23147
1.22438
1.21289
1.19553
1.16988
1.13355
1.08532
1.02567
0.953162
0.862684
0.760198
0.637004
0.546327
0.535927
0.531682
0.533925
0.554952
0.639075
0.977726
2.79007
16.8846
288.72
667.753
1.17358
1.18395
1.19054
1.19593
1.20134
1.20692
1.21238
1.21719
1.22082
1.22331
1.22561
1.229
1.234
1.23978
1.24476
1.24777
1.24815
1.24514
1.23719
1.22216
1.19791
1.1628
1.11552
1.05391
0.975786
0.881247
0.76863
0.639154
0.533662
0.527523
0.529656
0.549683
0.631342
0.95572
2.5673
20.4414
243.472
654.346
1.21136
1.22119
1.22686
1.23016
1.23237
1.23408
1.23538
1.23614
1.23623
1.23589
1.23594
1.23738
1.24078
1.24582
1.25157
1.2571
1.26159
1.26402
1.26283
1.25597
1.24125
1.21648
1.17947
1.12768
1.05885
0.971561
0.865097
0.739888
0.584508
0.528186
0.528396
0.547501
0.627097
0.944232
2.56092
23.2532
219.947
603.46
1.25747
1.26772
1.27325
1.27538
1.27527
1.2737
1.27111
1.26772
1.26375
1.25967
1.25625
1.25441
1.25478
1.25741
1.26187
1.26752
1.27358
1.279
1.28222
1.28122
1.27365
1.25693
1.22827
1.18468
1.12338
1.04219
0.939706
0.816595
0.674804
0.53744
0.530927
0.550326
0.628305
0.943979
2.60356
24.8024
215.266
549.72
1.30694
1.31863
1.32497
1.32691
1.32551
1.32161
1.31588
1.30882
1.30095
1.29293
1.28562
1.27994
1.27663
1.27603
1.27808
1.28244
1.28847
1.29516
1.30101
1.304
1.30162
1.29098
1.26885
1.23179
1.17646
1.10003
1.00048
0.877913
0.736479
0.570849
0.541209
0.558518
0.637625
0.962421
2.67252
24.3361
195.478
500.588
1.3556
1.36964
1.37764
1.38037
1.3787
1.37351
1.36558
1.35562
1.3444
1.33277
1.32169
1.31218
1.30512
1.30109
1.30033
1.30275
1.30788
1.31482
1.32211
1.32768
1.32893
1.32269
1.30538
1.27312
1.22205
1.14874
1.05075
0.927836
0.785033
0.62643
0.572663
0.574396
0.660304
1.02085
2.90506
26.0188
191.521
499.682
1.40037
1.41742
1.42782
1.43216
1.43118
1.42569
1.41655
1.40462
1.39082
1.37618
1.36182
1.34888
1.33839
1.33115
1.32767
1.32804
1.33198
1.33865
1.34663
1.35383
1.35748
1.35421
1.34008
1.31081
1.2621
1.19006
1.092
0.967681
0.822874
0.665638
0.59997
0.599061
0.703751
1.16743
3.75793
35.0591
233.724
540.777
1.43927
1.45978
1.47316
1.47981
1.48034
1.47548
1.46609
1.45312
1.43761
1.42073
1.40375
1.38798
1.3746
1.36464
1.35879
1.35735
1.36014
1.36639
1.37468
1.38284
1.38794
1.38634
1.37381
1.34571
1.29735
1.22457
1.12462
0.99747
0.849794
0.692192
0.632023
0.631421
0.768705
1.40634
5.20159
73.0867
365.776
577.867
1.47141
1.4957
1.51251
1.52207
1.52483
1.52144
1.5127
1.49958
1.48319
1.46485
1.44595
1.42798
1.41232
1.40019
1.39247
1.38959
1.39148
1.39738
1.40579
1.41442
1.42013
1.41902
1.40654
1.37775
1.3277
1.25213
1.14839
1.01686
0.865626
0.708621
0.668537
0.668896
0.853509
1.74387
6.79741
110.854
495.708
618.334
1.4969
1.52523
1.54587
1.55891
1.56462
1.56349
1.55623
1.54375
1.52723
1.50807
1.48783
1.46818
1.45073
1.43689
1.42773
1.42381
1.42508
1.43074
1.43916
1.44784
1.45338
1.45157
1.43757
1.40622
1.35247
1.2721
1.16271
1.02508
0.868954
0.711255
0.700892
0.706631
0.959933
2.23381
10.1463
99.8475
912.352
669.211
1.51673
1.54942
1.57441
1.59157
1.60097
1.6029
1.59789
1.58676
1.57067
1.5511
1.52982
1.50871
1.48967
1.47435
1.464
1.45927
1.4601
1.46557
1.47384
1.48214
1.48666
1.48287
1.46568
1.42982
1.37033
1.28324
1.16636
1.02077
0.857969
0.695311
0.680604
0.745846
1.12799
3.12762
22.46
487.219
1495.32
746.082
1.53272
1.57028
1.60029
1.6224
1.63641
1.64228
1.64028
1.63105
1.61569
1.59579
1.57332
1.55054
1.52966
1.51266
1.501
1.49541
1.49575
1.50092
1.50872
1.51578
1.51802
1.51069
1.48855
1.44632
1.37921
1.28351
1.15719
1.00172
0.830156
0.680541
0.672567
0.801003
1.39301
4.60886
54.3775
1230.94
1535.84
832.558
1.54735
1.5906
1.62665
1.65486
1.67461
1.68545
1.68722
1.68028
1.66562
1.64495
1.62059
1.59524
1.57164
1.55219
1.53861
1.5317
1.53118
1.53552
1.54184
1.54651
1.54509
1.53256
1.5036
1.45303
1.37631
1.27004
1.13192
0.963363
0.779796
0.681983
0.690634
0.891593
1.84706
8.08014
72.522
2056.09
1511.01
911.535
1.56366
1.61386
1.65743
1.69329
1.72029
1.73733
1.74366
1.73918
1.72473
1.70221
1.67442
1.64478
1.61676
1.59336
1.57664
1.56743
1.56517
1.5675
1.57119
1.57209
1.56538
1.54583
1.50814
1.44728
1.35901
1.24002
1.08792
0.905984
0.691614
0.655752
0.723413
1.06521
2.64491
19.8459
964.758
2515.79
1507.78
988.05
1.58512
1.64409
1.69719
1.74279
1.77897
1.8037
1.81537
1.81323
1.79792
1.77161
1.73789
1.70119
1.66607
1.63636
1.61457
1.60155
1.59588
1.59482
1.59439
1.58983
1.57596
1.54746
1.49913
1.42617
1.32442
1.1901
1.01988
0.822959
0.648542
0.654166
0.788231
1.36023
4.00855
55.6854
1560.23
2589.62
1489.69
1059.4
1.61543
1.6856
1.75088
1.8089
1.85664
1.8908
1.90856
1.90828
1.89032
1.85733
1.814
1.7663
1.7203
1.68097
1.6514
1.63218
1.62124
1.61501
1.60861
1.59662
1.57353
1.53408
1.47333
1.38665
1.26945
1.11709
0.926114
0.673005
0.625739
0.681024
0.929443
1.93538
7.90862
287.26
1780.88
2497.73
1450.6
1113.86
1.65827
1.74269
1.82345
1.89712
1.95922
2.00476
2.02925
2.02992
2.00681
1.96325
1.90553
1.84169
1.77989
1.72667
1.68588
1.65747
1.63886
1.62529
1.61075
1.58906
1.55455
1.50223
1.42756
1.32587
1.19131
1.0134
0.7834
0.591997
0.619352
0.738129
1.19136
3.21566
21.9201
745.699
1781.74
2323.97
1398.18
1142.64
1.71695
1.81924
1.91929
2.0123
2.09184
2.15075
2.18249
2.18287
2.15161
2.09295
2.01521
1.92914
1.84557
1.77315
1.71662
1.67556
1.6464
1.62292
1.59773
1.56389
1.51576
1.44878
1.35855
1.23899
1.07811
0.863125
0.552987
0.563818
0.630398
0.847852
1.65553
7.53822
239.162
844.619
1694.01
2106.63
1327.41
1145.03
1.79408
1.91826
2.04174
2.15791
2.25798
2.33215
2.37151
2.37033
2.32804
2.24993
2.14658
2.03177
1.91967
1.82166
1.74389
1.68571
1.64233
1.60579
1.56713
1.51867
1.45494
1.3715
1.26251
1.11819
0.92091
0.554256
0.511788
0.548951
0.66248
1.03888
2.85411
57.9572
366.181
796.284
1533.22
1872.82
1238.51
1121.96
1.89116
2.04138
2.19241
2.33541
2.45876
2.5497
2.59667
2.59311
2.53841
2.43845
2.3054
2.15601
2.00812
1.87709
1.77093
1.6895
1.62682
1.57314
1.51789
1.45275
1.37242
1.2719
1.14322
0.967427
0.619132
0.472692
0.490386
0.540416
0.704148
1.35991
9.90337
151.135
389.786
759.285
1367.55
1641.5
1136.73
1076.69
2.00834
2.18854
2.37088
2.54386
2.69242
2.80025
2.85505
2.84959
2.78412
2.66449
2.50179
2.31426
2.12342
1.95004
1.80605
1.69244
1.60282
1.52622
1.45096
1.36837
1.27277
1.1572
1.00103
0.698043
0.443182
0.454561
0.475037
0.532146
0.71951
2.37632
83.8986
169.996
398.123
759.739
1228.86
1425.18
1028.95
1013.57
2.14416
2.35781
2.5746
2.77966
2.95392
3.08002
3.14424
3.13934
3.06712
2.9346
2.74938
2.52583
2.28706
2.06042
1.86561
1.70621
1.57733
1.46876
1.36956
1.27114
1.16359
1.0221
0.746953
0.425827
0.431731
0.442686
0.466371
0.525915
0.973105
41.7246
101.254
177.009
386.833
744.103
1100.64
1230.31
921.178
937.873
2.29561
2.54547
2.79902
3.03682
3.23851
3.38551
3.46175
3.45932
3.38325
3.2433
3.05255
2.81172
2.52906
2.23981
1.97765
1.75205
1.56343
1.40722
1.27835
1.16906
1.04093
0.76226
0.412574
0.414857
0.422718
0.437655
0.468677
0.658626
13.6906
51.8897
111.362
194.026
392.371
698.66
973.726
1056.86
817.777
854.21
2.4583
2.74636
3.03767
3.30936
3.54156
3.71209
3.80148
3.80282
3.72331
3.58937
3.41086
3.18121
2.88279
2.53233
2.18644
1.86661
1.58454
1.35136
1.18162
1.06773
0.726938
0.402909
0.402208
0.408178
0.419847
0.4414
0.541188
4.90529
26.9431
59.5408
116.391
214.489
393.35
640.492
853.256
903.834
721.767
766.49
2.62667
2.95391
3.28366
3.59156
3.85731
4.05271
4.1559
4.1629
4.0887
3.96547
3.81786
3.6325
3.36841
2.99138
2.55734
2.11128
1.68344
1.31652
1.07418
0.609574
0.399635
0.3951
0.398988
0.408728
0.426464
0.478332
1.21247
15.9146
35.3272
66.1856
122.413
223.971
379.308
578.197
742.043
770.246
635.134
677.755
2.79445
3.16119
3.53018
3.87669
4.17812
4.39999
4.51708
4.52779
4.45986
4.35578
4.24666
4.13551
3.96633
3.65357
3.1652
2.57845
1.93573
1.33831
0.710281
0.411102
0.396571
0.397453
0.405107
0.42001
0.450618
0.613794
10.4817
23.8882
41.9241
72.3142
128.601
222.896
356.727
515.68
641.278
654.834
558.539
590.467
2.9549
3.36088
3.7697
4.15672
4.49618
4.74783
4.87781
4.88569
4.81147
4.71798
4.65176
4.62215
4.5888
4.4443
4.03744
3.36814
2.4604
1.39669
0.44209
0.407594
0.406132
0.411455
0.425177
0.446263
0.594769
6.05112
17.5698
29.7322
47.1012
77.975
131.518
215.45
329.127
455.721
550.442
556.02
491.593
506.307
3.10095
3.54508
3.99385
4.42327
4.80437
5.09155
5.23435
5.23255
5.13614
5.02654
4.97532
5.01106
5.11111
5.18575
5.06311
4.51805
3.50289
2.02965
0.545001
0.431222
0.427852
0.440907
0.475413
0.544729
3.53066
14.0321
22.9943
33.6558
51.1765
81.2281
130.454
203.932
299.083
399.705
470.4
471.6
433.446
425.374
3.22537
3.70556
4.19392
4.66462
5.09388
5.42438
5.58906
5.5777
5.44308
5.28518
5.20079
5.24393
5.41924
5.66773
5.85937
5.73681
4.98689
3.34383
1.20551
0.568275
0.487962
0.504381
0.659804
2.09125
11.169
19.0659
25.9618
36.1625
53.1982
81.6019
126.18
189.704
268.582
348.194
400.67
400.359
382.276
350.805
3.3211
3.8333
4.35777
4.86837
5.35172
5.74061
5.94737
5.93763
5.75796
5.52339
5.3553
5.33081
5.4724
5.76111
6.13647
6.44422
6.41959
5.70706
4.02155
1.83981
1.01035
1.17635
3.18163
10.3775
16.4744
21.1581
27.1341
36.8599
53.2373
79.6718
119.448
173.817
238.73
301.432
340.394
340.644
337.268
284.313
3.38177
3.92032
4.47496
5.02238
5.56097
6.02675
6.30642
6.32797
6.11607
5.79237
5.50234
5.34675
5.36189
5.54038
5.85905
6.28855
6.72263
7.03419
7.14336
7.32304
8.09108
9.83999
12.2391
14.5431
17.4149
21.0507
26.7305
36.2233
51.7751
75.9605
110.987
157.122
210.226
259.45
288.623
290.569
297.309
226.899
3.40241
3.95998
4.53655
5.11007
5.69752
6.25283
6.6449
6.75069
6.54942
6.15206
5.7271
5.40892
5.25112
5.24452
5.37412
5.6429
6.06178
6.64481
7.41935
8.43518
9.67571
10.9795
12.2858
13.9348
16.3418
19.8802
25.5246
34.6994
49.2008
70.9728
101.457
140.304
183.532
222.131
244.351
248.293
261.133
178.989
3.37976
3.94729
4.53551
5.12163
5.73096
6.36887
6.90873
7.17198
7.06205
6.64543
6.10464
5.62879
5.30733
5.12092
5.04416
5.08978
5.31556
5.78905
6.54098
7.51742
8.57488
9.67422
10.8982
12.5152
14.8611
18.3864
23.9066
32.5839
45.8485
65.156
91.4032
123.883
158.93
189.224
206.516
212.097
227.661
140.266
3.31299
3.87943
4.46676
5.05054
5.64664
6.31454
6.99874
7.49083
7.59036
7.2611
6.66503
6.06992
5.63485
5.32297
5.0915
4.93748
4.92929
5.15724
5.65842
6.38796
7.2716
8.28083
9.49117
11.0983
13.3955
16.823
22.0698
30.0821
41.9893
58.8702
81.2407
108.214
136.529
160.347
174.045
180.496
196.135
109.705
3.20461
3.75726
4.33309
4.89722
5.45086
6.05301
6.77886
7.50248
7.93991
7.87252
7.35201
6.72378
6.25845
5.88212
5.56234
5.25782
5.02723
4.98853
5.21091
5.68291
6.36857
7.23881
8.35718
9.87817
12.0548
15.2758
20.1153
27.3385
37.8311
52.3841
71.2556
93.5005
116.291
135.027
145.933
152.356
166.223
85.8411
3.06099
3.58543
4.13742
4.66943
5.16201
5.65115
6.23414
6.95689
7.68991
8.11224
7.9396
7.48891
7.15282
6.74812
6.39236
5.98504
5.54038
5.2214
5.15326
5.36176
5.82112
6.51331
7.48445
8.85662
10.8413
13.7653
18.0993
24.4571
33.5288
45.8899
61.6319
79.8316
98.0832
112.773
121.348
126.966
138.051
67.1515
2.89234
3.37374
3.8869
4.37586
4.79748
5.15985
5.5105
5.92533
6.43608
7.02514
7.71454
7.99678
8.2665
7.83249
7.46184
7.00989
6.35583
5.7242
5.33522
5.26055
5.4851
5.98672
6.78674
7.9745
9.71932
12.2873
16.058
21.5189
29.2042
39.5307
52.4907
67.2327
81.7385
93.158
99.7005
104.031
112.087
52.3696
2.71165
3.13729
3.59655
4.03129
4.376
4.61067
4.72723
4.73478
4.62269
4.17424
1.99668
4.3397
9.15178
8.9695
8.58799
8.18823
7.36282
6.38424
5.63568
5.25329
5.2416
5.55428
6.17895
7.16908
8.65216
10.8378
14.0259
18.5985
24.9663
33.4304
43.9321
55.7204
67.124
75.8788
80.6552
83.562
88.9209
40.597
2.53432
2.8949
3.29007
3.66175
3.93261
4.04191
3.97191
3.65883
2.99549
1.39137
0.524383
0.539553
0.969521
9.27943
9.46448
9.27962
8.41976
7.09416
5.95102
5.2516
5.0096
5.14374
5.60128
6.39748
7.61921
9.42476
12.0452
15.7744
20.9245
27.7131
36.0625
45.3371
54.1743
60.7676
64.0747
65.7109
69.0164
31.243
2.37202
2.66678
2.99332
3.3009
3.50915
3.53048
3.32913
2.79467
1.73458
0.432009
0.402003
0.430144
0.502347
0.999498
9.355
9.91285
9.30168
7.72117
6.19001
5.19089
4.73951
4.71525
5.02341
5.64181
6.61984
8.0705
10.166
13.1273
17.1872
22.5027
28.9969
36.1534
42.8843
47.754
49.919
50.6031
52.5594
23.8976
2.23168
2.46823
2.72783
2.97691
3.13792
3.11797
2.83324
2.19779
0.548795
0.361229
0.36341
0.379428
0.417004
0.543481
3.90959
9.82319
9.70695
8.08093
6.26412
5.02403
4.40581
4.25486
4.43933
4.9047
5.6683
6.8051
8.4385
10.7295
13.848
17.906
22.8377
28.2404
33.2687
36.7985
38.1434
38.2312
39.4306
18.2274
2.11703
2.30452
2.50804
2.7038
2.83498
2.79961
2.51305
1.94819
0.416532
0.348984
0.346561
0.353057
0.373348
0.416775
0.666758
8.37664
9.51923
8.07502
6.11495
4.72569
4.00274
3.76678
3.85867
4.20041
4.78496
5.65726
6.90188
8.63226
10.9688
13.9899
17.6441
21.6301
25.3116
27.8286
28.6313
28.425
29.2762
13.9266
2.0289
2.17696
2.33474
2.48743
2.59722
2.58174
2.35374
1.87621
0.435691
0.347687
0.339885
0.340349
0.353313
0.386121
0.504632
3.23432
8.83988
7.64956
5.71245
4.29216
3.54039
3.2663
3.29828
3.54647
3.98827
4.64696
5.57782
6.85795
8.56994
10.7673
13.4121
16.2873
18.9305
20.7023
21.1743
20.8821
21.6173
10.7105
1.96593
2.08423
2.20581
2.32313
2.41375
2.42673
2.24942
1.85874
0.685792
0.361659
0.342066
0.337559
0.346032
0.374435
0.447892
1.05028
7.88213
6.82152
5.06112
3.74378
3.04232
2.77458
2.77607
2.9577
3.29002
3.78224
4.46881
5.40039
6.6318
8.19842
10.0732
12.1056
13.9702
15.2063
15.4906
15.228
15.9491
8.32544
1.92504
2.02328
2.11811
2.20661
2.27748
2.30176
2.20636
1.94312
1.44309
0.381198
0.34907
0.341296
0.347981
0.378996
0.48007
1.24914
6.82899
5.73275
4.2499
3.13748
2.54435
2.31455
2.30704
2.44336
2.69387
3.05981
3.56168
4.23171
5.10524
6.20488
7.51198
8.92501
10.2218
11.0801
11.2634
11.0767
11.8077
6.5598
1.90158
1.98947
2.06754
2.13497
2.18737
2.21266
2.18212
2.04031
1.74136
0.657102
0.379454
0.353287
0.358479
0.406328
0.700373
3.06215
5.52001
4.60131
3.41574
2.54619
2.08371
1.90538
1.90062
2.00626
2.19629
2.46809
2.83328
3.31183
3.92593
4.68966
5.59039
6.56133
7.45458
8.05022
8.18036
8.07456
8.80346
5.24683
1.88945
1.97622
2.04804
2.10408
2.143
2.16187
2.15336
2.09764
1.95349
1.63126
0.570425
0.39587
0.401125
0.487485
2.11319
3.59517
4.27582
3.56804
2.66693
2.02566
1.68612
1.55782
1.55953
1.64347
1.78856
1.99073
2.25618
2.59697
3.0268
3.55424
4.17097
4.83387
5.44642
5.86147
5.96264
5.92353
6.62823
4.26131
1.88135
1.97497
2.05057
2.10607
2.1401
2.15199
2.14103
2.10384
2.03308
1.91916
1.7196
1.31085
1.27883
2.11522
2.68149
3.19366
3.29461
2.71607
2.0579
1.60148
1.36123
1.27338
1.28054
1.3479
1.45909
1.60977
1.80293
2.04568
2.34636
2.71018
3.1318
3.58385
4.00423
4.29587
4.37964
4.38802
5.0492
3.51235
1.86947
1.97567
2.06323
2.12851
2.16886
2.1829
2.1703
2.13118
2.06717
1.98635
1.90354
1.85202
1.9192
2.15611
2.45771
2.6763
2.54063
2.06748
1.59429
1.2735
1.10575
1.0467
1.05656
1.1103
1.19543
1.30785
1.44867
1.62197
1.83277
2.08429
2.37324
2.68252
2.9726
3.18003
3.25182
3.29032
3.89574
2.93536
1.8465
1.96801
2.07244
2.15488
2.21146
2.2396
2.23815
2.20743
2.15053
2.07703
2.00603
1.96146
1.9797
2.08389
2.20585
2.20998
1.9769
1.59717
1.25523
1.02801
0.909615
0.869122
0.878899
0.920957
0.985719
1.06948
1.17229
1.29635
1.44469
1.61936
1.81845
2.03147
2.23346
2.38319
2.44568
2.50108
3.0455
2.48488
1.80675
1.9431
2.0653
2.16761
2.24519
2.2945
2.31343
2.30148
2.26066
2.19756
2.12491
2.05731
2.01568
1.99966
1.96105
1.82751
1.56936
1.26563
1.01302
0.847677
0.761112
0.731378
0.739011
0.770863
0.819486
0.881582
0.956587
1.04559
1.1504
1.27235
1.41048
1.55846
1.7007
1.81055
1.86525
1.92847
2.41196
2.12889
1.7471
1.89512
2.03237
2.15248
2.24986
2.31997
2.35952
2.36645
2.3404
2.28353
2.20097
2.10263
1.99794
1.88319
1.73638
1.53376
1.28272
1.03604
0.842423
0.716626
0.649555
0.625168
0.629362
0.652272
0.687969
0.73351
0.788003
0.851851
0.926101
1.01167
1.10816
1.21191
1.31328
1.39517
1.44311
1.5084
1.93434
1.8446
1.66735
1.82218
1.96934
2.10198
2.21374
2.29909
2.35332
2.37257
2.35397
2.2961
2.20083
2.07436
1.92216
1.74584
1.54322
1.3166
1.08425
0.878641
0.723217
0.621981
0.566173
0.543617
0.54371
0.558804
0.584049
0.616801
0.655991
0.701599
0.754193
0.814414
0.882208
0.955552
1.02862
1.09058
1.13256
1.19648
1.57002
1.61557
1.56998
1.72619
1.87723
2.01586
2.13509
2.22843
2.28995
2.31435
2.29714
2.23513
2.13022
1.98595
1.80814
1.60407
1.38276
1.15736
0.946726
0.770689
0.640024
0.553797
0.504049
0.481212
0.477008
0.485307
0.502035
0.524792
0.552425
0.584648
0.621714
0.664067
0.71184
0.764021
0.817202
0.86467
0.901374
0.962042
1.28902
1.4297
1.45939
1.61194
1.76115
1.89959
2.01986
2.11478
2.17764
2.20235
2.18387
2.1195
2.01071
1.86056
1.67613
1.46814
1.25033
1.0387
0.849588
0.695584
0.581486
0.504525
0.457781
0.433555
0.425192
0.427633
0.437382
0.452247
0.471041
0.493311
0.519097
0.548693
0.582314
0.619554
0.658539
0.695274
0.727308
0.783817
1.07005
1.27788
1.34093
1.48569
1.62845
1.76179
1.87814
1.97007
2.0306
2.05347
2.03359
1.97046
1.86394
1.71776
1.53991
1.34234
1.13963
0.94716
0.77831
0.641644
0.539384
0.468477
0.423136
0.397117
0.38496
0.382416
0.386439
0.395022
0.406978
0.421752
0.439234
0.459598
0.483079
0.509621
0.538313
0.566957
0.594869
0.646901
0.897868
1.15315
1.21996
1.35404
1.48706
1.61187
1.72104
1.80723
1.86361
1.88433
1.86506
1.80576
1.70629
1.57073
1.40724
1.22744
1.04495
0.873225
0.7231
0.600891
0.50787
0.441394
0.396803
0.369044
0.353614
0.346907
0.346253
0.349814
0.356434
0.365495
0.376786
0.390383
0.406505
0.425283
0.446407
0.468859
0.493152
0.540735
0.761386
1.05011
1.10123
1.22289
1.3442
1.45846
1.5586
1.63764
1.68919
1.70793
1.6911
1.63783
1.5485
1.42724
1.2818
1.12271
0.961839
0.810526
0.677584
0.568015
0.48286
0.420129
0.376203
0.347045
0.328947
0.318851
0.314417
0.313971
0.316407
0.321079
0.327705
0.336285
0.347001
0.360081
0.375572
0.393231
0.414367
0.457728
0.652443
0.964501
0.988431
1.09697
1.20569
1.30849
1.39882
1.47021
1.51689
1.53415
1.52068
1.47463
1.39686
1.29133
1.16497
1.02688
0.887092
0.754962
0.637727
0.539567
0.461564
0.402397
0.359362
0.329294
0.309169
0.296407
0.288973
0.285355
0.284514
0.285798
0.288885
0.293714
0.300425
0.309283
0.320547
0.334467
0.352871
0.392339
0.564934
0.892939
0.884105
0.979648
1.07575
1.167
1.2474
1.3111
1.35308
1.36955
1.3593
1.32068
1.25464
1.16472
1.05687
0.938699
0.818499
0.703952
0.601037
0.513363
0.442122
0.386579
0.344804
0.31437
0.292848
0.278091
0.26834
0.262251
0.258861
0.257537
0.257932
0.259943
0.263671
0.269383
0.277457
0.288453
0.304516
0.340465
0.494236
0.832744
0.789688
0.872964
0.957064
1.03725
1.10803
1.16415
1.20129
1.21714
1.20981
1.17819
1.12318
1.04783
0.957032
0.857034
0.754566
0.655902
0.566014
0.488062
0.423333
0.371563
0.331451
0.30119
0.278868
0.262721
0.251256
0.243291
0.237949
0.234632
0.232989
0.232885
0.23439
0.237758
0.243423
0.252131
0.26621
0.29903
0.436803
0.78177
0.70562
0.777841
0.851036
0.921083
0.982863
1.03166
1.06402
1.07863
1.07352
1.04797
1.00279
0.940437
0.864843
0.780999
0.694308
0.60986
0.531791
0.462879
0.404457
0.356613
0.318544
0.288956
0.266376
0.249384
0.236732
0.227399
0.220603
0.215792
0.21262
0.210943
0.2108
0.212427
0.21628
0.223208
0.235625
0.265698
0.389895
0.738304
0.631404
0.694197
0.758041
0.819317
0.87294
0.914666
0.942184
0.954726
0.950893
0.930216
0.89335
0.842185
0.779769
0.710001
0.637152
0.56532
0.497929
0.437407
0.385078
0.341275
0.305577
0.277098
0.25474
0.237384
0.224007
0.213745
0.205913
0.200013
0.195723
0.192891
0.191542
0.19189
0.194393
0.199949
0.210994
0.238686
0.351384
0.700976
0.56546
0.620902
0.677532
0.732011
0.778655
0.81351
0.836016
0.845803
0.842244
0.825119
0.794913
0.753006
0.701674
0.643889
0.582977
0.522194
0.464354
0.411549
0.365045
0.325325
0.292245
0.26524
0.243517
0.226216
0.212517
0.201703
0.19319
0.186539
0.181457
0.177801
0.175586
0.175009
0.176519
0.181029
0.190958
0.216614
0.319607
0.668679
0.50452
0.555326
0.607883
0.658685
0.700217
0.728853
0.746082
0.752549
0.74835
0.733465
0.708222
0.673574
0.631168
0.583227
0.532299
0.480947
0.431452
0.38559
0.344522
0.308803
0.278474
0.253206
0.232446
0.215552
0.201876
0.190835
0.181941
0.174817
0.169209
0.164988
0.162168
0.160936
0.161728
0.165458
0.174506
0.198461
0.29331
0.640553
0.442058
0.491906
0.54551
0.598285
0.637654
0.661239
0.673391
0.676372
0.670903
0.657104
0.635178
0.605764
0.570049
0.529693
0.486648
0.442926
0.400364
0.360445
0.3242
0.292187
0.264554
0.241131
0.221542
0.205309
0.191927
0.180926
0.171902
0.164536
0.158611
0.154018
0.150776
0.149067
0.149317
0.152431
0.160745
0.183271
0.271376
0.615776
0.363944
0.416936
0.480372
0.548606
0.590526
0.611189
0.619452
0.619574
0.61279
0.59931
0.579271
0.553143
0.521833
0.486647
0.449139
0.41093
0.373523
0.338162
0.305739
0.276779
0.251472
0.229738
0.211315
0.195838
0.182904
0.172128
0.16317
0.15576
0.14971
0.144929
0.141443
0.139431
0.139314
0.141994
0.14977
0.171161
0.253696
0.594126
0.232955
0.28113
0.363155
0.504018
0.55639
0.578632
0.586479
0.58587
0.578707
0.56545
0.546318
0.521769
0.49263
0.460063
0.425436
0.390173
0.355594
0.322796
0.292581
0.26543
0.241536
0.220854
0.203173
0.188186
0.175547
0.164916
0.155992
0.148531
0.142363
0.137405
0.133678
0.131352
0.130832
0.133009
0.14017
0.160568
0.238845
0.574165
)
;

boundaryField
{
    leftWall
    {
        type            epsilonWallFunction;
        value           nonuniform List<scalar> 
100
(
0.0254819
0.0343582
0.0457643
0.0529243
0.0576567
0.0637722
0.0715626
0.0798559
0.0881058
0.0959998
0.103391
0.110333
0.11713
0.123809
0.130012
0.135804
0.141866
0.146712
0.14518
0.137736
0.131183
0.217633
0.546627
0.666071
0.627958
0.582328
0.559804
0.556769
0.561251
0.572325
0.589897
0.612754
0.638787
0.665685
0.691461
0.714679
0.734455
0.750363
0.762311
0.770424
0.774956
0.776223
0.774566
0.770332
0.763859
0.755475
0.745496
0.734226
0.721954
0.708955
0.695486
0.681788
0.668081
0.65457
0.641441
0.628859
0.616976
0.605921
0.59581
0.586741
0.578797
0.572048
0.566551
0.562353
0.559494
0.558006
0.557921
0.559266
0.562071
0.566367
0.572187
0.579572
0.588566
0.599221
0.611597
0.625767
0.64182
0.659868
0.680045
0.702527
0.72753
0.755306
0.786151
0.820428
0.8586
0.901278
0.949274
1.00367
1.06588
1.13763
1.22113
1.31927
1.43583
1.57595
1.74713
1.95916
2.22534
2.56558
3.02232
3.72664
)
;
    }
    rightWall
    {
        type            epsilonWallFunction;
        value           nonuniform List<scalar> 
100
(
0.0361554
0.0157172
0.0185682
0.0869141
0.103633
0.123004
0.145244
0.170932
0.200953
0.23673
0.280505
0.335695
0.407381
0.503009
0.633588
0.817588
1.32565
2.24557
3.85071
6.59441
11.1953
18.7552
30.8842
49.7964
78.3116
119.629
176.573
250.648
339.833
437.204
530.433
608.91
667.753
654.346
603.46
549.72
500.588
499.682
540.777
577.867
618.334
669.211
746.082
832.558
911.535
988.05
1059.4
1113.86
1142.64
1145.03
1121.96
1076.69
1013.57
937.873
854.21
766.49
677.755
590.467
506.307
425.374
350.805
284.313
226.899
178.989
140.266
109.705
85.8411
67.1515
52.3696
40.597
31.243
23.8976
18.2274
13.9266
10.7105
8.32544
6.5598
5.24683
4.26131
3.51235
2.93536
2.48488
2.12889
1.8446
1.61557
1.4297
1.27788
1.15315
1.05011
0.964501
0.892939
0.832744
0.78177
0.738304
0.700976
0.668679
0.640553
0.615776
0.594126
0.574165
)
;
    }
    lowerWall
    {
        type            epsilonWallFunction;
        value           nonuniform List<scalar> 
124
(
0.0254819
0.0812779
0.149426
0.224533
0.295199
0.361292
0.428477
0.492151
0.553538
0.613299
0.672033
0.730212
0.788152
0.846013
0.903804
0.961406
1.01859
1.07502
1.13031
1.18399
1.23554
1.28442
1.33003
1.37177
1.40901
1.44111
1.46744
1.48732
1.50006
1.50484
1.50017
1.48978
1.47137
1.44296
1.40321
1.35105
1.28568
1.20723
1.11771
1.02124
0.920201
0.816581
0.712332
0.600694
0.490469
0.35622
0.35622
0.401414
0.583743
0.784017
1.02239
1.28001
1.53471
1.79119
2.04063
2.31797
2.5905
2.89094
3.23817
3.65646
4.18038
4.95725
6.44505
5.11699
3.83591
2.79216
2.23583
2.8433
6.2189
7.61823
0.0616522
0.0185799
0.104762
0.153871
0.202414
0.250506
0.299233
0.349733
0.403421
0.462314
0.529493
0.610117
0.713103
0.856077
1.08425
1.75124
0.0616522
0.139693
0.218019
0.270156
0.311181
0.348096
0.383931
0.419824
0.455374
0.489032
0.520446
0.548811
0.567309
0.564736
0.56482
2.39661
0.566767
0.56742
0.566594
0.566023
0.567078
0.552019
0.519902
0.482911
0.443013
0.401748
0.360628
0.322159
0.288518
0.259348
0.234076
0.211591
0.190219
0.167822
0.141969
0.110558
0.0729769
0.0361554
)
;
    }
    atmosphere
    {
        type            inletOutlet;
        inletValue      uniform 0.1;
        value           nonuniform List<scalar> 
92
(
0.1
0.1
0.1
0.1
0.1
0.1
0.1
0.1
0.1
0.1
0.1
0.1
0.1
0.1
0.1
0.1
0.1
0.1
0.1
0.1
0.1
0.1
0.1
0.1
0.1
0.1
0.1
0.1
0.1
0.1
0.1
0.1
0.1
0.1
0.1
0.1
0.1
0.1
0.1
0.1
0.1
0.1
0.1
0.1
0.1
0.1
0.1
0.1
0.1
0.1
0.1
0.1
0.1
0.1
0.1
0.1
0.1
0.504018
0.55639
0.578632
0.586479
0.58587
0.578707
0.56545
0.546318
0.521769
0.49263
0.460063
0.425436
0.390173
0.355594
0.322796
0.292581
0.26543
0.241536
0.220854
0.203173
0.188186
0.175547
0.164916
0.155992
0.148531
0.142363
0.137405
0.133678
0.131352
0.130832
0.133009
0.14017
0.160568
0.238845
0.574165
)
;
    }
    defaultFaces
    {
        type            empty;
    }
}


// ************************************************************************* //
