/*--------------------------------*- C++ -*----------------------------------*\
  =========                 |
  \\      /  F ield         | OpenFOAM: The Open Source CFD Toolbox
   \\    /   O peration     | Website:  https://openfoam.org
    \\  /    A nd           | Version:  7
     \\/     M anipulation  |
\*---------------------------------------------------------------------------*/
FoamFile
{
    version     2.0;
    format      ascii;
    class       volScalarField;
    location    "0.45";
    object      k;
}
// * * * * * * * * * * * * * * * * * * * * * * * * * * * * * * * * * * * * * //

dimensions      [0 2 -2 0 0 0 0];

internalField   nonuniform List<scalar> 
9072
(
0.00255921
0.00452156
0.00678541
0.00890233
0.0106843
0.0122246
0.0136968
0.0150222
0.0162466
0.0173955
0.0184887
0.0195404
0.0205602
0.0215538
0.0225237
0.02347
0.0243907
0.0252827
0.0261415
0.0269619
0.0277383
0.0284643
0.0291336
0.0297394
0.0302748
0.0307325
0.0311051
0.0313851
0.0315637
0.0316305
0.0315647
0.031419
0.0311595
0.0307569
0.0301893
0.0294361
0.0284785
0.0273077
0.02594
0.0244245
0.0227845
0.0210404
0.0192099
0.0171471
0.0149792
0.0121021
0.004198
0.0092475
0.0140741
0.0183584
0.022187
0.0255013
0.0283738
0.0309494
0.0333055
0.0354997
0.037575
0.0395624
0.0414823
0.0433465
0.0451608
0.0469254
0.0486372
0.0502902
0.0518765
0.0533869
0.0548115
0.0561402
0.0573624
0.0584682
0.0594479
0.0602926
0.0609945
0.061547
0.0619451
0.062185
0.0622579
0.0621336
0.0618392
0.0613756
0.0607472
0.0599624
0.0590381
0.0580122
0.0569487
0.0559011
0.0546231
0.052343
0.0473547
0.041177
0.0316598
0.0215997
0.00508247
0.0118389
0.0175991
0.0228287
0.0275216
0.0315857
0.0351737
0.0383983
0.041346
0.044086
0.0466712
0.04914
0.0515183
0.0538217
0.0560581
0.0582289
0.0603311
0.0623583
0.0643021
0.0661521
0.0678973
0.0695264
0.0710281
0.0723917
0.0736071
0.074666
0.0755618
0.0762902
0.07685
0.0772429
0.0774713
0.0775311
0.0774426
0.0772204
0.0768802
0.0764354
0.0758978
0.0752844
0.0746271
0.0739471
0.0729547
0.0708065
0.0658969
0.058143
0.0450689
0.0277242
0.00560001
0.0136791
0.0200753
0.0258772
0.0310379
0.0356044
0.0396731
0.0433421
0.0466987
0.0498162
0.0527523
0.0555495
0.058237
0.0608331
0.0633474
0.0657826
0.0681365
0.070403
0.0725737
0.0746382
0.0765855
0.078404
0.0800826
0.0816106
0.082979
0.0841803
0.08521
0.0860667
0.0867533
0.0872775
0.0876508
0.0878865
0.0880128
0.0880562
0.0880431
0.0879924
0.0879084
0.087777
0.0875655
0.0872007
0.0863423
0.084165
0.0797346
0.0723991
0.0588474
0.0337481
0.00592905
0.0152024
0.0221075
0.0282389
0.033747
0.0386785
0.0431066
0.0471177
0.0507953
0.054212
0.0574268
0.0604837
0.0634138
0.0662372
0.0689648
0.0716004
0.0741428
0.0765865
0.0789236
0.0811442
0.0832375
0.0851925
0.0869985
0.0886459
0.0901265
0.0914347
0.092568
0.0935283
0.0943225
0.094964
0.095472
0.0958714
0.0961996
0.0964937
0.0967885
0.0971068
0.0974466
0.0977678
0.0979801
0.0979203
0.0972059
0.0950934
0.0911363
0.0845341
0.0721813
0.0402791
0.00634032
0.0165552
0.0238466
0.0302397
0.0360016
0.0412017
0.0459055
0.0501896
0.0541307
0.0577978
0.0612479
0.0645248
0.0676599
0.070674
0.0735789
0.0763794
0.0790751
0.0816614
0.0841309
0.0864746
0.0886824
0.0907439
0.0926495
0.0943905
0.0959604
0.0973552
0.0985751
0.0996249
0.100516
0.101266
0.101901
0.102455
0.102973
0.103499
0.104076
0.104728
0.105448
0.106176
0.106779
0.10703
0.106524
0.104616
0.101048
0.0953427
0.083912
0.0467879
0.00684631
0.0178115
0.0254361
0.0320254
0.0379663
0.0433612
0.0482761
0.0527795
0.0569401
0.0608209
0.064475
0.0679441
0.0712588
0.0744396
0.0774986
0.0804415
0.0832683
0.0859753
0.0885561
0.0910023
0.0933048
0.0954542
0.097442
0.099261
0.100906
0.102376
0.103672
0.104803
0.105784
0.106638
0.107395
0.108096
0.108793
0.109536
0.11037
0.111322
0.112381
0.113473
0.11444
0.115016
0.11479
0.113214
0.110073
0.105232
0.0944252
0.0528015
0.00736545
0.0190318
0.0269318
0.0336624
0.0397247
0.0452578
0.0503329
0.0550121
0.059356
0.0634205
0.0672532
0.0708927
0.0743674
0.077697
0.0808936
0.0839627
0.0869053
0.0897182
0.0923958
0.0949308
0.0973149
0.0995401
0.101599
0.103486
0.105198
0.106735
0.108102
0.10931
0.110377
0.111331
0.112207
0.11305
0.113916
0.11486
0.115931
0.117154
0.118517
0.119939
0.121249
0.122165
0.122286
0.121145
0.118546
0.114336
0.103856
0.0585319
0.00786445
0.0202028
0.0283416
0.0351752
0.0413181
0.0469478
0.0521438
0.0569641
0.0614613
0.0656838
0.0696736
0.0734649
0.0770834
0.0805474
0.0838682
0.0870514
0.0900982
0.0930061
0.0957702
0.0983841
0.100841
0.103133
0.105256
0.107204
0.108977
0.110577
0.112012
0.113294
0.114447
0.115499
0.116491
0.117471
0.118499
0.119632
0.12092
0.122391
0.124029
0.125753
0.127392
0.128664
0.129187
0.128557
0.126578
0.122877
0.11248
0.0638434
0.00832759
0.0213033
0.0296519
0.0365656
0.0427637
0.0484622
0.0537507
0.0586849
0.0633109
0.0676699
0.071798
0.0757247
0.0794729
0.0830588
0.0864927
0.0897798
0.0929215
0.0959158
0.0987585
0.101444
0.103967
0.106321
0.108502
0.110508
0.112339
0.114
0.1155
0.116856
0.118093
0.119243
0.12035
0.121463
0.122646
0.123957
0.125448
0.127145
0.129035
0.13104
0.132997
0.134636
0.135606
0.135546
0.134243
0.131082
0.120709
0.0695041
0.00874984
0.02231
0.0308443
0.0378262
0.0440666
0.0498175
0.0551795
0.0602078
0.0649432
0.0694208
0.0736708
0.0777186
0.0815838
0.0852803
0.0888173
0.0921995
0.0954282
0.0985017
0.101417
0.104168
0.106752
0.109164
0.1114
0.113461
0.115348
0.117068
0.118634
0.120064
0.121385
0.122633
0.123853
0.125097
0.12643
0.127911
0.12959
0.131497
0.133621
0.13589
0.138155
0.140171
0.141619
0.142175
0.1416
0.139043
0.128723
0.0748472
0.00913722
0.0232081
0.0319036
0.0389474
0.0452261
0.0510222
0.0564471
0.0615561
0.0663862
0.0709675
0.0753256
0.0794816
0.083452
0.0872489
0.0908799
0.0943492
0.0976577
0.100804
0.103786
0.106599
0.10924
0.111706
0.113995
0.116108
0.118051
0.119831
0.121462
0.122967
0.124373
0.125719
0.127051
0.128425
0.129903
0.131546
0.133405
0.135509
0.13785
0.140369
0.142934
0.14533
0.147278
0.148489
0.148696
0.146845
0.136819
0.080524
0.00950841
0.0239892
0.0328192
0.0399215
0.0462403
0.0520816
0.0575651
0.0627467
0.067661
0.0723342
0.0767882
0.081041
0.0851062
0.0889939
0.0927104
0.0962591
0.0996409
0.102855
0.105898
0.108769
0.111464
0.113981
0.116321
0.118486
0.120483
0.122323
0.124021
0.125601
0.127093
0.128538
0.129983
0.131484
0.133105
0.134906
0.136936
0.139226
0.141774
0.14453
0.147386
0.150161
0.15262
0.154513
0.155567
0.154595
0.145405
0.0868448
0.00986636
0.0246464
0.0335831
0.0407425
0.0471076
0.0529996
0.0585427
0.0637933
0.0687843
0.0735401
0.0780799
0.0824191
0.0865693
0.0905388
0.0943327
0.0979538
0.101403
0.104679
0.10778
0.110704
0.113449
0.116015
0.118405
0.120621
0.122673
0.124573
0.126338
0.127995
0.129575
0.131119
0.132677
0.134305
0.136067
0.138021
0.140217
0.142686
0.145431
0.148414
0.15155
0.154697
0.157666
0.160256
0.162223
0.162392
0.154956
0.0941654
0.0101928
0.0251707
0.0341877
0.0414056
0.0478278
0.0537807
0.0593885
0.0647075
0.0697705
0.0746012
0.0792179
0.0836343
0.0878605
0.0919033
0.095767
0.0994536
0.102964
0.106296
0.10945
0.112424
0.115218
0.117831
0.120269
0.122535
0.124642
0.126602
0.128436
0.13017
0.131839
0.133484
0.135156
0.13691
0.138812
0.140918
0.143276
0.145919
0.148852
0.152053
0.155459
0.158964
0.162429
0.165711
0.168631
0.170257
0.165692
0.102951
0.0104925
0.025549
0.0346228
0.0419067
0.0484026
0.054431
0.0601117
0.0655005
0.0706321
0.0755314
0.080217
0.0847021
0.0889959
0.093104
0.0970301
0.100776
0.104341
0.107726
0.110928
0.113949
0.116788
0.119447
0.12193
0.124247
0.126407
0.128429
0.130332
0.132145
0.133904
0.135651
0.137437
0.139318
0.141359
0.143616
0.146135
0.148947
0.152064
0.155474
0.159138
0.162983
0.166916
0.17085
0.174704
0.178004
0.177383
0.115336
0.00468088
0.0106279
0.01658
0.0205435
0.0236637
0.026473
0.0292013
0.031934
0.0346421
0.0372081
0.039604
0.041765
0.0431749
0.0429653
0.0430392
0.0428816
0.0432188
0.0432743
0.0432111
0.0431091
0.0432287
0.0420936
0.0396612
0.036845
0.0338035
0.0306547
0.0275144
0.0245712
0.0219976
0.0197661
0.0178336
0.0161156
0.0144846
0.0127774
0.0108079
0.00841575
0.00555334
0.00465534
0.007815
0.0168883
0.0235707
0.0278188
0.0311354
0.0342127
0.0373293
0.0405458
0.0437733
0.0469242
0.0499417
0.0527606
0.055251
0.0571605
0.058653
0.0597075
0.0604038
0.0606401
0.0604176
0.0596659
0.0582349
0.0559394
0.0530118
0.0495981
0.0458453
0.041925
0.0380293
0.0343492
0.0311475
0.0284914
0.0263176
0.0244642
0.0226875
0.0206994
0.0181889
0.014926
0.0104959
0.0066077
0.00948296
0.0218675
0.0289428
0.0334906
0.0370478
0.0403906
0.0438353
0.047442
0.0511124
0.0547487
0.0582675
0.0615935
0.0646764
0.0674112
0.0696305
0.0712486
0.0722604
0.0726259
0.0723015
0.0712207
0.0693157
0.0666842
0.063412
0.0595646
0.0552965
0.0508109
0.0463455
0.0421343
0.0384358
0.035367
0.0328932
0.030843
0.028914
0.026721
0.0238357
0.0199182
0.0142846
0.00780881
0.0122453
0.0260822
0.0334627
0.0382895
0.0420955
0.0456967
0.0494433
0.0534073
0.0574746
0.0615297
0.0654645
0.0691891
0.0726405
0.0757505
0.0783235
0.0802318
0.0814351
0.0819086
0.0816098
0.0804898
0.0785265
0.0757849
0.0723058
0.0681834
0.0635819
0.0587233
0.0538721
0.0492992
0.0452904
0.0419835
0.0393364
0.0371442
0.0350356
0.0325334
0.0291247
0.0243924
0.0176966
0.00837372
0.0147006
0.0298866
0.0375238
0.0426175
0.0467025
0.0506021
0.0546844
0.0590288
0.0634977
0.067954
0.0722643
0.0763242
0.0800648
0.0834151
0.0862036
0.0882923
0.0896318
0.0902051
0.0899779
0.0889072
0.0869715
0.084194
0.0806202
0.0763524
0.071558
0.0664678
0.0613618
0.056538
0.0523092
0.0488331
0.0460542
0.0437282
0.0414082
0.0385153
0.0344574
0.0287797
0.0209552
0.00942234
0.0169451
0.0334394
0.0413316
0.0467132
0.0511358
0.055408
0.059898
0.0646835
0.0695939
0.0744668
0.0791384
0.083489
0.0874554
0.0909731
0.0938928
0.0960864
0.0975088
0.0981558
0.0980016
0.0970035
0.0951298
0.0923841
0.0888119
0.0845123
0.0796489
0.0744521
0.0692081
0.0642328
0.0598605
0.056265
0.0533744
0.0509053
0.0483349
0.0449752
0.0401457
0.0333779
0.0242648
0.0105691
0.0190764
0.0368323
0.0450126
0.0507442
0.0556011
0.0603602
0.0653717
0.0706968
0.0761208
0.0814542
0.0864922
0.0910955
0.0952217
0.0988339
0.101807
0.104029
0.105468
0.106139
0.106032
0.105103
0.103313
0.100655
0.0971666
0.0929375
0.0881197
0.0829352
0.0776683
0.0726431
0.0682079
0.0645482
0.061571
0.0589526
0.0560965
0.0522031
0.0464829
0.0384422
0.0277774
0.0118142
0.021166
0.0401424
0.0486675
0.0548623
0.0603057
0.0657254
0.0714316
0.0774354
0.0834713
0.0893288
0.0947475
0.0995594
0.103761
0.107372
0.110305
0.112462
0.113827
0.114447
0.114333
0.11345
0.11175
0.109218
0.105882
0.101815
0.0971526
0.0920989
0.0869285
0.0819647
0.0775609
0.0739094
0.0708889
0.068131
0.0649666
0.0604846
0.053763
0.0442328
0.0316482
0.0131766
0.02328
0.0434634
0.0524132
0.0592504
0.0655124
0.0718565
0.0785174
0.0853769
0.0921274
0.0985689
0.104371
0.10932
0.113473
0.116952
0.119722
0.121694
0.122864
0.12332
0.123116
0.122229
0.120604
0.118219
0.115088
0.111268
0.106866
0.102066
0.0971215
0.0923473
0.0880917
0.084548
0.081557
0.0786968
0.0752218
0.0701099
0.0622855
0.0510332
0.0360665
0.0146871
0.0254941
0.0469431
0.0564416
0.064183
0.0716
0.079259
0.0872559
0.0951628
0.102681
0.109708
0.115846
0.120803
0.124725
0.127886
0.130339
0.131979
0.132802
0.132944
0.132531
0.131562
0.129974
0.127732
0.124846
0.121346
0.117313
0.112897
0.108326
0.103894
0.0999351
0.0966368
0.0937902
0.0909058
0.0871498
0.0813838
0.0723625
0.0591532
0.0412707
0.0163952
0.0279089
0.0508425
0.0611279
0.0701226
0.0791394
0.0886524
0.0985072
0.107593
0.115779
0.123247
0.129565
0.13432
0.137751
0.140354
0.142297
0.143452
0.143756
0.143402
0.142626
0.141472
0.139861
0.137744
0.135126
0.132019
0.128468
0.124582
0.120554
0.116649
0.113179
0.110315
0.107785
0.105012
0.101053
0.0946364
0.0843295
0.0689282
0.0475543
0.0183762
0.0306775
0.0556279
0.0672478
0.0778827
0.0889857
0.100984
0.113241
0.123456
0.131928
0.139435
0.145622
0.149882
0.152505
0.154261
0.155496
0.156021
0.155648
0.154609
0.153299
0.151844
0.150142
0.148121
0.14579
0.143148
0.140203
0.137017
0.133736
0.130587
0.127849
0.125673
0.123708
0.121263
0.11725
0.110231
0.0985608
0.0807241
0.0552654
0.020737
0.0340444
0.06211
0.0763865
0.0888713
0.102363
0.117303
0.132124
0.143044
0.151054
0.157912
0.163507
0.166953
0.168483
0.169127
0.169459
0.16925
0.168113
0.166245
0.164241
0.162378
0.16053
0.158584
0.156564
0.154472
0.152277
0.14999
0.1477
0.145588
0.143892
0.142739
0.141684
0.139887
0.136069
0.128572
0.115487
0.0949547
0.0648067
0.0236232
0.0384624
0.0719019
0.0914237
0.105216
0.120765
0.138257
0.154652
0.165227
0.171828
0.177206
0.181735
0.184216
0.184559
0.183941
0.183234
0.182268
0.18041
0.177691
0.1749
0.172564
0.170556
0.168694
0.167027
0.165587
0.164315
0.163165
0.162161
0.161426
0.161156
0.161461
0.16178
0.161087
0.157848
0.150107
0.135614
0.112114
0.0766486
0.027226
0.0450215
0.0873323
0.115766
0.128703
0.14481
0.162527
0.177452
0.186099
0.190916
0.194471
0.197727
0.199373
0.198777
0.197038
0.195331
0.193722
0.19137
0.187994
0.184475
0.181686
0.179576
0.177861
0.176619
0.175958
0.175812
0.17608
0.176715
0.177762
0.17938
0.181696
0.184
0.185032
0.182932
0.175338
0.159546
0.132826
0.0913813
0.031798
0.0619065
0.114428
0.14742
0.155543
0.168952
0.181929
0.191244
0.198616
0.202984
0.205329
0.207781
0.209214
0.208337
0.206014
0.20368
0.201782
0.19941
0.195864
0.191937
0.188854
0.186791
0.185365
0.184667
0.184937
0.186148
0.188158
0.190844
0.194149
0.198178
0.203203
0.208276
0.211859
0.211676
0.204829
0.188008
0.157893
0.109824
0.0377381
0.0108013
0.0258164
0.034959
0.0423695
0.0490135
0.0551859
0.0609949
0.0664972
0.0717329
0.076732
0.0815155
0.0860971
0.0904853
0.094685
0.098699
0.102528
0.106173
0.109632
0.112907
0.115997
0.118904
0.121632
0.124188
0.126582
0.12883
0.13095
0.132966
0.134909
0.136815
0.13873
0.140704
0.142793
0.145056
0.14755
0.150318
0.153392
0.15679
0.160516
0.164562
0.168903
0.173502
0.178346
0.183463
0.188875
0.1923
0.15528
0.0110427
0.0255189
0.0347385
0.0424313
0.0493863
0.0558221
0.0618312
0.0674843
0.0728414
0.0779468
0.0828294
0.0875065
0.0919878
0.0962784
0.100381
0.104295
0.108022
0.111562
0.114914
0.118082
0.121068
0.123879
0.126524
0.129018
0.131379
0.133629
0.135796
0.137912
0.140018
0.14216
0.144388
0.146755
0.149311
0.15211
0.155192
0.158583
0.162305
0.166376
0.170813
0.175616
0.180769
0.186238
0.191937
0.197539
0.201261
0.190504
0.0109616
0.0242692
0.0337972
0.0420445
0.0494522
0.056189
0.0623856
0.0681604
0.0736067
0.0787863
0.0837364
0.0884782
0.093023
0.0973764
0.101541
0.105517
0.109306
0.112907
0.116322
0.119553
0.122606
0.125488
0.128214
0.130799
0.133265
0.135639
0.13795
0.140234
0.142534
0.144897
0.147377
0.150023
0.15288
0.155994
0.159399
0.163116
0.167162
0.171567
0.176361
0.181553
0.187118
0.192984
0.198965
0.204626
0.208946
0.208017
0.010581
0.0220614
0.0325225
0.0416262
0.049511
0.0564599
0.062745
0.0685678
0.0740521
0.0792673
0.0842525
0.0890303
0.0936133
0.0980075
0.102215
0.106236
0.11007
0.113719
0.117183
0.120466
0.123576
0.126521
0.129317
0.131983
0.134546
0.137034
0.13948
0.141921
0.144404
0.146983
0.149713
0.152642
0.155807
0.159246
0.162985
0.16704
0.171422
0.176166
0.181309
0.18685
0.192749
0.19892
0.205141
0.210998
0.215799
0.218017
0.0102445
0.0194557
0.0318191
0.0418095
0.0499577
0.0569004
0.063117
0.0688909
0.0743529
0.0795595
0.0845419
0.0893219
0.0939135
0.0983232
0.102553
0.106603
0.110466
0.114146
0.117644
0.120964
0.124113
0.127103
0.12995
0.132679
0.135318
0.137898
0.140452
0.14302
0.145658
0.148434
0.151413
0.154634
0.158121
0.161891
0.165972
0.170379
0.175121
0.180236
0.185745
0.191603
0.197768
0.204161
0.210547
0.216558
0.221699
0.225188
0.0144436
0.0213935
0.0328736
0.0424898
0.0503511
0.0571445
0.0632887
0.0690233
0.07446
0.0796483
0.0846165
0.089385
0.0939667
0.0983671
0.102607
0.106745
0.110662
0.114358
0.117872
0.121209
0.124378
0.127391
0.130269
0.133042
0.135745
0.138413
0.14107
0.14375
0.146516
0.149455
0.152661
0.156138
0.159899
0.163948
0.168335
0.173085
0.178226
0.183794
0.189715
0.195849
0.202201
0.208714
0.215127
0.221121
0.226356
0.230323
0.0266148
0.0418798
0.0540123
0.0620044
0.0677247
0.0730753
0.0781602
0.0830111
0.0876464
0.0920571
0.096229
0.100143
0.103755
0.106991
0.109717
0.111684
0.113932
0.116667
0.119579
0.12251
0.12539
0.128192
0.130912
0.133562
0.136165
0.138743
0.141322
0.143937
0.14665
0.14966
0.153323
0.157293
0.161582
0.165875
0.170324
0.175152
0.180644
0.186796
0.193159
0.199467
0.205958
0.212526
0.218819
0.224621
0.229754
0.233844
0.0302871
0.0517492
0.0645217
0.0721183
0.0786173
0.0846009
0.0900989
0.0951927
0.0999727
0.1045
0.108814
0.112949
0.116928
0.120779
0.124536
0.128257
0.132023
0.135811
0.139586
0.143331
0.147045
0.150735
0.154408
0.158065
0.161693
0.165241
0.168574
0.171354
0.172809
0.171139
0.159252
0.158712
0.162046
0.166228
0.171105
0.176312
0.183134
0.190434
0.196361
0.202307
0.208933
0.215506
0.221503
0.227024
0.23199
0.236046
0.0291025
0.0535626
0.0686158
0.0786416
0.0868344
0.0940075
0.1004
0.106167
0.111449
0.116358
0.12098
0.125379
0.129609
0.133713
0.137726
0.141681
0.145613
0.149549
0.153507
0.157504
0.16156
0.165701
0.16995
0.174329
0.178848
0.18348
0.18812
0.192487
0.196008
0.19788
0.198131
0.200179
0.202399
0.200226
0.180907
0.178681
0.184565
0.192176
0.197874
0.204832
0.212436
0.218224
0.223329
0.228507
0.233317
0.237179
0.0276813
0.0544078
0.0706347
0.0823803
0.0919961
0.100289
0.107599
0.114126
0.120028
0.125433
0.130446
0.135149
0.139613
0.143896
0.148046
0.152107
0.156124
0.16014
0.164195
0.168327
0.172577
0.176986
0.181599
0.186456
0.19159
0.197003
0.202634
0.208313
0.213743
0.218666
0.223406
0.228785
0.233993
0.236104
0.233474
0.232249
0.230546
0.21214
0.200836
0.206361
0.214548
0.219719
0.224746
0.230114
0.234755
0.23791
0.0269698
0.0549994
0.0716823
0.0844328
0.0950285
0.104179
0.112245
0.119442
0.12593
0.131836
0.137268
0.142315
0.147056
0.151559
0.155885
0.160092
0.164233
0.168365
0.17254
0.17681
0.181229
0.185853
0.190739
0.19594
0.201499
0.207435
0.21372
0.220255
0.226882
0.23349
0.240222
0.247386
0.254716
0.260915
0.265256
0.26902
0.271338
0.268082
0.264013
0.260737
0.239499
0.222697
0.225786
0.230915
0.235874
0.238505
0.0268754
0.0552198
0.072194
0.0855058
0.0967076
0.106442
0.115062
0.122785
0.129766
0.136127
0.141967
0.147377
0.152434
0.157211
0.161775
0.166191
0.17052
0.174826
0.179168
0.18361
0.188212
0.19304
0.198156
0.203621
0.209483
0.21577
0.222473
0.22954
0.236884
0.244447
0.252288
0.26053
0.26902
0.277119
0.28436
0.291121
0.297376
0.301706
0.304357
0.30567
0.301766
0.297125
0.295796
0.291078
0.256485
0.243391
0.0270207
0.0552945
0.0724196
0.0860355
0.0975792
0.107668
0.116652
0.124746
0.132103
0.138834
0.145034
0.150786
0.156165
0.161241
0.166082
0.170755
0.175325
0.179857
0.184416
0.189071
0.193886
0.198931
0.204272
0.209971
0.216079
0.22263
0.229631
0.237058
0.244868
0.253026
0.261548
0.270466
0.279662
0.288784
0.297512
0.305917
0.314062
0.321333
0.327467
0.332793
0.336353
0.338284
0.340417
0.340575
0.334832
0.331693
0.0273757
0.0553573
0.0725393
0.0862957
0.0979948
0.108257
0.117439
0.125759
0.133365
0.140367
0.146851
0.152895
0.158566
0.163933
0.16906
0.17401
0.17885
0.183645
0.18846
0.193365
0.198428
0.203717
0.209299
0.215238
0.221585
0.228379
0.235639
0.243361
0.251525
0.260112
0.269115
0.278518
0.288224
0.298011
0.307656
0.317094
0.32628
0.334921
0.342788
0.349954
0.356018
0.360701
0.365008
0.369003
0.370988
0.371753
0.0279333
0.0554998
0.0726714
0.0864448
0.0981572
0.10845
0.117692
0.126109
0.133849
0.141019
0.147702
0.153969
0.159884
0.165508
0.170902
0.176127
0.181244
0.186317
0.191411
0.196594
0.201932
0.207494
0.213344
0.219546
0.226152
0.233205
0.240731
0.248739
0.257224
0.266176
0.275577
0.285392
0.295535
0.305848
0.316157
0.326347
0.336317
0.345864
0.35478
0.36298
0.370246
0.37639
0.381843
0.386839
0.390684
0.393203
0.0286497
0.0557527
0.0728613
0.0865487
0.0981611
0.108372
0.117563
0.12597
0.133743
0.140989
0.147788
0.154207
0.160305
0.16614
0.171766
0.177241
0.182623
0.187973
0.193352
0.198825
0.204456
0.210312
0.216455
0.222947
0.229839
0.237178
0.244993
0.253303
0.262112
0.271414
0.281188
0.291394
0.301954
0.312744
0.323616
0.334439
0.345081
0.355364
0.365095
0.374126
0.382277
0.389409
0.39566
0.40116
0.405633
0.408914
0.0294543
0.0560935
0.073093
0.0866083
0.0980312
0.108071
0.117128
0.125441
0.133166
0.140408
0.147249
0.153751
0.159972
0.165963
0.171778
0.177468
0.183089
0.188697
0.194351
0.200111
0.206039
0.212198
0.218648
0.225447
0.232648
0.240295
0.248423
0.257053
0.266198
0.275851
0.285996
0.29659
0.307563
0.31881
0.330202
0.341603
0.352867
0.363824
0.374286
0.384079
0.393029
0.400998
0.407981
0.414006
0.418947
0.422707
0.0302737
0.0564707
0.0733166
0.086591
0.0977576
0.107564
0.116422
0.124578
0.132191
0.139367
0.146186
0.152711
0.158995
0.16509
0.171045
0.176908
0.182731
0.188568
0.194473
0.200503
0.206717
0.213173
0.219928
0.227039
0.234556
0.242522
0.250973
0.259934
0.269418
0.279424
0.289935
0.300911
0.31229
0.323978
0.335858
0.347798
0.359648
0.371239
0.382387
0.392906
0.402619
0.411375
0.419094
0.425729
0.431196
0.435427
0.0310482
0.0568273
0.0734759
0.0864578
0.0973222
0.10685
0.115466
0.123421
0.130874
0.137934
0.14468
0.151174
0.157471
0.163618
0.169663
0.175653
0.181636
0.187663
0.193784
0.200055
0.206529
0.213262
0.220307
0.227717
0.235541
0.243819
0.252588
0.261874
0.271689
0.282035
0.292897
0.304239
0.316003
0.328104
0.340436
0.35287
0.365259
0.377437
0.389219
0.40042
0.410854
0.420358
0.428806
0.436107
0.442172
0.446934
0.0317373
0.0571154
0.0735249
0.0861788
0.0967126
0.105936
0.114281
0.122003
0.129262
0.136167
0.142798
0.149218
0.15548
0.161633
0.167721
0.173791
0.179888
0.186061
0.192358
0.19883
0.205528
0.212504
0.219809
0.227491
0.235596
0.244164
0.253228
0.262814
0.272936
0.283595
0.294778
0.306453
0.318565
0.331037
0.34377
0.356642
0.369508
0.382206
0.394557
0.406372
0.417464
0.427656
0.4368
0.444771
0.451464
0.4568
0.0323181
0.0573014
0.073435
0.0857392
0.095928
0.104833
0.112891
0.12036
0.1274
0.134122
0.140606
0.146915
0.153104
0.159218
0.165305
0.171408
0.177573
0.183845
0.190272
0.1969
0.203778
0.210955
0.218477
0.226391
0.234738
0.243557
0.252878
0.262726
0.273114
0.284045
0.295505
0.307464
0.319872
0.332659
0.345729
0.358967
0.372234
0.385372
0.398205
0.410548
0.422211
0.43301
0.442782
0.45138
0.458684
0.464598
0.0327812
0.0573662
0.0731943
0.0851386
0.0949788
0.103561
0.111326
0.11853
0.125336
0.131854
0.138165
0.144334
0.150415
0.156454
0.162499
0.168593
0.17478
0.181104
0.187611
0.194346
0.201355
0.208683
0.216374
0.22447
0.233011
0.242031
0.25156
0.261619
0.272221
0.283369
0.295049
0.307233
0.319874
0.332906
0.346239
0.359763
0.373344
0.386829
0.400047
0.412815
0.424945
0.43625
0.446555
0.455704
0.463561
0.470016
0.0331266
0.0573029
0.0728038
0.0843869
0.0938828
0.102145
0.109616
0.116552
0.123114
0.129415
0.135535
0.14154
0.147484
0.153417
0.159383
0.165428
0.171593
0.177925
0.184464
0.191257
0.198345
0.205771
0.213577
0.221801
0.23048
0.239645
0.249324
0.259536
0.270293
0.281595
0.293431
0.305773
0.318577
0.331779
0.345294
0.359017
0.372819
0.386552
0.40005
0.413134
0.425618
0.437314
0.448044
0.457643
0.465967
0.472893
0.0333597
0.0571129
0.0722729
0.0835003
0.0926614
0.100613
0.107795
0.114463
0.120779
0.126853
0.13277
0.138593
0.144379
0.150177
0.156034
0.161993
0.168099
0.174395
0.180922
0.187723
0.194839
0.202311
0.210176
0.218472
0.227231
0.236483
0.246251
0.256554
0.267401
0.278793
0.290717
0.303147
0.31604
0.329335
0.342951
0.356786
0.370716
0.384599
0.398273
0.411562
0.424284
0.436253
0.447289
0.457225
0.465912
0.473219
0.0334891
0.0568026
0.0716148
0.082497
0.091337
0.0989893
0.105892
0.112298
0.118368
0.124213
0.129918
0.135547
0.141157
0.1468
0.15252
0.158365
0.164377
0.170598
0.177071
0.183836
0.190932
0.198399
0.206271
0.214583
0.223365
0.232644
0.242441
0.252773
0.263648
0.275065
0.28701
0.299459
0.31237
0.325684
0.339323
0.353188
0.367159
0.381098
0.394848
0.408238
0.421087
0.433214
0.444439
0.454595
0.463533
0.471118
0.0335245
0.0563814
0.0708447
0.0813953
0.0899302
0.0972985
0.103933
0.110086
0.115915
0.121532
0.127021
0.132449
0.137872
0.143342
0.148906
0.154611
0.160499
0.166613
0.172994
0.179682
0.186716
0.194131
0.201961
0.210237
0.218989
0.22824
0.23801
0.248313
0.259156
0.270536
0.282442
0.294847
0.307711
0.320976
0.334567
0.348388
0.362323
0.376235
0.389972
0.403367
0.416242
0.42842
0.439723
0.449988
0.459066
0.466822
0.0334758
0.0558598
0.0699772
0.0802121
0.0884597
0.0955603
0.101942
0.107852
0.113448
0.118842
0.124116
0.129339
0.134567
0.139853
0.145245
0.15079
0.156531
0.16251
0.168769
0.175346
0.182278
0.1896
0.197344
0.20554
0.214213
0.223387
0.233079
0.243301
0.254059
0.26535
0.277161
0.289467
0.302228
0.315388
0.328872
0.342587
0.356419
0.370235
0.383885
0.397204
0.41002
0.422156
0.433441
0.443713
0.452829
0.460656
0.033353
0.0552487
0.0690262
0.0789624
0.0869411
0.0937916
0.0999355
0.105616
0.11099
0.116168
0.121231
0.126249
0.131279
0.136375
0.141584
0.146955
0.15253
0.158353
0.164464
0.170901
0.177701
0.184895
0.192517
0.200592
0.209147
0.2182
0.22777
0.237868
0.248497
0.259654
0.271327
0.283489
0.296102
0.309111
0.322443
0.336004
0.349684
0.36335
0.376856
0.390038
0.402726
0.414747
0.425934
0.436131
0.445198
0.453009
0.0331653
0.0545588
0.0680048
0.0776596
0.085388
0.0920064
0.097929
0.103395
0.108559
0.113529
0.118389
0.123206
0.128039
0.132941
0.137962
0.143149
0.148546
0.154197
0.16014
0.166415
0.173056
0.180097
0.187565
0.195489
0.203891
0.212792
0.222205
0.232143
0.242608
0.253597
0.265097
0.277084
0.289517
0.302344
0.315492
0.328868
0.342363
0.355846
0.369169
0.382172
0.394686
0.406542
0.417575
0.427635
0.436589
0.444319
0.0329218
0.0538009
0.0669252
0.0763157
0.0838122
0.0902163
0.0959342
0.101201
0.106168
0.110943
0.115607
0.12023
0.124869
0.129579
0.134409
0.139407
0.144619
0.150086
0.155849
0.161945
0.16841
0.175275
0.182569
0.190317
0.198542
0.207263
0.216495
0.226247
0.236524
0.247322
0.258628
0.270417
0.282653
0.29528
0.308228
0.321405
0.3347
0.347984
0.361109
0.373914
0.386233
0.397896
0.408745
0.418634
0.42744
0.435054
0.032631
0.052986
0.0657989
0.074942
0.082224
0.088431
0.0939608
0.0990434
0.103828
0.108419
0.112899
0.117336
0.121788
0.126309
0.13095
0.135759
0.140781
0.146059
0.151633
0.157541
0.163818
0.170493
0.177597
0.185153
0.193184
0.201709
0.210742
0.220294
0.230368
0.240961
0.252061
0.263646
0.275677
0.288103
0.300851
0.31383
0.32693
0.340019
0.35295
0.365562
0.377687
0.389159
0.399822
0.409538
0.418193
0.425689
0.0323013
0.0521248
0.0646374
0.0735488
0.0806329
0.0866594
0.092017
0.0969307
0.101546
0.105968
0.110275
0.114536
0.118808
0.123148
0.127604
0.132227
0.13706
0.142147
0.14753
0.153244
0.159325
0.165804
0.172708
0.180063
0.187892
0.196211
0.205037
0.214381
0.224246
0.234632
0.245528
0.256911
0.268745
0.280979
0.293541
0.306341
0.319266
0.332184
0.344946
0.357391
0.369349
0.380657
0.391163
0.400736
0.409272
0.41669
0.0319405
0.0512282
0.0634517
0.0721463
0.0790481
0.0849094
0.09011
0.0948696
0.0993305
0.103595
0.107742
0.111837
0.115941
0.120107
0.124386
0.128827
0.133475
0.138374
0.143566
0.149086
0.15497
0.16125
0.167952
0.175104
0.182726
0.190838
0.199457
0.208593
0.218254
0.228439
0.23914
0.250335
0.26199
0.274055
0.286459
0.29911
0.311897
0.324685
0.337322
0.349646
0.361487
0.372684
0.383088
0.39258
0.401067
0.408485
0.0315562
0.050307
0.0622527
0.0707445
0.0774781
0.0831886
0.0882464
0.0928657
0.0971856
0.101306
0.105305
0.109248
0.113193
0.117195
0.121306
0.125572
0.130042
0.134759
0.139763
0.145093
0.150783
0.156866
0.163369
0.170319
0.177739
0.185649
0.194065
0.203003
0.21247
0.222468
0.232991
0.244021
0.255524
0.267453
0.279736
0.292284
0.304981
0.317693
0.330265
0.342532
0.354325
0.365485
0.375869
0.385369
0.39391
0.401445
0.0311557
0.049372
0.0610513
0.0693531
0.0759317
0.0815045
0.0864324
0.0909245
0.0951163
0.0991054
0.102968
0.10677
0.110569
0.114418
0.11837
0.122472
0.126772
0.131313
0.136138
0.141284
0.146787
0.152679
0.158989
0.165745
0.17297
0.180686
0.188913
0.197666
0.206955
0.216787
0.227157
0.23805
0.249437
0.261269
0.273479
0.285975
0.298642
0.311342
0.323919
0.336206
0.348034
0.359247
0.369712
0.379334
0.388057
0.39586
0.0307459
0.0484336
0.0598581
0.067982
0.0744174
0.0798642
0.0846743
0.0890511
0.0931268
0.0969966
0.100736
0.104408
0.108072
0.111779
0.115583
0.119531
0.12367
0.128046
0.132701
0.137672
0.142997
0.148708
0.154835
0.161407
0.168449
0.175985
0.184037
0.192623
0.201756
0.211446
0.221693
0.232483
0.243792
0.255574
0.267762
0.280264
0.292965
0.305725
0.318384
0.330775
0.34273
0.354096
0.364754
0.374624
0.383677
0.391921
0.0303332
0.047502
0.0586834
0.0666406
0.0729436
0.0782751
0.082978
0.0872503
0.0912209
0.0949827
0.0986095
0.102164
0.105703
0.10928
0.112947
0.116752
0.120742
0.124963
0.129458
0.134265
0.139423
0.144964
0.15092
0.157322
0.164195
0.171568
0.179463
0.187902
0.196904
0.20648
0.216634
0.227359
0.238632
0.25041
0.26263
0.275199
0.288
0.300891
0.313713
0.326293
0.338467
0.35009
0.361055
0.371306
0.380844
0.389712
0.0299238
0.0465872
0.0575374
0.0653383
0.0715186
0.0767444
0.0813497
0.0855272
0.0894025
0.0930665
0.0965911
0.100038
0.103464
0.106922
0.110463
0.114136
0.117988
0.122066
0.126412
0.131067
0.136069
0.141453
0.147252
0.153498
0.16022
0.167446
0.175204
0.18352
0.192414
0.201904
0.211999
0.222695
0.233974
0.245797
0.258101
0.270795
0.283761
0.296855
0.309913
0.322765
0.335247
0.347224
0.358607
0.369367
0.379541
0.389214
0.0295234
0.0456986
0.0564299
0.0640843
0.0701508
0.0752793
0.0797952
0.0838865
0.0876754
0.0912505
0.0946826
0.0980323
0.101355
0.104704
0.10813
0.111681
0.115407
0.119353
0.123562
0.128078
0.132937
0.138177
0.143833
0.149938
0.156525
0.163623
0.171265
0.179479
0.188292
0.197724
0.207791
0.218494
0.229819
0.241731
0.254169
0.267042
0.280233
0.293593
0.306957
0.320153
0.333023
0.34544
0.357338
0.36872
0.379666
0.390308
0.0291372
0.0448451
0.05537
0.0628874
0.0688481
0.0738867
0.0783206
0.082333
0.086043
0.0895373
0.0928852
0.0961463
0.0993755
0.102625
0.105946
0.109386
0.112996
0.116821
0.120905
0.125292
0.130022
0.135132
0.140659
0.146639
0.153106
0.160095
0.16764
0.175774
0.184529
0.193931
0.203999
0.214742
0.226149
0.238189
0.250804
0.263906
0.277371
0.291053
0.304781
0.318384
0.331706
0.344635
0.357126
0.369222
0.381051
0.392797
0.0287703
0.0440351
0.0543667
0.0617559
0.0676181
0.0725734
0.0769315
0.0808712
0.0845089
0.0879293
0.0912002
0.0943804
0.0975241
0.100683
0.103907
0.107247
0.110751
0.114465
0.118435
0.122706
0.127318
0.13231
0.137722
0.143591
0.149955
0.156851
0.164317
0.172392
0.18111
0.190504
0.2006
0.21141
0.22293
0.235133
0.247963
0.261331
0.275115
0.289163
0.303302
0.31736
0.331184
0.344676
0.357816
0.370688
0.383475
0.396421
0.0284271
0.0432765
0.0534282
0.0606978
0.0664682
0.0713458
0.0756335
0.0795058
0.0830765
0.0864286
0.0896287
0.0927346
0.0957998
0.0988756
0.102012
0.105259
0.108666
0.112279
0.116145
0.12031
0.124815
0.129702
0.135011
0.140783
0.147057
0.153876
0.16128
0.169311
0.178012
0.187419
0.197563
0.208464
0.220121
0.232514
0.245587
0.259252
0.273387
0.287834
0.302419
0.316965
0.331324
0.34541
0.359229
0.372909
0.386688
0.400877
0.0281115
0.0425763
0.0525619
0.0597206
0.0654053
0.0702102
0.0744318
0.0782409
0.081749
0.0850374
0.0881716
0.0912086
0.0942012
0.0972004
0.100256
0.103418
0.106735
0.110255
0.114027
0.118094
0.122502
0.127294
0.132512
0.138198
0.144396
0.15115
0.158505
0.166508
0.175206
0.184642
0.194851
0.205859
0.217673
0.230274
0.24361
0.257595
0.272102
0.286972
0.302023
0.317078
0.331988
0.346678
0.361181
0.375664
0.390425
0.405845
0.0278271
0.0419412
0.0517751
0.058831
0.0644358
0.0691724
0.0733315
0.0770807
0.0805294
0.0837576
0.0868298
0.0898021
0.0927268
0.0956545
0.0986348
0.101718
0.104952
0.108387
0.11207
0.116049
0.120368
0.125074
0.130209
0.13582
0.141951
0.148651
0.155968
0.163955
0.172661
0.182136
0.192423
0.20355
0.215532
0.228352
0.241964
0.256281
0.271173
0.286477
0.302007
0.317577
0.333039
0.348326
0.363491
0.378738
0.394427
0.411005
0.027577
0.0413769
0.0510739
0.0580353
0.0635656
0.0682377
0.0723372
0.076029
0.0794206
0.0825911
0.0856039
0.0885146
0.091375
0.0942351
0.0971445
0.100153
0.10331
0.106665
0.110266
0.114162
0.1184
0.123026
0.128087
0.13363
0.139702
0.146356
0.153644
0.161622
0.170344
0.179866
0.190235
0.201488
0.213642
0.226687
0.240579
0.255231
0.270512
0.286254
0.302263
0.318345
0.33435
0.350209
0.365992
0.381936
0.398452
0.416058
0.027364
0.0408885
0.050464
0.0573393
0.0628001
0.067411
0.0714531
0.0750891
0.0784252
0.0815394
0.0844945
0.0873456
0.0901439
0.0929392
0.0957808
0.0987183
0.101802
0.105081
0.108605
0.112423
0.116585
0.121137
0.126129
0.131609
0.137629
0.144242
0.151506
0.159479
0.168221
0.177792
0.188246
0.199624
0.211949
0.225217
0.239386
0.25437
0.270037
0.286213
0.302694
0.319278
0.335804
0.3522
0.368541
0.385087
0.402293
0.420741
0.0271902
0.0404804
0.0499503
0.056748
0.0621442
0.0666966
0.0706831
0.0742642
0.0775453
0.0806038
0.083502
0.0862944
0.089032
0.091764
0.0945397
0.0974086
0.100421
0.103627
0.107077
0.110821
0.114909
0.119391
0.124317
0.129739
0.135709
0.142285
0.149527
0.157496
0.166259
0.175878
0.186413
0.197912
0.210403
0.223885
0.238322
0.253629
0.269671
0.286268
0.30321
0.32028
0.337301
0.354192
0.371021
0.388058
0.405788
0.42485
0.0270575
0.0401566
0.0495372
0.0562656
0.0616021
0.0660985
0.0700303
0.0735569
0.076783
0.0797856
0.0826266
0.0853603
0.0880373
0.0907066
0.0934172
0.0962186
0.0991611
0.102295
0.105673
0.109344
0.113361
0.117775
0.122637
0.128001
0.133923
0.140463
0.147682
0.155647
0.164427
0.174089
0.184699
0.196309
0.208953
0.222637
0.237327
0.25294
0.269342
0.286347
0.303732
0.321268
0.338759
0.3561
0.373344
0.390755
0.408829
0.428248
0.0269675
0.03992
0.0492281
0.0558961
0.0611773
0.0656199
0.0694976
0.0729694
0.0761397
0.0790853
0.0818682
0.0845424
0.0871582
0.0897643
0.0924095
0.0951433
0.0980162
0.101079
0.104384
0.107984
0.111929
0.116275
0.121073
0.12638
0.132253
0.138754
0.145948
0.153904
0.162695
0.172393
0.183067
0.194775
0.207557
0.221425
0.236348
0.252248
0.268989
0.286381
0.304192
0.322174
0.340108
0.35786
0.375453
0.393125
0.411365
0.430876
0.0269215
0.0397731
0.0490261
0.0556423
0.0608727
0.0652633
0.0690872
0.0725033
0.0756164
0.0785035
0.0812266
0.0838396
0.0863926
0.0889343
0.091513
0.0941783
0.0969806
0.0999715
0.103203
0.106729
0.110603
0.114879
0.119612
0.124859
0.130681
0.137139
0.144304
0.152245
0.161039
0.170761
0.181485
0.193275
0.206176
0.220205
0.235338
0.251499
0.268556
0.286313
0.304529
0.322938
0.341294
0.359427
0.377315
0.395154
0.413399
0.432752
0.0269205
0.0397179
0.0489334
0.0555067
0.0606907
0.0650308
0.0688006
0.0721598
0.0752138
0.0780401
0.0807011
0.0832507
0.0857388
0.0882139
0.0907243
0.0933192
0.0960492
0.0989661
0.102123
0.105574
0.109373
0.113576
0.118241
0.123425
0.12919
0.135602
0.142729
0.150647
0.159433
0.169167
0.179925
0.191777
0.204775
0.218939
0.234254
0.25065
0.267994
0.286091
0.304691
0.32351
0.342274
0.360769
0.378918
0.396857
0.414984
0.433964
0.0269655
0.0397558
0.0489516
0.055491
0.0606327
0.0649236
0.0686387
0.0719392
0.0749317
0.0776947
0.0802907
0.082774
0.0851946
0.0876006
0.0900401
0.0925621
0.0952173
0.0980575
0.101136
0.104509
0.10823
0.112358
0.116949
0.122065
0.127768
0.134126
0.141208
0.149092
0.157858
0.167587
0.178362
0.190255
0.203324
0.217596
0.233063
0.24966
0.267263
0.285673
0.304633
0.323845
0.343007
0.361861
0.380264
0.398273
0.416203
0.434651
0.0270572
0.0398876
0.0490819
0.0555964
0.0606997
0.0649422
0.0686017
0.0718413
0.0747696
0.077466
0.0799939
0.0824079
0.0847577
0.0870915
0.0894571
0.0919033
0.0944805
0.0972409
0.100238
0.103528
0.107168
0.111214
0.115728
0.120769
0.126403
0.132697
0.139725
0.147564
0.156295
0.166004
0.176775
0.188686
0.201798
0.216149
0.231733
0.248497
0.266323
0.285021
0.304317
0.323904
0.343454
0.362664
0.381332
0.399426
0.417157
0.435007
0.0271965
0.0401138
0.0493248
0.0558232
0.0608918
0.0650864
0.0686888
0.0718652
0.0747262
0.0773526
0.0798089
0.0821499
0.0844256
0.0866838
0.0889721
0.0913391
0.0938348
0.0965116
0.0994237
0.102627
0.106179
0.110139
0.114568
0.119527
0.125084
0.131306
0.138268
0.146048
0.15473
0.164401
0.175147
0.187049
0.200177
0.214576
0.230242
0.247132
0.265135
0.284067
0.303666
0.323614
0.343557
0.363151
0.382128
0.400363
0.417948
0.435233
0.027384
0.0404344
0.0496803
0.0561713
0.0612084
0.0653552
0.0688987
0.072009
0.0747993
0.0773522
0.0797331
0.0819974
0.0841954
0.0863745
0.088582
0.0908661
0.0932767
0.0958659
0.098688
0.1018
0.105259
0.109126
0.113462
0.118332
0.123802
0.129942
0.136826
0.144533
0.15315
0.162765
0.173463
0.18533
0.198439
0.212838
0.22854
0.245511
0.26365
0.282782
0.302657
0.32295
0.343292
0.363301
0.382646
0.401108
0.418655
0.435494
0.0276205
0.0408492
0.0501481
0.0566397
0.0616481
0.0657467
0.0692291
0.0722701
0.074986
0.0774616
0.0797633
0.0819473
0.0840637
0.0861601
0.0882833
0.0904809
0.0928025
0.0952999
0.0980275
0.101042
0.104403
0.10817
0.112407
0.117178
0.122551
0.128597
0.13539
0.14301
0.151542
0.161075
0.171699
0.1835
0.196554
0.210919
0.226616
0.243623
0.261853
0.281146
0.301262
0.321881
0.342624
0.36308
0.38286
0.401658
0.41932
0.435902
0.0279068
0.0413576
0.0507272
0.0572271
0.0622087
0.066258
0.0696767
0.072645
0.0752828
0.0776771
0.0798958
0.0819956
0.084027
0.0860372
0.0880725
0.0901801
0.092409
0.0948105
0.0974389
0.100351
0.103607
0.107268
0.111396
0.116059
0.121323
0.127261
0.133948
0.141462
0.149891
0.159321
0.169845
0.18155
0.194518
0.208811
0.224462
0.241458
0.259732
0.279139
0.299455
0.320373
0.341509
0.362437
0.38272
0.401974
0.419931
0.436499
0.0282438
0.041959
0.0514163
0.0579312
0.0628872
0.0668855
0.0702375
0.0731293
0.075685
0.0779941
0.080126
0.0821382
0.0840811
0.0860017
0.0879459
0.0899601
0.0920927
0.0943945
0.0969191
0.0997235
0.102867
0.106413
0.110424
0.114967
0.120111
0.125928
0.132493
0.139885
0.148191
0.157497
0.167896
0.179478
0.192327
0.20651
0.22207
0.23901
0.257275
0.276744
0.297212
0.318389
0.3399
0.361311
0.382154
0.401982
0.420424
0.437251
0.0286323
0.0426527
0.0522139
0.0587493
0.0636798
0.0676247
0.0709063
0.0737176
0.0761872
0.0784073
0.0804489
0.08237
0.0842213
0.0860493
0.0878994
0.089817
0.0918497
0.0940476
0.0964638
0.0991549
0.102181
0.105603
0.109488
0.113901
0.118913
0.124595
0.131023
0.138276
0.146439
0.155601
0.165851
0.177281
0.189977
0.204014
0.219441
0.236274
0.254477
0.273949
0.294511
0.315896
0.337747
0.359634
0.381074
0.401574
0.420682
0.438046
0.0290738
0.0434382
0.0531181
0.0596781
0.0645819
0.0684702
0.0716772
0.0744038
0.0767833
0.0789106
0.0808584
0.0826853
0.0844421
0.0861748
0.087928
0.0897464
0.0916763
0.0937669
0.0960707
0.0986435
0.101545
0.104837
0.108586
0.112859
0.117726
0.12326
0.129536
0.136633
0.144635
0.15363
0.163707
0.174958
0.187471
0.201324
0.216575
0.233251
0.251335
0.270748
0.291338
0.312865
0.335002
0.357333
0.379378
0.400617
0.420541
0.438696
0.0295696
0.0443152
0.0541268
0.0607134
0.0655882
0.0694153
0.0725431
0.0751807
0.077466
0.0794972
0.0813481
0.0830781
0.084738
0.0863732
0.0880274
0.0897443
0.091569
0.0935496
0.0957373
0.0981873
0.100959
0.104114
0.107719
0.111841
0.116551
0.121923
0.128031
0.134955
0.142777
0.151584
0.161465
0.17251
0.18481
0.198443
0.213476
0.229946
0.247853
0.26714
0.287683
0.309277
0.331625
0.354342
0.376962
0.398965
0.419804
0.438957
0.030122
0.0452831
0.0552372
0.0618508
0.0666925
0.0704535
0.0734969
0.0760407
0.078228
0.0801597
0.0819111
0.0835421
0.085103
0.086639
0.0881927
0.0898064
0.0915241
0.0933923
0.0954611
0.0977846
0.100421
0.103433
0.106885
0.110847
0.115389
0.120585
0.12651
0.133244
0.140867
0.149465
0.159127
0.169941
0.181997
0.195377
0.210152
0.226368
0.244039
0.263131
0.283548
0.305119
0.327585
0.3506
0.37373
0.396467
0.41826
0.438545
0.0307335
0.0463423
0.0564474
0.0630858
0.0678887
0.071577
0.0745304
0.0769757
0.0790613
0.0808905
0.0825401
0.0840702
0.085531
0.0869667
0.0884188
0.0899284
0.0915378
0.0932921
0.0952397
0.0974336
0.0999308
0.102793
0.106086
0.109877
0.11424
0.119246
0.124974
0.1315
0.138905
0.147275
0.156695
0.167254
0.179039
0.192134
0.206611
0.222526
0.239905
0.258734
0.278941
0.300392
0.322869
0.34607
0.369601
0.392991
0.415704
0.437165
0.0314075
0.047494
0.0577551
0.0644132
0.0691697
0.0727781
0.0756351
0.0779771
0.0799572
0.0816815
0.0832275
0.0846556
0.0860154
0.0873501
0.0887003
0.0901053
0.0916059
0.0932454
0.0950704
0.0971323
0.0994868
0.102195
0.105321
0.108934
0.113106
0.11791
0.123424
0.129726
0.136896
0.145017
0.154174
0.164453
0.17594
0.188719
0.202865
0.218436
0.235469
0.253966
0.273881
0.295111
0.31748
0.340731
0.364523
0.388431
0.411956
0.434542
0.0321486
0.0487399
0.0591582
0.0658281
0.0705283
0.0740481
0.0768021
0.0790359
0.0809072
0.0825243
0.0839655
0.0852909
0.0865494
0.0877834
0.0890318
0.0903325
0.0917244
0.0932488
0.0949505
0.0968789
0.0990881
0.101638
0.104591
0.108018
0.111989
0.116579
0.121866
0.127927
0.134843
0.142695
0.151567
0.161543
0.172709
0.185144
0.198923
0.214111
0.230749
0.248851
0.268394
0.289302
0.311437
0.334591
0.358477
0.382724
0.406887
0.430453
0.0329618
0.0500824
0.0606549
0.067325
0.0719572
0.0753786
0.0780224
0.080143
0.0819025
0.0834106
0.0847461
0.0859688
0.0871265
0.0882604
0.0894079
0.0906051
0.091889
0.0932988
0.0948772
0.0966713
0.0987335
0.101121
0.103898
0.107131
0.110892
0.115257
0.120302
0.126106
0.132749
0.140313
0.14888
0.158531
0.16935
0.181415
0.194799
0.209567
0.225764
0.243416
0.262512
0.283002
0.304781
0.327685
0.35148
0.375856
0.40043
0.424747
0.0338531
0.0515249
0.0622438
0.068899
0.073449
0.0767611
0.0792869
0.0812894
0.0829342
0.0843321
0.0855618
0.0866822
0.0877401
0.0887751
0.089823
0.0909182
0.0920955
0.0933918
0.0948476
0.0965077
0.098422
0.100646
0.103242
0.106276
0.109819
0.113947
0.118737
0.124268
0.130622
0.137878
0.146118
0.155422
0.165871
0.177541
0.190502
0.204818
0.220537
0.237688
0.256271
0.276256
0.297564
0.32007
0.343588
0.367867
0.39259
0.41737
0.0348298
0.0530718
0.0639242
0.0705452
0.0749963
0.0781869
0.0805868
0.0824664
0.0839939
0.0852808
0.0864049
0.0874241
0.0883838
0.0893218
0.0902722
0.0912673
0.0923399
0.0935245
0.0948592
0.096386
0.0981526
0.100212
0.102624
0.105454
0.108773
0.112654
0.117177
0.122421
0.128467
0.135395
0.143288
0.152223
0.162279
0.17353
0.186043
0.199879
0.215086
0.231693
0.249709
0.269113
0.28985
0.311822
0.334886
0.358844
0.383442
0.408365
0.0359014
0.0547295
0.0656962
0.0722591
0.0765921
0.0796479
0.0819134
0.0836653
0.0850735
0.086249
0.0872684
0.0881881
0.0890516
0.089895
0.0907504
0.091648
0.0926184
0.0936937
0.0949091
0.0963044
0.0979241
0.0998191
0.102046
0.104669
0.107757
0.111384
0.115628
0.12057
0.126291
0.132873
0.140397
0.148941
0.158581
0.169389
0.18143
0.194761
0.209426
0.225456
0.24286
0.261624
0.281704
0.303026
0.325479
0.34891
0.37312
0.397863
0.0370809
0.0565066
0.0675608
0.0740366
0.0782296
0.0811359
0.0832583
0.0848779
0.0861651
0.0872294
0.0881456
0.0889679
0.0897379
0.0904897
0.0912531
0.0920563
0.0929275
0.0938962
0.0949953
0.0962613
0.097736
0.0994673
0.101509
0.103923
0.106776
0.110142
0.114097
0.118724
0.124104
0.13032
0.137453
0.145583
0.154783
0.165125
0.17667
0.189472
0.203572
0.218997
0.235754
0.253831
0.273191
0.293772
0.315486
0.338213
0.361803
0.386066
0.0383852
0.058414
0.0695204
0.0758741
0.0799019
0.0826431
0.0846134
0.0860965
0.0872614
0.0882152
0.0890302
0.089758
0.0904377
0.0911013
0.0917763
0.0924886
0.0932641
0.0941298
0.0951156
0.0962554
0.0975877
0.0991571
0.101015
0.103219
0.105835
0.108933
0.112592
0.116891
0.121915
0.127746
0.134467
0.142158
0.150894
0.160744
0.171769
0.184018
0.19753
0.212327
0.228412
0.24577
0.264365
0.284141
0.30502
0.326908
0.349686
0.373217
0.0398372
0.0604655
0.0715784
0.0777681
0.0816026
0.0841618
0.085971
0.0873137
0.0883556
0.0892003
0.0899167
0.0905532
0.0911464
0.0917257
0.0923164
0.0929419
0.0936256
0.0943921
0.0952686
0.0962857
0.097479
0.0988895
0.100565
0.10256
0.104938
0.107766
0.111121
0.115082
0.119735
0.125162
0.131449
0.138677
0.146922
0.156253
0.16673
0.178403
0.191304
0.205452
0.220845
0.237464
0.255267
0.274197
0.294181
0.315135
0.336965
0.359569
0.0414661
0.0626781
0.0737393
0.0797151
0.0833248
0.0856841
0.0873234
0.0885223
0.0894413
0.0901789
0.0907999
0.0913491
0.0918602
0.0923596
0.0928704
0.0934135
0.0940099
0.0946817
0.0954531
0.0963519
0.0974101
0.0986655
0.100162
0.101951
0.10409
0.106646
0.109693
0.113308
0.117576
0.122583
0.128414
0.135153
0.142877
0.151659
0.161559
0.172626
0.184891
0.198369
0.213054
0.228918
0.245916
0.263982
0.28304
0.30301
0.323808
0.345356
0.0433059
0.0650767
0.0760087
0.0817111
0.0850611
0.0872022
0.0886631
0.0897156
0.0905125
0.091146
0.0916755
0.092142
0.0925756
0.0930002
0.093436
0.0939016
0.0944156
0.0949974
0.0956686
0.0964538
0.0973819
0.0984868
0.0998084
0.101394
0.103298
0.105582
0.108318
0.111581
0.115454
0.120024
0.125377
0.1316
0.138774
0.146973
0.156261
0.166687
0.178285
0.191068
0.205024
0.220123
0.236308
0.253507
0.271636
0.290606
0.310339
0.330766
0.0453989
0.0676925
0.0783917
0.0837507
0.086803
0.0887074
0.0899824
0.0908872
0.091564
0.092097
0.0925397
0.0929286
0.0932901
0.0936452
0.0940113
0.0944048
0.0948415
0.0953386
0.0959149
0.096592
0.0973954
0.0983553
0.0995077
0.100895
0.102567
0.104582
0.107006
0.109913
0.113383
0.117502
0.122357
0.128037
0.134628
0.142206
0.150841
0.160586
0.171477
0.183529
0.196731
0.211046
0.226413
0.24275
0.25996
0.277946
0.296621
0.31592
0.0477987
0.0705597
0.0808919
0.0858259
0.0885402
0.0901901
0.0912733
0.0920305
0.0925905
0.0930279
0.0933894
0.0937065
0.0940018
0.0942931
0.0945953
0.0949221
0.0952873
0.0957053
0.0961924
0.0967674
0.0974523
0.0982737
0.0992631
0.100459
0.101905
0.103656
0.105771
0.108321
0.111382
0.115038
0.119377
0.124489
0.130461
0.137378
0.145312
0.154325
0.164458
0.175731
0.188137
0.201638
0.216172
0.231646
0.247955
0.264988
0.282644
0.300852
0.0505732
0.0737147
0.0835086
0.0879246
0.0902593
0.0916392
0.0925273
0.0931394
0.0935876
0.0939355
0.0942222
0.0944739
0.0947093
0.0949429
0.0951871
0.0954533
0.0957527
0.0960977
0.0965019
0.0969811
0.0975544
0.0982445
0.0990787
0.10009
0.101319
0.102811
0.104623
0.106818
0.109469
0.112656
0.116463
0.120982
0.126303
0.132513
0.139693
0.147912
0.157221
0.167649
0.179196
0.191832
0.205494
0.22009
0.235505
0.251614
0.268303
0.285487
0.0538109
0.0771969
0.0862336
0.0900283
0.0919434
0.0930418
0.0937354
0.0942078
0.0945513
0.0948171
0.0950364
0.0952298
0.095412
0.0955943
0.0957868
0.0959983
0.0962382
0.0965164
0.0968441
0.0972347
0.0977038
0.0982706
0.0989582
0.0997948
0.100815
0.102059
0.103576
0.105423
0.107666
0.110379
0.113645
0.117551
0.122187
0.127646
0.134014
0.141367
0.14977
0.159263
0.169861
0.181546
0.194264
0.20793
0.222425
0.23762
0.253385
0.269619
0.0576388
0.0810405
0.0890445
0.0921091
0.0935701
0.0943828
0.0948879
0.0952298
0.0954782
0.0956711
0.0958314
0.095974
0.0961099
0.0962476
0.0963945
0.0965576
0.0967442
0.0969621
0.0972203
0.0975295
0.0979025
0.0983548
0.0989055
0.0995779
0.1004
0.101408
0.102641
0.10415
0.105993
0.108237
0.110956
0.114234
0.11816
0.122824
0.128318
0.134726
0.142124
0.150569
0.160092
0.170695
0.182345
0.19497
0.208464
0.222697
0.237536
0.252867
0.0622111
0.0853062
0.0918973
0.094125
0.095111
0.0956451
0.0959754
0.0962005
0.0963662
0.0964968
0.0966071
0.0967069
0.0968037
0.0969032
0.0970109
0.0971318
0.0972713
0.0974355
0.0976312
0.0978668
0.0981522
0.0984996
0.0989241
0.0994441
0.100082
0.100867
0.101832
0.103018
0.104473
0.106256
0.108433
0.111077
0.114272
0.118105
0.122666
0.128046
0.134329
0.141586
0.149871
0.159209
0.169596
0.180986
0.1933
0.206426
0.22024
0.234628
0.0677241
0.0900468
0.0947046
0.0960133
0.0965304
0.09681
0.0969889
0.0971165
0.0972145
0.0972948
0.0973648
0.0974299
0.0974945
0.0975623
0.0976368
0.0977216
0.0978203
0.0979374
0.0980779
0.0982478
0.0984545
0.0987071
0.0990168
0.0993975
0.0998664
0.100445
0.101158
0.10204
0.103127
0.104466
0.106112
0.108127
0.110583
0.113559
0.117139
0.121411
0.126463
0.132377
0.139224
0.147056
0.155899
0.165748
0.176563
0.188274
0.200787
0.214012
0.0744603
0.0952741
0.0972983
0.0976833
0.0977865
0.0978598
0.0979222
0.0979768
0.0980247
0.0980673
0.0981067
0.098145
0.0981842
0.0982263
0.0982735
0.0983278
0.0983919
0.0984684
0.0985607
0.098673
0.0988103
0.0989786
0.0991857
0.0994411
0.0997566
0.100147
0.100631
0.10123
0.101973
0.102893
0.10403
0.105434
0.107158
0.109268
0.111835
0.114934
0.118649
0.12306
0.128246
0.134277
0.141208
0.149076
0.157889
0.167633
0.178275
0.189781
0.0830517
0.100544
0.0993925
0.0990132
0.0988362
0.0987816
0.0987744
0.0987846
0.0988006
0.0988182
0.0988362
0.0988548
0.0988747
0.0988968
0.0989219
0.0989514
0.0989865
0.0990287
0.0990801
0.0991429
0.0992199
0.0993147
0.0994318
0.0995766
0.0997559
0.0999786
0.100255
0.100599
0.101027
0.10156
0.102222
0.103045
0.104064
0.105321
0.106867
0.108757
0.111052
0.113818
0.117123
0.121036
0.12562
0.130935
0.137027
0.143938
0.151701
0.160357
0.0954995
0.102743
0.100559
0.0998616
0.099645
0.0995747
0.099553
0.0995482
0.0995494
0.099553
0.0995576
0.0995629
0.0995688
0.0995757
0.0995838
0.0995934
0.099605
0.099619
0.0996362
0.0996573
0.0996834
0.0997155
0.0997553
0.0998046
0.0998658
0.099942
0.100037
0.100155
0.100302
0.100486
0.100716
0.101003
0.101361
0.101806
0.102358
0.10304
0.103879
0.104905
0.10615
0.10765
0.109441
0.111561
0.114047
0.11694
0.120288
0.124154
0.137829
0.118154
0.0974861
0.0788723
0.0679966
0.0800017
0.134828
0.154404
0.176369
0.163243
0.152634
0.145381
0.142423
0.144989
0.150219
0.155277
0.202581
0.195963
0.188519
0.181573
0.17596
0.172
0.16942
0.167744
0.216979
0.214947
0.211843
0.208017
0.203895
0.199844
0.196061
0.192549
0.22596
0.225804
0.224922
0.223392
0.221342
0.218921
0.216248
0.213377
0.231879
0.232513
0.232635
0.232268
0.231459
0.230268
0.22875
0.226936
0.235742
0.236724
0.237309
0.237509
0.237354
0.236885
0.236141
0.235142
0.238067
0.239195
0.239997
0.24048
0.240663
0.24059
0.24031
0.23985
0.239163
0.240332
0.241254
0.241908
0.242282
0.242415
0.24239
0.242259
0.239568
0.240642
0.241577
0.242303
0.242785
0.243043
0.243132
0.243157
0.240037
0.241175
0.241968
0.242349
0.242649
0.243006
0.243207
0.243515
0.243235
0.243936
0.243114
0.242858
0.243293
0.245812
0.256227
0.246988
0.332418
0.333404
0.33361
0.332266
0.330311
0.329023
0.327604
0.32198
0.372825
0.37377
0.374554
0.374925
0.375049
0.375274
0.375344
0.373877
0.394769
0.395911
0.397007
0.397982
0.398853
0.39967
0.400319
0.400375
0.410727
0.411927
0.413032
0.41403
0.414909
0.415651
0.416185
0.416367
0.424713
0.425976
0.427072
0.428005
0.428766
0.429338
0.429684
0.429743
0.437663
0.439034
0.440182
0.44111
0.441816
0.442292
0.44252
0.442474
0.44947
0.451018
0.452299
0.453317
0.454073
0.454564
0.454781
0.454713
0.45969
0.461466
0.462946
0.464132
0.465026
0.465627
0.465931
0.465933
0.467867
0.469898
0.471614
0.473018
0.474109
0.474888
0.475351
0.475496
0.473658
0.475946
0.47791
0.479551
0.480868
0.481861
0.482526
0.482863
0.476874
0.479401
0.481601
0.483475
0.485021
0.486237
0.48712
0.48767
0.477485
0.480217
0.482625
0.484708
0.486465
0.487891
0.488985
0.489745
0.475602
0.478495
0.48107
0.483325
0.485258
0.486867
0.488148
0.4891
0.471453
0.474458
0.477153
0.479536
0.481606
0.48336
0.484795
0.485911
0.465364
0.468431
0.471199
0.473665
0.47583
0.47769
0.479245
0.480495
0.457732
0.46082
0.463619
0.466129
0.468351
0.470284
0.471928
0.473285
0.449012
0.452088
0.454888
0.457414
0.459668
0.461651
0.463366
0.464818
0.439692
0.442741
0.445528
0.448058
0.450335
0.452364
0.454151
0.455703
0.430277
0.433302
0.436083
0.438627
0.440942
0.443035
0.444917
0.446598
0.421261
0.42429
0.427096
0.429689
0.432082
0.434286
0.436314
0.438182
0.413108
0.416193
0.41908
0.421785
0.424323
0.426711
0.428965
0.431107
0.40622
0.409436
0.412486
0.41539
0.418168
0.420841
0.423428
0.425956
0.400914
0.404355
0.407671
0.410884
0.414018
0.417096
0.420144
0.42319
0.397402
0.401178
0.404875
0.40852
0.412139
0.415759
0.419405
0.423107
0.39578
0.400005
0.404206
0.408411
0.412647
0.416942
0.42132
0.425809
0.396027
0.400812
0.405633
0.410519
0.415497
0.420589
0.425817
0.431202
0.398012
0.403456
0.409
0.414672
0.420493
0.426482
0.432651
0.439008
0.401513
0.407694
0.414039
0.420575
0.427316
0.434269
0.441434
0.448805
0.406236
0.413201
0.420398
0.427844
0.435546
0.443497
0.451681
0.46007
0.411834
0.419602
0.427665
0.436034
0.444704
0.453653
0.462845
0.472229
0.417938
0.426489
0.435397
0.444665
0.454277
0.464193
0.474355
0.484691
0.424173
0.433452
0.443148
0.453256
0.463749
0.474571
0.485644
0.496872
0.430184
0.440101
0.450489
0.461344
0.472626
0.484266
0.496167
0.50821
0.435659
0.446086
0.457039
0.46851
0.480454
0.492794
0.505415
0.518179
0.440344
0.451128
0.462483
0.474405
0.48685
0.499736
0.51294
0.526306
0.444071
0.455031
0.466596
0.478773
0.491523
0.504766
0.518377
0.532193
0.44676
0.457703
0.469269
0.481476
0.4943
0.507671
0.521471
0.535537
0.448433
0.459165
0.470516
0.482515
0.495157
0.508389
0.52211
0.53617
0.449204
0.45955
0.47048
0.482037
0.494233
0.507037
0.520374
0.534114
0.449262
0.459088
0.469428
0.480336
0.491838
0.503929
0.516561
0.529633
0.448879
0.45811
0.46774
0.477832
0.488432
0.499555
0.511185
0.523257
0.448346
0.456955
0.465824
0.47502
0.484599
0.494592
0.504999
0.515778
0.447915
0.455932
0.464056
0.472351
0.480875
0.48967
0.498752
0.5081
0.447779
0.455298
0.462761
0.470228
0.477753
0.485384
0.493146
0.501039
0.448049
0.455215
0.462168
0.468954
0.475622
0.482216
0.488771
0.4953
0.44874
0.455739
0.46238
0.468693
0.474715
0.480485
0.486037
0.491394
0.449762
0.456803
0.463363
0.469454
0.475096
0.480316
0.485144
0.489603
0.450926
0.458225
0.464948
0.471088
0.476648
0.481639
0.486076
0.48998
0.451958
0.459712
0.466835
0.473298
0.479084
0.484184
0.4886
0.492336
0.452516
0.460892
0.468619
0.475651
0.481953
0.487498
0.492265
0.496244
0.452228
0.461338
0.469822
0.47762
0.484682
0.490963
0.496426
0.50104
0.450724
0.460616
0.469941
0.47863
0.486623
0.49386
0.500291
0.505869
0.447682
0.458334
0.468504
0.478123
0.487123
0.495438
0.503007
0.509773
0.442862
0.454182
0.465125
0.475624
0.485608
0.495012
0.503767
0.511809
0.436135
0.447977
0.459552
0.4708
0.481654
0.492048
0.501916
0.511188
0.427498
0.439674
0.451692
0.463498
0.475033
0.486235
0.497038
0.507376
0.417065
0.42937
0.441614
0.453752
0.465734
0.477502
0.488996
0.500151
0.405048
0.41728
0.429531
0.441767
0.453944
0.466015
0.477923
0.489604
0.391725
0.403702
0.415759
0.427872
0.440006
0.452121
0.464166
0.476082
0.377399
0.388973
0.400668
0.41247
0.424353
0.436285
0.44822
0.460105
0.362365
0.373426
0.384634
0.39598
0.407449
0.419013
0.430637
0.442271
0.346871
0.357354
0.367993
0.378787
0.389726
0.400793
0.411958
0.423177
0.331095
0.340974
0.351006
0.361197
0.371545
0.382036
0.392649
0.403346
0.315118
0.324401
0.333829
0.34341
0.353148
0.363037
0.373059
0.383185
0.298903
0.307626
0.316482
0.325483
0.334636
0.343939
0.353381
0.362938
0.282261
0.290478
0.298819
0.307297
0.315922
0.324694
0.333608
0.342646
0.264807
0.272574
0.280464
0.288491
0.296665
0.304992
0.313468
0.322078
0.245887
0.253234
0.260719
0.268357
0.276162
0.284138
0.292286
0.300596
0.22448
0.231358
0.238414
0.245667
0.253133
0.260821
0.268735
0.276873
0.199072
0.205252
0.211676
0.218372
0.225365
0.232679
0.240333
0.248342
0.167558
0.172444
0.177633
0.183171
0.189113
0.195515
0.202439
0.209949
0.127485
0.129807
0.132347
0.135157
0.138301
0.141864
0.145957
0.150728
0.155781
0.150533
0.152603
0.16287
0.163255
0.16146
0.164914
0.183781
0.200462
0.203167
0.206937
0.210281
0.210115
0.20803
0.205927
0.204711
0.203636
0.201246
0.197652
0.194638
0.192983
0.192276
0.192634
0.194534
0.198155
0.20342
0.210188
0.218291
0.227612
0.238263
0.249198
0.258426
0.262877
0.258558
0.240913
0.205482
0.146388
0.0521728
0.154442
0.150002
0.151616
0.157281
0.157951
0.157186
0.158491
0.161416
0.163997
0.164877
0.165306
0.165913
0.166969
0.167611
0.167828
0.168566
0.173788
0.185899
0.188046
0.187695
0.18819
0.189631
0.191929
0.196334
0.203628
0.214069
0.227758
0.244509
0.263793
0.285085
0.307327
0.327824
0.342078
0.344006
0.326567
0.28296
0.205009
0.0742341
0.165177
0.162636
0.160955
0.159687
0.158519
0.158241
0.159398
0.161883
0.163877
0.164526
0.164942
0.165575
0.166411
0.166807
0.166764
0.16665
0.166618
0.166227
0.16549
0.164974
0.165757
0.174172
0.179255
0.185067
0.195255
0.210106
0.230822
0.257638
0.290051
0.326735
0.366384
0.405326
0.436995
0.452091
0.439544
0.388517
0.286995
0.106441
0.186838
0.181833
0.177859
0.174713
0.172207
0.170486
0.169677
0.169523
0.169313
0.168935
0.168609
0.168472
0.168397
0.168103
0.167607
0.167074
0.166551
0.165951
0.16524
0.164513
0.163825
0.163039
0.16208
0.163178
0.176753
0.192138
0.217695
0.253254
0.299813
0.355816
0.419276
0.485432
0.544982
0.583866
0.584632
0.529565
0.399965
0.152443
0.208167
0.202666
0.197836
0.193648
0.189979
0.186865
0.184305
0.182195
0.180333
0.178619
0.177053
0.175643
0.174311
0.172934
0.171511
0.170106
0.168741
0.167408
0.16613
0.164941
0.163835
0.162786
0.161774
0.160855
0.159844
0.1609
0.190986
0.231554
0.290298
0.366381
0.458195
0.560344
0.660422
0.737887
0.765508
0.714096
0.553358
0.217018
0.22338
0.218916
0.214506
0.21021
0.20614
0.202367
0.19891
0.195748
0.192815
0.190049
0.187416
0.184891
0.182436
0.180017
0.177634
0.175308
0.173052
0.170878
0.168805
0.166857
0.165047
0.163396
0.161949
0.160689
0.159531
0.158507
0.157652
0.174268
0.257353
0.356255
0.477429
0.621633
0.774967
0.909287
0.983449
0.949726
0.758084
0.306162
0.233025
0.229827
0.226208
0.222351
0.218462
0.214626
0.210892
0.207288
0.203816
0.200449
0.197157
0.193913
0.190709
0.187542
0.184422
0.18136
0.178363
0.175447
0.172632
0.169948
0.167424
0.165091
0.162983
0.161114
0.15951
0.158205
0.157105
0.156513
0.159261
0.306712
0.474344
0.663326
0.878954
1.08947
1.23599
1.24239
1.02584
0.426916
0.23874
0.236551
0.233661
0.230378
0.226899
0.223301
0.219627
0.215938
0.212279
0.208657
0.205045
0.201422
0.19779
0.19417
0.19058
0.18703
0.183524
0.180074
0.176703
0.173445
0.170333
0.167405
0.164697
0.162242
0.160074
0.158222
0.156724
0.155646
0.155133
0.157394
0.40879
0.67978
0.962902
1.26571
1.51519
1.59445
1.36797
0.586898
0.241793
0.240269
0.237956
0.235178
0.232129
0.228863
0.225394
0.221788
0.218126
0.214452
0.210743
0.206969
0.203133
0.199272
0.195421
0.191596
0.187796
0.184023
0.180298
0.176656
0.173133
0.169766
0.166593
0.163658
0.161002
0.158666
0.156696
0.155157
0.154199
0.154119
0.159465
0.587416
1.0056
1.4159
1.80238
2.00059
1.79337
0.793438
0.242958
0.241838
0.239965
0.237581
0.234887
0.231945
0.228724
0.225259
0.221655
0.218014
0.214339
0.210558
0.206656
0.20268
0.198697
0.194747
0.190817
0.186888
0.182976
0.179119
0.175354
0.171715
0.168236
0.164963
0.161942
0.159222
0.156859
0.154923
0.153542
0.152985
0.153983
0.166826
0.887859
1.49269
2.05167
2.43613
2.30338
1.05198
0.243093
0.242199
0.240659
0.238491
0.235951
0.233243
0.230282
0.226958
0.223355
0.219702
0.216123
0.212441
0.208553
0.204501
0.200419
0.196418
0.192483
0.188528
0.184546
0.180592
0.17672
0.172953
0.169313
0.165845
0.162597
0.159617
0.156966
0.15472
0.153002
0.152067
0.152496
0.156251
0.182335
1.35796
2.17724
2.82845
2.87668
1.36266
0.243371
0.242582
0.240987
0.238691
0.236002
0.233555
0.230947
0.227775
0.223966
0.220127
0.21674
0.213284
0.209458
0.205256
0.200969
0.196884
0.19301
0.189089
0.185063
0.18104
0.177125
0.173336
0.169651
0.166107
0.162753
0.159637
0.156814
0.154362
0.152401
0.151167
0.151184
0.153884
0.167021
0.291877
2.05513
3.11093
3.46664
1.71811
0.301903
0.271755
0.266547
0.257008
0.240594
0.235309
0.232671
0.229914
0.226145
0.221647
0.217766
0.214276
0.210547
0.206347
0.201869
0.197466
0.193357
0.189206
0.184895
0.180697
0.176707
0.172909
0.169204
0.165645
0.162293
0.159147
0.156257
0.153705
0.151602
0.150168
0.149881
0.151854
0.159641
0.210523
1.21373
3.21373
4.00605
2.10047
0.36694
0.356431
0.351251
0.34833
0.344803
0.341437
0.337778
0.332873
0.32618
0.317972
0.309328
0.300952
0.292705
0.28364
0.272502
0.258468
0.24153
0.221769
0.198692
0.185139
0.178204
0.17342
0.168796
0.164298
0.161104
0.158063
0.155212
0.152655
0.150508
0.148971
0.148487
0.150099
0.15669
0.181902
0.302954
2.91301
4.38643
2.47975
0.398618
0.393354
0.389173
0.386645
0.3842
0.381391
0.378139
0.373961
0.368397
0.361533
0.354083
0.346747
0.339563
0.331797
0.322502
0.3113
0.298607
0.285085
0.271176
0.256904
0.240803
0.220718
0.192841
0.167171
0.160858
0.156386
0.153556
0.151163
0.149069
0.147523
0.14694
0.14829
0.153988
0.171954
0.284336
1.69813
4.43952
2.80866
0.415786
0.412786
0.409411
0.406689
0.404205
0.401554
0.398573
0.394978
0.390467
0.385049
0.379165
0.373331
0.367627
0.361563
0.354484
0.34611
0.336615
0.326178
0.314592
0.301212
0.285161
0.265789
0.243472
0.220464
0.194153
0.160331
0.15249
0.149247
0.147273
0.145822
0.145226
0.146405
0.151626
0.168585
0.257809
0.739498
4.21394
3.0639
0.42925
0.426972
0.423909
0.420877
0.417976
0.41504
0.411915
0.408403
0.404317
0.399661
0.394718
0.389846
0.385126
0.380242
0.374722
0.368276
0.360855
0.352381
0.342534
0.330801
0.316688
0.299955
0.280754
0.258975
0.233439
0.205242
0.172803
0.148378
0.145403
0.14395
0.143403
0.144479
0.149363
0.165155
0.225657
0.465547
3.69153
3.22677
0.441892
0.439783
0.436744
0.43336
0.429901
0.426388
0.422751
0.418878
0.41467
0.410152
0.405523
0.401031
0.396753
0.392492
0.38791
0.382729
0.37678
0.369866
0.361654
0.351713
0.339635
0.325131
0.308007
0.287885
0.26431
0.237341
0.206423
0.172452
0.144203
0.142218
0.141631
0.142602
0.147141
0.161609
0.211657
0.512025
2.75031
3.15535
0.454104
0.452033
0.448932
0.445228
0.441224
0.437051
0.432736
0.428256
0.423593
0.418803
0.414045
0.409503
0.405253
0.401185
0.397065
0.392647
0.387713
0.382007
0.375186
0.366834
0.35653
0.343884
0.328521
0.309994
0.287892
0.261963
0.231973
0.197761
0.156211
0.141034
0.140099
0.140913
0.145045
0.158266
0.204018
0.527592
2.21157
2.97313
0.465423
0.463442
0.460323
0.456398
0.451956
0.447187
0.442197
0.437044
0.431781
0.426503
0.421356
0.4165
0.412017
0.407861
0.403878
0.399866
0.395595
0.390785
0.385076
0.378041
0.369216
0.358126
0.344276
0.327149
0.306265
0.281239
0.251765
0.217776
0.179391
0.140539
0.138786
0.139486
0.143152
0.155096
0.197361
0.518845
1.91511
2.78225
0.475205
0.473421
0.470387
0.466373
0.461647
0.456425
0.450867
0.445097
0.439229
0.433396
0.427756
0.422465
0.417624
0.413236
0.409211
0.405386
0.401543
0.397389
0.392552
0.38658
0.378964
0.369156
0.356575
0.340627
0.32075
0.296459
0.26737
0.233333
0.19459
0.146853
0.137999
0.138246
0.141469
0.152172
0.190443
0.478496
1.5882
2.6038
0.482876
0.481391
0.478551
0.474586
0.46974
0.464236
0.45827
0.452013
0.445627
0.439284
0.433163
0.427436
0.422224
0.417573
0.413442
0.409704
0.406156
0.402502
0.398356
0.39324
0.3866
0.377824
0.366261
0.351243
0.332129
0.308349
0.279457
0.245242
0.205967
0.160405
0.137552
0.137142
0.140027
0.149722
0.184195
0.451989
1.42241
2.5933
0.48803
0.486915
0.48436
0.480563
0.475747
0.470133
0.463936
0.457357
0.450598
0.443863
0.437357
0.431273
0.425761
0.4209
0.416687
0.413026
0.409725
0.406488
0.402912
0.39849
0.392625
0.38465
0.373848
0.359485
0.34085
0.317309
0.288374
0.253807
0.213857
0.167955
0.136922
0.136186
0.138959
0.148532
0.183357
0.451088
1.50893
2.73058
0.49046
0.489746
0.487535
0.484
0.47934
0.473773
0.467516
0.460793
0.45383
0.446858
0.440111
0.433804
0.428114
0.42315
0.418939
0.415405
0.412366
0.409516
0.406435
0.402581
0.397316
0.38992
0.379616
0.365614
0.347146
0.323535
0.294272
0.259101
0.218207
0.17084
0.13632
0.135386
0.138351
0.149059
0.191107
0.646817
2.02157
2.85332
0.490147
0.489836
0.488002
0.484794
0.480395
0.475006
0.468846
0.462146
0.455149
0.448108
0.441279
0.434902
0.429179
0.424247
0.420151
0.41683
0.4141
0.411643
0.409009
0.405621
0.400794
0.393757
0.383684
0.369736
0.351108
0.327101
0.297198
0.261127
0.219042
0.16975
0.135544
0.134648
0.138077
0.150856
0.201489
0.788893
2.49205
2.98506
0.487251
0.487323
0.485879
0.483048
0.478991
0.473894
0.467966
0.461436
0.454557
0.447598
0.440836
0.434534
0.42892
0.42415
0.420288
0.417275
0.414915
0.412865
0.410639
0.407616
0.403063
0.396161
0.386042
0.371835
0.352717
0.327981
0.297106
0.259769
0.216023
0.163271
0.134158
0.133812
0.137985
0.15361
0.220164
0.685623
3.98884
3.14079
0.482084
0.482516
0.481469
0.479055
0.475411
0.470701
0.465115
0.458876
0.452236
0.445476
0.438894
0.432778
0.427381
0.422882
0.419351
0.416723
0.41478
0.413141
0.411271
0.408497
0.404037
0.397026
0.386568
0.371778
0.35184
0.326043
0.293833
0.254772
0.208693
0.14836
0.132034
0.13292
0.138535
0.15952
0.291782
2.20151
6.24022
3.36527
0.47509
0.475867
0.475234
0.47328
0.470116
0.465876
0.460722
0.454859
0.448535
0.442039
0.435693
0.429817
0.424692
0.420519
0.417372
0.415172
0.413659
0.412399
0.410797
0.408125
0.403545
0.396157
0.385047
0.369333
0.34822
0.32102
0.287055
0.245695
0.19657
0.134876
0.130085
0.132252
0.140196
0.170651
0.447577
5.22707
6.68123
3.62054
0.466825
0.467956
0.467773
0.466339
0.463729
0.460034
0.455378
0.449936
0.443947
0.437712
0.431581
0.425916
0.42104
0.417178
0.414407
0.412617
0.411491
0.41053
0.409076
0.406324
0.401385
0.39333
0.381238
0.364242
0.341569
0.312519
0.276242
0.231615
0.177339
0.129613
0.128887
0.132271
0.144172
0.198088
0.577771
8.9865
6.87829
3.84504
0.457929
0.459464
0.459801
0.45897
0.456998
0.453919
0.449801
0.444778
0.439074
0.433007
0.426972
0.42139
0.416641
0.412986
0.410502
0.409033
0.408189
0.407408
0.405929
0.402868
0.397289
0.388245
0.374824
0.356179
0.331543
0.300145
0.260899
0.212207
0.143235
0.127068
0.128235
0.133894
0.152758
0.281087
5.09002
11.6609
7.2809
4.0563
0.449105
0.451139
0.452108
0.451998
0.450767
0.448369
0.444798
0.440132
0.434579
0.428484
0.422309
0.416563
0.411707
0.408054
0.405676
0.40435
0.403641
0.402855
0.401118
0.397465
0.39092
0.380536
0.365423
0.344752
0.31771
0.283303
0.239932
0.186219
0.126716
0.125517
0.128435
0.137976
0.169248
0.519101
8.92811
12.8799
7.69728
4.26036
0.441077
0.443763
0.445525
0.446286
0.445912
0.444253
0.4412
0.436764
0.431136
0.424705
0.418029
0.411744
0.406427
0.40246
0.399911
0.398496
0.397686
0.396639
0.394347
0.389761
0.381878
0.369776
0.3526
0.329513
0.299549
0.261333
0.212335
0.139705
0.123555
0.124993
0.130572
0.147468
0.21537
2.31383
11.1813
13.3083
8.03476
4.42455
0.434547
0.438093
0.440854
0.442665
0.443274
0.442392
0.439788
0.43539
0.429375
0.422196
0.414545
0.407226
0.400974
0.396263
0.393151
0.391341
0.390126
0.388493
0.385284
0.379364
0.369731
0.355512
0.335896
0.309982
0.276462
0.232711
0.175365
0.12067
0.121742
0.125241
0.135625
0.169205
0.371932
6.41745
11.9425
13.351
8.2821
4.52551
0.43014
0.4348
0.438797
0.441851
0.44356
0.44347
0.441206
0.436609
0.429843
0.421445
0.412271
0.403334
0.395568
0.389581
0.385443
0.382804
0.380782
0.378155
0.373594
0.365888
0.354057
0.337295
0.314769
0.285277
0.246456
0.194711
0.119581
0.117916
0.120497
0.126874
0.145409
0.243278
3.17552
8.15539
12.2306
13.0937
8.39593
4.55952
0.428343
0.434398
0.439875
0.444354
0.447252
0.447938
0.445887
0.440854
0.433001
0.422946
0.411713
0.400543
0.390606
0.382688
0.376927
0.372903
0.369549
0.365421
0.359003
0.349017
0.33453
0.314733
0.28852
0.253948
0.206845
0.125001
0.113823
0.11572
0.119777
0.130623
0.172231
1.08237
5.18706
8.41667
12.0107
12.609
8.34389
4.52595
0.429458
0.437181
0.44436
0.450405
0.454542
0.455959
0.453997
0.448372
0.439251
0.427286
0.413612
0.399662
0.386844
0.376198
0.368044
0.361882
0.35649
0.350212
0.341359
0.328616
0.311084
0.287829
0.257258
0.215462
0.142
0.109955
0.111372
0.113633
0.119248
0.137547
0.332842
2.92522
5.72585
8.55531
11.6138
11.9668
8.13293
4.42945
0.433565
0.443192
0.45224
0.459937
0.465312
0.467383
0.465469
0.459257
0.448965
0.435223
0.419074
0.401994
0.385606
0.37131
0.359723
0.350363
0.34193
0.332633
0.320698
0.304819
0.284034
0.256976
0.220035
0.158812
0.106335
0.107724
0.109067
0.111647
0.118278
0.166459
2.21133
3.57873
5.95071
8.84205
11.2351
11.2386
7.79284
4.27731
0.440522
0.452226
0.463243
0.472606
0.479168
0.481936
0.480191
0.473629
0.46253
0.447572
0.429502
0.4094
0.388931
0.369953
0.353594
0.339534
0.32657
0.313003
0.297216
0.277976
0.253632
0.220407
0.166473
0.103486
0.104463
0.105558
0.107135
0.110067
0.126723
1.36092
2.74088
3.92078
6.05907
8.96892
10.7822
10.4731
7.36259
4.07999
0.449988
0.463869
0.476885
0.487856
0.495653
0.499307
0.498026
0.491459
0.480007
0.464484
0.445747
0.423881
0.399477
0.374934
0.352227
0.331413
0.311673
0.291853
0.271104
0.248264
0.217905
0.166105
0.100791
0.101426
0.10244
0.103766
0.105824
0.11449
0.609475
1.77949
3.04322
4.28599
6.35994
8.83602
10.2055
9.6871
6.87992
3.84808
0.461479
0.477563
0.492523
0.50509
0.514291
0.519093
0.518604
0.512488
0.50113
0.486158
0.468035
0.446349
0.419924
0.389796
0.359323
0.329238
0.299403
0.269959
0.242188
0.214379
0.155512
0.0984407
0.0987735
0.0996103
0.100752
0.102404
0.107758
0.291867
1.16729
2.09588
3.25936
4.67844
6.57502
8.53711
9.55043
8.89311
6.37613
3.591
0.474414
0.492662
0.509496
0.523724
0.534522
0.540703
0.541331
0.536188
0.525856
0.511979
0.495892
0.476635
0.451524
0.418171
0.37969
0.337922
0.293484
0.24844
0.208348
0.131096
0.097022
0.0968806
0.0973982
0.098275
0.0996073
0.102692
0.135871
0.816536
1.52499
2.35443
3.46082
4.91254
6.56464
8.12959
8.85217
8.10808
5.87697
3.31681
0.48818
0.508517
0.527176
0.543136
0.555655
0.563418
0.565363
0.561311
0.552414
0.540569
0.527213
0.512382
0.492433
0.461727
0.417885
0.363881
0.299823
0.230023
0.141308
0.0981258
0.0963099
0.0962636
0.0967526
0.0977169
0.0996603
0.107968
0.606662
1.18548
1.7992
2.56949
3.63148
4.96904
6.40344
7.64736
8.13596
7.34844
5.40094
3.0321
0.502163
0.524496
0.544919
0.562636
0.576961
0.586497
0.58974
0.586439
0.578299
0.568264
0.558352
0.548605
0.536362
0.514649
0.474154
0.412584
0.326854
0.215783
0.100726
0.0970201
0.0965183
0.096506
0.0971513
0.0984075
0.106714
0.381198
0.952044
1.45369
2.00481
2.74123
3.7216
4.90852
6.13776
7.1216
7.4184
6.62884
4.96004
2.74292
0.515765
0.539978
0.562078
0.581547
0.59774
0.609232
0.613637
0.610523
0.602048
0.592209
0.584415
0.579362
0.574959
0.565125
0.539405
0.484062
0.391866
0.254884
0.107901
0.098168
0.0974183
0.0977873
0.0994972
0.103263
0.248494
0.79827
1.22429
1.6371
2.15199
2.8374
3.72356
4.76494
5.80351
6.57579
6.72312
5.95867
4.55893
2.44813
0.528408
0.554372
0.578032
0.599014
0.617223
0.630891
0.636612
0.633319
0.623264
0.61148
0.602933
0.599832
0.600757
0.600758
0.591385
0.558051
0.482147
0.340783
0.159609
0.107662
0.100897
0.10108
0.10851
0.184308
0.65098
1.06331
1.38633
1.7513
2.22429
2.85552
3.65354
4.56018
5.4292
6.02752
6.06358
5.34935
4.19491
2.15683
0.539546
0.567081
0.592067
0.61429
0.634569
0.650749
0.658369
0.655085
0.642727
0.627105
0.61464
0.609017
0.609977
0.613924
0.614832
0.603905
0.566958
0.486264
0.350124
0.186304
0.129149
0.13557
0.234243
0.60628
0.945015
1.20426
1.46535
1.79075
2.23084
2.81243
3.52709
4.31203
5.034
5.49059
5.44911
4.80448
3.8695
1.8779
0.548676
0.577585
0.603623
0.626799
0.648777
0.667772
0.678289
0.676117
0.661849
0.64152
0.622866
0.611017
0.606591
0.606767
0.607539
0.604623
0.593217
0.569232
0.53312
0.507975
0.523697
0.596885
0.720945
0.871742
1.05174
1.2418
1.47088
1.77639
2.18919
2.72254
3.35905
4.0357
4.6323
4.97573
4.88573
4.32283
3.57781
1.61797
0.555356
0.585418
0.612196
0.635717
0.658598
0.68029
0.69492
0.695989
0.681778
0.657574
0.632218
0.612729
0.600678
0.592962
0.586019
0.578439
0.571295
0.567623
0.574083
0.599615
0.64852
0.716065
0.799637
0.909175
1.04955
1.21875
1.43586
1.727
2.11296
2.59888
3.16285
3.74412
4.23538
4.4908
4.37586
3.89871
3.31074
1.38288
0.559207
0.590154
0.617342
0.640519
0.662697
0.685932
0.705349
0.712389
0.701852
0.676665
0.646197
0.620381
0.602625
0.588688
0.573803
0.557371
0.544101
0.541832
0.557637
0.593254
0.643682
0.70608
0.783427
0.883036
1.01021
1.1704
1.37906
1.65528
2.01312
2.45258
2.94981
3.44775
3.85162
4.04047
3.91792
3.52263
3.05796
1.17644
0.559953
0.591406
0.61864
0.640859
0.660552
0.682198
0.704858
0.719737
0.717492
0.696302
0.664458
0.636057
0.617931
0.603775
0.58626
0.563378
0.540932
0.529314
0.537002
0.565536
0.610907
0.670182
0.744868
0.839412
0.959252
1.11216
1.31094
1.56978
1.89799
2.29231
2.72856
3.15415
3.48626
3.62586
3.50652
3.1828
2.80956
0.99934
0.557498
0.588915
0.615904
0.636569
0.652337
0.667889
0.687779
0.708079
0.717585
0.706946
0.679902
0.655252
0.644755
0.638117
0.625513
0.601497
0.570833
0.545903
0.538315
0.55284
0.5875
0.639027
0.707363
0.795179
0.907322
1.05125
1.2373
1.47604
1.77339
2.12419
2.50492
2.86789
3.14133
3.24472
3.13358
2.86723
2.55776
0.849139
0.552008
0.582619
0.6089
0.627661
0.638761
0.645667
0.654289
0.667581
0.681627
0.686862
0.673989
0.665078
0.674878
0.683515
0.683531
0.664809
0.628569
0.589421
0.563429
0.559812
0.578982
0.618571
0.677138
0.755793
0.858232
0.990629
1.16107
1.37737
1.64312
1.95214
2.2823
2.59093
2.81615
2.89244
2.79011
2.566
2.29871
0.721462
0.543978
0.572816
0.597624
0.614149
0.620304
0.617699
0.609939
0.60158
0.595007
0.589514
0.599785
0.633864
0.694573
0.727187
0.746937
0.741384
0.703481
0.650362
0.604453
0.580069
0.58126
0.606647
0.653487
0.721239
0.812143
0.930829
1.08343
1.27566
1.50952
1.77854
2.06245
2.32351
2.50853
2.56367
2.46835
2.27314
2.03353
0.61177
0.534231
0.560278
0.582631
0.596291
0.597269
0.585175
0.560203
0.523148
0.47365
0.39751
0.202126
0.346814
0.662869
0.75011
0.798376
0.816966
0.784138
0.718496
0.652377
0.605897
0.588348
0.598818
0.63324
0.6893
0.767635
0.871311
1.00479
1.17218
1.37443
1.60526
1.84661
2.0655
2.21632
2.25412
2.16346
1.98748
1.76795
0.516646
0.52392
0.546259
0.565289
0.57547
0.571266
0.549747
0.5098
0.4464
0.350758
0.171877
0.0921737
0.0918086
0.122147
0.692997
0.813488
0.873088
0.858046
0.783804
0.697721
0.630128
0.594574
0.590627
0.612955
0.65745
0.723095
0.811463
0.925566
1.06825
1.2398
1.43445
1.63649
1.81759
1.93874
1.96192
1.87435
1.7121
1.51052
0.434089
0.514167
0.532345
0.547528
0.554208
0.545523
0.516312
0.464715
0.379676
0.239489
0.084219
0.0811805
0.083796
0.0900061
0.125642
0.742391
0.886303
0.909786
0.835911
0.73261
0.6466
0.595248
0.57853
0.589975
0.623819
0.677478
0.751149
0.846593
0.965637
1.10811
1.26896
1.43487
1.58192
1.67709
1.68796
1.60314
1.45268
1.27017
0.36308
0.505885
0.520016
0.531241
0.534863
0.523409
0.49011
0.430147
0.331121
0.100444
0.0775657
0.077443
0.0789816
0.0825599
0.0933068
0.32081
0.84002
0.92196
0.862766
0.749994
0.650394
0.586974
0.560241
0.562795
0.587532
0.630546
0.690849
0.769143
0.866419
0.982204
1.11218
1.24535
1.36194
1.4344
1.43517
1.35381
1.21544
1.05406
0.302948
0.499759
0.510214
0.517831
0.518904
0.506601
0.471453
0.40966
0.316071
0.0855475
0.0765511
0.0760237
0.0765677
0.0786078
0.0828367
0.101641
0.705409
0.890876
0.859566
0.745656
0.638535
0.567938
0.534821
0.531064
0.548661
0.582768
0.631494
0.6947
0.772707
0.864823
0.967421
1.07163
1.16146
1.21436
1.20722
1.1305
1.00528
0.866411
0.252928
0.496207
0.503547
0.508003
0.506938
0.495099
0.462762
0.404512
0.317211
0.0897885
0.0771031
0.0758846
0.0757067
0.0769845
0.0804071
0.0910647
0.299282
0.822547
0.824684
0.717737
0.610078
0.537996
0.502616
0.495398
0.507981
0.535065
0.574197
0.624642
0.68622
0.758091
0.837234
0.916613
0.983584
1.02007
1.00707
0.936071
0.824755
0.708292
0.211991
0.495389
0.500344
0.502173
0.499223
0.487936
0.46138
0.406202
0.324865
0.131149
0.0798586
0.0768644
0.0760372
0.0767631
0.079735
0.0866407
0.132582
0.749592
0.762701
0.666906
0.566303
0.498736
0.465136
0.457146
0.466694
0.488533
0.519998
0.560004
0.60804
0.663183
0.722924
0.781754
0.829856
0.853043
0.835992
0.77135
0.673904
0.578247
0.178893
0.497205
0.500681
0.500589
0.496015
0.484795
0.462328
0.418692
0.351527
0.256125
0.0830929
0.0783667
0.0770829
0.0775225
0.0806812
0.0902172
0.151034
0.683319
0.682305
0.599297
0.511894
0.453589
0.424844
0.418109
0.426166
0.444227
0.469707
0.501382
0.538557
0.58029
0.624503
0.666914
0.700007
0.712833
0.693266
0.635104
0.550672
0.473176
0.15231
0.501276
0.504342
0.503285
0.497644
0.48632
0.467048
0.435539
0.384476
0.31088
0.127712
0.0832748
0.0791191
0.0791802
0.0838332
0.111324
0.318486
0.605134
0.596075
0.525073
0.453749
0.40698
0.38458
0.380165
0.387676
0.40301
0.42384
0.448949
0.477577
0.508813
0.540941
0.570646
0.592221
0.597314
0.576452
0.524497
0.45167
0.389238
0.130983
0.506926
0.510739
0.509907
0.504137
0.492944
0.475513
0.450431
0.414899
0.363527
0.286014
0.112563
0.0852451
0.0848494
0.0920719
0.244597
0.414584
0.528031
0.512747
0.453648
0.398294
0.36292
0.34683
0.344885
0.35222
0.365463
0.382616
0.402551
0.424512
0.447658
0.470576
0.490702
0.503719
0.503287
0.482054
0.435795
0.372941
0.322525
0.11381
0.513211
0.518878
0.51955
0.514889
0.504582
0.488338
0.465834
0.436456
0.399169
0.352906
0.294496
0.211243
0.189584
0.283593
0.345683
0.416932
0.461712
0.439138
0.391476
0.349836
0.324094
0.313258
0.313299
0.320406
0.33187
0.34601
0.361814
0.378571
0.395522
0.41151
0.424549
0.431368
0.42716
0.406213
0.365044
0.310571
0.269485
0.0998828
0.519005
0.52742
0.530755
0.528531
0.520374
0.506057
0.485502
0.458764
0.426246
0.389513
0.351718
0.319483
0.308006
0.326533
0.36025
0.396379
0.406224
0.37945
0.341346
0.310221
0.291698
0.284626
0.285872
0.292474
0.302259
0.313817
0.32625
0.338901
0.351099
0.361893
0.369742
0.372159
0.365481
0.345249
0.308561
0.261064
0.227118
0.0884883
0.523148
0.53486
0.541674
0.542965
0.53825
0.527233
0.509847
0.486312
0.457395
0.425013
0.39282
0.365145
0.34942
0.351192
0.363693
0.372533
0.362333
0.334293
0.303286
0.279492
0.2658
0.260995
0.262628
0.268374
0.276473
0.285726
0.295331
0.304687
0.3132
0.320087
0.324144
0.323468
0.315248
0.295975
0.263204
0.221515
0.193015
0.0790813
0.524614
0.539759
0.550384
0.555745
0.55525
0.548523
0.535443
0.516212
0.491537
0.462991
0.433325
0.405297
0.383835
0.371279
0.363439
0.35186
0.330309
0.302233
0.275934
0.256741
0.245842
0.242022
0.243321
0.247883
0.254247
0.261377
0.268546
0.275199
0.280808
0.284723
0.285992
0.283149
0.274019
0.255813
0.226453
0.18963
0.165312
0.0712513
0.522663
0.540992
0.555275
0.564659
0.568451
0.566171
0.55759
0.542763
0.522135
0.496692
0.467989
0.438123
0.410094
0.385219
0.361926
0.336999
0.309038
0.281051
0.257436
0.240698
0.231006
0.22717
0.227572
0.230684
0.235267
0.240402
0.245421
0.249806
0.25308
0.254695
0.25389
0.249522
0.239893
0.222771
0.196372
0.163662
0.1426
0.0646893
0.516924
0.537905
0.55532
0.568214
0.575783
0.577419
0.572733
0.56157
0.544058
0.520691
0.492116
0.460188
0.426863
0.393517
0.360539
0.327876
0.296358
0.268269
0.245845
0.230024
0.220408
0.215842
0.214949
0.216429
0.219206
0.222449
0.225535
0.227973
0.229328
0.229126
0.226748
0.221295
0.211426
0.195343
0.171514
0.14231
0.123828
0.0591605
0.507408
0.530349
0.550165
0.565803
0.576344
0.581043
0.579342
0.570882
0.555522
0.533386
0.505034
0.471831
0.435403
0.397426
0.35945
0.322982
0.289729
0.261456
0.239305
0.223434
0.213175
0.207433
0.205002
0.204754
0.205733
0.207179
0.208505
0.209243
0.208985
0.207316
0.203722
0.197482
0.187532
0.172412
0.150807
0.124615
0.108213
0.0544835
0.494447
0.518617
0.540047
0.557603
0.570261
0.577151
0.577581
0.571041
0.557237
0.536164
0.508399
0.475031
0.437596
0.397982
0.358271
0.320574
0.286829
0.258482
0.23618
0.219761
0.208486
0.201347
0.197279
0.195289
0.194518
0.194269
0.193984
0.193215
0.19158
0.188701
0.184146
0.177325
0.167386
0.153138
0.133458
0.109867
0.0951668
0.0505146
0.478595
0.503313
0.525625
0.54434
0.558352
0.566702
0.568605
0.563471
0.550936
0.531091
0.504424
0.471926
0.4351
0.395896
0.356528
0.319214
0.285841
0.257657
0.235122
0.217997
0.205595
0.197019
0.191334
0.187661
0.185232
0.1834
0.181644
0.179533
0.176705
0.172814
0.167484
0.160228
0.150353
0.136887
0.118873
0.0975348
0.0842431
0.0471379
0.460521
0.485205
0.507784
0.527029
0.541787
0.551041
0.553966
0.549951
0.538649
0.520233
0.495134
0.464294
0.42917
0.391647
0.353855
0.317889
0.285481
0.257745
0.235087
0.217317
0.203853
0.19393
0.186738
0.181505
0.177543
0.174263
0.171173
0.167869
0.164002
0.159255
0.153294
0.145709
0.135931
0.123162
0.106591
0.0872108
0.0750916
0.0442578
0.440904
0.465106
0.487472
0.506771
0.52182
0.531582
0.535223
0.532151
0.522137
0.505327
0.482136
0.453471
0.420701
0.385574
0.350033
0.315963
0.284913
0.257895
0.235317
0.217075
0.202721
0.191625
0.183099
0.176473
0.171136
0.166555
0.162276
0.157916
0.15315
0.147679
0.141203
0.133372
0.123713
0.111568
0.0962513
0.078573
0.0674309
0.0417943
0.42036
0.443767
0.465587
0.484605
0.49963
0.509624
0.513776
0.51153
0.502827
0.487715
0.466622
0.440404
0.410316
0.377928
0.344961
0.313072
0.283631
0.25756
0.235285
0.216797
0.201776
0.189725
0.180072
0.172246
0.165712
0.159992
0.154672
0.149395
0.143856
0.137777
0.130887
0.12288
0.113358
0.101776
0.0875559
0.0713595
0.0610288
0.0396805
0.399384
0.421816
0.442897
0.461436
0.476236
0.486266
0.49077
0.489288
0.48181
0.468388
0.44944
0.425752
0.398448
0.368907
0.338624
0.309038
0.281352
0.256409
0.23465
0.216148
0.200698
0.187926
0.177371
0.168553
0.161009
0.154319
0.148107
0.142049
0.135859
0.12928
0.122065
0.113944
0.104579
0.0935131
0.0802561
0.0653509
0.0556892
0.0378598
0.378307
0.399719
0.420005
0.438
0.452476
0.462399
0.467081
0.466263
0.459889
0.448062
0.431189
0.409977
0.38541
0.358677
0.33106
0.303797
0.277941
0.254262
0.233204
0.214905
0.19926
0.186001
0.174767
0.165164
0.1568
0.149309
0.142357
0.13565
0.128927
0.121949
0.114492
0.106316
0.0971278
0.0865416
0.0741384
0.0603593
0.0512441
0.0362847
0.357252
0.377733
0.397324
0.414864
0.429026
0.438759
0.443484
0.443137
0.437679
0.427276
0.412317
0.393428
0.37145
0.347394
0.322346
0.297363
0.273361
0.25104
0.230835
0.212934
0.19731
0.183784
0.172087
0.161902
0.152903
0.144777
0.137232
0.130005
0.12286
0.115579
0.107958
0.0997798
0.0907906
0.0806572
0.0690169
0.0562218
0.0475488
0.0349154
0.336071
0.355857
0.37504
0.39242
0.406424
0.41594
0.420588
0.420477
0.415701
0.406489
0.393215
0.376421
0.356817
0.335244
0.312612
0.289817
0.267651
0.246741
0.227509
0.21017
0.194758
0.181169
0.16921
0.158634
0.149176
0.140574
0.132576
0.124952
0.11749
0.109996
0.102281
0.0941521
0.0853828
0.0756822
0.0647293
0.0527965
0.0444788
0.0337188
0.314195
0.333695
0.353036
0.370887
0.385114
0.394458
0.398927
0.398837
0.394489
0.386197
0.374326
0.359343
0.341835
0.322494
0.302073
0.281325
0.260929
0.241441
0.223259
0.20661
0.191572
0.1781
0.166061
0.155272
0.14552
0.136591
0.128272
0.120366
0.112685
0.105057
0.0973127
0.0892766
0.0807459
0.0714612
0.0611322
0.0499584
0.041927
0.0326669
0.290349
0.310178
0.330695
0.350295
0.365519
0.374922
0.379134
0.37888
0.374717
0.36706
0.356276
0.342767
0.327017
0.309591
0.291111
0.272203
0.253447
0.23533
0.218218
0.202339
0.187796
0.174585
0.162625
0.151779
0.141884
0.132766
0.124248
0.116163
0.108351
0.100659
0.092938
0.0850293
0.07675
0.0678654
0.0581068
0.0476056
0.0398064
0.0317376
0.261902
0.28289
0.306386
0.330468
0.348098
0.358014
0.361999
0.361476
0.357311
0.350026
0.339997
0.327584
0.313191
0.297289
0.280393
0.263029
0.245692
0.228807
0.212701
0.197595
0.183603
0.170748
0.158982
0.148207
0.138297
0.12911
0.120501
0.11233
0.10446
0.0967588
0.0890948
0.0813279
0.0732928
0.0647768
0.0555293
0.0456249
0.0380286
0.0309081
0.223239
0.245916
0.275344
0.311003
0.333374
0.344501
0.348475
0.347745
0.343518
0.33642
0.326848
0.315139
0.301658
0.286811
0.271046
0.254817
0.238555
0.222634
0.207349
0.192906
0.17942
0.166928
0.155403
0.144772
0.134933
0.12577
0.117162
0.108987
0.101126
0.0934656
0.085889
0.0782717
0.0704656
0.0622772
0.0534709
0.0440653
0.0366049
0.0301745
0.160032
0.179584
0.216251
0.291542
0.321755
0.335064
0.339697
0.339165
0.335047
0.328104
0.318781
0.30743
0.294403
0.280091
0.264908
0.249275
0.23359
0.218198
0.203374
0.18931
0.176121
0.163847
0.15247
0.14193
0.13214
0.122997
0.114393
0.106219
0.0983677
0.0907357
0.0832179
0.0757012
0.0680523
0.0600988
0.0516322
0.0426548
0.0353459
0.0294906
)
;

boundaryField
{
    leftWall
    {
        type            kqRWallFunction;
        value           nonuniform List<scalar> 
100
(
0.00255921
0.004198
0.00508247
0.00560001
0.00592905
0.00634032
0.00684631
0.00736545
0.00786445
0.00832759
0.00874984
0.00913722
0.00950841
0.00986636
0.0101928
0.0104925
0.0108013
0.0110427
0.0109616
0.010581
0.0102445
0.0144436
0.0266148
0.0302871
0.0291025
0.0276813
0.0269698
0.0268754
0.0270207
0.0273757
0.0279333
0.0286497
0.0294543
0.0302737
0.0310482
0.0317373
0.0323181
0.0327812
0.0331266
0.0333597
0.0334891
0.0335245
0.0334758
0.033353
0.0331653
0.0329218
0.032631
0.0323013
0.0319405
0.0315562
0.0311557
0.0307459
0.0303332
0.0299238
0.0295234
0.0291372
0.0287703
0.0284271
0.0281115
0.0278271
0.027577
0.027364
0.0271902
0.0270575
0.0269675
0.0269215
0.0269205
0.0269655
0.0270572
0.0271965
0.027384
0.0276205
0.0279068
0.0282438
0.0286323
0.0290738
0.0295696
0.030122
0.0307335
0.0314075
0.0321486
0.0329618
0.0338531
0.0348298
0.0359014
0.0370809
0.0383852
0.0398372
0.0414661
0.0433059
0.0453989
0.0477987
0.0505732
0.0538109
0.0576388
0.0622111
0.0677241
0.0744603
0.0830517
0.0954995
)
;
    }
    rightWall
    {
        type            kqRWallFunction;
        value           nonuniform List<scalar> 
100
(
0.00465534
0.0066077
0.00780881
0.00837372
0.00942234
0.0105691
0.0118142
0.0131766
0.0146871
0.0163952
0.0183762
0.020737
0.0236232
0.027226
0.031798
0.0377381
0.0521728
0.0742341
0.106441
0.152443
0.217018
0.306162
0.426916
0.586898
0.793438
1.05198
1.36266
1.71811
2.10047
2.47975
2.80866
3.0639
3.22677
3.15535
2.97313
2.78225
2.6038
2.5933
2.73058
2.85332
2.98506
3.14079
3.36527
3.62054
3.84504
4.0563
4.26036
4.42455
4.52551
4.55952
4.52595
4.42945
4.27731
4.07999
3.84808
3.591
3.31681
3.0321
2.74292
2.44813
2.15683
1.8779
1.61797
1.38288
1.17644
0.99934
0.849139
0.721462
0.61177
0.516646
0.434089
0.36308
0.302948
0.252928
0.211991
0.178893
0.15231
0.130983
0.11381
0.0998828
0.0884883
0.0790813
0.0712513
0.0646893
0.0591605
0.0544835
0.0505146
0.0471379
0.0442578
0.0417943
0.0396805
0.0378598
0.0362847
0.0349154
0.0337188
0.0326669
0.0317376
0.0309081
0.0301745
0.0294906
)
;
    }
    lowerWall
    {
        type            kqRWallFunction;
        value           nonuniform List<scalar> 
124
(
0.00255921
0.00452156
0.00678541
0.00890233
0.0106843
0.0122246
0.0136968
0.0150222
0.0162466
0.0173955
0.0184887
0.0195404
0.0205602
0.0215538
0.0225237
0.02347
0.0243907
0.0252827
0.0261415
0.0269619
0.0277383
0.0284643
0.0291336
0.0297394
0.0302748
0.0307325
0.0311051
0.0313851
0.0315637
0.0316305
0.0315647
0.031419
0.0311595
0.0307569
0.0301893
0.0294361
0.0284785
0.0273077
0.02594
0.0244245
0.0227845
0.0210404
0.0192099
0.0171471
0.0149792
0.0121021
0.0121021
0.0215997
0.0277242
0.0337481
0.0402791
0.0467879
0.0528015
0.0585319
0.0638434
0.0695041
0.0748472
0.080524
0.0868448
0.0941654
0.102951
0.115336
0.137829
0.118154
0.0974861
0.0788723
0.0679966
0.0800017
0.134828
0.154404
0.00468088
0.007815
0.00948296
0.0122453
0.0147006
0.0169451
0.0190764
0.021166
0.02328
0.0254941
0.0279089
0.0306775
0.0340444
0.0384624
0.0450215
0.0619065
0.00468088
0.0106279
0.01658
0.0205435
0.0236637
0.026473
0.0292013
0.031934
0.0346421
0.0372081
0.039604
0.041765
0.0431749
0.0429653
0.0430392
0.0428816
0.0432188
0.0432743
0.0432111
0.0431091
0.0432287
0.0420936
0.0396612
0.036845
0.0338035
0.0306547
0.0275144
0.0245712
0.0219976
0.0197661
0.0178336
0.0161156
0.0144846
0.0127774
0.0108079
0.00841575
0.00555334
0.00465534
)
;
    }
    atmosphere
    {
        type            inletOutlet;
        inletValue      uniform 0.1;
        value           nonuniform List<scalar> 
92
(
0.1
0.1
0.1
0.1
0.1
0.1
0.1
0.1
0.1
0.1
0.1
0.1
0.1
0.1
0.1
0.1
0.1
0.1
0.1
0.1
0.1
0.1
0.1
0.1
0.1
0.1
0.1
0.1
0.1
0.1
0.1
0.1
0.1
0.1
0.1
0.1
0.1
0.1
0.1
0.1
0.1
0.1
0.1
0.1
0.1
0.1
0.1
0.1
0.1
0.1
0.1
0.1
0.1
0.1
0.1
0.1
0.1
0.291542
0.321755
0.335064
0.339697
0.339165
0.335047
0.328104
0.318781
0.30743
0.294403
0.280091
0.264908
0.249275
0.23359
0.218198
0.203374
0.18931
0.176121
0.163847
0.15247
0.14193
0.13214
0.122997
0.114393
0.106219
0.0983677
0.0907357
0.0832179
0.0757012
0.0680523
0.0600988
0.0516322
0.0426548
0.0353459
0.0294906
)
;
    }
    defaultFaces
    {
        type            empty;
    }
}


// ************************************************************************* //
