/*--------------------------------*- C++ -*----------------------------------*\
  =========                 |
  \\      /  F ield         | OpenFOAM: The Open Source CFD Toolbox
   \\    /   O peration     | Website:  https://openfoam.org
    \\  /    A nd           | Version:  7
     \\/     M anipulation  |
\*---------------------------------------------------------------------------*/
FoamFile
{
    version     2.0;
    format      ascii;
    class       volScalarField;
    location    "0.45";
    object      p;
}
// * * * * * * * * * * * * * * * * * * * * * * * * * * * * * * * * * * * * * //

dimensions      [1 -1 -2 0 0 0 0];

internalField   nonuniform List<scalar> 
9072
(
749.501
748.039
750.868
755.882
762.301
768.915
775.283
781.192
786.614
791.594
796.22
800.597
804.827
809.009
813.234
817.589
822.151
826.993
832.188
837.806
843.919
850.602
857.934
866.001
874.896
884.725
895.608
907.682
921.11
936.085
952.886
971.652
992.642
1016.06
1042.16
1071.06
1102.63
1136.31
1170.87
1204.29
1234.48
1258.29
1272
1282.41
1299.07
1321.32
720.189
718.226
720.307
724.702
730.478
736.64
742.716
748.478
753.849
758.842
763.521
767.971
772.284
776.551
780.86
785.293
789.928
794.84
800.103
805.789
811.973
818.734
826.155
834.324
843.342
853.318
864.378
876.667
890.35
905.616
922.658
941.831
963.287
987.322
1014.17
1043.98
1076.66
1111.67
1147.72
1182.54
1213.47
1237.9
1248.23
1253.25
1261.7
1286.36
689.817
688.311
690.27
693.966
699.054
704.62
710.257
715.716
720.894
725.778
730.408
734.848
739.177
743.476
747.825
752.303
756.988
761.952
767.271
773.019
779.275
786.119
793.639
801.929
811.091
821.244
832.517
845.062
859.051
874.68
892.165
911.794
933.807
958.467
985.986
1016.49
1049.86
1085.53
1122.2
1157.58
1188.69
1213.26
1223.08
1226.72
1227.1
1254.53
659.211
658.273
660.202
663.489
667.989
673.012
678.191
683.294
688.211
692.914
697.424
701.79
706.075
710.353
714.698
719.183
723.883
728.871
734.222
740.011
746.32
753.231
760.837
769.233
778.528
788.843
800.314
813.098
827.371
843.333
861.2
881.238
903.707
928.854
956.869
987.834
1021.59
1057.53
1094.36
1129.9
1161.05
1185.81
1197.92
1201.99
1197.54
1226.41
628.592
628.262
630.209
633.209
637.257
641.818
646.576
651.327
655.964
660.453
664.801
669.048
673.247
677.463
681.763
686.219
690.902
695.883
701.237
707.041
713.377
720.331
727.995
736.471
745.868
756.311
767.941
780.918
795.42
811.648
829.818
850.179
872.987
898.47
926.795
958.004
991.896
1027.85
1064.63
1100.21
1131.63
1156.8
1171.35
1177.91
1175.25
1203.67
597.971
598.297
600.226
603.027
606.716
610.881
615.259
619.677
624.036
628.298
632.465
636.569
640.654
644.78
649.009
653.408
658.048
662.998
668.332
674.128
680.468
687.44
695.138
703.664
713.132
723.668
735.416
748.536
763.211
779.639
798.033
818.631
841.672
867.365
895.851
927.139
961.001
996.829
1033.46
1069.08
1101.04
1127.17
1144.61
1154.7
1156.91
1186.7
567.25
568.246
570.186
572.847
576.244
580.068
584.105
588.211
592.3
596.335
600.314
604.261
608.217
612.235
616.374
620.699
625.277
630.178
635.474
641.243
647.568
654.536
662.245
670.796
680.305
690.901
702.727
715.947
730.741
747.307
765.852
786.603
809.78
835.574
864.102
895.346
929.069
964.689
1001.15
1036.85
1069.51
1097.07
1117.33
1132.01
1140.83
1174.55
536.389
538.005
540.011
542.592
545.757
549.286
553.019
556.838
560.671
564.484
568.273
572.058
575.876
579.774
583.811
588.049
592.552
597.389
602.633
608.36
614.652
621.6
629.298
637.851
647.375
657.998
669.866
683.143
698.007
714.651
733.28
754.105
777.332
803.132
831.601
862.707
896.213
931.582
967.874
1003.7
1037.15
1066.36
1089.52
1109.1
1125.54
1165.45
505.4
507.543
509.661
512.211
515.192
518.47
521.933
525.491
529.084
532.684
536.287
539.909
543.584
547.358
551.285
555.425
559.843
564.606
569.785
575.457
581.703
588.613
596.283
604.815
614.328
624.95
636.826
650.119
665.006
681.676
700.324
721.151
744.348
770.07
798.398
829.291
862.525
897.615
933.743
969.728
1003.98
1034.93
1061.14
1085.53
1110.52
1157.63
474.294
476.876
479.13
481.675
484.507
487.569
490.795
494.117
497.489
500.888
504.31
507.772
511.304
514.949
518.761
522.797
527.122
531.802
536.907
542.513
548.7
555.558
563.181
571.674
581.152
591.746
603.599
616.872
631.738
648.381
666.99
687.754
710.853
736.425
764.542
795.161
828.078
862.866
898.824
934.962
969.982
1002.62
1031.93
1060.9
1094.61
1149.98
443.074
446.031
448.425
450.968
453.674
456.55
459.565
462.676
465.846
469.058
472.308
475.614
479.003
482.519
486.212
490.141
494.367
498.956
503.978
509.508
515.625
522.418
529.979
538.414
547.836
558.377
570.177
583.396
598.201
614.77
633.286
653.93
676.867
702.228
730.075
760.37
792.931
827.392
863.158
899.409
935.108
969.287
1001.52
1034.81
1077.03
1140.3
411.739
415.03
417.547
420.08
422.673
425.385
428.217
431.14
434.126
437.163
440.252
443.406
446.657
450.043
453.617
457.434
461.557
466.049
470.981
476.425
482.462
489.176
496.662
505.021
514.369
524.833
536.555
549.687
564.393
580.845
599.22
619.69
642.413
667.509
695.037
724.964
757.134
791.236
826.77
863.06
899.285
934.735
969.519
1006.51
1056.97
1127.65
380.292
383.882
386.496
389.003
391.49
394.058
396.729
399.485
402.306
405.183
408.119
411.129
414.244
417.503
420.956
424.66
428.674
433.065
437.899
443.25
449.197
455.821
463.217
471.486
480.741
491.109
502.726
515.742
530.314
546.61
564.8
585.049
607.51
632.296
659.461
688.982
720.727
754.434
789.682
825.905
862.451
898.794
935.486
975.031
1033.37
1109.65
348.729
352.589
355.262
357.725
360.111
362.553
365.084
367.694
370.367
373.098
375.891
378.764
381.748
384.881
388.215
391.803
395.706
399.989
404.72
409.97
415.817
422.341
429.635
437.799
446.945
457.196
468.686
481.558
495.964
512.067
530.031
550.02
572.177
596.613
623.379
652.46
683.747
717.02
751.918
787.952
824.57
861.335
899.01
939.369
1005.05
1082.53
317.055
321.154
323.836
326.23
328.523
330.857
333.271
335.757
338.3
340.898
343.56
346.303
349.16
352.171
355.385
358.857
362.646
366.817
371.438
376.579
382.316
388.73
395.91
403.956
412.977
423.093
434.435
447.137
461.348
477.222
494.924
514.614
536.432
560.483
586.819
615.428
646.223
679.021
713.502
749.212
785.622
822.242
859.629
898.373
969.353
1038.21
285.275
289.58
292.212
294.5
296.708
298.967
301.299
303.688
306.123
308.605
311.146
313.767
316.502
319.393
322.488
325.841
329.512
333.565
338.068
343.091
348.709
355.001
362.054
369.967
378.846
388.809
399.98
412.489
426.474
442.086
459.489
478.841
500.285
523.917
549.785
577.885
608.148
640.418
674.4
709.631
745.51
781.293
816.701
850.852
914.858
968.514
1129.05
1129.08
1129.15
1129.25
1129.39
1129.55
1129.75
1129.97
1130.21
1130.47
1130.75
1131.04
1131.34
1131.66
1131.99
1132.33
1132.67
1133.01
1133.35
1133.68
1134.01
1134.32
1134.63
1134.92
1135.2
1135.46
1135.72
1135.96
1136.18
1136.39
1136.59
1136.78
1136.94
1137.09
1137.21
1137.31
1137.37
1137.41
1129.02
1129.05
1129.12
1129.22
1129.36
1129.52
1129.71
1129.93
1130.17
1130.43
1130.71
1131
1131.31
1131.62
1131.95
1132.29
1132.63
1132.97
1133.31
1133.64
1133.97
1134.28
1134.59
1134.88
1135.16
1135.43
1135.68
1135.92
1136.15
1136.37
1136.57
1136.75
1136.92
1137.07
1137.19
1137.29
1137.35
1137.39
1128.97
1129.01
1129.08
1129.18
1129.32
1129.48
1129.67
1129.89
1130.13
1130.39
1130.67
1130.96
1131.27
1131.58
1131.91
1132.25
1132.58
1132.93
1133.26
1133.6
1133.93
1134.24
1134.55
1134.85
1135.13
1135.4
1135.65
1135.9
1136.13
1136.34
1136.55
1136.73
1136.9
1137.05
1137.17
1137.27
1137.33
1137.37
1128.92
1128.96
1129.03
1129.14
1129.27
1129.44
1129.63
1129.85
1130.09
1130.35
1130.63
1130.92
1131.22
1131.54
1131.87
1132.2
1132.54
1132.88
1133.22
1133.56
1133.89
1134.21
1134.52
1134.81
1135.1
1135.37
1135.63
1135.87
1136.11
1136.32
1136.53
1136.71
1136.88
1137.03
1137.16
1137.25
1137.32
1137.36
1128.87
1128.9
1128.97
1129.08
1129.22
1129.39
1129.59
1129.81
1130.05
1130.31
1130.58
1130.87
1131.18
1131.5
1131.82
1132.16
1132.5
1132.84
1133.18
1133.52
1133.85
1134.17
1134.48
1134.78
1135.07
1135.34
1135.6
1135.85
1136.08
1136.3
1136.51
1136.7
1136.87
1137.02
1137.14
1137.24
1137.31
1137.35
1128.8
1128.83
1128.91
1129.02
1129.16
1129.33
1129.53
1129.76
1130
1130.26
1130.54
1130.83
1131.13
1131.45
1131.78
1132.12
1132.46
1132.8
1133.15
1133.48
1133.82
1134.14
1134.45
1134.76
1135.05
1135.32
1135.58
1135.83
1136.07
1136.29
1136.49
1136.68
1136.86
1137.01
1137.13
1137.23
1137.3
1137.34
1128.72
1128.76
1128.84
1128.95
1129.1
1129.27
1129.48
1129.71
1129.95
1130.21
1130.49
1130.78
1131.09
1131.4
1131.73
1132.07
1132.42
1132.77
1133.11
1133.45
1133.79
1134.11
1134.43
1134.73
1135.02
1135.3
1135.57
1135.82
1136.05
1136.27
1136.48
1136.67
1136.84
1137
1137.12
1137.22
1137.3
1137.34
1128.64
1128.67
1128.76
1128.88
1129.03
1129.21
1129.42
1129.65
1129.9
1130.16
1130.44
1130.73
1131.04
1131.36
1131.69
1132.03
1132.38
1132.73
1133.08
1133.42
1133.76
1134.08
1134.4
1134.71
1135
1135.28
1135.55
1135.8
1136.04
1136.26
1136.47
1136.66
1136.84
1136.99
1137.12
1137.22
1137.29
1137.35
1128.53
1128.58
1128.67
1128.8
1128.95
1129.14
1129.36
1129.6
1129.85
1130.11
1130.39
1130.68
1130.99
1131.31
1131.64
1131.99
1132.34
1132.69
1133.04
1133.39
1133.73
1134.06
1134.38
1134.69
1134.99
1135.27
1135.54
1135.79
1136.03
1136.25
1136.46
1136.65
1136.83
1136.98
1137.11
1137.22
1137.3
1137.35
1128.42
1128.48
1128.58
1128.71
1128.87
1129.06
1129.29
1129.54
1129.79
1130.06
1130.34
1130.63
1130.93
1131.26
1131.59
1131.94
1132.3
1132.66
1133.01
1133.36
1133.7
1134.04
1134.36
1134.67
1134.97
1135.26
1135.53
1135.78
1136.02
1136.25
1136.45
1136.65
1136.82
1136.98
1137.11
1137.22
1137.3
1137.36
1128.29
1128.36
1128.48
1128.62
1128.78
1128.98
1129.22
1129.48
1129.73
1130
1130.28
1130.58
1130.88
1131.2
1131.54
1131.89
1132.26
1132.62
1132.98
1133.33
1133.67
1134.01
1134.34
1134.66
1134.96
1135.25
1135.52
1135.78
1136.02
1136.24
1136.45
1136.64
1136.82
1136.97
1137.11
1137.22
1137.31
1137.38
1128.13
1128.24
1128.38
1128.52
1128.69
1128.9
1129.15
1129.42
1129.68
1129.94
1130.23
1130.52
1130.82
1131.14
1131.48
1131.85
1132.22
1132.58
1132.94
1133.3
1133.65
1133.99
1134.32
1134.64
1134.95
1135.24
1135.52
1135.77
1136.01
1136.24
1136.45
1136.64
1136.81
1136.97
1137.1
1137.22
1137.32
1137.39
1127.95
1128.11
1128.27
1128.43
1128.59
1128.8
1129.08
1129.36
1129.62
1129.89
1130.17
1130.46
1130.76
1131.08
1131.43
1131.8
1132.18
1132.55
1132.91
1133.27
1133.62
1133.97
1134.31
1134.63
1134.94
1135.24
1135.51
1135.77
1136.01
1136.24
1136.44
1136.63
1136.81
1136.96
1137.1
1137.22
1137.33
1137.41
1127.73
1127.97
1128.17
1128.33
1128.49
1128.71
1129
1129.3
1129.56
1129.83
1130.11
1130.4
1130.7
1131.02
1131.37
1131.74
1132.14
1132.51
1132.88
1133.24
1133.6
1133.95
1134.29
1134.62
1134.94
1135.23
1135.51
1135.77
1136.01
1136.24
1136.44
1136.63
1136.8
1136.96
1137.1
1137.22
1137.34
1137.43
1127.45
1127.83
1128.09
1128.24
1128.4
1128.61
1128.93
1129.25
1129.51
1129.77
1130.06
1130.35
1130.64
1130.96
1131.3
1131.69
1132.1
1132.48
1132.84
1133.21
1133.57
1133.93
1134.28
1134.61
1134.93
1135.23
1135.51
1135.78
1136.02
1136.24
1136.45
1136.63
1136.8
1136.96
1137.1
1137.23
1137.35
1137.45
1127.22
1127.72
1128.04
1128.17
1128.31
1128.53
1128.88
1129.24
1129.48
1129.73
1130.02
1130.3
1130.59
1130.9
1131.25
1131.64
1132.06
1132.45
1132.81
1133.17
1133.55
1133.92
1134.27
1134.6
1134.93
1135.23
1135.52
1135.78
1136.02
1136.25
1136.45
1136.63
1136.8
1136.95
1137.09
1137.22
1137.36
1137.48
235.428
239.908
242.429
244.518
246.614
248.808
251.072
253.363
255.669
257.997
260.369
262.812
265.364
268.069
270.977
274.14
277.618
281.476
285.782
290.606
296.021
302.103
308.936
316.614
325.243
334.935
345.805
357.97
371.554
386.701
403.575
422.343
443.141
466.058
491.13
518.358
547.702
579.054
612.132
646.408
681.062
714.755
745.307
768.284
779.442
723.459
167.267
171.333
173.632
175.359
177.247
179.394
181.643
183.881
186.082
188.265
190.461
192.706
195.045
197.53
200.209
203.132
206.359
209.959
214.002
218.557
223.693
229.481
235.996
243.327
251.576
260.849
271.251
282.873
295.814
310.208
326.232
344.078
363.891
385.739
409.628
435.558
463.548
493.606
525.512
558.716
592.43
625.459
655.799
679.921
695.986
729.873
99.2013
101.638
103.203
104.175
105.871
108.209
110.622
112.876
114.989
117.03
119.053
121.104
123.24
125.522
128
130.712
133.71
137.074
140.88
145.198
150.091
155.619
161.844
168.847
176.729
185.6
195.546
206.62
218.873
232.423
247.493
264.339
283.126
303.853
326.473
350.961
377.427
406.128
436.974
469.376
502.736
536.363
569.329
600.941
632.836
680.725
38.1494
37.3754
36.6411
36.58
38.258
40.8576
43.3048
45.3191
47.0725
48.7393
50.391
52.0587
53.7937
55.6693
57.7256
59.967
62.4567
65.2873
68.5459
72.3071
76.6348
81.5795
87.1897
93.5431
100.768
109.013
118.369
128.809
140.271
152.821
166.797
182.628
200.546
220.207
241.572
264.487
289.178
316.421
346.302
377.891
410.729
444.444
478.251
511.673
545.044
582.827
5.82544
4.98694
4.94159
5.04464
5.93714
7.2861
8.56154
9.56496
10.3808
11.112
11.7913
12.4224
13.0246
13.6301
14.2231
14.6332
15.1862
15.98
17.0605
18.4861
20.3191
22.617
25.4348
28.8645
33.0979
38.4371
45.1557
53.2807
62.6037
72.9992
84.828
98.8195
115.691
134.099
154.133
175.159
197.537
223.374
252.946
283.924
316.053
349.465
382.98
415.964
448.722
483.378
1.2125
1.43613
1.43415
1.38349
1.37993
1.37944
1.37174
1.36258
1.35627
1.35421
1.35614
1.36148
1.36857
1.36978
1.34267
1.35959
1.43662
1.5563
1.72814
1.97082
2.30277
2.74251
3.30852
4.03032
4.97562
6.27475
8.08908
10.4909
13.3652
16.5294
20.4162
26.267
35.6648
50.4984
67.2598
83.7562
100.573
123.999
154.835
185.908
217.628
251.458
284.762
316.869
348.98
382.224
1.27242
1.27721
1.30704
1.33164
1.35712
1.3786
1.39592
1.41084
1.42464
1.43804
1.45154
1.46562
1.48058
1.49607
1.51052
1.51785
1.50749
1.49164
1.48053
1.4773
1.482
1.49347
1.51003
1.5299
1.55151
1.57332
1.59378
1.61325
1.63289
1.65757
1.94428
2.64646
4.26375
6.79833
10.7826
13.0604
13.6346
26.787
55.6709
83.1119
112.738
148.877
182.934
213.814
245.247
277.771
1.19384
1.218
1.23336
1.24827
1.26187
1.27484
1.28675
1.29776
1.30843
1.31926
1.33058
1.34266
1.35579
1.37063
1.38907
1.41459
1.44205
1.46354
1.4811
1.49696
1.51232
1.52787
1.54405
1.56127
1.5801
1.60146
1.62705
1.66115
1.71438
1.79476
1.80175
1.62337
1.47838
1.45904
1.24547
0.235775
-2.20776
-4.6578
-1.76781
1.04365
14.484
47.6613
78.7103
105.201
136.064
170.323
1.13726
1.14494
1.15631
1.16846
1.18026
1.19184
1.2029
1.2134
1.22364
1.23396
1.24459
1.25574
1.26766
1.28081
1.2961
1.31437
1.33327
1.3503
1.36593
1.38114
1.39669
1.41305
1.43052
1.44929
1.46966
1.49203
1.5171
1.54627
1.58235
1.62734
1.66442
1.6962
1.77333
1.89507
1.8482
1.42157
0.939441
0.597106
-0.964811
-4.69793
-9.39844
-6.51806
0.50701
8.56002
31.4173
64.1107
1.05824
1.06646
1.07681
1.08837
1.09971
1.11086
1.12172
1.1323
1.14273
1.15323
1.16396
1.17509
1.1868
1.19933
1.21298
1.22781
1.24303
1.25791
1.27253
1.28733
1.30274
1.31906
1.3365
1.35522
1.3754
1.39724
1.42101
1.44704
1.47552
1.50547
1.52856
1.53522
1.53836
1.58279
1.64834
1.69772
1.79563
1.77035
1.33499
0.563417
0.153295
-1.15829
-3.8498
-7.33849
-9.05556
-2.76945
0.977337
0.98556
0.995586
1.00661
1.01736
1.02789
1.03828
1.04857
1.05884
1.06924
1.07989
1.09094
1.1025
1.11471
1.12768
1.14136
1.15541
1.16955
1.18383
1.19846
1.21368
1.22973
1.24674
1.26485
1.28415
1.30477
1.32678
1.35014
1.3745
1.39849
1.41805
1.43189
1.45027
1.46756
1.47808
1.46388
1.46804
1.54657
1.62096
1.68789
1.64873
1.24142
0.527202
0.26486
-0.261614
-1.00115
0.893784
0.90254
0.912348
0.922796
0.932898
0.942782
0.952602
0.962424
0.972326
0.982407
0.992769
1.00351
1.01471
1.02646
1.03879
1.05165
1.0649
1.07843
1.09227
1.10654
1.12139
1.13697
1.15336
1.17063
1.18884
1.208
1.22806
1.24882
1.26981
1.28995
1.30734
1.3217
1.33606
1.34823
1.3517
1.34168
1.33569
1.34473
1.32676
1.29868
1.36414
1.42413
1.45987
1.57686
1.44532
0.94932
0.808298
0.817369
0.826824
0.836669
0.84617
0.855468
0.864748
0.874093
0.883575
0.893269
0.903249
0.913582
0.924328
0.935535
0.947222
0.959365
0.971907
0.984815
0.998116
1.01188
1.02619
1.04112
1.05672
1.07301
1.08998
1.1076
1.12573
1.1441
1.16224
1.17936
1.19444
1.20707
1.21792
1.22636
1.22929
1.22519
1.21928
1.21135
1.18796
1.15999
1.15455
1.11831
1.02704
0.999707
1.07844
1.05743
0.720983
0.730058
0.738959
0.748153
0.757085
0.765862
0.774659
0.783563
0.792634
0.801929
0.811502
0.821403
0.831674
0.842351
0.853451
0.864969
0.876886
0.889195
0.901913
0.915076
0.928723
0.942883
0.957568
0.972768
0.988446
1.00452
1.02081
1.03703
1.05274
1.06737
1.08021
1.09086
1.09924
1.10482
1.10623
1.10274
1.09617
1.08601
1.06806
1.0454
1.02319
0.986678
0.938807
0.912578
0.892951
0.826117
0.631833
0.640588
0.64879
0.65731
0.665702
0.674016
0.68239
0.690896
0.699581
0.708486
0.717653
0.727122
0.736928
0.747103
0.757666
0.76862
0.779957
0.791673
0.803771
0.816264
0.829162
0.842468
0.856168
0.870232
0.884595
0.899146
0.913694
0.927957
0.941553
0.954015
0.964837
0.973607
0.980017
0.983551
0.983425
0.979229
0.971527
0.960142
0.943459
0.922295
0.898151
0.866927
0.830884
0.799905
0.768064
0.719687
0.540825
0.548983
0.556447
0.564311
0.5722
0.580102
0.588104
0.596253
0.604579
0.613112
0.621885
0.630933
0.640293
0.649993
0.660051
0.670471
0.681243
0.692357
0.703803
0.715576
0.727669
0.74007
0.752748
0.765656
0.77871
0.79178
0.80467
0.817119
0.8288
0.839339
0.848329
0.855379
0.860118
0.862086
0.860758
0.855817
0.847331
0.835109
0.81846
0.797665
0.77336
0.744211
0.711242
0.678594
0.644797
0.60453
0.447974
0.455349
0.462124
0.46939
0.476823
0.484355
0.492023
0.499845
0.507834
0.516012
0.524407
0.533052
0.541981
0.551224
0.560796
0.570694
0.580901
0.591397
0.602162
0.61318
0.624435
0.635902
0.647543
0.659293
0.671054
0.682684
0.693994
0.704749
0.714679
0.723478
0.730804
0.736296
0.739582
0.740265
0.737947
0.732345
0.723338
0.710723
0.694174
0.673782
0.649824
0.622
0.591042
0.55896
0.525629
0.489732
0.353361
0.359877
0.366061
0.372807
0.379831
0.387027
0.394385
0.401898
0.409567
0.417402
0.42543
0.433682
0.442192
0.450986
0.460074
0.469446
0.479077
0.488937
0.498999
0.509239
0.519635
0.530158
0.540759
0.55136
0.561851
0.572088
0.581896
0.591074
0.599398
0.606614
0.612427
0.616506
0.618503
0.618067
0.614872
0.608648
0.599207
0.586365
0.569946
0.54999
0.526661
0.500035
0.470697
0.43975
0.40747
0.373969
0.257141
0.262813
0.268514
0.274821
0.281479
0.288362
0.295424
0.302637
0.30999
0.317488
0.325153
0.333013
0.341101
0.34944
0.358034
0.366865
0.375901
0.385105
0.394444
0.403891
0.413421
0.423
0.432569
0.442038
0.451293
0.460193
0.468586
0.476302
0.483155
0.488927
0.493353
0.496133
0.496952
0.495499
0.491475
0.484622
0.474732
0.461651
0.445285
0.425667
0.40293
0.37725
0.349097
0.319221
0.288039
0.256102
0.159511
0.164423
0.169733
0.175668
0.181998
0.188582
0.195352
0.202265
0.2093
0.216456
0.223751
0.231208
0.238859
0.246724
0.254802
0.26307
0.271489
0.280018
0.288619
0.297264
0.305929
0.314573
0.323127
0.331493
0.339556
0.347188
0.354257
0.360621
0.36612
0.370556
0.373693
0.375257
0.374963
0.37253
0.367676
0.360148
0.349746
0.336348
0.31991
0.300473
0.27814
0.2531
0.225752
0.196691
0.16636
0.135377
0.0606889
0.0649579
0.0699433
0.0755571
0.0815828
0.087876
0.0943507
0.100955
0.107663
0.114465
0.121371
0.128406
0.135597
0.142961
0.150496
0.158174
0.165953
0.173789
0.181644
0.18949
0.197298
0.205022
0.212586
0.219887
0.226812
0.233248
0.239082
0.24419
0.248423
0.251601
0.253507
0.253899
0.25252
0.249101
0.243376
0.2351
0.224099
0.210284
0.193637
0.174194
0.152036
0.127337
0.100454
0.0718923
0.0420451
0.0114821
-0.0391161
-0.0353677
-0.0306627
-0.025338
-0.0196018
-0.0136016
-0.0074308
-0.00114749
0.00521474
0.0116421
0.0181385
0.0247256
0.0314286
0.0382644
0.0452282
0.0522919
0.0594131
0.0665463
0.0736537
0.0807069
0.0876735
0.0944999
0.101103
0.107379
0.113222
0.118533
0.123207
0.127127
0.13015
0.13211
0.132815
0.132049
0.129575
0.125136
0.118475
0.109373
0.0976853
0.0833473
0.0663454
0.0466965
0.024469
-0.000172622
-0.0269132
-0.0553196
-0.0850683
-0.11564
-0.139719
-0.136381
-0.13193
-0.126877
-0.121426
-0.115726
-0.109874
-0.10393
-0.0979339
-0.0919051
-0.0858428
-0.0797289
-0.0735383
-0.0672547
-0.0608828
-0.0544497
-0.0479973
-0.0415694
-0.0352036
-0.0289315
-0.0227907
-0.0168413
-0.0111707
-0.00587983
-0.00106694
0.00317334
0.00673854
0.00950668
0.0113422
0.0120965
0.0116047
0.00967345
0.00607667
0.000567698
-0.00709407
-0.0170977
-0.0295581
-0.044533
-0.0620465
-0.0820994
-0.104635
-0.129498
-0.15642
-0.185046
-0.215115
-0.246159
-0.240965
-0.237947
-0.233737
-0.228948
-0.223785
-0.218398
-0.212882
-0.2073
-0.201693
-0.196086
-0.19048
-0.18486
-0.179199
-0.173483
-0.167714
-0.161919
-0.156137
-0.150409
-0.144776
-0.139273
-0.133945
-0.128856
-0.124095
-0.119759
-0.115942
-0.112739
-0.110263
-0.108638
-0.107991
-0.108447
-0.110145
-0.113262
-0.118016
-0.124647
-0.13337
-0.144345
-0.157666
-0.173397
-0.191585
-0.21224
-0.235313
-0.260666
-0.28809
-0.317309
-0.348104
-0.380027
-0.342732
-0.339965
-0.335989
-0.331462
-0.326595
-0.321536
-0.316376
-0.311177
-0.305983
-0.300819
-0.295687
-0.290572
-0.28545
-0.280306
-0.275143
-0.269985
-0.264868
-0.259835
-0.254926
-0.250184
-0.245659
-0.241421
-0.237558
-0.23416
-0.231322
-0.229149
-0.227765
-0.227294
-0.227849
-0.229529
-0.23245
-0.23678
-0.242732
-0.250533
-0.26037
-0.272376
-0.286648
-0.303266
-0.322294
-0.34375
-0.367585
-0.393704
-0.421952
-0.452112
-0.483973
-0.517058
-0.444924
-0.442354
-0.43861
-0.434345
-0.429785
-0.425069
-0.420284
-0.41549
-0.410728
-0.406021
-0.401373
-0.396768
-0.392186
-0.387613
-0.383053
-0.378528
-0.374074
-0.36973
-0.365543
-0.36156
-0.357838
-0.354448
-0.351476
-0.349012
-0.347156
-0.346025
-0.34575
-0.346452
-0.348222
-0.351139
-0.355307
-0.360885
-0.36808
-0.377093
-0.388089
-0.401195
-0.416518
-0.43416
-0.454194
-0.476641
-0.501469
-0.528623
-0.558006
-0.58943
-0.622669
-0.657305
-0.547461
-0.54505
-0.541533
-0.537534
-0.533288
-0.52893
-0.524537
-0.520164
-0.515847
-0.511608
-0.507449
-0.503355
-0.49931
-0.495304
-0.491344
-0.487453
-0.483661
-0.48001
-0.476549
-0.473331
-0.470417
-0.467878
-0.465801
-0.464278
-0.463418
-0.46335
-0.464204
-0.46609
-0.469085
-0.473252
-0.478691
-0.485555
-0.494032
-0.504304
-0.516517
-0.530805
-0.547295
-0.566106
-0.587311
-0.610933
-0.636972
-0.665415
-0.696196
-0.729131
-0.76399
-0.800326
-0.650281
-0.647997
-0.644703
-0.640969
-0.637044
-0.633053
-0.629063
-0.625122
-0.62126
-0.617495
-0.613825
-0.610242
-0.606733
-0.603294
-0.599937
-0.596683
-0.593561
-0.590614
-0.587892
-0.585452
-0.583355
-0.581676
-0.580501
-0.579933
-0.58009
-0.581103
-0.583097
-0.586171
-0.590391
-0.595818
-0.602552
-0.610739
-0.620546
-0.632129
-0.645632
-0.661205
-0.678994
-0.699118
-0.72165
-0.746628
-0.774085
-0.804046
-0.836453
-0.871114
-0.907789
-0.946095
-0.753329
-0.751149
-0.748072
-0.7446
-0.740997
-0.737376
-0.733795
-0.73029
-0.726886
-0.723596
-0.720418
-0.717347
-0.714378
-0.711513
-0.708768
-0.706161
-0.703722
-0.701493
-0.699527
-0.697881
-0.696616
-0.695807
-0.695549
-0.69595
-0.697138
-0.699242
-0.702379
-0.706635
-0.712079
-0.718779
-0.726835
-0.736381
-0.747561
-0.760516
-0.775397
-0.792367
-0.811585
-0.833164
-0.857175
-0.883682
-0.912751
-0.944426
-0.978644
-1.01522
-1.05392
-1.0944
-0.85656
-0.854466
-0.851596
-0.848381
-0.845096
-0.841843
-0.838667
-0.835598
-0.832651
-0.829836
-0.827153
-0.824601
-0.82218
-0.819901
-0.817778
-0.815832
-0.81409
-0.812596
-0.811405
-0.810569
-0.810152
-0.81023
-0.810901
-0.812284
-0.814511
-0.817708
-0.821982
-0.827417
-0.834086
-0.84207
-0.85147
-0.862405
-0.875
-0.88939
-0.905739
-0.924223
-0.944994
-0.968158
-0.993796
-1.022
-1.05285
-1.0864
-1.12259
-1.16124
-1.20215
-1.24496
-0.959937
-0.957916
-0.955243
-0.952275
-0.949299
-0.946405
-0.943628
-0.940987
-0.938494
-0.936154
-0.93397
-0.931943
-0.930082
-0.928398
-0.92691
-0.925635
-0.924604
-0.923861
-0.92346
-0.923455
-0.923905
-0.924888
-0.926503
-0.928876
-0.932144
-0.936428
-0.94183
-0.948437
-0.956336
-0.965616
-0.976376
-0.988723
-1.00277
-1.01867
-1.03657
-1.05667
-1.0791
-1.10397
-1.13137
-1.16141
-1.1942
-1.22978
-1.2681
-1.309
-1.35231
-1.3977
-1.06343
-1.06147
-1.05898
-1.05625
-1.05358
-1.05103
-1.04864
-1.04641
-1.04437
-1.0425
-1.04082
-1.03932
-1.03803
-1.03695
-1.0361
-1.0355
-1.03519
-1.03521
-1.03562
-1.03646
-1.0378
-1.03971
-1.04228
-1.04565
-1.04995
-1.05531
-1.06184
-1.06962
-1.07875
-1.08933
-1.10147
-1.11525
-1.1308
-1.14825
-1.16779
-1.18958
-1.21375
-1.24042
-1.26969
-1.30171
-1.33658
-1.37433
-1.41492
-1.45825
-1.50414
-1.55221
-1.167
-1.16511
-1.1628
-1.16029
-1.1579
-1.15568
-1.15366
-1.15185
-1.15024
-1.14884
-1.14765
-1.14669
-1.14596
-1.14549
-1.14528
-1.14536
-1.14577
-1.14657
-1.14779
-1.14951
-1.15175
-1.1546
-1.15813
-1.1625
-1.16784
-1.17427
-1.18191
-1.19087
-1.20124
-1.21315
-1.22667
-1.2419
-1.25897
-1.27802
-1.29924
-1.32277
-1.34875
-1.37731
-1.40857
-1.44268
-1.47974
-1.51978
-1.5628
-1.60869
-1.65727
-1.70812
-1.27064
-1.2688
-1.26666
-1.26438
-1.26225
-1.26035
-1.25869
-1.25726
-1.25608
-1.25514
-1.25444
-1.254
-1.25383
-1.25395
-1.25438
-1.25514
-1.25628
-1.25785
-1.25991
-1.2625
-1.26566
-1.26945
-1.27396
-1.27933
-1.28571
-1.29321
-1.30197
-1.31211
-1.32373
-1.33695
-1.35185
-1.36855
-1.38715
-1.40783
-1.43076
-1.45607
-1.48392
-1.51443
-1.54777
-1.58406
-1.6234
-1.66584
-1.7114
-1.75995
-1.81127
-1.86494
-1.3743
-1.37253
-1.37055
-1.36848
-1.36661
-1.36502
-1.36369
-1.36264
-1.36187
-1.36136
-1.36114
-1.36121
-1.36159
-1.3623
-1.36336
-1.36479
-1.36665
-1.369
-1.37189
-1.37536
-1.37943
-1.38417
-1.38965
-1.39603
-1.40345
-1.41204
-1.42192
-1.43323
-1.4461
-1.46063
-1.47691
-1.49506
-1.51522
-1.53754
-1.56218
-1.58931
-1.61905
-1.65158
-1.68704
-1.72557
-1.76725
-1.81217
-1.86032
-1.91156
-1.96562
-2.02203
-1.47795
-1.47626
-1.47444
-1.47257
-1.47095
-1.46965
-1.46865
-1.46796
-1.46757
-1.46749
-1.46773
-1.46829
-1.4692
-1.47048
-1.47216
-1.47425
-1.47684
-1.47996
-1.48368
-1.48801
-1.49299
-1.49866
-1.50512
-1.51251
-1.52097
-1.53064
-1.54164
-1.55413
-1.56824
-1.58407
-1.60173
-1.62133
-1.64303
-1.66699
-1.69336
-1.7223
-1.75397
-1.78853
-1.82615
-1.86693
-1.91099
-1.95839
-2.00912
-2.06299
-2.11968
-2.17873
-1.58156
-1.57995
-1.57828
-1.57661
-1.57524
-1.57421
-1.57352
-1.57317
-1.57316
-1.57349
-1.57417
-1.57521
-1.57663
-1.57847
-1.58075
-1.5835
-1.58679
-1.59068
-1.5952
-1.60038
-1.60624
-1.61283
-1.62026
-1.62866
-1.63816
-1.64891
-1.66103
-1.67469
-1.69003
-1.70714
-1.72616
-1.7472
-1.77044
-1.79604
-1.82414
-1.8549
-1.88849
-1.92508
-1.96482
-2.00784
-2.05424
-2.10407
-2.15728
-2.21367
-2.27286
-2.33436
-1.68507
-1.68355
-1.68204
-1.68057
-1.67943
-1.67866
-1.67827
-1.67826
-1.6786
-1.67932
-1.68043
-1.68193
-1.68386
-1.68624
-1.6891
-1.69249
-1.69647
-1.7011
-1.7064
-1.71239
-1.7191
-1.7266
-1.73498
-1.74438
-1.75491
-1.76672
-1.77995
-1.79477
-1.81131
-1.8297
-1.85006
-1.87255
-1.89732
-1.92454
-1.95435
-1.9869
-2.02238
-2.06096
-2.10278
-2.14795
-2.19659
-2.24873
-2.30429
-2.36301
-2.4245
-2.48821
-1.78844
-1.78703
-1.78566
-1.78438
-1.78347
-1.78296
-1.78286
-1.78316
-1.78386
-1.78496
-1.78648
-1.78844
-1.79086
-1.79376
-1.79719
-1.8012
-1.80585
-1.81118
-1.81722
-1.82399
-1.83152
-1.83989
-1.8492
-1.85956
-1.87109
-1.88393
-1.89825
-1.91422
-1.93196
-1.9516
-1.97329
-1.99721
-2.0235
-2.05232
-2.0838
-2.11809
-2.1554
-2.19588
-2.23967
-2.28689
-2.33764
-2.39193
-2.44964
-2.51049
-2.57403
-2.63966
-1.89163
-1.89032
-1.8891
-1.88801
-1.88732
-1.88706
-1.88724
-1.88786
-1.8889
-1.89037
-1.8923
-1.89469
-1.89758
-1.901
-1.90498
-1.90958
-1.91487
-1.92088
-1.92762
-1.93512
-1.94343
-1.95263
-1.96282
-1.9741
-1.98659
-2.00043
-2.01582
-2.0329
-2.05182
-2.0727
-2.09572
-2.12104
-2.14881
-2.17917
-2.21225
-2.24822
-2.28725
-2.32952
-2.37516
-2.42427
-2.47696
-2.53322
-2.59288
-2.65562
-2.72095
-2.78817
-1.99458
-1.99339
-1.99231
-1.99141
-1.99094
-1.99093
-1.99138
-1.9923
-1.99367
-1.99551
-1.99783
-2.00065
-2.00399
-2.0079
-2.01242
-2.0176
-2.0235
-2.03014
-2.03753
-2.04572
-2.05476
-2.06474
-2.07576
-2.0879
-2.1013
-2.11611
-2.13253
-2.15071
-2.17078
-2.19288
-2.21719
-2.24387
-2.27307
-2.30489
-2.33948
-2.37701
-2.41766
-2.46158
-2.5089
-2.55975
-2.6142
-2.67221
-2.73359
-2.79797
-2.8648
-2.93328
-2.09727
-2.0962
-2.09526
-2.09455
-2.09428
-2.09452
-2.09524
-2.09645
-2.09815
-2.10034
-2.10303
-2.10625
-2.11004
-2.11442
-2.11946
-2.1252
-2.13167
-2.1389
-2.1469
-2.15572
-2.16544
-2.17615
-2.18793
-2.20087
-2.21513
-2.23088
-2.2483
-2.26754
-2.28872
-2.312
-2.33756
-2.36554
-2.39607
-2.42926
-2.46525
-2.50422
-2.54635
-2.59176
-2.6406
-2.69301
-2.74904
-2.8086
-2.87147
-2.93725
-3.0053
-3.07472
-2.19966
-2.19872
-2.19791
-2.19738
-2.19734
-2.1978
-2.19879
-2.20028
-2.20228
-2.20481
-2.20786
-2.21146
-2.21567
-2.22052
-2.22605
-2.23231
-2.23932
-2.24709
-2.25565
-2.26505
-2.27539
-2.28676
-2.29923
-2.31293
-2.32801
-2.34466
-2.36303
-2.38328
-2.40553
-2.42993
-2.45666
-2.48586
-2.51761
-2.55205
-2.58933
-2.62961
-2.67306
-2.7198
-2.77001
-2.82382
-2.88123
-2.94214
-3.00628
-3.07321
-3.14222
-3.21232
-2.30173
-2.30091
-2.30024
-2.2999
-2.30006
-2.30076
-2.30199
-2.30374
-2.30604
-2.30887
-2.31226
-2.31624
-2.32085
-2.32614
-2.33214
-2.33888
-2.34638
-2.35464
-2.3637
-2.37363
-2.38453
-2.3965
-2.40962
-2.42402
-2.43988
-2.45737
-2.47666
-2.49785
-2.52109
-2.54653
-2.57434
-2.60462
-2.63748
-2.67305
-2.71149
-2.75294
-2.79756
-2.84551
-2.89694
-2.95197
-3.01059
-3.07264
-3.13784
-3.2057
-3.27544
-3.346
-2.40344
-2.40277
-2.40223
-2.40207
-2.40243
-2.40334
-2.40479
-2.4068
-2.40936
-2.41249
-2.4162
-2.42053
-2.42553
-2.43122
-2.43765
-2.44484
-2.45277
-2.46147
-2.47098
-2.48139
-2.49281
-2.50532
-2.51904
-2.5341
-2.55069
-2.56897
-2.58909
-2.61114
-2.63528
-2.66166
-2.69042
-2.72167
-2.75551
-2.79209
-2.83155
-2.87404
-2.9197
-2.9687
-3.02121
-3.07731
-3.13694
-3.19993
-3.266
-3.3346
-3.4049
-3.47582
-2.50478
-2.50425
-2.50385
-2.50387
-2.50441
-2.50552
-2.50719
-2.50942
-2.51224
-2.51564
-2.51966
-2.52431
-2.52966
-2.53572
-2.54254
-2.55011
-2.55844
-2.56753
-2.57745
-2.58829
-2.60017
-2.61318
-2.62745
-2.64312
-2.66038
-2.67938
-2.70024
-2.72307
-2.74801
-2.7752
-2.80478
-2.83687
-2.87157
-2.90904
-2.9494
-2.99278
-3.03934
-3.08926
-3.1427
-3.19968
-3.26013
-3.32389
-3.39064
-3.45983
-3.53059
-3.60184
-2.60573
-2.60535
-2.60507
-2.60526
-2.60598
-2.60727
-2.60913
-2.61158
-2.61463
-2.6183
-2.62259
-2.62754
-2.63319
-2.63959
-2.64674
-2.65466
-2.66332
-2.67276
-2.68305
-2.69429
-2.70659
-2.72006
-2.73482
-2.75105
-2.76891
-2.78854
-2.81005
-2.83354
-2.85916
-2.88705
-2.91734
-2.95014
-2.98559
-3.02381
-3.06492
-3.10906
-3.15638
-3.20707
-3.26125
-3.31893
-3.38003
-3.44439
-3.51169
-3.58136
-3.65254
-3.72418
-2.70625
-2.70602
-2.70587
-2.70622
-2.7071
-2.70856
-2.71061
-2.71326
-2.71653
-2.72043
-2.72497
-2.73018
-2.7361
-2.74278
-2.75022
-2.75842
-2.76738
-2.77714
-2.78776
-2.79936
-2.81204
-2.82592
-2.84113
-2.85784
-2.87622
-2.89638
-2.91843
-2.94248
-2.96866
-2.99713
-3.02801
-3.06142
-3.09749
-3.13634
-3.17806
-3.2228
-3.27072
-3.32201
-3.37675
-3.43494
-3.49652
-3.56134
-3.62907
-3.69914
-3.77076
-3.84289
-2.80634
-2.80624
-2.80621
-2.80671
-2.80776
-2.80938
-2.8116
-2.81443
-2.8179
-2.82201
-2.82676
-2.83219
-2.83834
-2.84525
-2.85293
-2.86138
-2.87059
-2.88062
-2.89155
-2.90346
-2.91648
-2.93072
-2.94631
-2.96344
-2.98224
-3.00283
-3.02531
-3.04981
-3.07646
-3.1054
-3.13676
-3.17067
-3.20723
-3.24655
-3.28872
-3.33389
-3.38224
-3.43394
-3.48905
-3.54759
-3.60951
-3.67467
-3.74273
-3.81318
-3.88527
-3.95801
-2.90596
-2.906
-2.90609
-2.90674
-2.90793
-2.90971
-2.91208
-2.91509
-2.91873
-2.92302
-2.92795
-2.93356
-2.93989
-2.94699
-2.95486
-2.96351
-2.97294
-2.98321
-2.99439
-3.00658
-3.01989
-3.03442
-3.05033
-3.06778
-3.08691
-3.10783
-3.13065
-3.15549
-3.18251
-3.21182
-3.24355
-3.27781
-3.31471
-3.35434
-3.39679
-3.44222
-3.49083
-3.54276
-3.59808
-3.65681
-3.71894
-3.78431
-3.85263
-3.92343
-3.99605
-4.06955
-3.00512
-3.00529
-3.00549
-3.00628
-3.00761
-3.00953
-3.01205
-3.0152
-3.019
-3.02343
-3.0285
-3.03425
-3.04073
-3.04797
-3.05599
-3.06479
-3.0744
-3.08486
-3.09625
-3.10867
-3.1222
-3.13696
-3.15311
-3.17081
-3.19018
-3.21134
-3.2344
-3.25951
-3.2868
-3.31637
-3.34833
-3.38278
-3.41985
-3.4596
-3.50217
-3.5477
-3.5964
-3.64839
-3.70376
-3.76255
-3.82474
-3.89022
-3.9587
-4.02984
-4.10303
-4.1774
-3.10379
-3.10409
-3.1044
-3.10531
-3.10678
-3.10883
-3.11148
-3.11477
-3.11869
-3.12324
-3.12841
-3.13426
-3.14083
-3.14816
-3.15629
-3.16521
-3.17494
-3.18555
-3.1971
-3.20968
-3.22336
-3.23829
-3.2546
-3.27246
-3.29199
-3.31331
-3.33654
-3.36182
-3.38926
-3.41896
-3.451
-3.48549
-3.52255
-3.56228
-3.60479
-3.65027
-3.69889
-3.7508
-3.80607
-3.86476
-3.92687
-3.99232
-4.06089
-4.13231
-4.20608
-4.28138
-3.20198
-3.2024
-3.2028
-3.20384
-3.20543
-3.2076
-3.21037
-3.21376
-3.21778
-3.22241
-3.22765
-3.23355
-3.24018
-3.24757
-3.25575
-3.26473
-3.27454
-3.28524
-3.29689
-3.30956
-3.32333
-3.33835
-3.35475
-3.3727
-3.39231
-3.4137
-3.43701
-3.46236
-3.48984
-3.51952
-3.55149
-3.58587
-3.62277
-3.66231
-3.70463
-3.74991
-3.79832
-3.84998
-3.90498
-3.9634
-4.02527
-4.09054
-4.15909
-4.23072
-4.30502
-4.38125
-3.29968
-3.3002
-3.3007
-3.30185
-3.30355
-3.30582
-3.30869
-3.31217
-3.31626
-3.32093
-3.3262
-3.33213
-3.33877
-3.34617
-3.35436
-3.36336
-3.37319
-3.38392
-3.3956
-3.4083
-3.4221
-3.43714
-3.45357
-3.47153
-3.49113
-3.51251
-3.53578
-3.56108
-3.58845
-3.61798
-3.64974
-3.68387
-3.72049
-3.75972
-3.80171
-3.84665
-3.89467
-3.9459
-4.00045
-4.05843
-4.11988
-4.18482
-4.25321
-4.32495
-4.3997
-4.47678
-3.39689
-3.3975
-3.39808
-3.39933
-3.40112
-3.40348
-3.40643
-3.40997
-3.41409
-3.41878
-3.42405
-3.42996
-3.43658
-3.44396
-3.45212
-3.46108
-3.47089
-3.48158
-3.49323
-3.50589
-3.51966
-3.53468
-3.55107
-3.56896
-3.58847
-3.60971
-3.63284
-3.65795
-3.68509
-3.71433
-3.74577
-3.77953
-3.81574
-3.85452
-3.89604
-3.94047
-3.98794
-4.03856
-4.09247
-4.14981
-4.21067
-4.27512
-4.34321
-4.41491
-4.48997
-4.56779
-3.4936
-3.49428
-3.49494
-3.49628
-3.49814
-3.50057
-3.50356
-3.50713
-3.51126
-3.51593
-3.52118
-3.52706
-3.53363
-3.54094
-3.54902
-3.5579
-3.56762
-3.57823
-3.58979
-3.60237
-3.61606
-3.63099
-3.64727
-3.665
-3.6843
-3.70532
-3.72819
-3.75298
-3.77976
-3.8086
-3.83959
-3.87286
-3.90852
-3.94671
-3.98762
-4.03138
-4.07812
-4.12794
-4.18104
-4.23756
-4.29765
-4.36143
-4.42903
-4.50051
-4.57568
-4.65407
-3.58979
-3.59054
-3.59126
-3.59267
-3.59459
-3.59706
-3.60008
-3.60365
-3.60776
-3.6124
-3.6176
-3.62341
-3.6299
-3.63711
-3.64507
-3.65382
-3.66341
-3.67389
-3.68531
-3.69776
-3.71132
-3.72609
-3.74216
-3.75964
-3.77864
-3.79933
-3.82182
-3.84619
-3.8725
-3.90082
-3.93124
-3.96388
-3.99885
-4.03632
-4.07645
-4.11938
-4.16521
-4.21408
-4.26618
-4.32171
-4.38083
-4.44375
-4.51066
-4.58166
-4.65667
-4.73535
-3.68547
-3.68627
-3.68703
-3.6885
-3.69045
-3.69295
-3.69598
-3.69953
-3.7036
-3.70819
-3.71331
-3.71903
-3.7254
-3.73246
-3.74027
-3.74886
-3.75828
-3.76859
-3.77984
-3.7921
-3.80545
-3.81997
-3.83574
-3.85286
-3.87148
-3.89175
-3.91377
-3.93761
-3.96333
-3.99101
-4.02073
-4.05261
-4.08676
-4.12337
-4.16258
-4.20452
-4.24929
-4.29704
-4.34797
-4.4023
-4.46026
-4.52209
-4.58803
-4.65824
-4.73274
-4.81132
-3.78063
-3.78145
-3.78225
-3.78376
-3.78574
-3.78824
-3.79125
-3.79477
-3.79879
-3.80329
-3.80831
-3.8139
-3.82012
-3.82701
-3.83464
-3.84305
-3.85229
-3.86239
-3.87341
-3.88541
-3.89846
-3.91264
-3.92801
-3.94471
-3.96287
-3.98262
-4.00407
-4.02727
-4.0523
-4.07922
-4.10812
-4.13911
-4.17232
-4.20793
-4.24609
-4.28689
-4.33044
-4.37688
-4.42645
-4.47939
-4.53595
-4.59642
-4.66107
-4.73013
-4.80371
-4.88173
-3.87526
-3.87612
-3.87688
-3.87846
-3.88045
-3.88294
-3.88593
-3.88939
-3.89332
-3.89772
-3.90261
-3.90804
-3.91408
-3.9208
-3.92824
-3.93645
-3.94545
-3.9553
-3.96602
-3.97769
-3.99037
-4.00411
-4.01902
-4.03522
-4.05285
-4.07201
-4.09279
-4.11526
-4.13948
-4.16553
-4.19349
-4.22348
-4.25563
-4.29012
-4.32707
-4.36658
-4.40874
-4.4537
-4.5017
-4.55302
-4.60794
-4.66675
-4.72978
-4.79731
-4.86953
-4.94649
-3.96937
-3.97032
-3.97091
-3.9726
-3.9746
-3.97707
-3.98001
-3.98339
-3.98722
-3.99148
-3.99622
-4.00148
-4.00734
-4.01387
-4.0211
-4.02907
-4.0378
-4.04732
-4.05769
-4.06895
-4.08117
-4.09442
-4.10881
-4.12445
-4.14147
-4.15996
-4.18
-4.20165
-4.22496
-4.25003
-4.27695
-4.30582
-4.3368
-4.37002
-4.40562
-4.44368
-4.48428
-4.52758
-4.57381
-4.62327
-4.67628
-4.73315
-4.79422
-4.85982
-4.93021
-5.00558
-4.06288
-4.06389
-4.06459
-4.06622
-4.06821
-4.07064
-4.0735
-4.07679
-4.08048
-4.0846
-4.08917
-4.09426
-4.09994
-4.10625
-4.11324
-4.12093
-4.12932
-4.13846
-4.14841
-4.1592
-4.17091
-4.18361
-4.19742
-4.21245
-4.22879
-4.24654
-4.26577
-4.28651
-4.30883
-4.33283
-4.3586
-4.38626
-4.41594
-4.44777
-4.48187
-4.51832
-4.55718
-4.59861
-4.64287
-4.69027
-4.74112
-4.79575
-4.85452
-4.91779
-4.98584
-5.05898
-4.15594
-4.15693
-4.15772
-4.15933
-4.1613
-4.16367
-4.16644
-4.1696
-4.17316
-4.17712
-4.18152
-4.18642
-4.19189
-4.19796
-4.20466
-4.212
-4.22001
-4.22873
-4.23821
-4.24849
-4.25965
-4.27176
-4.28494
-4.29928
-4.31488
-4.33183
-4.35016
-4.36992
-4.39117
-4.41401
-4.43856
-4.46492
-4.4932
-4.52351
-4.55596
-4.59063
-4.62758
-4.66698
-4.70908
-4.75421
-4.80266
-4.85478
-4.9109
-4.97138
-5.03656
-5.10677
-4.24852
-4.2495
-4.25034
-4.25193
-4.25386
-4.25616
-4.25882
-4.26186
-4.26527
-4.26907
-4.27329
-4.27798
-4.28321
-4.28899
-4.29536
-4.30231
-4.3099
-4.31816
-4.32714
-4.33688
-4.34745
-4.35893
-4.37143
-4.38503
-4.39982
-4.41588
-4.43326
-4.45197
-4.47209
-4.49371
-4.51696
-4.54193
-4.5687
-4.59737
-4.62804
-4.66078
-4.69567
-4.73288
-4.77267
-4.81533
-4.86116
-4.91048
-4.9636
-5.02087
-5.08264
-5.14928
-4.34063
-4.34161
-4.34246
-4.34404
-4.34593
-4.34814
-4.3507
-4.3536
-4.35686
-4.36048
-4.3645
-4.36896
-4.3739
-4.37935
-4.38534
-4.39189
-4.39903
-4.4068
-4.41525
-4.42442
-4.43436
-4.44518
-4.45694
-4.46975
-4.48368
-4.49881
-4.51518
-4.53279
-4.55171
-4.57205
-4.59393
-4.61741
-4.64257
-4.66948
-4.69825
-4.72894
-4.76165
-4.79654
-4.83386
-4.87386
-4.91685
-4.96311
-5.01291
-5.06661
-5.12452
-5.18705
-4.43228
-4.43327
-4.43413
-4.43569
-4.43752
-4.43965
-4.44209
-4.44486
-4.44795
-4.45138
-4.45516
-4.45935
-4.46398
-4.46909
-4.47468
-4.48078
-4.48745
-4.4947
-4.50258
-4.51115
-4.52045
-4.53056
-4.54156
-4.55352
-4.56655
-4.58072
-4.59604
-4.6125
-4.63017
-4.64916
-4.66958
-4.69148
-4.71492
-4.73998
-4.76675
-4.79529
-4.82572
-4.85818
-4.89287
-4.93006
-4.97001
-5.01297
-5.05921
-5.10903
-5.16274
-5.22073
-4.5235
-4.52449
-4.52535
-4.52689
-4.52867
-4.53072
-4.53304
-4.53565
-4.53856
-4.54178
-4.54531
-4.54922
-4.55352
-4.55825
-4.56341
-4.56905
-4.5752
-4.58191
-4.58921
-4.59716
-4.60579
-4.61518
-4.62538
-4.63647
-4.64857
-4.66173
-4.67594
-4.69121
-4.70757
-4.72514
-4.74402
-4.76426
-4.7859
-4.80903
-4.83371
-4.86003
-4.88808
-4.918
-4.94996
-4.9842
-5.02096
-5.06046
-5.10294
-5.14866
-5.19789
-5.25101
-4.6143
-4.61529
-4.61615
-4.61767
-4.6194
-4.62135
-4.62355
-4.626
-4.62872
-4.63171
-4.635
-4.63861
-4.64257
-4.64689
-4.6516
-4.65675
-4.66238
-4.66853
-4.67524
-4.68255
-4.69051
-4.69914
-4.70851
-4.7187
-4.72982
-4.74192
-4.75498
-4.76898
-4.78397
-4.80007
-4.81736
-4.83588
-4.85567
-4.87678
-4.8993
-4.92332
-4.94893
-4.97623
-5.00539
-5.03659
-5.07005
-5.10597
-5.14455
-5.18602
-5.23057
-5.27856
-4.70469
-4.70568
-4.70653
-4.70804
-4.70971
-4.71157
-4.71364
-4.71594
-4.71847
-4.72124
-4.72426
-4.72756
-4.73115
-4.73505
-4.7393
-4.74395
-4.74905
-4.75464
-4.76075
-4.76741
-4.77466
-4.78252
-4.79104
-4.8003
-4.81041
-4.8214
-4.83325
-4.84593
-4.85952
-4.8741
-4.88974
-4.90649
-4.92435
-4.94338
-4.96368
-4.98534
-5.00845
-5.03309
-5.05939
-5.0875
-5.1176
-5.14987
-5.18446
-5.22156
-5.26134
-5.30409
-4.79469
-4.79568
-4.79652
-4.79802
-4.79964
-4.80141
-4.80336
-4.8055
-4.80784
-4.81038
-4.81312
-4.81609
-4.81929
-4.82277
-4.82657
-4.83074
-4.83532
-4.84033
-4.84581
-4.85179
-4.8583
-4.86537
-4.87302
-4.88134
-4.89041
-4.90026
-4.91086
-4.92221
-4.93434
-4.94735
-4.96129
-4.97619
-4.99208
-5.00899
-5.02702
-5.04629
-5.06685
-5.0888
-5.1122
-5.13719
-5.16389
-5.19247
-5.22305
-5.25578
-5.29079
-5.32835
-4.88434
-4.8853
-4.88614
-4.88765
-4.88922
-4.89092
-4.89276
-4.89474
-4.89688
-4.89917
-4.90161
-4.90423
-4.90706
-4.91014
-4.9135
-4.91719
-4.92123
-4.92564
-4.93046
-4.93575
-4.94151
-4.94777
-4.95455
-4.96191
-4.96993
-4.97863
-4.98796
-4.99793
-5.00856
-5.01994
-5.03212
-5.04514
-5.05901
-5.07379
-5.08955
-5.10639
-5.12438
-5.14358
-5.16406
-5.18589
-5.2092
-5.23409
-5.26069
-5.28911
-5.31946
-5.35193
-4.97366
-4.97455
-4.97541
-4.97697
-4.97852
-4.98015
-4.98188
-4.9837
-4.98562
-4.98764
-4.98979
-4.99208
-4.99455
-4.99724
-5.00016
-5.00334
-5.00682
-5.01062
-5.01479
-5.01938
-5.02439
-5.02984
-5.03573
-5.04212
-5.04908
-5.05659
-5.06463
-5.07318
-5.08227
-5.09198
-5.10236
-5.11347
-5.12532
-5.13796
-5.15144
-5.16584
-5.18123
-5.19767
-5.2152
-5.23387
-5.25378
-5.27504
-5.29773
-5.32194
-5.34774
-5.37527
-5.06258
-5.06351
-5.06434
-5.06602
-5.06755
-5.06913
-5.07075
-5.0724
-5.07411
-5.07588
-5.07774
-5.07972
-5.08183
-5.08411
-5.08656
-5.08924
-5.09216
-5.09536
-5.0989
-5.10278
-5.10703
-5.11165
-5.11664
-5.12206
-5.12793
-5.13424
-5.14096
-5.14808
-5.15561
-5.16362
-5.1722
-5.18138
-5.1912
-5.20169
-5.21288
-5.22484
-5.23763
-5.25129
-5.26585
-5.28137
-5.29791
-5.31557
-5.33443
-5.35455
-5.37595
-5.39871
-5.15104
-5.15219
-5.15294
-5.15483
-5.15635
-5.15787
-5.15938
-5.16088
-5.16239
-5.16392
-5.16551
-5.16718
-5.16893
-5.17078
-5.17277
-5.17494
-5.17732
-5.17994
-5.18283
-5.18601
-5.18949
-5.19327
-5.19737
-5.2018
-5.20658
-5.21168
-5.21708
-5.22275
-5.22871
-5.23504
-5.24181
-5.24906
-5.25684
-5.26518
-5.27409
-5.2836
-5.29377
-5.30464
-5.31624
-5.32861
-5.34181
-5.35593
-5.37104
-5.38719
-5.40435
-5.42258
-5.23899
-5.24067
-5.24122
-5.24347
-5.24496
-5.24643
-5.24784
-5.24919
-5.2505
-5.25181
-5.25313
-5.25447
-5.25585
-5.2573
-5.25884
-5.26052
-5.26236
-5.26439
-5.26663
-5.26911
-5.27182
-5.27479
-5.278
-5.28146
-5.28514
-5.28902
-5.29308
-5.29731
-5.30173
-5.30641
-5.31139
-5.31674
-5.32249
-5.32868
-5.3353
-5.34235
-5.3499
-5.35797
-5.3666
-5.37584
-5.38574
-5.39639
-5.40785
-5.42015
-5.43328
-5.44726
-5.32651
-5.32906
-5.32919
-5.33202
-5.33345
-5.33486
-5.33616
-5.33736
-5.33849
-5.33956
-5.3406
-5.34163
-5.34266
-5.34372
-5.34482
-5.346
-5.34731
-5.34876
-5.35037
-5.35215
-5.35413
-5.35629
-5.35862
-5.3611
-5.36369
-5.36636
-5.36909
-5.37189
-5.37481
-5.37787
-5.38112
-5.38459
-5.38835
-5.39241
-5.39675
-5.40135
-5.40626
-5.41154
-5.41722
-5.42336
-5.43002
-5.43727
-5.44517
-5.45376
-5.46303
-5.47298
-5.41361
-5.4176
-5.41675
-5.42057
-5.42188
-5.42323
-5.42443
-5.42547
-5.42639
-5.42723
-5.42799
-5.42871
-5.4294
-5.43007
-5.43073
-5.43144
-5.43223
-5.43312
-5.43412
-5.43523
-5.43647
-5.43784
-5.4393
-5.4408
-5.4423
-5.44377
-5.44522
-5.44665
-5.44811
-5.4496
-5.45116
-5.45282
-5.45462
-5.45659
-5.45866
-5.46083
-5.46314
-5.46564
-5.4684
-5.47149
-5.47496
-5.47888
-5.48331
-5.4883
-5.49385
-5.49995
-5.49945
-5.50681
-5.50389
-5.50927
-5.51037
-5.51162
-5.5127
-5.51357
-5.51428
-5.51486
-5.51534
-5.51576
-5.5161
-5.51639
-5.51663
-5.51688
-5.51718
-5.51753
-5.51793
-5.51838
-5.51891
-5.51949
-5.52007
-5.52061
-5.52106
-5.5214
-5.52162
-5.52174
-5.52179
-5.52177
-5.52169
-5.52159
-5.52149
-5.5214
-5.52126
-5.52106
-5.52083
-5.52062
-5.52053
-5.52061
-5.52093
-5.52157
-5.5226
-5.52409
-5.52606
-5.52848
-5.58187
-5.59757
-5.59092
-5.59835
-5.59908
-5.60014
-5.60106
-5.60173
-5.60219
-5.60249
-5.60268
-5.60278
-5.6028
-5.60271
-5.60254
-5.60234
-5.60216
-5.60199
-5.60183
-5.60167
-5.60149
-5.60129
-5.60101
-5.60063
-5.60008
-5.59934
-5.5984
-5.59728
-5.596
-5.59455
-5.59291
-5.5911
-5.58916
-5.58707
-5.58479
-5.58231
-5.57965
-5.57685
-5.57398
-5.57112
-5.56835
-5.56578
-5.5635
-5.5616
-5.5601
-5.55901
-5.66032
-5.69009
-5.67836
-5.68797
-5.68819
-5.68892
-5.68958
-5.68998
-5.69015
-5.69015
-5.69004
-5.68983
-5.68951
-5.68905
-5.68848
-5.68785
-5.68722
-5.68657
-5.68588
-5.68512
-5.68427
-5.68331
-5.6822
-5.68093
-5.67944
-5.67769
-5.67567
-5.6734
-5.67087
-5.66805
-5.66492
-5.6615
-5.6578
-5.65381
-5.64951
-5.64488
-5.63992
-5.63465
-5.62913
-5.62344
-5.6177
-5.61202
-5.60655
-5.60138
-5.59655
-5.59209
-5.73911
-5.78471
-5.76615
-5.77796
-5.77778
-5.77806
-5.77835
-5.7784
-5.77822
-5.77789
-5.77744
-5.77691
-5.77624
-5.77543
-5.77448
-5.77347
-5.77242
-5.77131
-5.77011
-5.76877
-5.76728
-5.7656
-5.76372
-5.76161
-5.75923
-5.75655
-5.75353
-5.75018
-5.74647
-5.74238
-5.73787
-5.73294
-5.7276
-5.72185
-5.71568
-5.70905
-5.70194
-5.69436
-5.68636
-5.67803
-5.6695
-5.66091
-5.65241
-5.64413
-5.63612
-5.62843
-5.81899
-5.89152
-5.85689
-5.8688
-5.86818
-5.8677
-5.86738
-5.86693
-5.86632
-5.86559
-5.8648
-5.86392
-5.86292
-5.86178
-5.8605
-5.85913
-5.85768
-5.85613
-5.85444
-5.85257
-5.85049
-5.84816
-5.84556
-5.84269
-5.83951
-5.83596
-5.83202
-5.82768
-5.8229
-5.81764
-5.81186
-5.80557
-5.79876
-5.79144
-5.78357
-5.77512
-5.76606
-5.75641
-5.74619
-5.73552
-5.7245
-5.71329
-5.70204
-5.69089
-5.67996
-5.66929
-5.86341
-6.04702
-5.96468
-5.96385
-5.96046
-5.95828
-5.95682
-5.9556
-5.95445
-5.9533
-5.95214
-5.95092
-5.94961
-5.94817
-5.9466
-5.9449
-5.94307
-5.9411
-5.93895
-5.93658
-5.93396
-5.93104
-5.92782
-5.92426
-5.92034
-5.916
-5.91124
-5.906
-5.90024
-5.89393
-5.88704
-5.87955
-5.87146
-5.86274
-5.85338
-5.84332
-5.83258
-5.82114
-5.80906
-5.79641
-5.7833
-5.76988
-5.75629
-5.74271
-5.7293
-5.71626
-5.81645
-6.25888
-6.09637
-6.06625
-6.05628
-6.05137
-6.04837
-6.04625
-6.04451
-6.04293
-6.04139
-6.03983
-6.0382
-6.03646
-6.03459
-6.03256
-6.03036
-6.02796
-6.02534
-6.02246
-6.01929
-6.0158
-6.01195
-6.00772
-6.00308
-5.99797
-5.99237
-5.98625
-5.97955
-5.97224
-5.96429
-5.95567
-5.94636
-5.93633
-5.92556
-5.91403
-5.90174
-5.88869
-5.87494
-5.86054
-5.84559
-5.83021
-5.81457
-5.79885
-5.78324
-5.76785
500.531
655.004
784.986
868.994
966.082
1052.87
1074.2
1092.02
737.334
765.589
791.801
819.055
867.624
948.569
1030.5
1057.51
704.249
717.033
736.32
762.471
794.906
832.464
868.033
893.362
607.497
626.119
648.351
671.941
695.855
719.974
743.407
764.764
509.605
527.711
546.961
566.688
586.545
606.347
625.686
643.836
406.778
422.882
439.38
456.124
472.935
489.642
506.033
521.782
300.619
315.111
329.572
343.936
358.132
372.182
386.159
400.024
193.33
206.934
219.8
232.036
243.548
254.621
266.02
278.369
84.1021
96.2382
108.302
119.047
126.851
132.243
139.017
151.346
0.0511535
2.26762
10.532
19.0542
17.6753
6.64835
-0.702372
15.0097
-1.65952
-1.50241
0.8745
9.83123
7.03866
-1.0496
-1.02021
-2.30473
0.614757
0.567559
0.760531
1.11528
0.847608
0.170443
0.154293
0.257659
1.02349
1.02076
1.03665
1.04811
1.03323
0.983099
0.918454
1.03169
0.757877
0.731468
0.719547
0.705483
0.680209
0.648678
0.631349
0.661484
0.688323
0.672724
0.659835
0.647033
0.632278
0.617632
0.608026
0.605772
0.574912
0.558088
0.543281
0.529668
0.516993
0.506116
0.498426
0.494349
0.464389
0.449906
0.436588
0.423974
0.412165
0.401619
0.392763
0.385417
0.350614
0.33713
0.324567
0.312477
0.300977
0.290396
0.280922
0.272182
0.233866
0.220915
0.208705
0.1968
0.185333
0.174622
0.164777
0.155307
0.113717
0.101017
0.0889142
0.0769639
0.0653202
0.0543118
0.0440415
0.0339877
-0.0101449
-0.0229532
-0.035202
-0.0473339
-0.0592233
-0.0705843
-0.0813449
-0.0920182
-0.137536
-0.150682
-0.163352
-0.175945
-0.188344
-0.200276
-0.211661
-0.222982
-0.268568
-0.282123
-0.295276
-0.308447
-0.32154
-0.334281
-0.346535
-0.358699
-0.403379
-0.417657
-0.431525
-0.445407
-0.459253
-0.47281
-0.485959
-0.499038
-0.541488
-0.55664
-0.5715
-0.586422
-0.601309
-0.615874
-0.629969
-0.643924
-0.683045
-0.699087
-0.714912
-0.730848
-0.746781
-0.762452
-0.777721
-0.792879
-0.827689
-0.845
-0.862106
-0.879224
-0.896261
-0.913005
-0.929392
-0.94574
-0.974997
-0.993388
-1.01173
-1.03017
-1.04858
-1.06674
-1.08458
-1.10237
-1.12512
-1.14475
-1.16434
-1.18404
-1.20376
-1.22336
-1.24277
-1.26216
-1.27756
-1.29854
-1.31957
-1.34075
-1.36198
-1.38311
-1.40407
-1.42497
-1.4322
-1.45442
-1.47684
-1.4995
-1.52231
-1.54509
-1.56772
-1.59024
-1.58884
-1.61252
-1.63641
-1.66054
-1.68482
-1.70909
-1.73323
-1.7573
-1.74685
-1.77193
-1.79732
-1.82297
-1.84874
-1.87447
-1.90007
-1.9256
-1.90576
-1.93218
-1.95894
-1.98595
-2.01307
-2.04017
-2.06718
-2.09413
-2.06492
-2.09268
-2.12075
-2.149
-2.17732
-2.20561
-2.23384
-2.262
-2.2235
-2.25243
-2.28166
-2.31104
-2.34047
-2.36986
-2.39916
-2.4283
-2.38087
-2.41084
-2.44105
-2.47136
-2.50169
-2.53196
-2.56207
-2.59195
-2.53628
-2.56716
-2.59823
-2.62933
-2.66037
-2.69124
-2.72183
-2.75208
-2.689
-2.72062
-2.75236
-2.78405
-2.81556
-2.84677
-2.87756
-2.90789
-2.83856
-2.87076
-2.90295
-2.93497
-2.96666
-2.99792
-3.02866
-3.05884
-2.98445
-3.01705
-3.04949
-3.08161
-3.11326
-3.14437
-3.17488
-3.20477
-3.12637
-3.15916
-3.19165
-3.2237
-3.25518
-3.28604
-3.31625
-3.34577
-3.26425
-3.29711
-3.32954
-3.36142
-3.39266
-3.42323
-3.4531
-3.48219
-3.39808
-3.43097
-3.46334
-3.49506
-3.52608
-3.55637
-3.5859
-3.61454
-3.52802
-3.56095
-3.59328
-3.62491
-3.65577
-3.68586
-3.71514
-3.74342
-3.65419
-3.68719
-3.71955
-3.75118
-3.78202
-3.81208
-3.84129
-3.86943
-3.77671
-3.80986
-3.84236
-3.87413
-3.90515
-3.93538
-3.96476
-3.99305
-3.89571
-3.9291
-3.96189
-3.99401
-4.02542
-4.05606
-4.08588
-4.11462
-4.01126
-4.04503
-4.07831
-4.11099
-4.143
-4.17429
-4.20484
-4.23438
-4.12343
-4.15775
-4.1917
-4.22514
-4.25797
-4.29019
-4.32178
-4.35247
-4.23206
-4.26708
-4.30187
-4.33625
-4.37015
-4.40357
-4.43649
-4.46866
-4.33692
-4.37272
-4.40847
-4.44397
-4.47914
-4.51399
-4.54851
-4.58246
-4.43772
-4.47437
-4.51119
-4.54796
-4.58457
-4.62106
-4.65741
-4.69339
-4.53423
-4.57176
-4.60973
-4.64784
-4.68602
-4.72427
-4.76258
-4.80074
-4.62621
-4.66463
-4.70371
-4.74316
-4.78291
-4.82295
-4.86324
-4.90361
-4.71337
-4.75261
-4.79274
-4.83344
-4.87466
-4.91639
-4.95857
-5.00107
-4.79536
-4.83529
-4.87631
-4.9181
-4.96061
-5.00384
-5.04776
-5.09225
-4.87175
-4.91216
-4.95385
-4.9965
-5.04006
-5.08456
-5.13
-5.17629
-4.94219
-4.98282
-5.02491
-5.06812
-5.11244
-5.1579
-5.20454
-5.25229
-5.00659
-5.04713
-5.08924
-5.1326
-5.17723
-5.22321
-5.27058
-5.31934
-5.06483
-5.10488
-5.14657
-5.18958
-5.23399
-5.27992
-5.32746
-5.37661
-5.11678
-5.15591
-5.19669
-5.23884
-5.28245
-5.32773
-5.3748
-5.42359
-5.1625
-5.20025
-5.23966
-5.28045
-5.32274
-5.36675
-5.4126
-5.4602
-5.20235
-5.23835
-5.27597
-5.31493
-5.35535
-5.39742
-5.4413
-5.48682
-5.23698
-5.27084
-5.30626
-5.34296
-5.38099
-5.42054
-5.46175
-5.50441
-5.26712
-5.29852
-5.33135
-5.36534
-5.40054
-5.43711
-5.47511
-5.51431
-5.29348
-5.32217
-5.35209
-5.38303
-5.41507
-5.44833
-5.48279
-5.51816
-5.31687
-5.34266
-5.36952
-5.39727
-5.42597
-5.45572
-5.48644
-5.51778
-5.3382
-5.36111
-5.38491
-5.40943
-5.43467
-5.46073
-5.48758
-5.51483
-5.3583
-5.37838
-5.39915
-5.42041
-5.44219
-5.46456
-5.48751
-5.51079
-5.37777
-5.39503
-5.4128
-5.43087
-5.44929
-5.46813
-5.48741
-5.50694
-5.3971
-5.41158
-5.42641
-5.44147
-5.45674
-5.47233
-5.48824
-5.50435
-5.41665
-5.42851
-5.44061
-5.45288
-5.46529
-5.47791
-5.49077
-5.50378
-5.4369
-5.44634
-5.45597
-5.46568
-5.47547
-5.48538
-5.49545
-5.50566
-5.45822
-5.46544
-5.47278
-5.48013
-5.48751
-5.49495
-5.50251
-5.51023
-5.48079
-5.48592
-5.49114
-5.49634
-5.50156
-5.5068
-5.51213
-5.51763
-5.50479
-5.50797
-5.51123
-5.51451
-5.51778
-5.52105
-5.52436
-5.52784
-5.53053
-5.5319
-5.53335
-5.53482
-5.53627
-5.53769
-5.53911
-5.5407
-5.55844
-5.55812
-5.55782
-5.55751
-5.55716
-5.55676
-5.55636
-5.55613
-5.58905
-5.58707
-5.58506
-5.58298
-5.58087
-5.57869
-5.57647
-5.57439
-5.62302
-5.61948
-5.61585
-5.61215
-5.60835
-5.60443
-5.60035
-5.59641
-5.66161
-5.65661
-5.65158
-5.64649
-5.64128
-5.63587
-5.6303
-5.62506
-5.7073
-5.70151
-5.69569
-5.68984
-5.68388
-5.67771
-5.67124
-5.66426
-5.75661
-5.74927
-5.74181
-5.73405
-5.72573
-5.71645
-5.70595
-5.69475
1125.41
1127.45
1127.92
1128.03
1128.11
1128.36
1128.84
1129.31
1129.56
1129.72
1129.99
1130.27
1130.55
1130.85
1131.18
1131.57
1132.02
1132.42
1132.77
1133.12
1133.51
1133.89
1134.24
1134.59
1134.92
1135.24
1135.52
1135.79
1136.03
1136.25
1136.45
1136.63
1136.79
1136.94
1137.07
1137.21
1137.37
1137.51
1093.35
1099.66
1114.58
1125.9
1126.37
1125.83
1126.66
1128.16
1128.86
1129.23
1129.61
1129.95
1130.2
1130.5
1130.86
1131.39
1132.05
1132.49
1132.77
1133.08
1133.49
1133.88
1134.23
1134.58
1134.93
1135.25
1135.54
1135.81
1136.05
1136.26
1136.45
1136.62
1136.76
1136.9
1137.03
1137.17
1137.36
1137.54
925.51
957.566
1010.86
1072.87
1074.17
1077.82
1086.32
1100.66
1109.25
1109.83
1111.67
1115.88
1120.78
1123.63
1125.58
1127.94
1130.42
1131.87
1132.39
1132.86
1133.51
1133.93
1134.25
1134.6
1134.95
1135.26
1135.56
1135.83
1136.06
1136.27
1136.44
1136.59
1136.71
1136.82
1136.93
1137.08
1137.31
1137.54
795.034
830.178
866.286
892.5
919.598
937.632
956.883
981.607
997.984
1004.43
1013.06
1027.82
1045.9
1059.72
1070.92
1083.95
1098.76
1111.58
1120.14
1126.34
1131.06
1133.36
1134.09
1134.64
1134.99
1135.3
1135.6
1135.86
1136.07
1136.26
1136.41
1136.53
1136.62
1136.69
1136.77
1136.91
1137.18
1137.49
670.952
703.335
733.316
759.694
782.733
801.738
819.913
838.4
853.378
864.671
876.346
890.492
907.027
923.038
939.057
957.964
981.227
1008.12
1036.99
1065.79
1093.04
1114.07
1126.17
1132.79
1134.8
1135.34
1135.64
1135.9
1136.08
1136.23
1136.36
1136.44
1136.47
1136.47
1136.49
1136.62
1136.93
1137.33
546.349
576.387
603.569
627.816
648.957
667.404
684.445
700.662
715.046
727.666
740.194
753.816
768.731
784.362
801.159
820.426
843.001
868.931
898.217
931.71
970.238
1013.67
1059.21
1098.68
1122.66
1132.98
1135.63
1135.87
1136.03
1136.2
1136.29
1136.31
1136.24
1136.14
1136.06
1136.13
1136.49
1137.01
422.476
450.451
475.212
497.187
516.793
534.324
550.149
564.723
578.156
590.812
603.402
616.445
630.306
645.277
661.992
681.305
703.747
729.525
758.946
792.628
831.154
874.744
923.657
979.125
1039.87
1094.32
1124.83
1134.79
1135.96
1136.14
1136.24
1136.15
1135.92
1135.64
1135.4
1135.35
1135.75
1136.41
299.765
326.145
348.193
367.742
385.972
402.658
417.15
429.996
442.202
454.418
466.647
478.711
491.143
504.881
520.859
539.777
561.863
587.269
616.496
650.285
689.247
733.7
783.881
840.256
902.718
971.901
1046.44
1107.88
1131.84
1135.87
1136.1
1136.04
1135.51
1134.93
1134.4
1134.15
1134.55
1135.38
177.328
203.475
221.644
238.035
255.345
271.935
284.935
295.468
306.089
317.911
329.856
340.514
350.805
362.615
377.372
395.71
417.286
441.953
470.465
503.908
543.059
588.288
639.776
697.879
762.685
834.253
912.574
998.269
1082.97
1127.55
1135.46
1135.67
1135.08
1133.99
1132.95
1132.3
1132.63
1133.66
60.8532
88.0543
98.4882
109.077
125.526
143.415
154.072
160.353
168.318
180.268
192.684
201.091
207.569
216.034
228.941
247.005
268.378
292.118
319.529
352.439
391.811
437.874
490.527
550.339
617.796
692.684
774.807
864.242
961.28
1061.96
1124.62
1134.56
1134.57
1133.03
1130.97
1129.53
1129.6
1130.86
8.67921
14.7508
11.6731
12.0271
21.3948
36.4296
41.5388
40.7272
43.4233
53.6124
65.3693
69.4673
69.4822
71.8937
80.3429
96.3327
115.79
136.27
160.547
191.969
231.751
279.677
334.447
396.579
467.107
545.551
632.141
726.626
828.613
938.661
1053.79
1123.61
1132.58
1132.22
1128.7
1125.48
1124.92
1126.37
0.642993
0.568032
0.313672
0.351199
1.27832
3.80686
4.10804
3.25216
3.41142
5.28761
7.97201
8.2936
7.52536
7.4209
8.56617
11.5566
15.5341
19.3162
26.5611
42.6996
70.7775
112.931
166.33
231.612
308.075
391.67
483.433
583.683
692.119
808.279
932.911
1059.12
1119.36
1127.96
1125.37
1119.63
1117.76
1119.28
1.1267
1.00414
0.868837
0.870979
0.801542
0.666682
0.647918
0.65514
0.724111
0.823994
0.919279
1.02308
1.13092
1.25305
1.39064
1.53098
1.69964
1.85478
2.38097
3.85203
6.90523
13.1265
24.333
63.5377
136.637
225.628
326.384
434.411
550.23
674.213
806.031
947.762
1078.7
1115.06
1118.56
1110.99
1107.04
1108.24
0.740475
0.756907
0.736345
0.770942
0.808192
0.798344
0.809261
0.84138
0.888609
0.946539
1.01395
1.09691
1.19436
1.30337
1.42127
1.54654
1.68322
1.82798
1.95517
2.0371
2.1391
2.34716
2.74467
5.34044
16.9787
58.492
154.888
274.649
401.788
535.122
675.766
824.524
984.819
1088.2
1102.25
1100.62
1092.18
1091.42
0.608263
0.599916
0.580848
0.588554
0.605455
0.609346
0.62417
0.657036
0.70592
0.768027
0.841079
0.925938
1.02239
1.12922
1.24519
1.36962
1.50375
1.64707
1.79318
1.93337
2.07932
2.2401
2.41051
2.50349
2.77374
4.95275
21.0792
103.651
241.208
389.761
541.341
698.319
864.056
1019.99
1070.71
1081.01
1068.56
1065.49
0.489825
0.475051
0.459538
0.459625
0.468829
0.47888
0.498604
0.532663
0.581031
0.641895
0.713567
0.796005
0.889194
0.992549
1.10511
1.22591
1.3547
1.49032
1.62882
1.7668
1.91018
2.06488
2.22661
2.38127
2.54686
2.71197
3.17364
10.0973
78.1005
232.533
402.056
569.432
740.938
925.229
1032.7
1040.79
1033.26
1026.84
0.374282
0.357738
0.345287
0.343702
0.350746
0.363496
0.38556
0.419628
0.466058
0.524008
0.592676
0.67194
0.761695
0.861398
0.970123
1.08681
1.21057
1.34011
1.47323
1.6089
1.74986
1.89871
2.05292
2.20589
2.36691
2.53637
2.72499
2.95229
7.64487
78.168
254.031
437.596
613.435
797.077
945.387
973.192
979.029
968.521
0.257941
0.239981
0.228081
0.225132
0.230536
0.243504
0.265732
0.298769
0.343027
0.398253
0.464132
0.540529
0.627212
0.723605
0.828837
0.941896
1.06177
1.18726
1.31701
1.45044
1.58836
1.73146
1.8782
2.02663
2.18271
2.34431
2.50862
2.66146
2.88727
7.281
108.018
302.18
482.38
652.118
806.511
865.22
888.878
878.173
0.139296
0.119757
0.107054
0.102529
0.106153
0.118022
0.139128
0.170433
0.212359
0.26496
0.328146
0.40179
0.485585
0.578941
0.681032
0.790881
0.907446
1.02962
1.15633
1.28693
1.4214
1.55963
1.70071
1.844
1.99148
2.14214
2.29679
2.44675
2.59521
2.92217
15.7754
171.266
353.452
509.343
655.667
731.364
745.729
741.907
0.016767
-0.00428279
-0.0183058
-0.0245562
-0.0228897
-0.012833
0.00637977
0.035454
0.0748367
0.124739
0.185194
0.256091
0.337106
0.427655
0.526925
0.633932
0.747622
0.86692
0.990817
1.11855
1.24963
1.38355
1.51954
1.65702
1.79629
1.93682
2.07916
2.22367
2.37911
2.58703
3.11957
71.2556
232.429
367.561
487.985
552.956
554.725
552.95
-0.110371
-0.132977
-0.14864
-0.156837
-0.157376
-0.149609
-0.132805
-0.10633
-0.0696983
-0.0226148
0.0350427
0.103197
0.181537
0.269488
0.366228
0.470766
0.582032
0.698944
0.820464
0.945668
1.07375
1.2039
1.33523
1.467
1.59872
1.72965
1.85925
1.98792
2.11737
2.18456
2.29679
16.4598
128.445
225.423
295.187
319.577
313.328
308.927
-0.24243
-0.266715
-0.284285
-0.294707
-0.29774
-0.292625
-0.278599
-0.255014
-0.221343
-0.177218
-0.122438
-0.0570261
0.0187317
0.104269
0.198751
0.30119
0.410492
0.525527
0.645172
0.768354
0.894037
1.02114
1.14858
1.27529
1.40033
1.52252
1.64057
1.75312
1.86019
1.94851
2.17152
2.58938
50.927
89.6238
82.9045
25.9314
17.7054
47.8672
-0.379434
-0.405584
-0.425336
-0.438278
-0.444095
-0.441937
-0.430986
-0.410551
-0.380056
-0.339041
-0.287227
-0.224571
-0.151326
-0.0680485
0.0244471
0.125161
0.232954
0.34663
0.464966
0.586759
0.710777
0.835736
0.960276
1.08302
1.20263
1.31759
1.42605
1.52582
1.61816
1.70914
1.85877
1.06438
1.64631
-19.1587
-103.886
-244.692
-251.417
-122.207
-0.521203
-0.549491
-0.571742
-0.587503
-0.596384
-0.597464
-0.589866
-0.572843
-0.545737
-0.507986
-0.459232
-0.399366
-0.32859
-0.247424
-0.156652
-0.0572971
0.0494552
0.162324
0.28
0.401145
0.52436
0.648175
0.770976
0.891111
1.0069
1.11644
1.21727
1.30603
1.38275
1.45696
1.44748
0.0877519
-24.4743
-76.5855
-182.914
-329.604
-372.353
-183.746
-0.667592
-0.698321
-0.723359
-0.742233
-0.754449
-0.759043
-0.755079
-0.741727
-0.71822
-0.683905
-0.638327
-0.581303
-0.512967
-0.433768
-0.344469
-0.246111
-0.139916
-0.0272345
0.090513
0.211845
0.335224
0.458974
0.581327
0.700392
0.814212
0.920616
1.01667
1.09822
1.16567
1.23107
1.04853
-0.96463
-37.2901
-89.3331
-137.76
-185.252
-313.769
-183.848
-0.818451
-0.851882
-0.879996
-0.902239
-0.918056
-0.926438
-0.92638
-0.916947
-0.897265
-0.866584
-0.824338
-0.77024
-0.70432
-0.626962
-0.538894
-0.441146
-0.334985
-0.221828
-0.103214
0.0192266
0.143777
0.268643
0.3919
0.511508
0.625366
0.731182
0.82606
0.906868
0.980612
1.05422
0.632747
-2.56437
-47.6372
-105.837
-152.066
-194.55
-227.449
-155.154
-0.973377
-1.00987
-1.04132
-1.06719
-1.08688
-1.09931
-1.10341
-1.09815
-1.08255
-1.05575
-1.01703
-0.96597
-0.902476
-0.826846
-0.739758
-0.642217
-0.53552
-0.421182
-0.300873
-0.176375
-0.0495681
0.0776178
0.203149
0.324899
0.440695
0.548183
0.644887
0.730711
0.829081
0.942104
0.579311
-5.97003
-51.3043
-112.296
-182.946
-223.783
-187.793
-124.271
-1.13228
-1.17199
-1.20697
-1.23669
-1.26048
-1.2772
-1.28571
-1.2849
-1.27369
-1.25104
-1.21609
-1.16822
-1.1072
-1.03322
-0.946856
-0.849096
-0.741282
-0.625037
-0.502165
-0.374618
-0.244433
-0.113707
0.0154472
0.140867
0.260292
0.371171
0.471148
0.563483
0.68387
0.690269
-0.307012
-15.1279
-45.2431
-64.9547
-68.6218
-151.737
-136.361
-103.672
-1.29461
-1.33776
-1.37647
-1.41023
-1.43829
-1.45951
-1.47268
-1.47664
-1.47015
-1.452
-1.42111
-1.37665
-1.31822
-1.24583
-1.15997
-1.06159
-0.952079
-0.833166
-0.706831
-0.575199
-0.44051
-0.305025
-0.170944
-0.0404488
0.0841682
0.20022
0.30606
0.411249
0.548878
0.210355
-2.65863
-23.2609
-45.2853
-61.6214
-69.0593
-78.6073
-78.4868
-90.2666
-1.45994
-1.50668
-1.54924
-1.58714
-1.61961
-1.6455
-1.6636
-1.67265
-1.67127
-1.658
-1.63154
-1.59082
-1.53517
-1.46442
-1.3789
-1.27954
-1.16777
-1.04543
-0.914686
-0.777909
-0.637578
-0.496141
-0.355939
-0.21918
-0.0881755
0.0348257
0.151626
0.281935
0.395359
-0.0933501
-7.46878
-25.8023
-39.9814
-48.9733
-65.0288
-54.9579
-57.6175
-77.9231
-1.62781
-1.67816
-1.7246
-1.76666
-1.80358
-1.83427
-1.85754
-1.87202
-1.87614
-1.86825
-1.84672
-1.81019
-1.75766
-1.68869
-1.60347
-1.50286
-1.3883
-1.26177
-1.12565
-0.982628
-0.83548
-0.686934
-0.53955
-0.395636
-0.257363
-0.125328
0.0101004
0.184021
0.0282913
-2.68386
-17.601
-28.973
-34.4251
-39.0784
-50.9604
-48.0996
-53.6949
-67.5516
-1.79745
-1.85142
-1.90167
-1.94781
-1.98917
-2.02474
-2.05334
-2.07356
-2.08366
-2.08172
-2.06578
-2.03406
-1.98516
-1.91833
-1.83352
-1.7315
-1.6137
-1.48224
-1.33977
-1.18931
-1.03411
-0.877315
-0.721857
-0.570403
-0.424332
-0.27982
-0.121356
-0.0163065
-0.624488
-9.53189
-24.431
-34.1865
-39.7881
-42.4323
-40.1887
-42.8405
-49.28
-58.4911
-1.96818
-2.02558
-2.07943
-2.12947
-2.17513
-2.21552
-2.24957
-2.27583
-2.29242
-2.29714
-2.28759
-2.2615
-2.21701
-2.15291
-2.06889
-1.96549
-1.84418
-1.70713
-1.55723
-1.39802
-1.23342
-1.06717
-0.902908
-0.743673
-0.587458
-0.421812
-0.197048
-0.417949
-5.39384
-20.158
-29.4192
-38.825
-41.6909
-41.2283
-38.7614
-40.571
-44.0147
-50.5916
-2.13903
-2.19956
-2.25667
-2.31027
-2.35993
-2.40496
-2.44448
-2.47711
-2.50079
-2.51295
-2.51075
-2.49139
-2.45238
-2.39198
-2.30945
-2.20509
-2.08021
-1.93697
-1.77849
-1.60904
-1.43346
-1.25643
-1.08272
-0.914881
-0.739086
-0.502796
-0.474928
-2.98614
-15.7751
-24.1834
-31.0995
-38.724
-40.5348
-37.7841
-37.0022
-38.1897
-39.7842
-44.2914
-2.30892
-2.37216
-2.43205
-2.48869
-2.54187
-2.59124
-2.63625
-2.67559
-2.70699
-2.7275
-2.73387
-2.72265
-2.69054
-2.63517
-2.5553
-2.45083
-2.3227
-2.17283
-2.00449
-1.82293
-1.63448
-1.44496
-1.2599
-1.08289
-0.91887
-0.835571
-1.60673
-12.5093
-21.2409
-25.3302
-30.0394
-35.8865
-37.1662
-35.3349
-34.9801
-35.6321
-36.7172
-39.4936
-2.47681
-2.54214
-2.60416
-2.66321
-2.71946
-2.77312
-2.82387
-2.87
-2.9093
-2.93898
-2.95552
-2.95431
-2.93096
-2.8824
-2.80689
-2.70378
-2.57331
-2.41667
-2.23691
-2.04077
-1.83697
-1.63089
-1.42547
-1.22417
-1.0321
-1.29298
-9.54462
-18.5769
-22.6999
-25.2332
-30.6988
-32.2514
-31.9748
-33.9579
-33.8853
-33.8042
-34.3934
-35.7926
-2.64157
-2.7083
-2.77173
-2.83263
-2.89191
-2.95001
-3.00628
-3.05902
-3.10599
-3.14542
-3.17397
-3.18511
-3.17301
-3.13368
-3.06505
-2.96575
-2.83483
-2.67183
-2.47852
-2.26427
-2.04139
-1.81203
-1.57242
-1.31442
-1.31124
-7.47422
-15.7788
-20.7929
-21.6197
-25.1987
-27.9416
-29.135
-29.6018
-32.1902
-32.7531
-32.2425
-32.3569
-32.8233
-2.80225
-2.86964
-2.93388
-2.99639
-3.05857
-3.12056
-3.18192
-3.24116
-3.2965
-3.34717
-3.38905
-3.41432
-3.41612
-3.38923
-3.33105
-3.23942
-3.11155
-2.94371
-2.73351
-2.49432
-2.24706
-1.98807
-1.70869
-1.60661
-7.10593
-15.8662
-19.3667
-21.0225
-23.5658
-24.3314
-25.4458
-27.5753
-28.8487
-30.1619
-30.8466
-30.4373
-30.3315
-30.3055
-2.9581
-3.02545
-3.09006
-3.15409
-3.21826
-3.28336
-3.35005
-3.41766
-3.48453
-3.54881
-3.60437
-3.64338
-3.66108
-3.65031
-3.60712
-3.52872
-3.40997
-3.24088
-3.00626
-2.72621
-2.45246
-2.17009
-2.02226
-6.70599
-14.8952
-17.7427
-21.4003
-22.8405
-23.3881
-23.8411
-24.6365
-26.5003
-28.0931
-28.5132
-28.8407
-28.5928
-28.326
-28.08
-3.10869
-3.17561
-3.24027
-3.30503
-3.37039
-3.43847
-3.51174
-3.59023
-3.67151
-3.75046
-3.82054
-3.87493
-3.90966
-3.91859
-3.89615
-3.8389
-3.73957
-3.57721
-3.29941
-2.95253
-2.67145
-2.49386
-7.06681
-13.5623
-16.7862
-20.839
-21.7696
-22.3119
-22.9687
-23.4682
-24.2214
-25.5806
-26.8048
-27.076
-27.2297
-26.9421
-26.4298
-26.0788
-3.25399
-3.32023
-3.38458
-3.44927
-3.51538
-3.58698
-3.66702
-3.75602
-3.85146
-3.94621
-4.03368
-4.10802
-4.16336
-4.19583
-4.20154
-4.17699
-4.11465
-3.9806
-3.62129
-3.28682
-3.07504
-8.47214
-12.8825
-14.793
-18.212
-19.8766
-20.8194
-21.6636
-22.3211
-22.966
-23.7316
-24.7252
-25.4697
-25.7499
-25.8015
-25.3913
-24.6348
-24.2561
-3.39416
-3.45947
-3.5232
-3.5876
-3.65469
-3.72987
-3.81591
-3.91362
-4.02125
-4.13344
-4.24204
-4.34033
-4.42251
-4.48433
-4.52782
-4.55281
-4.55742
-4.50939
-3.95794
-3.78679
-11.0217
-12.2905
-12.1868
-14.5219
-17.4011
-19.2324
-20.0286
-20.8708
-21.6248
-22.3488
-23.0686
-23.8092
-24.3286
-24.513
-24.3962
-23.8387
-22.9055
-22.5733
-3.52963
-3.5938
-3.65685
-3.72123
-3.78966
-3.868
-3.95947
-4.06521
-4.18426
-4.3126
-4.44335
-4.57045
-4.68597
-4.78761
-4.87954
-4.97368
-5.08261
-5.19665
-4.81694
-4.04787
-6.21933
-9.43987
-11.0277
-13.0805
-17.2183
-18.2701
-19.2723
-20.1148
-20.9087
-21.6408
-22.3007
-22.8787
-23.2456
-23.2841
-22.9819
-22.273
-21.2477
-21.0215
-3.66099
-3.72399
-3.78646
-3.85072
-3.92126
-4.00238
-4.09872
-4.21162
-4.34106
-4.4845
-4.63699
-4.79322
-4.94746
-5.09714
-5.24941
-5.42345
-5.6503
-5.93949
-6.76836
-6.25328
2.4995
0.282706
-8.42522
-15.8528
-16.6276
-17.5295
-18.4745
-19.346
-20.1424
-20.8462
-21.4382
-21.8882
-22.1049
-21.9974
-21.5475
-20.7208
-19.6952
-19.6234
-3.78899
-3.85096
-3.91349
-3.97815
-4.05085
-4.13419
-4.23471
-4.35345
-4.4915
-4.648
-4.81983
-5.00307
-5.19458
-5.39396
-5.60906
-5.85923
-6.18242
-6.59428
-7.4008
-7.8873
-8.53524
-10.6472
-12.8511
-14.5753
-15.7481
-16.7381
-17.6811
-18.5463
-19.3126
-19.9631
-20.4717
-20.7984
-20.8734
-20.6386
-20.0876
-19.2125
-18.2805
-18.3875
-3.91454
-3.97619
-4.03945
-4.10563
-4.17968
-4.26508
-4.3689
-4.49191
-4.63624
-4.80269
-4.98999
-5.1959
-5.41918
-5.66249
-5.93429
-6.24891
-6.64507
-7.16361
-7.9098
-8.87316
-10.0755
-11.5913
-12.7835
-13.8543
-14.9923
-16.0006
-16.9048
-17.7161
-18.4203
-18.9938
-19.4043
-19.6106
-19.5605
-19.2231
-18.6145
-17.7684
-17.0162
-17.2868
-4.03828
-4.10041
-4.16473
-4.23318
-4.3087
-4.39633
-4.50291
-4.62891
-4.77708
-4.94974
-5.14747
-5.3699
-5.61726
-5.8933
-6.20964
-6.5643
-7.00643
-7.54381
-8.25507
-9.15951
-10.1736
-11.2649
-12.4004
-13.473
-14.4183
-15.3051
-16.1202
-16.8475
-17.4653
-17.9439
-18.2483
-18.3405
-18.1852
-17.7762
-17.1567
-16.4066
-15.8924
-16.2878
-4.16059
-4.22391
-4.28944
-4.3607
-4.4385
-4.52894
-4.63842
-4.76687
-4.91695
-5.09219
-5.29461
-5.52536
-5.78576
-6.07967
-6.41567
-6.80388
-7.26664
-7.81441
-8.4835
-9.27518
-10.1571
-11.1093
-12.0406
-12.9522
-13.7991
-14.5845
-15.3007
-15.9306
-16.4488
-16.8237
-17.0217
-17.0116
-16.7748
-16.3299
-15.7474
-15.1451
-14.8848
-15.3613
-4.28176
-4.34701
-4.4138
-4.48933
-4.57067
-4.66433
-4.77693
-4.90836
-5.05964
-5.23473
-5.43603
-5.66587
-5.92668
-6.22203
-6.55979
-6.95153
-7.41062
-7.94619
-8.56883
-9.27271
-10.0383
-10.8408
-11.636
-12.4114
-13.1466
-13.8272
-14.4403
-14.967
-15.3811
-15.6523
-15.751
-15.6556
-15.3649
-14.9208
-14.417
-13.9933
-13.9661
-14.4782
-4.40197
-4.4703
-4.53967
-4.61892
-4.70464
-4.80241
-4.91933
-5.05555
-5.2092
-5.3826
-5.57609
-5.7945
-6.0433
-6.3237
-6.64236
-7.01149
-7.44172
-7.9396
-8.50622
-9.13187
-9.7987
-10.4868
-11.1704
-11.8331
-12.4601
-13.0366
-13.547
-13.9709
-14.2833
-14.4574
-14.4701
-14.3109
-13.9953
-13.5852
-13.1897
-12.9498
-13.1075
-13.615
-4.52093
-4.59338
-4.66687
-4.74802
-4.83888
-4.94279
-5.06571
-5.20907
-5.36855
-5.54156
-5.72113
-5.91738
-6.1391
-6.38923
-6.66938
-6.99486
-7.37589
-7.81786
-8.31944
-8.87013
-9.45344
-10.051
-10.6423
-11.211
-11.7429
-12.2237
-12.6375
-12.965
-13.1842
-13.2734
-13.2176
-13.0179
-12.7046
-12.3541
-12.0809
-12.0072
-12.2874
-12.7597
-4.63811
-4.71538
-4.79368
-4.87743
-4.97315
-5.0844
-5.21535
-5.36795
-5.53683
-5.71849
-5.89327
-6.06581
-6.22925
-6.42626
-6.64759
-6.91311
-7.23356
-7.61227
-8.04691
-8.52724
-9.03864
-9.56082
-10.0746
-10.5634
-11.0126
-11.4083
-11.7356
-11.9774
-12.1161
-12.1363
-12.0317
-11.8139
-11.5253
-11.2499
-11.0974
-11.1567
-11.4971
-11.9145
-4.75286
-4.83552
-4.91936
-5.00811
-5.10726
-5.22353
-5.36279
-5.5268
-5.70752
-5.90905
-6.10693
-6.263
-6.36234
-6.44748
-6.58095
-6.77431
-7.03177
-7.3505
-7.7246
-8.14345
-8.59193
-9.04994
-9.49751
-9.91733
-10.2947
-10.6163
-10.8686
-11.0379
-11.111
-11.0795
-10.9452
-10.7289
-10.4805
-10.2847
-10.2378
-10.3904
-10.7401
-11.0929
-4.86427
-4.95278
-5.04298
-5.13766
-5.24063
-5.35774
-5.4998
-5.67167
-5.86722
-6.12169
-6.22471
-6.33745
-6.54658
-6.43447
-6.45278
-6.57792
-6.78202
-7.05335
-7.38022
-7.74936
-8.14518
-8.54834
-8.93877
-9.29889
-9.61425
-9.87238
-10.0619
-10.1723
-10.1954
-10.1289
-9.98173
-9.78147
-9.58107
-9.45954
-9.49476
-9.7025
-10.0279
-10.3147
-4.97121
-5.06572
-5.16226
-5.26195
-5.36892
-5.48511
-5.61842
-5.77253
-5.91851
-6.13231
-6.42628
-6.55572
-6.04138
-6.29492
-6.20398
-6.30493
-6.49154
-6.73801
-7.03629
-7.36998
-7.72374
-8.08038
-8.42127
-8.72955
-8.99163
-9.19647
-9.33488
-9.39971
-9.38723
-9.30034
-9.15348
-8.97801
-8.82605
-8.76663
-8.8578
-9.08908
-9.37381
-9.59921
-5.07255
-5.17291
-5.27551
-5.38062
-5.48958
-5.60253
-5.72103
-5.84475
-5.89646
-5.89666
-6.68751
-11.8584
-7.66971
-6.22298
-5.80626
-5.90427
-6.16534
-6.42367
-6.71313
-7.02523
-7.34669
-7.66389
-7.96134
-8.22424
-8.44057
-8.60108
-8.69893
-8.72998
-8.69423
-8.59861
-8.46094
-8.31372
-8.20523
-8.19263
-8.31575
-8.54768
-8.78802
-8.96026
-5.16741
-5.27354
-5.3825
-5.49412
-5.60618
-5.72115
-5.83554
-5.96161
-6.02315
-6.24257
-3.92278
-5.43619
-9.15664
-6.31265
-5.66324
-5.34011
-5.82159
-6.13739
-6.43263
-6.73193
-7.02748
-7.30996
-7.56825
-7.79062
-7.96727
-8.09097
-8.15711
-8.16412
-8.11481
-8.01874
-7.89523
-7.77568
-7.70269
-7.72168
-7.85763
-8.07568
-8.27517
-8.4043
-5.25483
-5.36666
-5.48247
-5.60196
-5.72293
-5.83931
-5.95798
-6.11771
-6.10841
-4.88074
-3.2977
-6.97652
-10.7257
-7.862
-5.22061
-5.03133
-5.54486
-5.91327
-6.21731
-6.50405
-6.77425
-7.0233
-7.24448
-7.42954
-7.57109
-7.66395
-7.70543
-7.69591
-7.64009
-7.54884
-7.44137
-7.3464
-7.30012
-7.33753
-7.47283
-7.6693
-7.83428
-7.9306
-5.33371
-5.45089
-5.57372
-5.70211
-5.8345
-5.95998
-6.0947
-6.29138
-6.2591
-5.10834
-4.74782
-9.75335
-12.3935
-10.6664
-5.32591
-4.98209
-5.26751
-5.76359
-6.08287
-6.34951
-6.58915
-6.80261
-6.98671
-7.13627
-7.24612
-7.31276
-7.33497
-7.31443
-7.25681
-7.17319
-7.08149
-7.00689
-6.97921
-7.02495
-7.15126
-7.32335
-7.46035
-7.53309
-5.40287
-5.52453
-5.65383
-5.79086
-5.93583
-6.08335
-6.2267
-6.4586
-6.53006
-6.31261
-5.92624
-11.0252
-12.9811
-10.5687
-6.1503
-5.09542
-5.26108
-5.77476
-6.04964
-6.27131
-6.4686
-6.64131
-6.78706
-6.90226
-6.98312
-7.02724
-7.03427
-7.00654
-6.94994
-6.87496
-6.79754
-6.73898
-6.72334
-6.77052
-6.88354
-7.03153
-7.14617
-7.20261
-5.46116
-5.58582
-5.72011
-5.86468
-6.02098
-6.18582
-6.34788
-6.57717
-6.83254
-6.96228
-4.93474
-8.5618
-10.1641
-6.50484
-6.36369
-5.8735
-5.55653
-5.93859
-6.10673
-6.25748
-6.40037
-6.52758
-6.63433
-6.71671
-6.7713
-6.79612
-6.79116
-6.75885
-6.70478
-6.63833
-6.57318
-6.52689
-6.51851
-6.56297
-6.66122
-6.78699
-6.88369
-6.92906
-5.50777
-5.63322
-5.76987
-5.91865
-6.08102
-6.25678
-6.44374
-6.66451
-6.95155
-7.03876
-6.60653
-2.44194
-1.49265
-3.10143
-6.64339
-6.43951
-6.00223
-6.15317
-6.20297
-6.27824
-6.36413
-6.44589
-6.51563
-6.56816
-6.59975
-6.60842
-6.59412
-6.55908
-6.50825
-6.44971
-6.39483
-6.35779
-6.35347
-6.39311
-6.47679
-6.58294
-6.66506
-6.70289
-5.54243
-5.66603
-5.80168
-5.95051
-6.11405
-6.29358
-6.48977
-6.71265
-6.98614
-7.28852
-7.62417
-7.83709
-7.71089
-7.56462
-7.2173
-6.75787
-6.41227
-6.33537
-6.2898
-6.30214
-6.33861
-6.38083
-6.41871
-6.44597
-6.45855
-6.45434
-6.43314
-6.39683
-6.34959
-6.29815
-6.25178
-6.22171
-6.21944
-6.25348
-6.3238
-6.41311
-6.48325
-6.51583
-5.56552
-5.68454
-5.81556
-5.95975
-6.11847
-6.29335
-6.48662
-6.70388
-6.9509
-7.2335
-7.56201
-7.80373
-7.64682
-7.45507
-7.36295
-6.88753
-6.5764
-6.41768
-6.33262
-6.30632
-6.30792
-6.32053
-6.33391
-6.34162
-6.33965
-6.32592
-6.30012
-6.26375
-6.22026
-6.17514
-6.13581
-6.11104
-6.10965
-6.1382
-6.19686
-6.27203
-6.33226
-6.36097
-5.57812
-5.69006
-5.8131
-5.94822
-6.09634
-6.25854
-6.43636
-6.6319
-6.84414
-7.07253
-7.31441
-7.46801
-7.456
-7.29777
-7.12125
-6.7907
-6.55668
-6.41089
-6.32491
-6.28274
-6.26482
-6.25851
-6.25519
-6.24924
-6.23716
-6.21712
-6.18879
-6.15339
-6.11372
-6.07421
-6.04072
-6.02006
-6.01901
-6.04266
-6.09155
-6.15506
-6.20703
-6.2327
-5.58197
-5.68479
-5.79724
-5.91989
-6.05304
-6.19686
-6.3513
-6.5156
-6.68609
-6.8564
-7.01228
-7.10438
-7.08911
-6.96901
-6.81345
-6.61642
-6.46166
-6.35222
-6.27965
-6.23566
-6.20964
-6.19316
-6.17988
-6.16548
-6.1472
-6.12361
-6.09449
-6.06085
-6.02502
-5.99053
-5.96199
-5.94465
-5.94375
-5.96335
-6.00427
-6.05826
-6.10328
-6.12642
-5.5791
-5.67146
-5.7717
-5.87991
-5.99582
-6.11877
-6.24747
-6.37948
-6.51
-6.63111
-6.72818
-6.77494
-6.75219
-6.6726
-6.56876
-6.44948
-6.34842
-6.27029
-6.21328
-6.17384
-6.14643
-6.12579
-6.1076
-6.08879
-6.0674
-6.04245
-6.01389
-5.98265
-5.95064
-5.9207
-5.89641
-5.88186
-5.88111
-5.8975
-5.93204
-5.97827
-6.01742
-6.03838
-5.57164
-5.65291
-5.74028
-5.83348
-5.93177
-6.03398
-6.13819
-6.24135
-6.33871
-6.42329
-6.48484
-6.50997
-6.49249
-6.44258
-6.37642
-6.30215
-6.23588
-6.18116
-6.13809
-6.10529
-6.07992
-6.05877
-6.03904
-6.01868
-5.99644
-5.97176
-5.94478
-5.91637
-5.88813
-5.8623
-5.84171
-5.82953
-5.82902
-5.84292
-5.87237
-5.9123
-5.94649
-5.96556
-5.5616
-5.63179
-5.70648
-5.78513
-5.86676
-5.95
-6.03279
-6.11222
-6.1843
-6.24383
-6.28478
-6.30091
-6.29071
-6.26057
-6.21955
-6.17381
-6.13102
-6.0935
-6.06192
-6.03592
-6.01406
-5.99444
-5.97525
-5.95524
-5.9337
-5.91041
-5.88569
-5.86034
-5.83571
-5.81358
-5.79618
-5.78608
-5.78587
-5.79789
-5.82331
-5.85808
-5.88809
-5.90552
-5.55074
-5.61035
-5.67311
-5.73837
-5.80507
-5.87187
-5.93691
-5.99777
-6.05146
-6.09464
-6.12395
-6.1366
-6.13266
-6.11603
-6.09198
-6.0645
-6.03737
-6.01214
-5.98957
-5.9697
-5.95179
-5.93467
-5.91721
-5.8987
-5.87881
-5.85761
-5.83551
-5.81327
-5.792
-5.77317
-5.75858
-5.75031
-5.75051
-5.76113
-5.78333
-5.81383
-5.8403
-5.85631
-5.54054
-5.59037
-5.6423
-5.69565
-5.74944
-5.80247
-5.85327
-5.90004
-5.94069
-5.97327
-5.99598
-6.00759
-6.00855
-6.00117
-5.9884
-5.97264
-5.95594
-5.93942
-5.92376
-5.90911
-5.89503
-5.88075
-5.86558
-5.84916
-5.83145
-5.81269
-5.79334
-5.7741
-5.75593
-5.74005
-5.72797
-5.72138
-5.72204
-5.73162
-5.7512
-5.77813
-5.80156
-5.8163
-5.53213
-5.5731
-5.61542
-5.65845
-5.70132
-5.74309
-5.78269
-5.81888
-5.85034
-5.87592
-5.89469
-5.9061
-5.91054
-5.9093
-5.90396
-5.8959
-5.88634
-5.87613
-5.86579
-5.85547
-5.84483
-5.83336
-5.82064
-5.80656
-5.79124
-5.77502
-5.75839
-5.74199
-5.72668
-5.71349
-5.70366
-5.69859
-5.69974
-5.7085
-5.7259
-5.74978
-5.77059
-5.7842
-5.52628
-5.55935
-5.59327
-5.62749
-5.66131
-5.69403
-5.7249
-5.75315
-5.77802
-5.79883
-5.81504
-5.82639
-5.83309
-5.8358
-5.83532
-5.83244
-5.82791
-5.82234
-5.81612
-5.80931
-5.80164
-5.79276
-5.78245
-5.77073
-5.75783
-5.74412
-5.73009
-5.71635
-5.70364
-5.69286
-5.68504
-5.68132
-5.68291
-5.69101
-5.70655
-5.72778
-5.74631
-5.75888
-5.52344
-5.54954
-5.57622
-5.60303
-5.62943
-5.65491
-5.67902
-5.70131
-5.72135
-5.73875
-5.75314
-5.76434
-5.77239
-5.77757
-5.78026
-5.7809
-5.77995
-5.77782
-5.77475
-5.77074
-5.76558
-5.75902
-5.75097
-5.74152
-5.73094
-5.71961
-5.708
-5.69667
-5.6863
-5.67764
-5.67155
-5.66897
-5.67094
-5.67846
-5.69239
-5.7113
-5.72783
-5.73944
-5.52384
-5.54385
-5.5643
-5.58491
-5.60528
-5.62503
-5.64391
-5.66168
-5.67814
-5.693
-5.70598
-5.71689
-5.72567
-5.73237
-5.73713
-5.74017
-5.74176
-5.74215
-5.74147
-5.73968
-5.7366
-5.73209
-5.7261
-5.71876
-5.71032
-5.70115
-5.69171
-5.68252
-5.67418
-5.66732
-5.66269
-5.66106
-5.66331
-5.6703
-5.6828
-5.69964
-5.7144
-5.72508
-5.52753
-5.54215
-5.55724
-5.57268
-5.58818
-5.60344
-5.61829
-5.63266
-5.64644
-5.65937
-5.67123
-5.6818
-5.69093
-5.69854
-5.70463
-5.70928
-5.71264
-5.71486
-5.71597
-5.71592
-5.71458
-5.71183
-5.70766
-5.70218
-5.69563
-5.68837
-5.68082
-5.67348
-5.66686
-5.66153
-5.65808
-5.6572
-5.65962
-5.66609
-5.67726
-5.69223
-5.70536
-5.71514
-5.53436
-5.54412
-5.55445
-5.56559
-5.57728
-5.58911
-5.60097
-5.61286
-5.62467
-5.63621
-5.64722
-5.65746
-5.66672
-5.67484
-5.68174
-5.68744
-5.69199
-5.69547
-5.6979
-5.6992
-5.69926
-5.69797
-5.69532
-5.69142
-5.6865
-5.68088
-5.67497
-5.66921
-5.66404
-5.65996
-5.65745
-5.65711
-5.65956
-5.66543
-5.67532
-5.68852
-5.70014
-5.709
-5.54409
-5.54922
-5.5551
-5.56263
-5.57155
-5.58099
-5.59084
-5.6011
-5.61164
-5.62227
-5.6327
-5.64267
-5.65193
-5.66029
-5.66762
-5.67392
-5.67922
-5.68355
-5.6869
-5.68919
-5.69031
-5.69016
-5.68874
-5.68615
-5.68259
-5.67837
-5.67385
-5.66941
-5.66544
-5.66233
-5.66052
-5.66049
-5.66278
-5.66796
-5.67655
-5.68804
-5.69821
-5.70614
-5.55647
-5.55681
-5.5579
-5.56235
-5.56972
-5.57793
-5.5868
-5.59631
-5.60627
-5.61646
-5.62658
-5.63637
-5.64557
-5.65398
-5.6615
-5.66811
-5.67382
-5.67867
-5.68261
-5.68556
-5.68742
-5.68811
-5.68763
-5.68606
-5.6836
-5.68052
-5.67714
-5.67378
-5.67073
-5.66834
-5.66695
-5.667
-5.66897
-5.67333
-5.68056
-5.69035
-5.69908
-5.70603
-5.57156
-5.56641
-5.56144
-5.56317
-5.5706
-5.57893
-5.58794
-5.59756
-5.60758
-5.61776
-5.62784
-5.63755
-5.64669
-5.65508
-5.66265
-5.66938
-5.67528
-5.68037
-5.68461
-5.68792
-5.69023
-5.69146
-5.69163
-5.69081
-5.68919
-5.687
-5.6845
-5.68193
-5.67955
-5.6776
-5.67642
-5.67635
-5.67781
-5.68122
-5.68702
-5.69508
-5.70235
-5.70822
-5.5906
-5.57912
-5.56476
-5.56365
-5.57366
-5.58343
-5.59354
-5.60407
-5.61474
-5.6253
-5.63556
-5.64533
-5.65445
-5.66279
-5.67032
-5.67702
-5.68292
-5.68802
-5.6923
-5.69571
-5.69819
-5.69969
-5.70024
-5.69992
-5.69888
-5.69733
-5.69546
-5.69344
-5.69148
-5.68978
-5.6886
-5.68824
-5.68903
-5.6913
-5.69551
-5.70167
-5.70735
-5.71202
-5.61707
-5.59702
-5.56133
-5.55445
-5.57448
-5.58694
-5.59923
-5.61209
-5.62461
-5.63648
-5.64762
-5.65798
-5.66747
-5.67604
-5.68367
-5.6904
-5.69625
-5.70125
-5.70541
-5.70871
-5.71114
-5.71268
-5.71337
-5.7133
-5.71261
-5.71145
-5.70995
-5.70826
-5.7065
-5.70485
-5.70351
-5.70271
-5.70269
-5.70374
-5.70625
-5.71041
-5.71431
-5.71752
-5.65015
-5.61081
-5.51626
-5.4934
-5.54979
-5.57192
-5.59138
-5.61071
-5.62847
-5.64438
-5.65866
-5.67149
-5.68294
-5.69306
-5.70188
-5.70947
-5.7159
-5.72125
-5.72558
-5.72893
-5.73134
-5.73287
-5.73358
-5.73357
-5.73294
-5.7318
-5.73024
-5.72835
-5.72623
-5.72399
-5.72178
-5.71974
-5.71807
-5.71698
-5.71687
-5.71816
-5.71986
-5.72198
-5.67342
-5.59872
-5.40855
-5.37477
-5.49006
-5.56228
-5.5997
-5.62535
-5.64598
-5.66333
-5.67833
-5.69153
-5.70319
-5.71345
-5.7224
-5.73013
-5.73669
-5.74216
-5.74664
-5.7502
-5.75293
-5.75492
-5.75625
-5.75699
-5.7572
-5.75695
-5.75626
-5.75517
-5.7537
-5.75191
-5.74983
-5.74753
-5.74509
-5.74265
-5.74043
-5.73857
-5.73611
-5.73292
)
;

boundaryField
{
    leftWall
    {
        type            calculated;
        value           nonuniform List<scalar> 
100
(
749.501
720.189
689.817
659.211
628.592
597.971
567.25
536.389
505.4
474.294
443.074
411.739
380.292
348.729
317.055
285.275
235.428
167.267
99.2013
38.1494
5.82544
1.2125
1.27242
1.19384
1.13726
1.05824
0.977337
0.893784
0.808298
0.720983
0.631833
0.540825
0.447974
0.353361
0.257141
0.159511
0.0606889
-0.0391161
-0.139719
-0.240965
-0.342732
-0.444924
-0.547461
-0.650281
-0.753329
-0.85656
-0.959937
-1.06343
-1.167
-1.27064
-1.3743
-1.47795
-1.58156
-1.68507
-1.78844
-1.89163
-1.99458
-2.09727
-2.19966
-2.30173
-2.40344
-2.50478
-2.60573
-2.70625
-2.80634
-2.90596
-3.00512
-3.10379
-3.20198
-3.29968
-3.39689
-3.4936
-3.58979
-3.68547
-3.78063
-3.87526
-3.96937
-4.06288
-4.15594
-4.24852
-4.34063
-4.43228
-4.5235
-4.6143
-4.70469
-4.79469
-4.88434
-4.97366
-5.06258
-5.15104
-5.23899
-5.32651
-5.41361
-5.49945
-5.58187
-5.66032
-5.73911
-5.81899
-5.86341
-5.81645
)
;
    }
    rightWall
    {
        type            calculated;
        value           nonuniform List<scalar> 
100
(
1137.41
1137.39
1137.37
1137.36
1137.35
1137.34
1137.34
1137.35
1137.35
1137.36
1137.38
1137.39
1137.41
1137.43
1137.45
1137.48
1137.51
1137.54
1137.54
1137.49
1137.33
1137.01
1136.41
1135.38
1133.66
1130.86
1126.37
1119.28
1108.24
1091.42
1065.49
1026.84
968.521
878.173
741.907
552.95
308.927
47.8672
-122.207
-183.746
-183.848
-155.154
-124.271
-103.672
-90.2666
-77.9231
-67.5516
-58.4911
-50.5916
-44.2914
-39.4936
-35.7926
-32.8233
-30.3055
-28.08
-26.0788
-24.2561
-22.5733
-21.0215
-19.6234
-18.3875
-17.2868
-16.2878
-15.3613
-14.4782
-13.615
-12.7597
-11.9145
-11.0929
-10.3147
-9.59921
-8.96026
-8.4043
-7.9306
-7.53309
-7.20261
-6.92906
-6.70289
-6.51583
-6.36097
-6.2327
-6.12642
-6.03838
-5.96556
-5.90552
-5.85631
-5.8163
-5.7842
-5.75888
-5.73944
-5.72508
-5.71514
-5.709
-5.70614
-5.70603
-5.70822
-5.71202
-5.71752
-5.72198
-5.73292
)
;
    }
    lowerWall
    {
        type            calculated;
        value           nonuniform List<scalar> 
124
(
764.215
762.754
765.582
770.596
777.016
783.63
789.998
795.907
801.329
806.308
810.935
815.312
819.541
823.723
827.949
832.304
836.865
841.708
846.903
852.521
858.634
865.317
872.649
880.715
889.61
899.439
910.322
922.397
935.825
950.8
967.601
986.367
1007.36
1030.78
1056.87
1085.77
1117.35
1151.03
1185.59
1219
1249.19
1272.57
1286.69
1297.11
1313.77
1336.02
1321.32
1286.36
1254.53
1226.41
1203.67
1186.7
1174.55
1165.45
1157.63
1149.98
1140.3
1127.65
1109.65
1082.53
1038.21
968.514
531.827
686.3
816.282
900.293
996.913
1059.54
1074.23
1092.05
1129.05
1129.02
1128.97
1128.92
1128.87
1128.8
1128.72
1128.64
1128.53
1128.42
1128.29
1128.13
1127.95
1127.73
1127.45
1127.22
1129.07
1129.1
1129.17
1129.27
1129.4
1129.57
1129.76
1129.98
1130.22
1130.48
1130.76
1131.05
1131.36
1131.68
1132.01
1132.34
1132.68
1133.02
1133.36
1133.69
1134.02
1134.34
1134.64
1134.94
1135.21
1135.48
1135.73
1135.97
1136.19
1136.41
1136.61
1136.79
1136.96
1137.1
1137.23
1137.32
1137.39
1137.42
)
;
    }
    atmosphere
    {
        type            calculated;
        value           nonuniform List<scalar> 
92
(
-5.91064
-6.17022
-6.12428
-6.11091
-6.10315
-6.09845
-6.09531
-6.09296
-6.09102
-6.08926
-6.08756
-6.08582
-6.08403
-6.08213
-6.08009
-6.07788
-6.07548
-6.07285
-6.06997
-6.06681
-6.06334
-6.05953
-6.05535
-6.05076
-6.04572
-6.0402
-6.03416
-6.02756
-6.02036
-6.01254
-6.00404
-5.99485
-5.98492
-5.97424
-5.96278
-5.95055
-5.93754
-5.92377
-5.90928
-5.89411
-5.87837
-5.86217
-5.84571
-5.8292
-5.81293
-5.79721
-5.78614
-5.77942
-5.77302
-5.76695
-5.76122
-5.75584
-5.75082
-5.74618
-5.73948
-5.73279
-5.73035
-5.72904
-5.72904
-5.72904
-5.72904
-5.72904
-5.72904
-5.72904
-5.72904
-5.72904
-5.72904
-5.72904
-5.72904
-5.72904
-5.72904
-5.72904
-5.72904
-5.72904
-5.72904
-5.72904
-5.72904
-5.72904
-5.72904
-5.72904
-5.72904
-5.72904
-5.72904
-5.72904
-5.72904
-5.72904
-5.72904
-5.72904
-5.72904
-5.72904
-5.72904
-5.72904
)
;
    }
    defaultFaces
    {
        type            empty;
    }
}


// ************************************************************************* //
