/*--------------------------------*- C++ -*----------------------------------*\
  =========                 |
  \\      /  F ield         | OpenFOAM: The Open Source CFD Toolbox
   \\    /   O peration     | Website:  https://openfoam.org
    \\  /    A nd           | Version:  7
     \\/     M anipulation  |
\*---------------------------------------------------------------------------*/
FoamFile
{
    version     2.0;
    format      ascii;
    class       volScalarField;
    location    "0.45";
    object      p_rgh;
}
// * * * * * * * * * * * * * * * * * * * * * * * * * * * * * * * * * * * * * //

dimensions      [1 -1 -2 0 0 0 0];

internalField   nonuniform List<scalar> 
9072
(
764.215
762.754
765.582
770.596
777.016
783.63
789.998
795.907
801.329
806.308
810.935
815.312
819.541
823.723
827.949
832.304
836.865
841.708
846.903
852.521
858.634
865.317
872.649
880.715
889.61
899.439
910.322
922.397
935.825
950.8
967.601
986.367
1007.36
1030.78
1056.87
1085.77
1117.35
1151.03
1185.59
1219
1249.19
1272.57
1286.69
1297.11
1313.77
1336.02
764.333
762.37
764.451
768.846
774.622
780.784
786.86
792.622
797.993
802.986
807.665
812.116
816.428
820.695
825.004
829.437
834.072
838.984
844.247
849.933
856.117
862.878
870.299
878.468
887.486
897.462
908.522
920.811
934.494
949.76
966.802
985.975
1007.43
1031.47
1058.32
1088.12
1120.81
1155.82
1191.87
1226.68
1257.62
1280.74
1292.35
1297.37
1305.82
1330.47
763.391
761.884
763.844
767.539
772.628
778.194
783.83
789.29
794.467
799.351
803.981
808.422
812.751
817.049
821.398
825.877
830.561
835.526
840.844
846.593
852.848
859.692
867.212
875.502
884.665
894.817
906.09
918.635
932.625
948.254
965.739
985.368
1007.38
1032.04
1059.56
1090.06
1123.43
1159.1
1195.77
1231.15
1262.26
1286.01
1295.11
1299.16
1300.55
1328.06
762.214
761.276
763.205
766.492
770.992
776.015
781.193
786.297
791.214
795.917
800.427
804.793
809.078
813.356
817.7
822.186
826.886
831.874
837.224
843.014
849.322
856.234
863.839
872.236
881.531
891.846
903.317
916.101
930.374
946.336
964.203
984.241
1006.71
1031.86
1059.87
1090.84
1124.59
1160.53
1197.37
1232.9
1264.05
1288.81
1294.26
1298.29
1295.55
1328.89
761.024
760.694
762.641
765.641
769.689
774.25
779.008
783.759
788.396
792.885
797.234
801.48
805.679
809.895
814.195
818.651
823.334
828.315
833.669
839.473
845.809
852.763
860.427
868.903
878.3
888.744
900.373
913.35
927.852
944.08
962.25
982.612
1005.42
1030.9
1059.23
1090.44
1124.33
1160.28
1197.07
1232.64
1264.06
1289.24
1297.13
1301.73
1299.07
1334.55
759.833
760.158
762.088
764.889
768.577
772.742
777.121
781.539
785.897
790.159
794.327
798.43
802.516
806.641
810.87
815.27
819.909
824.86
830.194
835.99
842.33
849.302
856.999
865.526
874.994
885.53
897.277
910.398
925.072
941.501
959.895
980.493
1003.53
1029.23
1057.71
1089
1122.86
1158.69
1195.32
1230.94
1262.9
1289.03
1305.62
1306.03
1308.24
1346.47
758.541
759.537
761.477
764.138
767.535
771.358
775.396
779.502
783.591
787.626
791.605
795.552
799.508
803.525
807.665
811.989
816.568
821.468
826.764
832.534
838.858
845.827
853.536
862.087
871.596
882.192
894.018
907.238
922.032
938.597
957.143
977.894
1001.07
1026.87
1055.39
1086.64
1120.36
1155.98
1192.44
1228.14
1260.81
1288.36
1308.62
1313.56
1319.68
1364.87
757.11
758.726
760.731
763.312
766.477
770.006
773.739
777.559
781.391
785.204
788.993
792.778
796.596
800.495
804.532
808.769
813.272
818.109
823.353
829.08
835.373
842.32
850.018
858.571
868.095
878.718
890.586
903.863
918.727
935.372
954
974.825
998.052
1023.85
1052.32
1083.43
1116.93
1152.3
1188.59
1224.42
1257.87
1287.08
1310.24
1327.06
1343.23
1386.01
755.55
757.693
759.81
762.36
765.341
768.619
772.082
775.64
779.234
782.834
786.436
790.059
793.734
797.507
801.434
805.574
809.992
814.755
819.934
825.606
831.853
838.763
846.432
854.965
864.477
875.099
886.976
900.269
915.156
931.825
950.473
971.3
994.498
1020.22
1048.55
1079.44
1112.67
1147.77
1183.89
1219.88
1254.13
1285.08
1311.29
1335.68
1360.67
1407.75
753.873
756.455
758.709
761.254
764.086
767.148
770.373
773.696
777.068
780.467
783.889
787.351
790.883
794.528
798.34
802.376
806.701
811.381
816.486
822.092
828.279
835.137
842.76
851.253
860.731
871.325
883.178
896.451
911.317
927.96
946.569
967.333
990.432
1016
1044.12
1074.74
1107.66
1142.45
1178.4
1214.54
1249.56
1282.2
1311.5
1340.47
1374.19
1429.53
752.082
755.039
757.433
759.976
762.682
765.558
768.574
771.684
774.855
778.066
781.317
784.622
788.011
791.527
795.221
799.149
803.375
807.965
812.986
818.516
824.634
831.426
838.987
847.422
856.845
867.385
879.186
892.404
907.209
923.778
942.295
962.938
985.876
1011.24
1039.08
1069.38
1101.94
1136.4
1172.17
1208.42
1244.12
1278.3
1310.53
1343.82
1386.04
1449.28
750.177
753.468
755.985
758.518
761.111
763.823
766.655
769.577
772.564
775.601
778.689
781.844
785.094
788.481
792.055
795.872
799.994
804.487
809.418
814.863
820.9
827.614
835.099
843.459
852.807
863.271
874.993
888.124
902.83
919.283
937.658
958.128
980.851
1005.95
1033.47
1063.4
1095.57
1129.67
1165.21
1201.5
1237.72
1273.17
1307.96
1344.95
1395.41
1466.06
748.159
751.749
754.363
756.87
759.357
761.925
764.596
767.352
770.173
773.05
775.986
778.996
782.111
785.37
788.823
792.527
796.541
800.932
805.766
811.117
817.064
823.688
831.084
839.353
848.608
858.976
870.593
883.609
898.181
914.477
932.667
952.917
975.377
1000.16
1027.33
1056.85
1088.59
1122.3
1157.55
1193.77
1230.32
1266.66
1303.35
1342.9
1401.23
1477.48
746.026
749.885
752.558
755.021
757.408
759.849
762.38
764.99
767.663
770.394
773.187
776.061
779.044
782.178
785.511
789.099
793.003
797.286
802.017
807.267
813.113
819.638
826.932
835.096
844.241
854.493
865.983
878.855
893.261
909.363
927.328
947.316
969.474
993.909
1020.68
1049.76
1081.04
1114.32
1149.21
1185.25
1221.87
1258.63
1296.31
1336.67
1402.35
1479.79
743.781
747.88
750.562
752.956
755.248
757.582
759.997
762.482
765.026
767.624
770.285
773.029
775.886
778.897
782.111
785.583
789.372
793.543
798.164
803.305
809.042
815.456
822.636
830.682
839.702
849.819
861.16
873.863
888.073
903.948
921.65
941.339
963.158
987.209
1013.54
1042.15
1072.95
1105.75
1140.23
1175.94
1212.35
1248.97
1286.35
1325.1
1396.08
1464.9
741.43
745.735
748.367
750.655
752.864
755.122
757.454
759.843
762.279
764.76
767.301
769.922
772.657
775.548
778.643
781.996
785.667
789.72
794.223
799.246
804.864
811.156
818.21
826.122
835.001
844.964
856.135
868.644
882.629
898.241
915.644
934.997
956.44
980.072
1005.94
1034.04
1064.3
1096.57
1130.56
1165.79
1201.66
1237.45
1272.86
1307.01
1371.01
1424.63
1129.07
1129.1
1129.17
1129.27
1129.4
1129.57
1129.76
1129.98
1130.22
1130.48
1130.76
1131.05
1131.36
1131.68
1132.01
1132.34
1132.68
1133.02
1133.36
1133.69
1134.02
1134.34
1134.64
1134.94
1135.21
1135.48
1135.73
1135.97
1136.19
1136.41
1136.61
1136.79
1136.96
1137.1
1137.23
1137.32
1137.39
1137.42
1129.06
1129.1
1129.17
1129.27
1129.4
1129.56
1129.76
1129.97
1130.21
1130.47
1130.75
1131.04
1131.35
1131.67
1132
1132.33
1132.67
1133.01
1133.35
1133.68
1134.01
1134.33
1134.63
1134.93
1135.21
1135.47
1135.73
1135.97
1136.2
1136.41
1136.61
1136.8
1136.97
1137.11
1137.24
1137.33
1137.4
1137.43
1129.05
1129.08
1129.15
1129.26
1129.39
1129.55
1129.75
1129.97
1130.21
1130.47
1130.74
1131.03
1131.34
1131.66
1131.98
1132.32
1132.66
1133
1133.34
1133.67
1134
1134.32
1134.62
1134.92
1135.2
1135.47
1135.73
1135.97
1136.2
1136.42
1136.62
1136.81
1136.97
1137.12
1137.25
1137.34
1137.41
1137.45
1129.03
1129.06
1129.13
1129.24
1129.37
1129.54
1129.74
1129.95
1130.2
1130.45
1130.73
1131.02
1131.33
1131.64
1131.97
1132.3
1132.64
1132.99
1133.32
1133.66
1133.99
1134.31
1134.62
1134.92
1135.2
1135.47
1135.73
1135.98
1136.21
1136.43
1136.63
1136.82
1136.99
1137.13
1137.26
1137.36
1137.42
1137.46
1129
1129.03
1129.11
1129.21
1129.35
1129.52
1129.72
1129.94
1130.18
1130.44
1130.72
1131.01
1131.31
1131.63
1131.96
1132.29
1132.63
1132.97
1133.31
1133.65
1133.98
1134.3
1134.62
1134.92
1135.2
1135.48
1135.74
1135.98
1136.22
1136.44
1136.64
1136.83
1137
1137.15
1137.27
1137.37
1137.44
1137.48
1128.96
1129
1129.07
1129.18
1129.32
1129.49
1129.7
1129.92
1130.16
1130.42
1130.7
1130.99
1131.3
1131.61
1131.94
1132.28
1132.62
1132.97
1133.31
1133.65
1133.98
1134.3
1134.62
1134.92
1135.21
1135.48
1135.75
1135.99
1136.23
1136.45
1136.66
1136.85
1137.02
1137.17
1137.29
1137.39
1137.46
1137.51
1128.91
1128.95
1129.03
1129.14
1129.29
1129.46
1129.67
1129.9
1130.14
1130.41
1130.68
1130.97
1131.28
1131.6
1131.93
1132.27
1132.61
1132.96
1133.3
1133.64
1133.98
1134.3
1134.62
1134.92
1135.21
1135.49
1135.76
1136.01
1136.24
1136.47
1136.67
1136.86
1137.04
1137.19
1137.31
1137.41
1137.49
1137.54
1128.86
1128.89
1128.98
1129.1
1129.25
1129.43
1129.64
1129.87
1130.12
1130.38
1130.66
1130.95
1131.26
1131.58
1131.91
1132.25
1132.6
1132.95
1133.3
1133.64
1133.98
1134.31
1134.62
1134.93
1135.22
1135.5
1135.77
1136.02
1136.26
1136.48
1136.69
1136.88
1137.06
1137.21
1137.34
1137.44
1137.52
1137.57
1128.78
1128.83
1128.92
1129.05
1129.2
1129.39
1129.61
1129.85
1130.1
1130.36
1130.64
1130.93
1131.24
1131.56
1131.89
1132.24
1132.59
1132.94
1133.29
1133.64
1133.98
1134.31
1134.63
1134.94
1135.24
1135.52
1135.79
1136.04
1136.28
1136.5
1136.71
1136.9
1137.08
1137.23
1137.36
1137.47
1137.55
1137.6
1128.7
1128.76
1128.86
1128.99
1129.15
1129.34
1129.57
1129.82
1130.07
1130.34
1130.62
1130.91
1131.21
1131.53
1131.87
1132.22
1132.58
1132.94
1133.29
1133.64
1133.98
1134.32
1134.64
1134.95
1135.25
1135.54
1135.81
1136.06
1136.3
1136.53
1136.73
1136.93
1137.1
1137.26
1137.39
1137.5
1137.58
1137.64
1128.6
1128.67
1128.79
1128.93
1129.09
1129.29
1129.53
1129.79
1130.04
1130.31
1130.59
1130.88
1131.19
1131.51
1131.85
1132.2
1132.57
1132.93
1133.28
1133.64
1133.98
1134.32
1134.65
1134.97
1135.27
1135.56
1135.83
1136.09
1136.33
1136.55
1136.76
1136.95
1137.13
1137.28
1137.41
1137.53
1137.62
1137.69
1128.47
1128.58
1128.72
1128.86
1129.03
1129.23
1129.49
1129.76
1130.02
1130.28
1130.56
1130.86
1131.16
1131.48
1131.82
1132.18
1132.56
1132.92
1133.28
1133.64
1133.99
1134.33
1134.66
1134.98
1135.29
1135.58
1135.85
1136.11
1136.35
1136.58
1136.78
1136.98
1137.15
1137.31
1137.44
1137.56
1137.66
1137.73
1128.32
1128.48
1128.64
1128.79
1128.96
1129.17
1129.44
1129.73
1129.99
1130.26
1130.54
1130.83
1131.13
1131.45
1131.8
1132.16
1132.54
1132.92
1133.28
1133.63
1133.99
1134.34
1134.68
1135
1135.31
1135.6
1135.88
1136.14
1136.38
1136.6
1136.81
1137
1137.18
1137.33
1137.47
1137.59
1137.7
1137.78
1128.13
1128.37
1128.57
1128.73
1128.89
1129.11
1129.4
1129.7
1129.96
1130.23
1130.51
1130.8
1131.1
1131.42
1131.76
1132.14
1132.53
1132.91
1133.27
1133.63
1134
1134.35
1134.69
1135.02
1135.33
1135.63
1135.91
1136.17
1136.41
1136.64
1136.84
1137.03
1137.2
1137.36
1137.5
1137.62
1137.74
1137.83
1127.87
1128.26
1128.52
1128.67
1128.82
1129.04
1129.36
1129.68
1129.94
1130.2
1130.48
1130.77
1131.07
1131.38
1131.73
1132.12
1132.52
1132.91
1133.27
1133.63
1134
1134.36
1134.71
1135.04
1135.36
1135.66
1135.94
1136.2
1136.44
1136.67
1136.87
1137.06
1137.23
1137.38
1137.52
1137.65
1137.78
1137.88
1127.68
1128.18
1128.5
1128.63
1128.77
1128.98
1129.33
1129.69
1129.94
1130.18
1130.47
1130.76
1131.05
1131.36
1131.71
1132.09
1132.51
1132.9
1133.27
1133.63
1134.01
1134.37
1134.72
1135.06
1135.38
1135.69
1135.97
1136.24
1136.48
1136.7
1136.9
1137.09
1137.25
1137.41
1137.55
1137.68
1137.81
1137.93
737.597
742.076
744.597
746.686
748.782
750.977
753.241
755.532
757.837
760.166
762.537
764.98
767.532
770.238
773.146
776.309
779.787
783.645
787.951
792.775
798.189
804.271
811.104
818.783
827.411
837.103
847.973
860.138
873.722
888.87
905.744
924.511
945.31
968.227
993.299
1020.53
1049.87
1081.22
1114.3
1148.58
1183.23
1216.92
1247.48
1270.45
1281.61
1225.6
732.032
736.099
738.398
740.125
742.013
744.16
746.409
748.646
750.847
753.031
755.226
757.471
759.811
762.296
764.975
767.897
771.124
774.724
778.767
783.322
788.459
794.246
800.762
808.093
816.341
825.615
836.016
847.638
860.58
874.973
890.998
908.843
928.657
950.505
974.394
1000.32
1028.31
1058.37
1090.28
1123.48
1157.2
1190.22
1220.56
1244.69
1260.75
1294.64
726.564
728.998
730.562
731.535
733.231
735.571
737.984
740.238
742.351
744.392
746.416
748.467
750.603
752.885
755.363
758.074
761.073
764.437
768.243
772.561
777.454
782.982
789.207
796.21
804.092
812.963
822.909
833.983
846.236
859.786
874.856
891.702
910.489
931.216
953.836
978.324
1004.79
1033.49
1064.34
1096.74
1130.1
1163.73
1196.69
1228.3
1260.2
1308.09
660.256
602.083
602.409
619.281
649.883
680.148
701.449
715.069
724.322
731.049
736.057
739.842
742.834
745.384
747.677
749.922
752.412
755.243
758.503
762.264
766.593
771.538
777.148
783.502
790.727
798.973
808.329
818.769
830.231
842.781
856.757
872.588
890.507
910.167
931.532
954.448
979.139
1006.38
1036.26
1067.85
1100.69
1134.4
1168.21
1201.63
1235
1272.79
122.382
83.1721
82.9474
96.9257
130.59
176.642
222.045
261.489
296.647
329.426
360.07
388.239
414.193
438.628
462.116
483.099
501.056
519.663
539.466
560.851
584.056
609.012
635.424
663.272
693.1
725.189
757.933
787.474
810.251
825.414
837.385
851.377
868.248
886.656
906.69
927.717
950.095
975.932
1005.5
1036.48
1068.61
1102.02
1135.54
1168.52
1201.28
1235.94
2.02766
2.25129
2.2493
2.19864
2.19509
2.1946
2.1869
2.17773
2.17142
2.16936
2.1713
2.17663
2.18372
2.18493
2.15783
4.19213
10.0729
16.8191
24.7655
34.375
46.1703
60.6655
78.3724
100.193
128.339
167.143
222.063
295.864
386.994
494.566
606.692
717.211
809.751
862.584
882.415
898.911
915.728
939.154
969.989
1001.06
1032.78
1066.61
1099.92
1132.02
1164.14
1197.38
2.15017
2.15496
2.18479
2.2094
2.23487
2.25635
2.27368
2.28859
2.30239
2.31579
2.32929
2.34336
2.35831
2.37379
2.38824
2.39558
2.38522
2.36938
2.35827
2.35504
2.35975
2.37122
2.38777
2.40765
2.42926
2.45107
2.47153
2.491
2.51065
2.53533
19.0571
68.219
183.033
409.032
655.828
842.429
891.387
904.539
933.423
960.864
990.49
1026.63
1060.69
1091.57
1123
1155.52
2.13419
2.15834
2.17371
2.18862
2.20222
2.21519
2.2271
2.2381
2.24878
2.25961
2.27093
2.283
2.29612
2.31095
2.32939
2.35491
2.38238
2.40386
2.42143
2.43729
2.45266
2.46821
2.48438
2.50161
2.52044
2.5418
2.56739
2.6015
2.65472
2.73511
2.7421
2.56372
2.41873
2.39939
17.9612
60.0527
115.805
360.161
848.904
941.393
954.833
988.011
1019.06
1045.55
1076.41
1110.67
2.14021
2.14789
2.15926
2.1714
2.1832
2.19479
2.20584
2.21634
2.22659
2.2369
2.24753
2.25868
2.2706
2.28375
2.29904
2.31731
2.3362
2.35323
2.36885
2.38407
2.39962
2.41598
2.43345
2.45223
2.4726
2.49497
2.52004
2.54921
2.58529
2.63029
2.66736
2.69915
2.77627
2.89802
2.85115
2.42454
1.94245
9.11122
70.5551
133.462
365.164
876.891
1003.45
1011.51
1034.36
1067.06
2.12379
2.132
2.14236
2.15391
2.16526
2.1764
2.18726
2.19784
2.20827
2.21877
2.2295
2.24064
2.25234
2.26487
2.27851
2.29334
2.30856
2.32344
2.33806
2.35286
2.36826
2.38458
2.40203
2.42075
2.44093
2.46277
2.48655
2.51258
2.54106
2.57101
2.59409
2.60076
2.6039
2.64833
2.71388
2.76327
2.86118
2.83591
2.40072
1.62923
8.35003
93.2137
194.991
306.276
598.065
982.785
2.10548
2.1137
2.12373
2.13476
2.1455
2.15603
2.16642
2.17671
2.18698
2.19738
2.20803
2.21908
2.23064
2.24285
2.25582
2.26949
2.28354
2.29769
2.31196
2.32659
2.34182
2.35786
2.37487
2.39298
2.41229
2.43291
2.45492
2.47828
2.50264
2.52662
2.54619
2.56003
2.57841
2.5957
2.60622
2.59202
2.59618
2.67472
2.7491
2.81603
2.77689
2.36989
1.65567
1.3932
17.1813
66.2631
2.08452
2.09328
2.10309
2.11353
2.12364
2.13352
2.14334
2.15316
2.16306
2.17315
2.18351
2.19425
2.20545
2.2172
2.22952
2.24239
2.25564
2.26916
2.283
2.29727
2.31213
2.3277
2.34409
2.36136
2.37957
2.39873
2.41879
2.43956
2.46054
2.48069
2.49808
2.51244
2.5268
2.53897
2.54243
2.53242
2.52642
2.53547
2.51749
2.48942
2.55488
2.61486
2.65061
2.7676
2.63607
2.14006
2.06163
2.0707
2.08016
2.09
2.09951
2.1088
2.11808
2.12743
2.13691
2.1466
2.15658
2.16692
2.17766
2.18887
2.20056
2.2127
2.22524
2.23815
2.25145
2.26521
2.27953
2.29446
2.31005
2.32634
2.34332
2.36093
2.37906
2.39743
2.41557
2.43269
2.44777
2.4604
2.47126
2.4797
2.48262
2.47852
2.47262
2.46468
2.4413
2.41333
2.40788
2.37164
2.28038
2.25304
2.33178
2.31076
2.03692
2.04599
2.05489
2.06409
2.07302
2.08179
2.09059
2.0995
2.10857
2.11786
2.12744
2.13734
2.14761
2.15828
2.16938
2.1809
2.19282
2.20513
2.21785
2.23101
2.24466
2.25882
2.2735
2.2887
2.30438
2.32045
2.33674
2.35296
2.36868
2.3833
2.39614
2.40679
2.41517
2.42076
2.42216
2.41867
2.4121
2.40194
2.384
2.36133
2.33912
2.30261
2.25474
2.22851
2.20888
2.14205
2.01036
2.01912
2.02732
2.03584
2.04423
2.05255
2.06092
2.06943
2.07811
2.08702
2.09618
2.10565
2.11546
2.12563
2.1362
2.14715
2.15849
2.1702
2.1823
2.19479
2.20769
2.221
2.2347
2.24876
2.26313
2.27768
2.29222
2.30649
2.32008
2.33255
2.34337
2.35214
2.35855
2.36208
2.36195
2.35776
2.35006
2.33867
2.32199
2.30082
2.27668
2.24546
2.20941
2.17844
2.14659
2.09822
1.98195
1.99011
1.99757
2.00544
2.01333
2.02123
2.02923
2.03738
2.04571
2.05424
2.06301
2.07206
2.08142
2.09112
2.10118
2.1116
2.12237
2.13348
2.14493
2.1567
2.1688
2.1812
2.19388
2.20678
2.21984
2.23291
2.2458
2.25825
2.26993
2.28047
2.28946
2.29651
2.30125
2.30321
2.30188
2.29694
2.28846
2.27624
2.25959
2.23879
2.21449
2.18534
2.15237
2.11972
2.08592
2.04566
1.9517
1.95907
1.96585
1.97311
1.98055
1.98808
1.99575
2.00357
2.01156
2.01974
2.02813
2.03678
2.04571
2.05495
2.06452
2.07442
2.08463
2.09512
2.10589
2.11691
2.12816
2.13963
2.15127
2.16302
2.17478
2.18641
2.19772
2.20847
2.2184
2.2272
2.23453
2.24002
2.24331
2.24399
2.24167
2.23607
2.22706
2.21445
2.1979
2.17751
2.15355
2.12572
2.09477
2.06268
2.02935
1.99346
1.91968
1.9262
1.93238
1.93913
1.94615
1.95335
1.96071
1.96822
1.97589
1.98372
1.99175
2
2.00851
2.01731
2.0264
2.03577
2.0454
2.05526
2.06532
2.07556
2.08596
2.09648
2.10708
2.11768
2.12817
2.13841
2.14822
2.1574
2.16572
2.17294
2.17875
2.18283
2.18482
2.18439
2.18119
2.17497
2.16553
2.15269
2.13627
2.11631
2.09298
2.06636
2.03702
2.00607
1.97379
1.94029
1.88606
1.89173
1.89743
1.90374
1.9104
1.91728
1.92434
1.93156
1.93891
1.94641
1.95407
1.96193
1.97002
1.97836
1.98695
1.99578
2.00482
2.01402
2.02336
2.03281
2.04234
2.05192
2.06149
2.07096
2.08021
2.08911
2.0975
2.10522
2.11207
2.11785
2.12227
2.12505
2.12587
2.12442
2.12039
2.11354
2.10365
2.09057
2.0742
2.05459
2.03185
2.00617
1.97802
1.94814
1.91696
1.88502
1.85103
1.85594
1.86125
1.86718
1.87351
1.8801
1.88687
1.89378
1.90082
1.90797
1.91527
1.92272
1.93038
1.93824
1.94632
1.95459
1.96301
1.97153
1.98014
1.98878
1.99745
2.00609
2.01464
2.02301
2.03107
2.0387
2.04577
2.05214
2.05764
2.06207
2.06521
2.06677
2.06648
2.06405
2.05919
2.05166
2.04126
2.02786
2.01143
1.99199
1.96966
1.94462
1.91727
1.88821
1.85788
1.82689
1.8148
1.81907
1.82406
1.82967
1.8357
1.84199
1.84846
1.85507
1.86178
1.86858
1.87548
1.88252
1.88971
1.89707
1.90461
1.91229
1.92007
1.9279
1.93576
1.9436
1.95141
1.95914
1.9667
1.974
1.98093
1.98736
1.9932
1.9983
2.00254
2.00571
2.00762
2.00801
2.00663
2.00321
1.99749
1.98921
1.97821
1.9644
1.94775
1.92831
1.90615
1.88145
1.85457
1.82601
1.79616
1.7656
1.77759
1.78134
1.78605
1.79137
1.79711
1.80311
1.80928
1.81556
1.82193
1.82835
1.83485
1.84144
1.84814
1.85498
1.86194
1.869
1.87612
1.88326
1.89036
1.89742
1.90438
1.91121
1.91781
1.92409
1.92993
1.93524
1.93992
1.94384
1.94686
1.94882
1.94953
1.94876
1.94629
1.94185
1.93519
1.92608
1.9144
1.90006
1.88306
1.86341
1.84118
1.81654
1.7898
1.76139
1.73164
1.70107
1.73959
1.74293
1.74738
1.75243
1.75788
1.76358
1.76943
1.77538
1.78137
1.7874
1.79347
1.79958
1.80577
1.81205
1.81843
1.82486
1.83131
1.83774
1.8441
1.85038
1.85652
1.86247
1.86814
1.87343
1.87824
1.88248
1.88605
1.88881
1.89065
1.8914
1.89091
1.88898
1.88538
1.87988
1.87221
1.86221
1.84975
1.83478
1.81726
1.79721
1.77467
1.74981
1.72289
1.69426
1.66419
1.63315
1.70094
1.70396
1.70817
1.71296
1.71812
1.72351
1.72902
1.73461
1.74021
1.74582
1.75143
1.75705
1.76271
1.76842
1.77419
1.77999
1.78577
1.7915
1.79713
1.80263
1.80796
1.81305
1.81781
1.82215
1.82596
1.82917
1.83164
1.83327
1.83391
1.83346
1.83176
1.82864
1.82389
1.81726
1.80854
1.79756
1.78424
1.76851
1.75032
1.72967
1.70659
1.68124
1.65382
1.6246
1.5938
1.56188
1.66177
1.66454
1.66851
1.67304
1.67791
1.68297
1.68813
1.69333
1.69852
1.70368
1.70882
1.71393
1.71905
1.7242
1.72936
1.73452
1.73963
1.74467
1.74958
1.75432
1.75884
1.76308
1.76695
1.77034
1.77318
1.77535
1.77674
1.77721
1.77665
1.77497
1.77205
1.76772
1.76177
1.75397
1.74413
1.73213
1.71785
1.70124
1.68221
1.66075
1.63692
1.6108
1.58255
1.55239
1.52053
1.48744
1.62218
1.62475
1.62849
1.63275
1.63732
1.64203
1.64682
1.65161
1.65637
1.66108
1.66573
1.67033
1.67491
1.67949
1.68405
1.68857
1.69303
1.69737
1.70156
1.70554
1.70926
1.71265
1.71562
1.71809
1.71994
1.72107
1.72135
1.72065
1.71888
1.71596
1.71179
1.70621
1.69902
1.69001
1.67901
1.66591
1.65058
1.63294
1.61291
1.59046
1.56563
1.53848
1.50909
1.47767
1.44443
1.40979
1.58224
1.58465
1.58816
1.59216
1.59641
1.60077
1.60516
1.60953
1.61385
1.61809
1.62225
1.62634
1.63039
1.63439
1.63835
1.64224
1.64604
1.64969
1.65315
1.65637
1.65928
1.66182
1.6639
1.66542
1.66628
1.66635
1.66549
1.66361
1.66061
1.65644
1.65101
1.64414
1.63567
1.62539
1.61318
1.59889
1.5824
1.56359
1.54239
1.51876
1.49273
1.46428
1.4335
1.40057
1.36571
1.32937
1.54201
1.5443
1.54759
1.55133
1.55525
1.55924
1.56323
1.56717
1.57103
1.5748
1.57847
1.58205
1.58556
1.589
1.59236
1.59561
1.59873
1.60168
1.6044
1.60684
1.60894
1.61062
1.61179
1.61236
1.6122
1.61119
1.6092
1.60612
1.6019
1.59648
1.58974
1.58156
1.57175
1.56017
1.54666
1.53109
1.5133
1.49318
1.47064
1.44567
1.41821
1.38825
1.35584
1.32118
1.28451
1.2462
1.50156
1.50374
1.50682
1.51029
1.51389
1.51752
1.5211
1.5246
1.52801
1.5313
1.53447
1.53754
1.54051
1.54338
1.54612
1.54873
1.55117
1.5534
1.55536
1.55701
1.55828
1.55908
1.55934
1.55894
1.55775
1.55565
1.55251
1.54826
1.54281
1.53611
1.52806
1.51851
1.50733
1.49438
1.47949
1.46252
1.44331
1.42173
1.39772
1.37121
1.34214
1.31047
1.27625
1.23968
1.20097
1.16049
1.46093
1.46302
1.46589
1.46911
1.47239
1.47565
1.47882
1.48189
1.48484
1.48765
1.49034
1.49289
1.49531
1.49759
1.49971
1.50166
1.5034
1.50489
1.50608
1.50692
1.50734
1.50726
1.50659
1.50521
1.50298
1.49978
1.49551
1.49007
1.4834
1.47542
1.46602
1.45508
1.44249
1.4281
1.41175
1.39327
1.3725
1.34933
1.32369
1.29549
1.26464
1.23108
1.1949
1.15625
1.11534
1.07252
1.42015
1.42217
1.42484
1.42781
1.43079
1.43368
1.43646
1.4391
1.44159
1.44393
1.44612
1.44814
1.45
1.45169
1.45318
1.45445
1.45548
1.45623
1.45663
1.45663
1.45618
1.4552
1.45358
1.45121
1.44794
1.44366
1.43826
1.43165
1.42375
1.41447
1.40371
1.39136
1.37731
1.36142
1.34351
1.32342
1.30099
1.27612
1.24872
1.21868
1.18589
1.1503
1.11199
1.07108
1.02777
0.98239
1.37926
1.38121
1.3837
1.38643
1.38911
1.39166
1.39405
1.39627
1.39832
1.40018
1.40187
1.40336
1.40466
1.40574
1.40658
1.40718
1.40749
1.40747
1.40707
1.40622
1.40488
1.40298
1.4004
1.39704
1.39273
1.38737
1.38085
1.37307
1.36394
1.35335
1.34121
1.32743
1.31188
1.29443
1.2749
1.25311
1.22893
1.20227
1.17299
1.14097
1.1061
1.06835
1.02776
0.98443
0.938545
0.890474
1.33828
1.34017
1.34248
1.34499
1.34738
1.3496
1.35162
1.35343
1.35504
1.35644
1.35763
1.35859
1.35932
1.3598
1.36
1.35992
1.35951
1.35872
1.35749
1.35578
1.35353
1.35069
1.34715
1.34278
1.33744
1.33101
1.32337
1.31441
1.30404
1.29214
1.27862
1.26338
1.24631
1.22726
1.20605
1.18251
1.15653
1.12797
1.09671
1.0626
1.02554
0.9855
0.942482
0.896586
0.848013
0.797164
1.29724
1.29907
1.30122
1.3035
1.30563
1.30753
1.30919
1.31061
1.3118
1.31274
1.31344
1.31388
1.31405
1.31392
1.3135
1.31273
1.3116
1.31003
1.30797
1.30538
1.30222
1.29843
1.29392
1.28855
1.28217
1.27466
1.2659
1.25577
1.24415
1.23093
1.21603
1.19933
1.18073
1.16004
1.13712
1.11181
1.08396
1.05344
1.02011
0.983819
0.944482
0.902037
0.856483
0.807924
0.756603
0.702939
1.25618
1.25794
1.25992
1.262
1.26386
1.26546
1.26678
1.26783
1.26861
1.26911
1.26933
1.26926
1.26888
1.26818
1.26712
1.26569
1.26382
1.26147
1.25858
1.25512
1.25104
1.24631
1.24082
1.23444
1.22702
1.21844
1.20856
1.19724
1.18438
1.16985
1.15356
1.13541
1.11526
1.09294
1.06829
1.04117
1.01142
0.978895
0.943434
0.904908
0.863221
0.818304
0.770156
0.718913
0.664859
0.608445
1.21512
1.21681
1.21864
1.2205
1.22212
1.22343
1.22443
1.22512
1.2255
1.22558
1.22535
1.22478
1.22387
1.22259
1.22092
1.21882
1.21624
1.21311
1.20939
1.20506
1.20008
1.19442
1.18795
1.18056
1.1721
1.16244
1.15143
1.13894
1.12483
1.109
1.09135
1.07174
1.05004
1.02608
0.999711
0.970769
0.939101
0.904538
0.866926
0.826142
0.782084
0.734681
0.683955
0.630083
0.573388
0.514341
1.17411
1.17572
1.17739
1.17906
1.18043
1.18146
1.18215
1.1825
1.18251
1.18218
1.1815
1.18046
1.17904
1.1772
1.17492
1.17217
1.16888
1.16499
1.16047
1.15529
1.14943
1.14284
1.13541
1.12701
1.11751
1.10676
1.09464
1.08098
1.06564
1.04853
1.02951
1.00847
0.985225
0.95963
0.931531
0.900772
0.867183
0.830591
0.790846
0.747829
0.701434
0.651603
0.598387
0.542003
0.482811
0.421308
1.1332
1.13471
1.13623
1.1377
1.13884
1.1396
1.13999
1.14001
1.13966
1.13894
1.13784
1.13634
1.13441
1.13203
1.12917
1.12578
1.1218
1.11717
1.11186
1.10588
1.09917
1.09167
1.08329
1.07389
1.06335
1.05155
1.03832
1.0235
1.00695
0.988565
0.968206
0.945722
0.920946
0.893726
0.863917
0.831363
0.795885
0.757308
0.715491
0.670314
0.621675
0.569533
0.513976
0.455254
0.393764
0.330054
1.09242
1.09384
1.0952
1.09648
1.09739
1.0979
1.098
1.0977
1.097
1.0959
1.09438
1.09243
1.09001
1.0871
1.08368
1.07967
1.07502
1.06968
1.06364
1.05688
1.04935
1.04098
1.03167
1.0213
1.00977
0.99693
0.98261
0.966649
0.948909
0.929264
0.90757
0.883658
0.857363
0.828546
0.797069
0.76277
0.725466
0.684986
0.641194
0.593973
0.543226
0.488934
0.431221
0.370372
0.30683
0.241209
1.05183
1.05314
1.05436
1.05545
1.05614
1.0564
1.05622
1.05561
1.05456
1.05309
1.05116
1.04877
1.04588
1.04246
1.03848
1.03388
1.02859
1.02258
1.01584
1.00834
1.00004
0.990834
0.980643
0.969363
0.956875
0.943027
0.927644
0.910562
0.891645
0.870759
0.847744
0.822425
0.794649
0.764288
0.731211
0.695246
0.656209
0.613938
0.568304
0.519187
0.466497
0.410242
0.350584
0.287844
0.222516
0.155295
1.01148
1.01267
1.01375
1.01465
1.01512
1.01513
1.01468
1.01376
1.01238
1.01055
1.00823
1.00541
1.00207
0.998158
0.99364
0.988457
0.982559
0.975919
0.968524
0.96034
0.951299
0.941315
0.9303
0.918158
0.904762
0.889945
0.873526
0.85535
0.835282
0.813179
0.788871
0.762186
0.732989
0.701166
0.666578
0.629048
0.588398
0.544478
0.497158
0.446311
0.391859
0.333844
0.272467
0.208085
0.141258
0.0727758
0.971384
0.972457
0.9734
0.974111
0.974372
0.97414
0.973414
0.972203
0.970506
0.968318
0.965625
0.962404
0.958619
0.954232
0.949196
0.943461
0.936986
0.929756
0.921754
0.912933
0.903213
0.892507
0.88073
0.867784
0.853526
0.837776
0.820356
0.80112
0.779938
0.756656
0.7311
0.703115
0.672583
0.639396
0.603405
0.564431
0.522309
0.476897
0.428054
0.375648
0.319619
0.260051
0.197181
0.131406
0.06336
-0.00606765
0.931592
0.932538
0.933344
0.933869
0.933918
0.933449
0.932465
0.930971
0.928969
0.926448
0.923398
0.919789
0.915582
0.910734
0.905202
0.898944
0.891934
0.884162
0.875606
0.866202
0.855862
0.844496
0.832019
0.818321
0.803242
0.786598
0.768219
0.747972
0.725725
0.701321
0.67459
0.645398
0.613641
0.579203
0.541927
0.501643
0.458198
0.41145
0.36124
0.307438
0.25002
0.189109
0.124969
0.0580393
-0.0109664
-0.0810661
0.892125
0.892938
0.893608
0.893948
0.89379
0.893095
0.891866
0.890106
0.887815
0.884981
0.88159
0.877611
0.873
0.867714
0.861714
0.854971
0.847472
0.839211
0.830153
0.820221
0.809319
0.797352
0.78423
0.769827
0.75397
0.736476
0.717194
0.696
0.672761
0.647317
0.619512
0.589229
0.556367
0.520799
0.482364
0.440908
0.396287
0.348345
0.296912
0.241877
0.183259
0.121209
0.0560122
-0.0118507
-0.081588
-0.152149
0.853007
0.85368
0.854215
0.854374
0.854019
0.853111
0.851653
0.849647
0.847085
0.843956
0.840243
0.835913
0.83092
0.825225
0.818794
0.811611
0.803673
0.794974
0.785465
0.775056
0.763642
0.751129
0.737412
0.722349
0.705761
0.687476
0.667362
0.645303
0.621164
0.594785
0.566027
0.53478
0.500937
0.464359
0.424896
0.382407
0.336749
0.287747
0.235234
0.179136
0.119507
0.0565135
-0.00954816
-0.0781517
-0.148451
-0.219368
0.814261
0.814791
0.815192
0.815176
0.814634
0.813529
0.811859
0.809624
0.806809
0.803402
0.799388
0.794732
0.789389
0.783322
0.776505
0.768931
0.760605
0.751514
0.741596
0.730753
0.718876
0.705863
0.691598
0.675925
0.658664
0.639662
0.618803
0.595975
0.57104
0.543846
0.514261
0.482176
0.447472
0.410009
0.36965
0.326269
0.279709
0.229785
0.176349
0.119367
0.058916
-0.00484314
-0.0715982
-0.140787
-0.211545
-0.282799
0.775913
0.776295
0.776569
0.776384
0.775665
0.774376
0.772511
0.770061
0.76701
0.763346
0.759054
0.754102
0.748448
0.742053
0.7349
0.726987
0.718321
0.708878
0.69859
0.687351
0.675052
0.661584
0.64682
0.630592
0.61273
0.593098
0.571591
0.5481
0.522483
0.494594
0.464306
0.431502
0.396055
0.357833
0.316718
0.272585
0.225265
0.174572
0.12039
0.0627137
0.00161663
-0.062747
-0.130049
-0.199714
-0.270895
-0.342538
0.737986
0.738222
0.738371
0.738025
0.73714
0.735678
0.733631
0.730981
0.727711
0.723812
0.719273
0.714062
0.708138
0.701464
0.694024
0.685822
0.676858
0.667104
0.65648
0.644882
0.632201
0.618324
0.603113
0.586398
0.568019
0.547855
0.525808
0.501763
0.475577
0.447107
0.416227
0.382816
0.346746
0.3079
0.266176
0.221443
0.17352
0.122233
0.0674935
0.00930479
-0.0522763
-0.117101
-0.18483
-0.254903
-0.326519
-0.39865
0.700502
0.700594
0.700622
0.700123
0.699081
0.697456
0.695238
0.692404
0.688937
0.684829
0.680074
0.674644
0.668494
0.661587
0.653908
0.645462
0.636243
0.626213
0.615291
0.603373
0.590354
0.57612
0.560524
0.543399
0.524596
0.504005
0.481524
0.457031
0.430381
0.401435
0.370072
0.336169
0.299608
0.260289
0.218115
0.172946
0.124593
0.0728972
0.0177847
-0.0407509
-0.102672
-0.167829
-0.235891
-0.306338
-0.378432
-0.451176
0.663474
0.663431
0.663342
0.662695
0.661504
0.659728
0.65735
0.654349
0.650705
0.646419
0.641486
0.635876
0.629542
0.622446
0.614574
0.605926
0.596491
0.586226
0.575045
0.562851
0.549546
0.535015
0.519105
0.501654
0.482522
0.461603
0.438788
0.413942
0.386925
0.35761
0.32588
0.291621
0.254723
0.215098
0.172645
0.12721
0.078603
0.0266758
-0.0286428
-0.0873768
-0.149502
-0.214876
-0.283191
-0.353994
-0.426619
-0.500118
0.626916
0.626744
0.626542
0.625755
0.624423
0.622506
0.619982
0.61683
0.613035
0.608601
0.603527
0.597779
0.591305
0.584065
0.576044
0.567237
0.55763
0.547171
0.535777
0.523361
0.509831
0.495069
0.47892
0.461225
0.441853
0.420695
0.397631
0.372521
0.345236
0.315666
0.283706
0.249247
0.212183
0.172427
0.129866
0.0843315
0.0356361
-0.0163593
-0.0717303
-0.130519
-0.192713
-0.258184
-0.326673
-0.397806
-0.470998
-0.545369
0.590837
0.590541
0.590233
0.589315
0.587851
0.585802
0.583147
0.579863
0.575942
0.571394
0.566216
0.560371
0.553802
0.546465
0.538341
0.529423
0.519689
0.509083
0.49753
0.484953
0.471266
0.456344
0.44003
0.42217
0.402639
0.381323
0.358091
0.332809
0.305365
0.275671
0.243631
0.209135
0.172075
0.132353
0.0898423
0.0443632
-0.004266
-0.0561734
-0.111441
-0.170131
-0.232246
-0.297686
-0.366261
-0.43768
-0.511447
-0.586754
0.555243
0.554831
0.554424
0.553383
0.551799
0.54963
0.546858
0.543464
0.539446
0.534817
0.529574
0.523672
0.517049
0.509658
0.501478
0.492496
0.482685
0.471988
0.460338
0.447669
0.433893
0.41888
0.402472
0.384524
0.364915
0.343524
0.320216
0.294867
0.267388
0.23771
0.20574
0.171359
0.134453
0.0949135
0.0525952
0.00731511
-0.0410948
-0.0927518
-0.14775
-0.206172
-0.268045
-0.333314
-0.401862
-0.473494
-0.547795
-0.624026
0.520139
0.51962
0.519123
0.517971
0.516278
0.514004
0.511134
0.507653
0.503568
0.498893
0.493619
0.487696
0.481057
0.473653
0.465461
0.456465
0.446631
0.435902
0.424222
0.411528
0.397728
0.382685
0.36625
0.34829
0.328689
0.307318
0.28404
0.258746
0.231369
0.201847
0.170082
0.135949
0.09933
0.0601039
0.0181125
-0.0268229
-0.0748506
-0.126082
-0.180628
-0.238602
-0.300059
-0.364999
-0.433391
-0.505131
-0.579875
-0.656957
0.48553
0.484919
0.484338
0.483087
0.481299
0.478939
0.475992
0.472454
0.468334
0.463646
0.458371
0.452458
0.445836
0.438457
0.430298
0.421338
0.411536
0.400837
0.38919
0.37653
0.362758
0.347742
0.331346
0.313456
0.293955
0.272708
0.249578
0.22447
0.197329
0.168093
0.136654
0.102891
0.0666853
0.0279037
-0.0136201
-0.0580528
-0.105522
-0.156142
-0.210051
-0.26739
-0.328252
-0.392698
-0.460787
-0.532492
-0.607544
-0.685373
0.451423
0.450733
0.450079
0.448741
0.446877
0.444451
0.441453
0.437887
0.433761
0.429086
0.423838
0.417961
0.411389
0.404075
0.395994
0.387118
0.377401
0.366789
0.355229
0.342652
0.328958
0.314026
0.297747
0.280016
0.260713
0.239698
0.216833
0.192035
0.165254
0.13642
0.105427
0.0721591
0.0364997
-0.00169703
-0.0426021
-0.0863647
-0.133098
-0.182927
-0.236019
-0.292542
-0.352627
-0.416408
-0.484016
-0.555493
-0.630657
-0.709053
0.417824
0.417074
0.416356
0.414947
0.413027
0.410556
0.407533
0.403963
0.399855
0.395215
0.390015
0.384203
0.377715
0.370506
0.362547
0.353798
0.344209
0.333729
0.322302
0.309856
0.296297
0.281528
0.265455
0.24798
0.228974
0.208288
0.185796
0.161423
0.135116
0.1068
0.0763758
0.043738
0.00876401
-0.0287052
-0.0688387
-0.111768
-0.157597
-0.206468
-0.258569
-0.314092
-0.373218
-0.436139
-0.503046
-0.574045
-0.649051
-0.727731
0.384741
0.383947
0.38318
0.381715
0.379758
0.377263
0.374236
0.370682
0.366612
0.362026
0.356901
0.351185
0.344817
0.337751
0.329945
0.321355
0.311929
0.301619
0.290369
0.27811
0.264762
0.250245
0.234475
0.217349
0.198728
0.178465
0.156447
0.132606
0.106884
0.0792062
0.0494803
0.0176054
-0.0165504
-0.0531556
-0.0923707
-0.134311
-0.179079
-0.226825
-0.277755
-0.332089
-0.390051
-0.451882
-0.517816
-0.588025
-0.662523
-0.741105
0.35218
0.351356
0.350564
0.34905
0.347072
0.344571
0.341557
0.338038
0.334024
0.329518
0.324496
0.318909
0.312693
0.305796
0.298166
0.289757
0.280523
0.270422
0.2594
0.247397
0.234345
0.220173
0.204795
0.188098
0.16994
0.150186
0.12874
0.105535
0.0805118
0.0535924
0.0246905
-0.00629767
-0.0395131
-0.0751239
-0.113278
-0.154079
-0.197627
-0.244075
-0.293641
-0.346577
-0.403145
-0.463615
-0.528261
-0.597321
-0.670898
-0.748919
0.320144
0.319286
0.318523
0.316949
0.31496
0.312467
0.309482
0.306018
0.302085
0.297686
0.292797
0.287365
0.281322
0.274606
0.267166
0.25896
0.249955
0.240111
0.229382
0.217713
0.205041
0.191296
0.176384
0.160183
0.14256
0.123398
0.102614
0.0801449
0.055926
0.0298802
0.00191893
-0.0280682
-0.0602243
-0.094709
-0.131659
-0.171169
-0.213332
-0.258297
-0.306297
-0.357613
-0.41253
-0.471346
-0.534373
-0.601903
-0.674118
-0.751085
0.288639
0.28768
0.287098
0.285403
0.283404
0.280934
0.277999
0.274614
0.270788
0.266521
0.261786
0.256524
0.250661
0.244136
0.236903
0.228935
0.220206
0.210682
0.200315
0.189054
0.176836
0.163584
0.149197
0.133555
0.116536
0.0980433
0.0780032
0.0563565
0.0330395
0.00797263
-0.0189411
-0.0478177
-0.078794
-0.112017
-0.147616
-0.185677
-0.226281
-0.269573
-0.315802
-0.365269
-0.418276
-0.475144
-0.536216
-0.601819
-0.672209
-0.74758
0.257724
0.256711
0.256012
0.254382
0.252389
0.249959
0.247098
0.243814
0.240117
0.235999
0.231428
0.226341
0.220666
0.214349
0.207358
0.199676
0.191282
0.182138
0.172194
0.1614
0.149692
0.136987
0.123179
0.108155
0.0918104
0.0740588
0.0548365
0.0340926
0.0117673
-0.0122262
-0.0379974
-0.065662
-0.0953419
-0.127171
-0.16127
-0.197717
-0.23658
-0.278011
-0.322271
-0.369669
-0.420517
-0.475151
-0.533923
-0.597184
-0.665238
-0.738374
0.227259
0.22627
0.225479
0.223873
0.221904
0.219532
0.216764
0.2136
0.210043
0.206082
0.201679
0.196777
0.191311
0.185237
0.178536
0.171195
0.163187
0.154468
0.14499
0.134706
0.12355
0.111434
0.0982575
0.0839158
0.0683139
0.0513736
0.0330411
0.0132779
-0.00797404
-0.0308145
-0.0553633
-0.0817258
-0.110002
-0.140311
-0.172765
-0.207431
-0.24438
-0.283777
-0.325886
-0.37101
-0.419463
-0.471579
-0.527701
-0.588183
-0.653359
-0.723572
0.197278
0.196298
0.195461
0.193868
0.191934
0.189637
0.186974
0.183939
0.180527
0.176727
0.172506
0.167812
0.162589
0.156804
0.150441
0.143484
0.135896
0.127634
0.118656
0.108914
0.0983456
0.0868618
0.0743677
0.0607688
0.0459748
0.0299111
0.0125353
-0.00617848
-0.0262898
-0.0479121
-0.0711665
-0.0961386
-0.122906
-0.151574
-0.182245
-0.214983
-0.249871
-0.287084
-0.326875
-0.369531
-0.415361
-0.464679
-0.517801
-0.575078
-0.636844
-0.703486
0.167767
0.166786
0.165928
0.16435
0.162464
0.160249
0.157696
0.154794
0.151535
0.147909
0.143892
0.139438
0.134496
0.129039
0.123049
0.116504
0.109365
0.10159
0.0931427
0.0839782
0.0740299
0.0632153
0.05145
0.0386473
0.024715
0.00958005
-0.00678694
-0.0243985
-0.0433155
-0.0636574
-0.0855372
-0.109021
-0.134172
-0.161085
-0.189854
-0.220545
-0.253254
-0.28815
-0.325465
-0.365469
-0.408457
-0.454712
-0.504519
-0.558216
-0.616126
-0.678658
0.138709
0.137725
0.13686
0.135301
0.133467
0.131336
0.128897
0.126134
0.12304
0.119611
0.115826
0.111639
0.107007
0.101903
0.0963122
0.0902061
0.0835451
0.0762902
0.068406
0.0598453
0.050543
0.0404282
0.0294307
0.017466
0.00443562
-0.00973168
-0.0250484
-0.0415119
-0.0591807
-0.0781726
-0.0985901
-0.120489
-0.143926
-0.168987
-0.195755
-0.224302
-0.254729
-0.287189
-0.321884
-0.35907
-0.39902
-0.441983
-0.488219
-0.538043
-0.591747
-0.649744
0.110088
0.1091
0.108235
0.106696
0.104915
0.102871
0.10055
0.0979373
0.0950258
0.0918121
0.0882742
0.0843709
0.0800657
0.075339
0.0701735
0.0645365
0.0583841
0.0516758
0.0443743
0.0364323
0.0277934
0.0184043
0.00820709
-0.00288572
-0.0149798
-0.0281391
-0.0423567
-0.0576174
-0.0739772
-0.09155
-0.11043
-0.130668
-0.152315
-0.17544
-0.200121
-0.226439
-0.254496
-0.284417
-0.316377
-0.350614
-0.387373
-0.426872
-0.469348
-0.515077
-0.564304
-0.617421
0.0818887
0.0808966
0.0800364
0.0785162
0.07679
0.0748357
0.0726398
0.0701846
0.0674636
0.0644712
0.0611864
0.0575771
0.0536183
0.0492948
0.0445825
0.0394378
0.03381
0.0276583
0.0209471
0.0136347
0.00567827
-0.00295881
-0.0123271
-0.0225183
-0.0336385
-0.0457383
-0.0587962
-0.0727939
-0.0877886
-0.103888
-0.121176
-0.139696
-0.159484
-0.180596
-0.203113
-0.22713
-0.252743
-0.28005
-0.309201
-0.340404
-0.373868
-0.409787
-0.448364
-0.489831
-0.534385
-0.582374
0.0540951
0.0531026
0.0522499
0.0507447
0.0490747
0.0472134
0.0451437
0.0428469
0.0403154
0.0375445
0.0345201
0.0312223
0.0276337
0.0237341
0.0194856
0.0148341
0.00972964
0.0041385
-0.00196901
-0.00862955
-0.0158768
-0.0237363
-0.0322535
-0.041518
-0.0516269
-0.0626172
-0.0744627
-0.0871503
-0.100737
-0.115317
-0.130962
-0.147704
-0.165567
-0.1846
-0.204893
-0.226553
-0.249664
-0.274308
-0.300605
-0.328718
-0.358822
-0.391086
-0.425678
-0.462782
-0.502559
-0.545311
0.0266879
0.0257023
0.0248572
0.0233585
0.0217434
0.019971
0.0180221
0.01588
0.0135392
0.0109996
0.00825528
0.00529114
0.00208597
-0.00139207
-0.00519042
-0.00936078
-0.0139406
-0.0189537
-0.0244301
-0.0304098
-0.0369234
-0.0439878
-0.0516403
-0.0599607
-0.0690322
-0.0788816
-0.0894836
-0.100828
-0.112963
-0.12597
-0.139911
-0.154815
-0.170698
-0.18761
-0.205645
-0.224907
-0.245475
-0.267416
-0.29082
-0.315806
-0.342514
-0.371089
-0.401667
-0.4344
-0.469413
-0.506972
-0.000361458
-0.00132302
-0.00216534
-0.00367633
-0.00524673
-0.00694282
-0.00877877
-0.0107653
-0.0129033
-0.0151903
-0.0176342
-0.0202566
-0.0230875
-0.0261636
-0.0295267
-0.0332143
-0.0372509
-0.0416611
-0.0464849
-0.0517684
-0.0575365
-0.0637955
-0.0705732
-0.0779376
-0.085957
-0.0946483
-0.103984
-0.11395
-0.124584
-0.135959
-0.148141
-0.161161
-0.175034
-0.189809
-0.20557
-0.22241
-0.240401
-0.259604
-0.280081
-0.301914
-0.325218
-0.350113
-0.376711
-0.405136
-0.435481
-0.467958
-0.0270902
-0.0279776
-0.0288361
-0.030399
-0.0319416
-0.0335758
-0.0353029
-0.0371268
-0.0390479
-0.0410705
-0.0432135
-0.0455069
-0.0479805
-0.0506624
-0.053582
-0.0567668
-0.0602427
-0.0640437
-0.0682174
-0.0728053
-0.0778206
-0.0832622
-0.0891529
-0.0955491
-0.102502
-0.110015
-0.118057
-0.126607
-0.135698
-0.145402
-0.155791
-0.166899
-0.178749
-0.191382
-0.204865
-0.219267
-0.234659
-0.251098
-0.268625
-0.287297
-0.307209
-0.328462
-0.351152
-0.37537
-0.401169
-0.428695
-0.0534077
-0.0543343
-0.055173
-0.0568485
-0.0583761
-0.0599561
-0.0615742
-0.063232
-0.0649372
-0.0667062
-0.0685665
-0.0705454
-0.0726624
-0.074936
-0.0773925
-0.080064
-0.082984
-0.0861906
-0.0897243
-0.0936133
-0.0978635
-0.102475
-0.107469
-0.112885
-0.118754
-0.125068
-0.131792
-0.138905
-0.146435
-0.154452
-0.163028
-0.172208
-0.182025
-0.192514
-0.203713
-0.215671
-0.228454
-0.242115
-0.256682
-0.272195
-0.288735
-0.306395
-0.325255
-0.345379
-0.366779
-0.389534
-0.0792668
-0.0804189
-0.0811754
-0.0830634
-0.0845785
-0.0861054
-0.0876159
-0.0891142
-0.0906187
-0.0921536
-0.0937441
-0.0954081
-0.0971578
-0.0990125
-0.101005
-0.103173
-0.105552
-0.108172
-0.111062
-0.114243
-0.117721
-0.121503
-0.125601
-0.130033
-0.134809
-0.139912
-0.145308
-0.150976
-0.156943
-0.163275
-0.170041
-0.177294
-0.185074
-0.193412
-0.202321
-0.211831
-0.221998
-0.232872
-0.244473
-0.256837
-0.270036
-0.284157
-0.299269
-0.315417
-0.332583
-0.350815
-0.104621
-0.106303
-0.106859
-0.109105
-0.110593
-0.112065
-0.113471
-0.114819
-0.116134
-0.117441
-0.11876
-0.120105
-0.121489
-0.122935
-0.124478
-0.126154
-0.127993
-0.130024
-0.132267
-0.134741
-0.137459
-0.140424
-0.143636
-0.147089
-0.150771
-0.154658
-0.158719
-0.162943
-0.167365
-0.172041
-0.177026
-0.18237
-0.188125
-0.194314
-0.200931
-0.207988
-0.21553
-0.223603
-0.232238
-0.241474
-0.251378
-0.262025
-0.273483
-0.285789
-0.298919
-0.312891
-0.129545
-0.132101
-0.132222
-0.135057
-0.136482
-0.137896
-0.1392
-0.140399
-0.141522
-0.142596
-0.14364
-0.144669
-0.145701
-0.146754
-0.147855
-0.149041
-0.150345
-0.151796
-0.153407
-0.155191
-0.157163
-0.159325
-0.16166
-0.164137
-0.166725
-0.169392
-0.172124
-0.17493
-0.177847
-0.180911
-0.184157
-0.187632
-0.191391
-0.195451
-0.199785
-0.204389
-0.2093
-0.214572
-0.220254
-0.226395
-0.233058
-0.240309
-0.248209
-0.256799
-0.266066
-0.276018
-0.154052
-0.158036
-0.157192
-0.161013
-0.16232
-0.163667
-0.164866
-0.16591
-0.166834
-0.167668
-0.168434
-0.169153
-0.169841
-0.170506
-0.171172
-0.171881
-0.172672
-0.173564
-0.17456
-0.175669
-0.176908
-0.178275
-0.179735
-0.181237
-0.182738
-0.184212
-0.185655
-0.187091
-0.188548
-0.190044
-0.191598
-0.193255
-0.195064
-0.197025
-0.199101
-0.201274
-0.203579
-0.206079
-0.208842
-0.211928
-0.215397
-0.219315
-0.223746
-0.22874
-0.234288
-0.24039
-0.177294
-0.18465
-0.181728
-0.187114
-0.188212
-0.18946
-0.19054
-0.191415
-0.192126
-0.192705
-0.193187
-0.193597
-0.193945
-0.19423
-0.194475
-0.194724
-0.195019
-0.195369
-0.19577
-0.196226
-0.19675
-0.197328
-0.197914
-0.198454
-0.198906
-0.199242
-0.199459
-0.199579
-0.199629
-0.199614
-0.199536
-0.199432
-0.199335
-0.19924
-0.199103
-0.198903
-0.198668
-0.198464
-0.198368
-0.198449
-0.198773
-0.199411
-0.200442
-0.201935
-0.203898
-0.206323
-0.197115
-0.21282
-0.206161
-0.213595
-0.21433
-0.215389
-0.216303
-0.216972
-0.217435
-0.217738
-0.217926
-0.218029
-0.218042
-0.217955
-0.217787
-0.217588
-0.217402
-0.217236
-0.217076
-0.216912
-0.216738
-0.216533
-0.216258
-0.21587
-0.215325
-0.214587
-0.213646
-0.212528
-0.211246
-0.209791
-0.20815
-0.206346
-0.204403
-0.202311
-0.200036
-0.197557
-0.194892
-0.192094
-0.189228
-0.186367
-0.183599
-0.181025
-0.178746
-0.176844
-0.175345
-0.174254
-0.212971
-0.242737
-0.231005
-0.240615
-0.240837
-0.241569
-0.242232
-0.242631
-0.2428
-0.242802
-0.242687
-0.242477
-0.242154
-0.241697
-0.241126
-0.240501
-0.239867
-0.23922
-0.23853
-0.237768
-0.236916
-0.235953
-0.234851
-0.233576
-0.232083
-0.230335
-0.228319
-0.226046
-0.223514
-0.220696
-0.217572
-0.21415
-0.210444
-0.206453
-0.202156
-0.197528
-0.192565
-0.187296
-0.181776
-0.176089
-0.170346
-0.164672
-0.159196
-0.154023
-0.149197
-0.144734
-0.229159
-0.274762
-0.2562
-0.268009
-0.267831
-0.268107
-0.268402
-0.26845
-0.268272
-0.267937
-0.267495
-0.266957
-0.266292
-0.265476
-0.264533
-0.263519
-0.262468
-0.261361
-0.260158
-0.258823
-0.25733
-0.255653
-0.25377
-0.251658
-0.249282
-0.246597
-0.24358
-0.240228
-0.236524
-0.232434
-0.227924
-0.222992
-0.217651
-0.211903
-0.205729
-0.199098
-0.19199
-0.184413
-0.176414
-0.168085
-0.159553
-0.150965
-0.142464
-0.134178
-0.126174
-0.11848
-0.24644
-0.31897
-0.284343
-0.296249
-0.295637
-0.295158
-0.294835
-0.294381
-0.293769
-0.293047
-0.292249
-0.291371
-0.290373
-0.289228
-0.287954
-0.286585
-0.285136
-0.283583
-0.281891
-0.280022
-0.277939
-0.275609
-0.273017
-0.270147
-0.26696
-0.263409
-0.259472
-0.255132
-0.250355
-0.245094
-0.239318
-0.233024
-0.226217
-0.218892
-0.211022
-0.202571
-0.193515
-0.183859
-0.173647
-0.162971
-0.151954
-0.140743
-0.129492
-0.118346
-0.107413
-0.0967382
-0.228268
-0.411875
-0.329539
-0.328708
-0.325319
-0.323135
-0.321671
-0.320461
-0.319308
-0.31816
-0.316993
-0.315778
-0.314466
-0.313025
-0.311452
-0.309755
-0.307929
-0.305955
-0.303803
-0.301436
-0.298813
-0.295899
-0.292674
-0.289116
-0.285191
-0.28086
-0.276092
-0.270852
-0.265097
-0.258788
-0.251897
-0.244409
-0.236315
-0.227599
-0.218232
-0.208181
-0.197431
-0.185994
-0.173912
-0.161264
-0.14816
-0.134736
-0.12115
-0.10757
-0.0941581
-0.0811171
-0.118704
-0.561134
-0.39863
-0.368504
-0.358538
-0.353631
-0.350628
-0.348504
-0.346765
-0.345184
-0.343648
-0.342089
-0.340458
-0.338719
-0.336845
-0.334819
-0.33262
-0.330223
-0.3276
-0.32472
-0.321552
-0.31806
-0.314213
-0.309982
-0.305334
-0.300231
-0.294633
-0.288504
-0.281809
-0.274504
-0.266553
-0.257933
-0.248621
-0.238592
-0.227822
-0.216292
-0.203996
-0.190951
-0.177195
-0.162795
-0.147846
-0.132473
-0.116832
-0.101111
-0.0854981
-0.0701119
1002.66
1157.13
1287.12
1371.16
1460.75
1159.83
1074.71
1092.52
1302.1
1330.33
1356.54
1383.82
1432.39
1498.55
1547.88
1550.08
1331.61
1344.4
1363.68
1389.83
1422.27
1459.83
1495.39
1520.72
1297.46
1316.08
1338.31
1361.9
1385.82
1409.93
1433.37
1454.72
1262.16
1280.27
1299.52
1319.25
1339.1
1358.9
1378.24
1396.39
1221.93
1238.04
1254.53
1271.28
1288.09
1304.8
1321.19
1336.94
1178.37
1192.86
1207.32
1221.69
1235.88
1249.93
1263.91
1277.78
1133.68
1147.28
1160.15
1172.39
1183.9
1194.97
1206.37
1218.72
1087.05
1099.18
1111.25
1121.99
1129.8
1135.19
1141.96
1154.29
1065.6
1067.81
1076.08
1084.6
1082.49
1067.72
1053.32
1069.24
88.6076
94.5861
253.704
567.063
458.688
121.33
0.107935
106.17
1.8055
1.7583
1.95127
2.30602
2.03835
1.36118
1.34503
1.4484
2.27682
2.2741
2.28999
2.30145
2.28657
2.23644
2.17179
2.28503
2.07381
2.0474
2.03548
2.02142
1.99614
1.96461
1.9473
1.97747
2.06685
2.05125
2.03836
2.02556
2.01081
1.99616
1.98656
1.98432
2.01604
1.99922
1.98441
1.9708
1.95812
1.94724
1.93955
1.93548
1.96811
1.95363
1.94031
1.9277
1.91589
1.90534
1.89649
1.88914
1.91694
1.90345
1.89089
1.8788
1.8673
1.85672
1.84724
1.8385
1.86279
1.84983
1.83762
1.82572
1.81425
1.80354
1.7937
1.78423
1.80523
1.79253
1.78043
1.76848
1.75684
1.74583
1.73556
1.7255
1.74397
1.73116
1.71891
1.70678
1.69489
1.68353
1.67277
1.6621
1.67917
1.66603
1.65336
1.64077
1.62837
1.61644
1.60505
1.59373
1.61074
1.59719
1.58403
1.57086
1.55777
1.54503
1.53277
1.52061
1.53853
1.52425
1.51038
1.4965
1.48265
1.4691
1.45595
1.44287
1.46301
1.44786
1.433
1.41808
1.40319
1.38863
1.37453
1.36058
1.38405
1.36801
1.35219
1.33625
1.32032
1.30465
1.28938
1.27422
1.30201
1.2847
1.26759
1.25047
1.23344
1.21669
1.2003
1.18396
1.2173
1.19891
1.18056
1.16212
1.14372
1.12556
1.10771
1.08993
1.12977
1.11014
1.09055
1.07086
1.05113
1.03153
1.01212
0.992733
1.03993
1.01895
0.997914
0.97674
0.955511
0.934375
0.913416
0.892514
0.947891
0.925663
0.903251
0.880588
0.857779
0.834996
0.812371
0.789843
0.853841
0.830167
0.806278
0.782147
0.757867
0.733599
0.709455
0.685384
0.758435
0.733354
0.707965
0.682315
0.656542
0.63081
0.605209
0.579684
0.662121
0.635699
0.60894
0.581928
0.554806
0.527707
0.500697
0.473753
0.565552
0.537794
0.509727
0.481474
0.453158
0.424864
0.396633
0.368477
0.469569
0.440646
0.411417
0.382029
0.352602
0.32321
0.293917
0.264771
0.374796
0.344833
0.314624
0.284308
0.253979
0.223712
0.1936
0.163724
0.281992
0.251102
0.220036
0.188935
0.157901
0.127032
0.0964374
0.0661905
0.19187
0.160245
0.128508
0.0968153
0.0653048
0.0340951
0.00330124
-0.0270243
0.1049
0.0726993
0.0405088
0.0084942
-0.0231958
-0.0544537
-0.0851917
-0.115373
0.0216099
-0.0109857
-0.0434291
-0.0755481
-0.107201
-0.138308
-0.168821
-0.198706
-0.0577147
-0.0905
-0.122994
-0.15504
-0.186518
-0.21738
-0.247594
-0.277092
-0.132996
-0.165853
-0.198288
-0.230168
-0.261402
-0.291973
-0.321845
-0.350908
-0.204233
-0.23712
-0.269485
-0.301211
-0.332219
-0.362512
-0.392042
-0.420663
-0.271572
-0.304499
-0.336828
-0.368455
-0.399312
-0.429402
-0.458679
-0.486941
-0.33514
-0.368147
-0.400505
-0.432131
-0.462971
-0.493018
-0.522228
-0.550361
-0.39507
-0.428217
-0.46071
-0.492484
-0.523498
-0.553719
-0.583095
-0.611381
-0.451467
-0.484855
-0.517643
-0.549769
-0.581174
-0.611808
-0.641613
-0.670352
-0.504424
-0.538193
-0.571464
-0.604148
-0.636157
-0.667452
-0.697985
-0.727514
-0.553993
-0.588313
-0.622259
-0.655697
-0.688532
-0.720753
-0.752339
-0.783027
-0.600032
-0.635046
-0.669833
-0.70422
-0.738112
-0.771529
-0.804453
-0.836624
-0.642291
-0.678085
-0.713839
-0.74934
-0.784504
-0.819355
-0.853876
-0.887827
-0.680498
-0.717141
-0.753967
-0.79073
-0.827344
-0.863832
-0.900174
-0.936156
-0.714407
-0.75194
-0.789902
-0.828015
-0.866192
-0.904447
-0.942753
-0.980911
-0.743792
-0.782209
-0.82129
-0.860741
-0.900487
-0.940526
-0.980815
-1.02118
-0.768357
-0.807595
-0.847717
-0.888421
-0.929645
-0.971373
-1.01355
-1.05605
-0.787744
-0.827671
-0.86869
-0.910486
-0.952998
-0.996227
-1.04014
-1.08463
-0.801533
-0.841944
-0.883636
-0.926288
-0.969847
-1.01434
-1.05979
-1.10608
-0.809383
-0.850015
-0.892101
-0.935313
-0.979627
-1.02509
-1.07173
-1.11948
-0.811183
-0.85172
-0.893833
-0.937193
-0.981826
-1.0278
-1.07517
-1.12393
-0.80683
-0.846878
-0.888565
-0.931578
-0.975982
-1.02191
-1.06946
-1.1186
-0.796181
-0.835304
-0.876085
-0.918235
-0.961846
-1.00712
-1.0542
-1.10299
-0.779299
-0.817054
-0.856462
-0.897253
-0.939546
-0.98355
-1.0294
-1.077
-0.756558
-0.792551
-0.830172
-0.869135
-0.909554
-0.951629
-0.995506
-1.04102
-0.728589
-0.762449
-0.797871
-0.834565
-0.872593
-0.912146
-0.953361
-0.996014
-0.696127
-0.727533
-0.76036
-0.794348
-0.829551
-0.866122
-0.904124
-0.943315
-0.659893
-0.688578
-0.718502
-0.749443
-0.781483
-0.814747
-0.849204
-0.884571
-0.62068
-0.646474
-0.673338
-0.70109
-0.729788
-0.759533
-0.790252
-0.821591
-0.579414
-0.60233
-0.626131
-0.650644
-0.675891
-0.701952
-0.728793
-0.75605
-0.536916
-0.557001
-0.577769
-0.59903
-0.620813
-0.643178
-0.666134
-0.689409
-0.493796
-0.511055
-0.528819
-0.546896
-0.565311
-0.584155
-0.603428
-0.622963
-0.450521
-0.465006
-0.479839
-0.494897
-0.510164
-0.525752
-0.541665
-0.557774
-0.407481
-0.419339
-0.43144
-0.443705
-0.456116
-0.468741
-0.481598
-0.494604
-0.365131
-0.374576
-0.384203
-0.393916
-0.403705
-0.41361
-0.42368
-0.433889
-0.32385
-0.331074
-0.338417
-0.345767
-0.353145
-0.360584
-0.368146
-0.375869
-0.283825
-0.288955
-0.294175
-0.299381
-0.304593
-0.309841
-0.31517
-0.320671
-0.245228
-0.248409
-0.251672
-0.254947
-0.258215
-0.26149
-0.264801
-0.26828
-0.208369
-0.209745
-0.211196
-0.212666
-0.214114
-0.215535
-0.216955
-0.218541
-0.173687
-0.173363
-0.173066
-0.172755
-0.172402
-0.172005
-0.171603
-0.171378
-0.141694
-0.139721
-0.137704
-0.135632
-0.133513
-0.131335
-0.129113
-0.127042
-0.113073
-0.109529
-0.105904
-0.102197
-0.0984028
-0.0944783
-0.090405
-0.086465
-0.0890618
-0.0840636
-0.0790375
-0.0739454
-0.0687302
-0.0633219
-0.0577575
-0.0525109
-0.0721556
-0.0663669
-0.0605478
-0.0546971
-0.0487374
-0.0425635
-0.0360991
-0.0291205
-0.0588663
-0.0515307
-0.044069
-0.0363125
-0.0279872
-0.0187074
-0.00820701
0.00298967
1125.91
1127.95
1128.42
1128.53
1128.62
1128.86
1129.34
1129.81
1130.06
1130.23
1130.49
1130.77
1131.05
1131.35
1131.68
1132.07
1132.52
1132.92
1133.27
1133.63
1134.01
1134.39
1134.75
1135.1
1135.43
1135.74
1136.03
1136.29
1136.54
1136.75
1136.95
1137.13
1137.29
1137.44
1137.58
1137.72
1137.87
1138.01
1563.03
1502.96
1283.87
1137.63
1141.97
1158.28
1156.12
1137.04
1129.9
1130.64
1130.83
1130.53
1130.77
1131.07
1131.43
1131.96
1132.62
1133.06
1133.33
1133.64
1134.05
1134.45
1134.8
1135.15
1135.49
1135.81
1136.11
1136.37
1136.61
1136.83
1137.01
1137.18
1137.33
1137.46
1137.59
1137.74
1137.92
1138.11
1552.87
1584.59
1624.92
1661.96
1662.58
1665.65
1614.64
1437.62
1381.81
1408.53
1410.43
1346.96
1261.56
1224.59
1206.2
1180.39
1150.72
1134.75
1133.04
1133.5
1134.14
1134.56
1134.88
1135.22
1135.57
1135.89
1136.19
1136.46
1136.69
1136.89
1137.07
1137.21
1137.34
1137.45
1137.56
1137.71
1137.93
1138.17
1484.99
1520.14
1556.25
1582.46
1609.56
1627.59
1646.84
1671.57
1687.94
1694.39
1703.02
1714.43
1696.14
1676.95
1666.14
1635.81
1561.53
1453.69
1337.83
1244.37
1171.87
1137.25
1134.81
1135.33
1135.68
1135.99
1136.29
1136.55
1136.76
1136.95
1137.1
1137.22
1137.31
1137.38
1137.46
1137.6
1137.87
1138.18
1423.51
1455.89
1485.87
1512.25
1535.29
1554.3
1572.47
1590.96
1605.93
1617.23
1628.9
1643.05
1659.58
1675.6
1691.61
1710.52
1733.78
1760.68
1785
1759.79
1662.52
1485.56
1289.38
1168.36
1135.66
1136.1
1136.4
1136.65
1136.83
1136.99
1137.12
1137.19
1137.22
1137.23
1137.25
1137.37
1137.68
1138.08
1361.5
1391.54
1418.72
1442.97
1464.11
1482.56
1499.6
1515.82
1530.2
1542.82
1555.35
1568.97
1583.89
1599.52
1616.31
1635.58
1658.16
1684.09
1713.37
1746.87
1785.39
1828.83
1845.61
1701.33
1402.52
1188.46
1136.55
1136.69
1136.85
1137.02
1137.11
1137.12
1137.06
1136.96
1136.88
1136.94
1137.31
1137.82
1300.23
1328.2
1352.96
1374.94
1394.55
1412.08
1427.9
1442.48
1455.91
1468.56
1481.15
1494.2
1508.06
1523.03
1539.74
1559.06
1581.5
1607.28
1636.7
1670.38
1708.91
1752.5
1801.41
1856.88
1917.58
1800.47
1413.22
1161.46
1136.87
1137.02
1137.12
1137.03
1136.8
1136.52
1136.28
1136.23
1136.63
1137.29
1240.11
1266.49
1288.54
1308.09
1326.32
1343.01
1357.5
1370.35
1382.55
1394.77
1407
1419.06
1431.49
1445.23
1461.21
1480.13
1502.21
1527.62
1556.85
1590.63
1629.6
1674.05
1724.23
1780.61
1843.07
1912.25
1977.2
1747.59
1267.12
1136.95
1137.05
1136.98
1136.45
1135.87
1135.34
1135.09
1135.49
1136.32
1180.27
1206.42
1224.59
1240.98
1258.29
1274.88
1287.88
1298.41
1309.04
1320.86
1332.8
1343.46
1353.75
1365.56
1380.32
1398.66
1420.23
1444.9
1473.41
1506.85
1546.01
1591.23
1642.72
1700.83
1765.63
1837.2
1915.52
2001.22
1958.55
1422.22
1138.93
1136.69
1136.09
1134.99
1133.95
1133.31
1133.63
1134.66
1125.2
1153.6
1164.03
1174.62
1191.07
1208.96
1219.61
1225.89
1233.86
1245.81
1258.22
1266.63
1273.11
1281.57
1294.48
1312.55
1333.92
1357.66
1385.07
1417.98
1457.35
1503.42
1556.07
1615.88
1683.34
1758.23
1840.35
1929.79
2026.82
2056.36
1517.27
1140.3
1135.66
1134.1
1132.04
1130.59
1130.67
1131.92
877.198
1008.57
945.243
910.776
958.03
1054.8
1064.47
1041.61
1040.89
1086.78
1144.62
1148.26
1133.95
1130.85
1151.63
1197.37
1237.61
1264.07
1288.64
1320.07
1359.87
1407.81
1462.59
1524.72
1595.25
1673.69
1760.28
1854.77
1956.75
2066.8
2106.58
1496.93
1135.2
1133.39
1129.83
1126.61
1126.05
1127.49
2.52146
10.8818
8.44777
14.741
95.9229
243.123
243.222
193.129
185.873
261.275
371.452
363.733
314.841
297.149
331.577
444.552
583.427
700.148
819.494
963.092
1126.03
1268
1356.54
1422.32
1498.81
1582.41
1674.17
1774.42
1882.86
1999.02
2123.65
2101.41
1360.66
1129.51
1126.59
1120.82
1118.95
1120.47
2.38004
2.25748
2.12217
2.12431
2.05488
1.92002
1.90125
1.90848
1.97745
2.07733
2.17261
2.27642
2.38426
2.50638
2.64398
2.78432
2.95298
3.10811
18.6178
78.2131
202.927
436.631
786.936
1135.53
1370.75
1478.91
1579.71
1687.75
1803.57
1927.55
2059.37
2201.1
1962.93
1194.95
1119.97
1112.25
1108.29
1109.5
2.05646
2.07288
2.05229
2.08688
2.12413
2.11428
2.1252
2.15731
2.20454
2.26247
2.32988
2.41285
2.5103
2.6193
2.73721
2.86248
2.99915
3.14392
3.27111
3.35304
3.45503
3.6631
4.06061
128.116
564.89
1140.61
1461.56
1590.55
1717.72
1851.05
1991.7
2140.46
2270.9
1591.4
1105.48
1101.99
1093.5
1092.74
1.98685
1.9785
1.95943
1.9671
1.98399
1.98788
2.0027
2.03557
2.08445
2.14656
2.21961
2.30448
2.40093
2.50776
2.62373
2.74815
2.88228
3.0256
3.17171
3.3119
3.45785
3.61863
3.78903
3.88202
4.15227
95.7389
695.046
1395.3
1619.62
1768.28
1919.87
2076.85
2242.59
2084.12
1193.23
1082.58
1069.94
1066.87
1.93095
1.91622
1.90071
1.90077
1.90996
1.92001
1.93973
1.97379
2.02216
2.08302
2.1547
2.23714
2.33033
2.43368
2.54624
2.66705
2.79583
2.93145
3.06995
3.20793
3.35131
3.506
3.66773
3.82239
3.98798
4.1531
4.61477
356.375
1296.81
1673.39
1843.16
2010.56
2182.07
2317.6
1493.71
1042.82
1034.74
1028.3
1.87801
1.86146
1.84901
1.84743
1.85447
1.86722
1.88928
1.92335
1.96978
2.02773
2.0964
2.17566
2.26542
2.36512
2.47385
2.59054
2.7143
2.84384
2.97695
3.11262
3.25358
3.40243
3.55664
3.70961
3.87062
4.04009
4.22871
4.45602
267.846
1319.09
1757.43
1941.31
2117.16
2300.8
1867.96
1004.26
980.671
970.088
1.82426
1.8063
1.7944
1.79145
1.79686
1.80983
1.83205
1.86509
1.90935
1.96458
2.03045
2.10685
2.19353
2.28993
2.39516
2.50822
2.62809
2.75358
2.88334
3.01676
3.15468
3.29778
3.44452
3.59294
3.74903
3.91063
4.07494
4.22778
4.45359
397.063
1528.07
1868.34
2048.69
2218.44
2088.09
1022.55
890.807
879.912
1.76821
1.74868
1.73597
1.73145
1.73507
1.74694
1.76805
1.79935
1.84128
1.89388
1.95707
2.03071
2.1145
2.20786
2.30995
2.4198
2.53637
2.65854
2.78524
2.91585
3.05032
3.18854
3.32963
3.47291
3.6204
3.77106
3.92571
4.07567
4.22413
5.02314
854.509
1784.85
1982.32
2138.25
2171.83
1088.43
748.116
743.951
1.70828
1.68723
1.67321
1.66696
1.66863
1.67868
1.6979
1.72697
1.76635
1.81626
1.87671
1.94761
2.02862
2.11917
2.21844
2.32545
2.43914
2.55844
2.68233
2.81007
2.94114
3.07507
3.21105
3.34853
3.4878
3.62833
3.77067
3.91518
4.07063
4.27855
274.201
1526.68
1923.66
2059.02
2157.49
1134.59
557.726
555.463
1.64374
1.62114
1.60547
1.59728
1.59674
1.6045
1.62131
1.64778
1.68442
1.7315
1.78916
1.85731
1.93565
2.0236
2.12034
2.22488
2.33615
2.45306
2.57458
2.69978
2.82786
2.95801
3.08934
3.22111
3.35283
3.48376
3.61336
3.74203
3.87148
3.93867
37.8461
1138.71
1881.63
1979.2
2048.61
1113.77
317.984
312.059
1.57428
1.55
1.53243
1.522
1.51897
1.52409
1.53811
1.5617
1.59537
1.63949
1.69427
1.75968
1.83544
1.92098
2.01546
2.1179
2.2272
2.34224
2.46188
2.58507
2.71075
2.83785
2.96529
3.092
3.21704
3.33923
3.45728
3.56983
3.6769
3.76522
3.98823
780.704
1844.02
1905.37
1898.72
935.912
25.7284
52.13
1.49987
1.47372
1.45397
1.44103
1.43521
1.43737
1.44832
1.46876
1.49925
1.54027
1.59208
1.65474
1.72798
1.81126
1.90376
2.00447
2.11226
2.22594
2.34427
2.46607
2.59009
2.71504
2.83958
2.96233
3.08194
3.1969
3.30535
3.40513
3.49746
3.58845
3.73808
609.037
1818.14
1857.8
1773.89
631.747
-245.552
-117.81
1.4207
1.39241
1.37016
1.3544
1.34552
1.34444
1.35204
1.36906
1.39617
1.43392
1.48267
1.54254
1.61332
1.69448
1.78525
1.88461
1.99136
2.10423
2.22191
2.34305
2.46627
2.59008
2.71288
2.83302
2.9488
3.05835
3.15917
3.24793
3.32465
3.39887
3.38938
584.717
1843.05
1860.58
1714.03
403.429
-367.465
-180.096
1.33691
1.30618
1.28114
1.26227
1.25005
1.24546
1.24942
1.26278
1.28628
1.3206
1.36618
1.4232
1.49154
1.57073
1.66003
1.75839
1.86459
1.97727
2.09502
2.21635
2.33973
2.46348
2.58583
2.70489
2.81871
2.92512
3.02117
3.10272
3.17017
3.23557
3.05304
657.014
1908.92
1907.72
1655.48
269.445
-309.93
-180.259
1.24865
1.21522
1.1871
1.16486
1.14904
1.14066
1.14072
1.15015
1.16984
1.20052
1.24276
1.29686
1.36278
1.44014
1.52821
1.62595
1.73212
1.84527
1.96389
2.08633
2.21088
2.33574
2.459
2.57861
2.69247
2.79828
2.89316
2.97397
3.04771
3.12132
2.69985
904.618
1987.97
1951.72
1352.07
-34.9344
-222.055
-151.525
1.15632
1.11983
1.08838
1.06251
1.04282
1.03038
1.02628
1.03155
1.04714
1.07395
1.11267
1.16373
1.22722
1.30285
1.38994
1.48748
1.59418
1.70852
1.82882
1.95332
2.08013
2.20732
2.33285
2.4546
2.57039
2.67788
2.77458
2.86041
2.95878
3.0718
13.2756
1366.27
2019.75
1954.57
734.982
-209.11
-179.841
-120.532
1.06001
1.0203
0.985323
0.955601
0.931818
0.915092
0.906582
0.907395
0.918609
0.941251
0.976202
1.02407
1.08509
1.15908
1.24544
1.3432
1.45101
1.56726
1.69013
1.81768
1.94786
2.07859
2.20774
2.33316
2.45259
2.56347
2.66344
2.75578
2.87616
2.88256
238.073
1737.48
2069.21
1763.61
302.379
-145.372
-130.06
-98.967
0.960282
0.917131
0.87842
0.844665
0.816601
0.795384
0.782208
0.778254
0.78474
0.802889
0.833786
0.878244
0.936677
1.00906
1.09492
1.19331
1.30281
1.42173
1.54806
1.67969
1.81438
1.94987
2.08395
2.21444
2.33906
2.45511
2.56095
2.66614
2.80377
2.46528
727.574
1956.99
2123.18
1188.16
-12.1751
-71.8519
-75.249
-86.5299
0.857554
0.810809
0.768247
0.730347
0.697881
0.671994
0.65389
0.644837
0.646223
0.659486
0.685951
0.726674
0.782318
0.853074
0.938588
1.03795
1.14972
1.27206
1.4028
1.53958
1.67991
1.82135
1.96155
2.09831
2.22931
2.35231
2.46911
2.59942
2.71285
42.3429
1478.33
2009.46
1884.59
491.546
-59.0799
-47.9318
-54.8933
-75.3581
0.752279
0.701929
0.65549
0.613427
0.576506
0.545815
0.522546
0.508069
0.503945
0.511841
0.533368
0.569901
0.622426
0.691394
0.776613
0.877223
0.991789
1.11832
1.25444
1.39746
1.54461
1.69315
1.84054
1.98445
2.12272
2.25476
2.39019
2.56411
2.40847
561.851
1889.13
2058.87
1322.85
50.2346
-45.9419
-43.3116
-51.0633
-65.079
0.645235
0.591264
0.541019
0.494869
0.45351
0.417944
0.389341
0.369127
0.359028
0.360966
0.376906
0.408629
0.457521
0.524354
0.609161
0.711189
0.828981
0.96044
1.10292
1.25337
1.40857
1.56537
1.72083
1.87228
2.01835
2.16286
2.32133
2.42639
58.0653
1505.18
1932.59
1836.41
485.413
-37.9397
-34.1705
-39.9
-46.596
-55.9871
0.5371
0.4797
0.425856
0.375812
0.330154
0.28976
0.255716
0.229457
0.212859
0.208146
0.217697
0.243779
0.288273
0.352367
0.436396
0.53979
0.661098
0.79815
0.948055
1.10726
1.27186
1.43811
1.60237
1.76161
1.91782
2.08347
2.30823
2.09023
815.342
1949.75
1976.16
1080.04
2.82039
-37.5886
-35.2151
-37.9665
-41.4325
-48.026
0.428844
0.368315
0.311208
0.257608
0.207948
0.162921
0.123403
0.0907721
0.0670876
0.054928
0.0571299
0.0764936
0.115498
0.175896
0.258433
0.362795
0.487674
0.630913
0.789392
0.958839
1.13442
1.31145
1.48516
1.653
1.82879
2.06508
2.09318
309.659
1732.78
1984.02
1506.07
184.729
-35.8878
-33.2862
-34.3528
-35.5619
-37.1673
-41.6719
0.321553
0.258317
0.198427
0.141784
0.0886021
0.0392378
-0.00568477
-0.0450121
-0.0764773
-0.0969279
-0.10157
-0.0875845
-0.0565249
-0.00395892
0.0751775
0.179653
0.307784
0.457656
0.625992
0.80755
0.995994
1.18552
1.37058
1.54758
1.71161
1.79492
98.9966
1490.04
1842.04
1732.29
417.787
-26.0601
-25.6234
-29.4148
-32.293
-32.9523
-34.0358
-36.8056
0.216267
0.150936
0.0889132
0.0298643
-0.0263864
-0.0752244
-0.113496
-0.159014
-0.207962
-0.245301
-0.25442
-0.251536
-0.228195
-0.185696
-0.113813
-0.0107066
0.119768
0.276409
0.456177
0.652307
0.856105
1.06219
1.2676
1.4689
1.66097
5.30273
1250.04
1767.04
1770.96
615.835
-20.6521
-22.531
-21.2637
-28.0473
-31.1321
-31.0568
-31.6428
-33.0399
0.114097
0.0473679
-0.0160608
-0.0769576
-0.128395
-0.164359
-0.220628
-0.273366
-0.333186
-0.388556
-0.413565
-0.419523
-0.407414
-0.375419
-0.309368
-0.210072
-0.0791488
0.083849
0.277157
0.491408
0.714292
0.943647
1.18325
1.44125
1.45037
972.05
1776.56
1778.93
782.423
-17.6062
-17.9259
-19.1971
-25.5909
-27.9619
-29.9361
-29.4257
-29.537
-29.9982
0.0160159
-0.051367
-0.115608
-0.167336
-0.209744
-0.271801
-0.335639
-0.412999
-0.465145
-0.490035
-0.546772
-0.588262
-0.594312
-0.569104
-0.51246
-0.421149
-0.29328
-0.125428
0.0847713
0.323954
0.571213
0.830197
1.10957
1.21495
751.035
1728.43
1792.68
885.282
-3.04061
-21.4847
-18.987
-17.3751
-25.9843
-27.3101
-27.9688
-27.5567
-27.4504
-27.4096
-0.0772348
-0.144579
-0.207822
-0.241639
-0.305983
-0.382442
-0.468945
-0.536548
-0.528279
-0.466999
-0.53632
-0.712805
-0.770007
-0.759175
-0.721089
-0.64783
-0.529096
-0.360012
-0.125386
0.154658
0.42841
0.710777
0.860835
674.912
1701.75
1766.66
960.105
8.40512
-20.4782
-20.9577
-21.72
-20.7215
-25.1713
-25.6126
-25.8813
-25.6394
-25.3815
-25.1198
-0.165221
-0.232146
-0.266294
-0.329299
-0.407071
-0.494816
-0.568043
-0.646526
-0.580226
-0.600585
-0.670672
-0.749379
-0.93811
-0.963325
-0.944105
-0.894464
-0.796105
-0.633743
-0.355949
-0.0090628
0.272009
0.451881
683.02
1742.03
1742.5
1193.73
68.3008
-19.3134
-20.0233
-20.5245
-21.2778
-22.6346
-23.8089
-24.1144
-24.2053
-23.9182
-23.4213
-23.0543
-0.247911
-0.314172
-0.335814
-0.41338
-0.509242
-0.580728
-0.660536
-0.745731
-0.844099
-0.815776
-0.816822
-0.891796
-1.09051
-1.18328
-1.18754
-1.1654
-1.10839
-0.974537
-0.615225
-0.280769
-0.0666345
789.369
1775.84
1777.6
1582.62
301.387
-17.6477
-18.6527
-19.3149
-19.9599
-20.7255
-21.7188
-22.4066
-22.7261
-22.7124
-22.3025
-21.5469
-21.1673
-0.325489
-0.390808
-0.410715
-0.511306
-0.58599
-0.661015
-0.745878
-0.84495
-0.952594
-1.06478
-1.08032
-1.0573
-1.22107
-1.41024
-1.45594
-1.48055
-1.48763
-1.44073
-0.889283
24.7232
1087.98
1810.79
1813.6
1813.97
757.024
-14.4327
-16.9489
-17.8018
-18.5561
-19.2801
-19.9999
-20.7386
-21.2038
-21.4349
-21.2741
-20.686
-19.7523
-19.4201
-0.39836
-0.462224
-0.480771
-0.583639
-0.658385
-0.736719
-0.82821
-0.93395
-1.053
-1.18134
-1.31208
-1.29015
-1.37399
-1.53068
-1.74216
-1.84217
-1.95111
-2.06536
-1.68568
877.866
1845.99
1847
1849.24
1125.74
46.3095
-15.1055
-16.1403
-16.9835
-17.7774
-18.5095
-19.1694
-19.7465
-20.1075
-20.1474
-19.8449
-19.0744
-18.0308
-17.8323
-0.467119
-0.526442
-0.546884
-0.646947
-0.727356
-0.808522
-0.904868
-1.01777
-1.14721
-1.29027
-1.44182
-1.57467
-1.58358
-1.72512
-1.92444
-2.22336
-2.45644
-2.74564
-3.57451
409.036
1683.09
1889.52
1103.92
38.2901
-13.3995
-14.3348
-15.2806
-16.1521
-16.9485
-17.6523
-18.2443
-18.6942
-18.9109
-18.803
-18.3529
-17.5117
-16.4296
-16.4264
-0.532522
-0.591768
-0.61066
-0.577449
-0.793752
-0.877729
-0.97826
-1.097
-1.23505
-1.39087
-1.5612
-1.74661
-1.93469
-2.02177
-2.21315
-2.52584
-2.92533
-3.33782
-3.23729
55.3937
158.46
136.005
51.2016
-3.08718
-12.4902
-13.4816
-14.4247
-15.2898
-16.0561
-16.7066
-17.2152
-17.542
-17.617
-17.3821
-16.8308
-15.9553
-15.0174
-15.1308
-0.595476
-0.654353
-0.687982
-0.595196
-0.860594
-0.946028
-1.04985
-1.17286
-1.31719
-1.48364
-1.67094
-1.87685
-2.10012
-2.34344
-2.55678
-2.85264
-3.25016
-3.8158
-4.46626
-5.55404
-6.75644
-8.27229
-9.46447
-10.5353
-11.6702
-12.6814
-13.5858
-14.397
-15.1012
-15.6747
-16.0853
-16.2915
-16.2414
-15.9041
-15.2953
-14.4491
-13.6969
-13.9678
-0.656614
-0.718726
-0.762861
-0.656533
-0.926971
-1.01468
-1.12126
-1.24726
-1.39542
-1.56809
-1.76583
-1.98822
-2.23539
-2.511
-2.82796
-3.174
-3.62105
-4.16196
-4.87333
-5.77777
-6.79066
-7.8816
-9.01846
-10.0914
-11.0367
-11.9235
-12.7385
-13.4659
-14.0837
-14.5622
-14.8666
-14.9589
-14.8035
-14.3945
-13.775
-13.0249
-12.5107
-12.9062
-0.716314
-0.779661
-0.834902
-0.717847
-0.98716
-1.0847
-1.19415
-1.32251
-1.4726
-1.64795
-1.85037
-2.08099
-2.34114
-2.63505
-2.97139
-3.35963
-3.82231
-4.37007
-5.03916
-5.83016
-6.71112
-7.66437
-8.5963
-9.50792
-10.3549
-11.1402
-11.8564
-12.4863
-13.0045
-13.3795
-13.5775
-13.5673
-13.3305
-12.8856
-12.3031
-11.7008
-11.4405
-11.917
-0.774887
-0.840166
-0.903213
-0.780274
-0.976435
-1.15749
-1.27006
-1.40136
-1.55264
-1.72786
-1.92919
-2.15898
-2.4197
-2.7151
-3.05282
-3.44467
-3.90377
-4.43926
-5.06184
-5.7657
-6.53129
-7.334
-8.12913
-8.90452
-9.63972
-10.3203
-10.9335
-11.4602
-11.8742
-12.1454
-12.2441
-12.1487
-11.8581
-11.414
-10.9102
-10.4864
-10.4592
-10.9714
-0.832526
-0.900865
-0.96512
-0.992775
-0.997852
-1.23263
-1.34986
-1.48595
-1.6396
-1.81306
-2.00665
-2.22506
-2.47387
-2.75426
-3.07292
-3.44205
-3.87227
-4.37016
-4.93678
-5.56244
-6.22926
-6.91738
-7.60096
-8.26363
-8.89062
-9.46719
-9.97757
-10.4015
-10.7139
-10.8879
-10.9007
-10.7414
-10.4259
-10.0157
-9.62021
-9.38023
-9.53791
-10.0455
-0.888896
-0.96134
-1.03144
-1.10382
-1.06704
-1.2375
-1.43364
-1.57694
-1.73635
-1.90935
-2.08901
-2.28533
-2.50707
-2.7572
-3.03734
-3.36282
-3.74385
-4.18583
-4.68741
-5.23809
-5.8214
-6.41893
-7.01024
-7.57891
-8.1108
-8.59161
-9.00542
-9.33295
-9.55212
-9.64131
-9.58559
-9.38582
-9.07252
-8.72201
-8.44883
-8.37503
-8.65529
-9.12769
-0.943477
-1.02075
-1.09905
-1.17276
-1.14621
-1.25609
-1.49008
-1.67324
-1.84213
-2.02371
-2.19837
-2.37092
-2.53462
-2.73163
-2.95295
-3.21848
-3.53893
-3.91764
-4.35228
-4.83261
-5.344
-5.86618
-6.37997
-6.86873
-7.318
-7.71371
-8.04094
-8.28281
-8.42148
-8.44166
-8.33704
-8.11929
-7.83067
-7.55529
-7.40277
-7.46202
-7.80245
-8.21986
-0.995627
-1.07829
-1.16213
-1.22734
-1.30328
-1.37333
-1.54507
-1.76482
-1.95023
-2.15176
-2.34944
-2.50546
-2.60511
-2.69025
-2.82372
-3.01708
-3.27454
-3.59327
-3.96737
-4.38621
-4.8347
-5.29271
-5.74027
-6.16009
-6.53751
-6.85905
-7.11136
-7.28062
-7.35379
-7.32224
-7.18792
-6.97165
-6.72327
-6.52749
-6.48059
-6.6332
-6.98288
-7.3357
-1.04444
-1.13296
-1.22316
-1.31543
-1.31032
-1.46697
-1.6537
-1.84944
-2.04733
-2.30181
-2.40483
-2.51759
-2.72673
-2.61465
-2.63295
-2.75809
-2.9622
-3.23352
-3.56039
-3.92953
-4.32535
-4.7285
-5.11893
-5.47906
-5.79442
-6.05255
-6.24207
-6.35247
-6.3756
-6.30906
-6.16189
-5.96163
-5.76124
-5.63971
-5.67492
-5.88266
-6.20808
-6.49492
-1.08878
-1.1833
-1.27984
-1.37952
-1.29493
-1.31684
-1.62848
-1.88849
-2.03602
-2.24982
71.8741
12.7308
-2.15828
-2.41227
-2.32152
-2.4225
-2.60911
-2.85558
-3.15386
-3.48755
-3.84131
-4.19795
-4.53883
-4.84712
-5.1092
-5.31404
-5.45246
-5.51729
-5.5048
-5.41791
-5.27105
-5.09558
-4.94362
-4.88419
-4.97536
-5.20665
-5.49138
-5.71679
-1.12753
-1.22789
-1.33049
-1.4356
-1.46985
-1.1566
-1.27519
-1.84524
-1.95137
-1.95157
802.226
1645.51
530.484
-2.2704
-1.85965
-1.95925
-2.22032
-2.47865
-2.76811
-3.0802
-3.40166
-3.71886
-4.01632
-4.27922
-4.49554
-4.65606
-4.75391
-4.78496
-4.7492
-4.65358
-4.51591
-4.36869
-4.26019
-4.2476
-4.37072
-4.60265
-4.84299
-5.01524
-1.15979
-1.26592
-1.37488
-1.4865
-1.59856
-1.30809
-1.45852
-1.91494
-2.01505
372.393
1835.68
1887.46
1586.57
145.678
-1.65557
-1.33249
-1.81397
-2.12977
-2.42501
-2.72431
-3.01986
-3.30234
-3.56063
-3.783
-3.95965
-4.08335
-4.14949
-4.1565
-4.10719
-4.01112
-3.88761
-3.76805
-3.69506
-3.71405
-3.85
-4.06805
-4.26755
-4.39668
-1.18461
-1.29645
-1.41225
-1.53175
-1.65272
-1.69981
-0.685783
-1.68079
-2.03722
828.567
1919.17
1915.68
1912.05
749.731
-1.12229
-0.961121
-1.47464
-1.84305
-2.14709
-2.43383
-2.70404
-2.95308
-3.17426
-3.35932
-3.50088
-3.59373
-3.63521
-3.62569
-3.56987
-3.47863
-3.37115
-3.27618
-3.2299
-3.26731
-3.40261
-3.59908
-3.76406
-3.86039
-1.2009
-1.31808
-1.44091
-1.5693
-1.70169
-1.78306
-0.741418
-1.64759
-2.12293
559.972
1947.45
1942.6
1939.97
1618.91
146.534
-0.84785
-1.13474
-1.63078
-1.95005
-2.2167
-2.45634
-2.6698
-2.8539
-3.00346
-3.11331
-3.17995
-3.20216
-3.18162
-3.124
-3.04037
-2.94868
-2.87407
-2.84639
-2.89214
-3.01844
-3.19054
-3.32754
-3.40028
-1.20746
-1.32912
-1.45842
-1.59546
-1.74042
-1.88794
-1.91105
0.299857
-2.32743
170.588
1880.44
1970.9
1968.95
1971.36
508.848
-0.892761
-1.06567
-1.57935
-1.85423
-2.0759
-2.27319
-2.4459
-2.59165
-2.70685
-2.78771
-2.83183
-2.83886
-2.81113
-2.75453
-2.67955
-2.60213
-2.54357
-2.52793
-2.57511
-2.68813
-2.83612
-2.95076
-3.0072
-1.20316
-1.32782
-1.46211
-1.60667
-1.76298
-1.92781
-1.82809
0.244758
-0.191064
-2.15011
1206.7
2002.91
2001.34
1980.23
348.637
-1.61524
-1.29853
-1.68058
-1.84873
-1.99947
-2.14237
-2.26957
-2.37632
-2.4587
-2.5133
-2.53812
-2.53315
-2.50085
-2.44677
-2.38032
-2.31517
-2.26888
-2.2605
-2.30497
-2.40321
-2.52899
-2.62568
-2.67105
-1.18717
-1.31262
-1.44927
-1.59799
-1.76041
-1.92335
-2.0665
-2.34362
-1.69807
-2.15793
167.201
1272.18
1546.53
736.002
65.6569
-2.07646
-1.68163
-1.83257
-1.88236
-1.95764
-2.04353
-2.12529
-2.19503
-2.24755
-2.27915
-2.28781
-2.27351
-2.23848
-2.18765
-2.1291
-2.07423
-2.03719
-2.03287
-2.0725
-2.15619
-2.26234
-2.34446
-2.38229
-1.15924
-1.28283
-1.41849
-1.56706
-1.73022
-1.9101
-2.10636
-2.32924
-2.59199
-2.33639
-3.22858
37.4002
75.6895
-3.07439
-2.82806
-2.37268
-2.02907
-1.95217
-1.9066
-1.91894
-1.95541
-1.99763
-2.03551
-2.06277
-2.07535
-2.07114
-2.04994
-2.01363
-1.96639
-1.91495
-1.86858
-1.83851
-1.83624
-1.87028
-1.9406
-2.02991
-2.10005
-2.13263
-1.11972
-1.23875
-1.36976
-1.51391
-1.67258
-1.84755
-2.04061
-2.25741
-2.50443
-2.78702
-3.10542
-3.35702
-3.19406
-3.00627
-2.91688
-2.44175
-2.13061
-1.97189
-1.88682
-1.86052
-1.86212
-1.87473
-1.88811
-1.89582
-1.89385
-1.88013
-1.85433
-1.81796
-1.77447
-1.72935
-1.69001
-1.66524
-1.66386
-1.6924
-1.75106
-1.82623
-1.88647
-1.91518
-1.06973
-1.18167
-1.3047
-1.43983
-1.58795
-1.75014
-1.92789
-2.12142
-2.33287
-2.56126
-2.80407
-2.9596
-2.94748
-2.78936
-2.61284
-2.28231
-2.04828
-1.90249
-1.81651
-1.77435
-1.75643
-1.75011
-1.74679
-1.74085
-1.72877
-1.70873
-1.6804
-1.64499
-1.60532
-1.56581
-1.53232
-1.51167
-1.51061
-1.53427
-1.58316
-1.64667
-1.69863
-1.72431
-1.01098
-1.1138
-1.22625
-1.3489
-1.48203
-1.62583
-1.78029
-1.94461
-2.1151
-2.28541
-2.44128
-2.53339
-2.51811
-2.39802
-2.24246
-2.04543
-1.89067
-1.78123
-1.70866
-1.66467
-1.63864
-1.62217
-1.60889
-1.59449
-1.57621
-1.55262
-1.5235
-1.48986
-1.45403
-1.41954
-1.391
-1.37366
-1.37276
-1.39236
-1.43328
-1.48727
-1.53229
-1.55543
-0.945514
-1.03787
-1.13811
-1.24632
-1.36223
-1.48518
-1.61388
-1.74589
-1.87641
-1.99753
-2.09459
-2.14135
-2.1186
-2.03901
-1.93517
-1.81589
-1.71483
-1.6367
-1.57969
-1.54025
-1.51284
-1.4922
-1.47401
-1.4552
-1.43381
-1.40886
-1.3803
-1.34906
-1.31705
-1.28711
-1.26283
-1.24827
-1.24752
-1.26391
-1.29845
-1.34468
-1.38383
-1.40479
-0.875459
-0.956725
-1.0441
-1.13729
-1.23559
-1.33779
-1.442
-1.54517
-1.64253
-1.72711
-1.78865
-1.81379
-1.7963
-1.74639
-1.68024
-1.60597
-1.53969
-1.48497
-1.44191
-1.40911
-1.38373
-1.36259
-1.34286
-1.3225
-1.30026
-1.27558
-1.24859
-1.22019
-1.19194
-1.16612
-1.14552
-1.13335
-1.13283
-1.14673
-1.17619
-1.21611
-1.25031
-1.26937
-0.802816
-0.873006
-0.947693
-1.02634
-1.10798
-1.19122
-1.27401
-1.35344
-1.42551
-1.48505
-1.526
-1.54213
-1.53192
-1.50179
-1.46077
-1.41503
-1.37223
-1.33471
-1.30314
-1.27714
-1.25528
-1.23566
-1.21647
-1.19646
-1.17492
-1.15163
-1.1269
-1.10156
-1.07692
-1.05479
-1.0374
-1.02729
-1.02709
-1.03911
-1.06453
-1.09929
-1.12931
-1.14674
-0.72936
-0.788973
-0.851733
-0.916992
-0.983695
-1.05049
-1.11553
-1.17639
-1.23008
-1.27326
-1.30257
-1.31522
-1.31128
-1.29465
-1.2706
-1.24312
-1.21599
-1.19076
-1.16819
-1.14832
-1.13041
-1.11329
-1.09583
-1.07732
-1.05743
-1.03623
-1.01413
-0.991893
-0.970621
-0.951787
-0.9372
-0.928933
-0.92913
-0.93975
-0.961946
-0.99245
-1.01892
-1.03493
-0.656564
-0.706393
-0.758323
-0.811677
-0.865459
-0.918489
-0.969292
-1.01606
-1.05672
-1.08929
-1.112
-1.12361
-1.12457
-1.11719
-1.10443
-1.08867
-1.07196
-1.05544
-1.03978
-1.02513
-1.01105
-0.996769
-0.981603
-0.965184
-0.947475
-0.928712
-0.909361
-0.890122
-0.871952
-0.856078
-0.843993
-0.837401
-0.838066
-0.847641
-0.86722
-0.894151
-0.917586
-0.932328
-0.585555
-0.626529
-0.668846
-0.711871
-0.754744
-0.796519
-0.83612
-0.87231
-0.903768
-0.929347
-0.948111
-0.959525
-0.963966
-0.962724
-0.957384
-0.949329
-0.939771
-0.929552
-0.919219
-0.908893
-0.898255
-0.886784
-0.87407
-0.859983
-0.844664
-0.828445
-0.811814
-0.79542
-0.780105
-0.766913
-0.757084
-0.752016
-0.753166
-0.761931
-0.779329
-0.803204
-0.824016
-0.837622
-0.517109
-0.550175
-0.584094
-0.618319
-0.652142
-0.684856
-0.715729
-0.743979
-0.768844
-0.789657
-0.805866
-0.817216
-0.823921
-0.826625
-0.826146
-0.82327
-0.818743
-0.813173
-0.806953
-0.800137
-0.79247
-0.783592
-0.77328
-0.761556
-0.748654
-0.734945
-0.720917
-0.707176
-0.694472
-0.683693
-0.675868
-0.672148
-0.673743
-0.681842
-0.697381
-0.718608
-0.737139
-0.749709
-0.451673
-0.477774
-0.504446
-0.53126
-0.55766
-0.583145
-0.607256
-0.629537
-0.649583
-0.666986
-0.681374
-0.692567
-0.700619
-0.7058
-0.708493
-0.709135
-0.708186
-0.706055
-0.702985
-0.698973
-0.693808
-0.68725
-0.679198
-0.669751
-0.659172
-0.64784
-0.636228
-0.624904
-0.614532
-0.605872
-0.599778
-0.597206
-0.599172
-0.606694
-0.620621
-0.63953
-0.656063
-0.667669
-0.389479
-0.409483
-0.429934
-0.450546
-0.470911
-0.490664
-0.509541
-0.527316
-0.543775
-0.558635
-0.571613
-0.582525
-0.591305
-0.598004
-0.602764
-0.605802
-0.607393
-0.607783
-0.607104
-0.60531
-0.602236
-0.597724
-0.591736
-0.584392
-0.575953
-0.566785
-0.557342
-0.548153
-0.539809
-0.532958
-0.528319
-0.526693
-0.528941
-0.535935
-0.54843
-0.565279
-0.580034
-0.590718
-0.33057
-0.34519
-0.360272
-0.375717
-0.391221
-0.406475
-0.421327
-0.4357
-0.449472
-0.462408
-0.474267
-0.484836
-0.493966
-0.501576
-0.507666
-0.512318
-0.515681
-0.517893
-0.519006
-0.518959
-0.517617
-0.514868
-0.510695
-0.505213
-0.498666
-0.491403
-0.483857
-0.476515
-0.469899
-0.464564
-0.461119
-0.46024
-0.462659
-0.469123
-0.480297
-0.495265
-0.508401
-0.518177
-0.274804
-0.284556
-0.294894
-0.306032
-0.317722
-0.32955
-0.341412
-0.353297
-0.365112
-0.376646
-0.387657
-0.3979
-0.407161
-0.415282
-0.422184
-0.427875
-0.432428
-0.435914
-0.438343
-0.439643
-0.439696
-0.438405
-0.435759
-0.431862
-0.426939
-0.42132
-0.415409
-0.409646
-0.404484
-0.400396
-0.397894
-0.397552
-0.399997
-0.405871
-0.415761
-0.428959
-0.440579
-0.449444
-0.22193
-0.227067
-0.232938
-0.240469
-0.249388
-0.258829
-0.268683
-0.27894
-0.289486
-0.30011
-0.310545
-0.320517
-0.329776
-0.33813
-0.345467
-0.351765
-0.357061
-0.361394
-0.364744
-0.367032
-0.368148
-0.368003
-0.366586
-0.363992
-0.360431
-0.356209
-0.351689
-0.347253
-0.343284
-0.340177
-0.338362
-0.338331
-0.340627
-0.345806
-0.354397
-0.365885
-0.376052
-0.383981
-0.171719
-0.172057
-0.173142
-0.177596
-0.184961
-0.193172
-0.202049
-0.211553
-0.221515
-0.2317
-0.241829
-0.251617
-0.260811
-0.269224
-0.276745
-0.283352
-0.289069
-0.293913
-0.297852
-0.300801
-0.30266
-0.303353
-0.302871
-0.301304
-0.298846
-0.29577
-0.29239
-0.289023
-0.285979
-0.283582
-0.282197
-0.282249
-0.284213
-0.28857
-0.295808
-0.305596
-0.314329
-0.321272
-0.12421
-0.119059
-0.114083
-0.115818
-0.123251
-0.131581
-0.140588
-0.150209
-0.160232
-0.170411
-0.180486
-0.190202
-0.199337
-0.207731
-0.215298
-0.222024
-0.227929
-0.233019
-0.237258
-0.240572
-0.242877
-0.244112
-0.244278
-0.243463
-0.241841
-0.239652
-0.237149
-0.234582
-0.232195
-0.230252
-0.229065
-0.228999
-0.230459
-0.233864
-0.239669
-0.247728
-0.255
-0.260865
-0.0806484
-0.0691712
-0.0548087
-0.0536995
-0.0637125
-0.0734783
-0.083587
-0.0941251
-0.104792
-0.115351
-0.125608
-0.135378
-0.144496
-0.152845
-0.160371
-0.167071
-0.172969
-0.178072
-0.182353
-0.185761
-0.188236
-0.18974
-0.190287
-0.189966
-0.188932
-0.18738
-0.185506
-0.183494
-0.181532
-0.179834
-0.178654
-0.178292
-0.179076
-0.181354
-0.185556
-0.191724
-0.197398
-0.202075
-0.0445221
-0.0244733
0.0112187
0.0180987
-0.0019346
-0.0143944
-0.0266854
-0.0395456
-0.0520638
-0.0639287
-0.0750726
-0.0854286
-0.0949195
-0.10349
-0.111126
-0.117851
-0.1237
-0.128703
-0.132864
-0.136167
-0.138591
-0.14013
-0.140822
-0.140757
-0.140068
-0.138904
-0.137408
-0.135711
-0.133955
-0.132307
-0.130968
-0.130163
-0.130143
-0.131191
-0.133699
-0.137864
-0.141762
-0.144968
-0.0150048
0.0243322
0.11888
0.141744
0.0853522
0.0632261
0.0437657
0.0244332
0.00667729
-0.00923432
-0.0235204
-0.0363491
-0.0477981
-0.0579117
-0.0667347
-0.0743261
-0.0807597
-0.0861078
-0.0904322
-0.093781
-0.0961962
-0.0977256
-0.0984374
-0.0984248
-0.097795
-0.096653
-0.095093
-0.0932037
-0.0910831
-0.0888485
-0.0866362
-0.0846008
-0.0829231
-0.0818361
-0.0817261
-0.0830143
-0.0847157
-0.0868321
0.0243166
0.0990247
0.289192
0.322967
0.207681
0.135462
0.0980379
0.0723921
0.0517606
0.0344089
0.0194066
0.00621235
-0.00544584
-0.0157084
-0.0246628
-0.0323853
-0.0389462
-0.0444219
-0.0488966
-0.0524574
-0.0551906
-0.0571802
-0.0585068
-0.0592458
-0.0594624
-0.059207
-0.0585173
-0.0574241
-0.0559599
-0.0541641
-0.0520849
-0.0497838
-0.0473478
-0.0449083
-0.0426846
-0.0408311
-0.0383646
-0.0351811
)
;

boundaryField
{
    leftWall
    {
        type            fixedFluxPressure;
        gradient        uniform 0;
        value           nonuniform List<scalar> 
100
(
764.215
764.333
763.391
762.214
761.024
759.833
758.541
757.11
755.55
753.873
752.082
750.177
748.159
746.026
743.781
741.43
737.597
732.032
726.564
660.256
122.382
2.02766
2.15017
2.13419
2.14021
2.12379
2.10548
2.08452
2.06163
2.03692
2.01036
1.98195
1.9517
1.91968
1.88606
1.85103
1.8148
1.77759
1.73959
1.70094
1.66177
1.62218
1.58224
1.54201
1.50156
1.46093
1.42015
1.37926
1.33828
1.29724
1.25618
1.21512
1.17411
1.1332
1.09242
1.05183
1.01148
0.971384
0.931592
0.892125
0.853007
0.814261
0.775913
0.737986
0.700502
0.663474
0.626916
0.590837
0.555243
0.520139
0.48553
0.451423
0.417824
0.384741
0.35218
0.320144
0.288639
0.257724
0.227259
0.197278
0.167767
0.138709
0.110088
0.0818887
0.0540951
0.0266879
-0.000361458
-0.0270902
-0.0534077
-0.0792668
-0.104621
-0.129545
-0.154052
-0.177294
-0.197115
-0.212971
-0.229159
-0.24644
-0.228268
-0.118704
)
;
    }
    rightWall
    {
        type            fixedFluxPressure;
        gradient        uniform 0;
        value           nonuniform List<scalar> 
100
(
1137.42
1137.43
1137.45
1137.46
1137.48
1137.51
1137.54
1137.57
1137.6
1137.64
1137.69
1137.73
1137.78
1137.83
1137.88
1137.93
1138.01
1138.11
1138.17
1138.18
1138.08
1137.82
1137.29
1136.32
1134.66
1131.92
1127.49
1120.47
1109.5
1092.74
1066.87
1028.3
970.088
879.912
743.951
555.463
312.059
52.13
-117.81
-180.096
-180.259
-151.525
-120.532
-98.967
-86.5299
-75.3581
-65.079
-55.9871
-48.026
-41.6719
-36.8056
-33.0399
-29.9982
-27.4096
-25.1198
-23.0543
-21.1673
-19.4201
-17.8323
-16.4264
-15.1308
-13.9678
-12.9062
-11.917
-10.9714
-10.0455
-9.12769
-8.21986
-7.3357
-6.49492
-5.71679
-5.01524
-4.39668
-3.86039
-3.40028
-3.0072
-2.67105
-2.38229
-2.13263
-1.91518
-1.72431
-1.55543
-1.40479
-1.26937
-1.14674
-1.03493
-0.932328
-0.837622
-0.749709
-0.667669
-0.590718
-0.518177
-0.449444
-0.383981
-0.321272
-0.260865
-0.202075
-0.144968
-0.0868321
-0.0351811
)
;
    }
    lowerWall
    {
        type            fixedFluxPressure;
        gradient        uniform 0;
        value           nonuniform List<scalar> 
124
(
764.215
762.754
765.582
770.596
777.016
783.63
789.998
795.907
801.329
806.308
810.935
815.312
819.541
823.723
827.949
832.304
836.865
841.708
846.903
852.521
858.634
865.317
872.649
880.715
889.61
899.439
910.322
922.397
935.825
950.8
967.601
986.367
1007.36
1030.78
1056.87
1085.77
1117.35
1151.03
1185.59
1219
1249.19
1272.57
1286.69
1297.11
1313.77
1336.02
1336.02
1330.47
1328.06
1328.89
1334.55
1346.47
1364.87
1386.01
1407.75
1429.53
1449.28
1466.06
1477.48
1479.79
1464.9
1424.63
1002.66
1157.13
1287.12
1371.16
1460.75
1159.83
1074.71
1092.52
1129.07
1129.06
1129.05
1129.03
1129
1128.96
1128.91
1128.86
1128.78
1128.7
1128.6
1128.47
1128.32
1128.13
1127.87
1127.68
1129.07
1129.1
1129.17
1129.27
1129.4
1129.57
1129.76
1129.98
1130.22
1130.48
1130.76
1131.05
1131.36
1131.68
1132.01
1132.34
1132.68
1133.02
1133.36
1133.69
1134.02
1134.34
1134.64
1134.94
1135.21
1135.48
1135.73
1135.97
1136.19
1136.41
1136.61
1136.79
1136.96
1137.1
1137.23
1137.32
1137.39
1137.42
)
;
    }
    atmosphere
    {
        type            totalPressure;
        rho             rho;
        psi             none;
        gamma           1;
        p0              uniform 0;
        value           nonuniform List<scalar> 
92
(
-0.181596
-0.441184
-0.395236
-0.381866
-0.374114
-0.369411
-0.366267
-0.363925
-0.361983
-0.360223
-0.358516
-0.356785
-0.354987
-0.353086
-0.351049
-0.348843
-0.346441
-0.343814
-0.340933
-0.33777
-0.334299
-0.330494
-0.326313
-0.32172
-0.31668
-0.311161
-0.30512
-0.298519
-0.291322
-0.283496
-0.275003
-0.265809
-0.255882
-0.245198
-0.233744
-0.221512
-0.208504
-0.194734
-0.180238
-0.165072
-0.149327
-0.133133
-0.116667
-0.100158
-0.0838859
-0.0681712
-0.0571022
-0.0503841
-0.0439824
-0.0379122
-0.0321817
-0.0267992
-0.0217776
-0.0171436
-0.0104435
-0.00374641
-0.00130592
0
0
0
0
0
0
0
0
0
0
0
0
0
0
0
0
0
0
0
0
0
0
0
0
0
0
0
0
0
0
0
0
0
0
0
)
;
    }
    defaultFaces
    {
        type            empty;
    }
}


// ************************************************************************* //
