/*--------------------------------*- C++ -*----------------------------------*\
  =========                 |
  \\      /  F ield         | OpenFOAM: The Open Source CFD Toolbox
   \\    /   O peration     | Website:  https://openfoam.org
    \\  /    A nd           | Version:  7
     \\/     M anipulation  |
\*---------------------------------------------------------------------------*/
FoamFile
{
    version     2.0;
    format      ascii;
    class       volScalarField;
    location    "0.5";
    object      epsilon;
}
// * * * * * * * * * * * * * * * * * * * * * * * * * * * * * * * * * * * * * //

dimensions      [0 2 -3 0 0 0 0];

internalField   nonuniform List<scalar> 
9072
(
0.0232274
0.0742314
0.135039
0.204772
0.270803
0.331189
0.38732
0.443722
0.49659
0.54668
0.594458
0.640341
0.684659
0.727648
0.769449
0.810114
0.84962
0.887871
0.924712
0.959936
0.993287
1.02447
1.05315
1.07898
1.10157
1.12051
1.13537
1.14566
1.1507
1.15028
1.14668
1.13735
1.121
1.09661
1.06311
1.01943
0.964719
0.898949
0.823742
0.742247
0.660628
0.594276
0.535289
0.46355
0.395772
0.270165
0.0320673
0.0489391
0.0730335
0.10006
0.126436
0.151183
0.173845
0.194991
0.214841
0.233702
0.251814
0.269366
0.2865
0.303309
0.319847
0.336127
0.352135
0.367826
0.383136
0.397981
0.412261
0.425869
0.438686
0.450594
0.46147
0.471196
0.479661
0.486764
0.492422
0.496952
0.501303
0.504883
0.50751
0.509178
0.509941
0.509838
0.508832
0.506735
0.503124
0.496707
0.483488
0.4522
0.393468
0.32128
0.281432
0.303774
0.0436697
0.0454328
0.0627841
0.0822181
0.101195
0.118708
0.13435
0.148688
0.162028
0.174632
0.18671
0.198423
0.209888
0.221183
0.232353
0.243414
0.254358
0.26516
0.275777
0.286155
0.296231
0.305938
0.315204
0.323958
0.332136
0.33968
0.346546
0.352711
0.358196
0.363202
0.368214
0.373226
0.378351
0.383822
0.389965
0.397169
0.405834
0.416274
0.428463
0.441073
0.448339
0.437703
0.394943
0.341313
0.325579
0.43228
0.0515468
0.0461561
0.0606282
0.0769109
0.0926355
0.10684
0.11956
0.131116
0.141784
0.151803
0.161365
0.170618
0.179668
0.18859
0.197427
0.206197
0.214898
0.223515
0.232015
0.240361
0.248506
0.256401
0.263995
0.271243
0.278102
0.284544
0.290556
0.296149
0.301382
0.306424
0.311608
0.317093
0.323112
0.329992
0.338155
0.348088
0.3603
0.375201
0.3928
0.411748
0.426505
0.426075
0.401657
0.370736
0.378782
0.564204
0.05663
0.0486422
0.0614314
0.0756938
0.08921
0.101463
0.112465
0.122434
0.131603
0.140182
0.148343
0.15622
0.163913
0.17149
0.178992
0.186439
0.193834
0.201166
0.208411
0.215541
0.222519
0.229308
0.235872
0.242177
0.248199
0.253925
0.259361
0.26454
0.269541
0.274524
0.279761
0.285472
0.291942
0.299538
0.30871
0.319961
0.333793
0.350574
0.370222
0.39137
0.40929
0.415634
0.406402
0.397817
0.430142
0.706892
0.0605392
0.0523243
0.0637478
0.0762846
0.0881574
0.0989762
0.108744
0.117616
0.125783
0.133421
0.140678
0.147672
0.154492
0.161198
0.167831
0.17441
0.18094
0.187413
0.193813
0.200116
0.206294
0.212319
0.218164
0.223805
0.229231
0.234439
0.239449
0.24431
0.249112
0.254014
0.259262
0.265098
0.27183
0.279838
0.289569
0.301508
0.316113
0.333678
0.354035
0.375889
0.395522
0.407269
0.410714
0.422679
0.485738
0.867695
0.0664248
0.0569904
0.0669402
0.0779475
0.0884125
0.0980262
0.106784
0.1148
0.122216
0.129173
0.13579
0.142168
0.14838
0.15448
0.160504
0.16647
0.172385
0.178243
0.184032
0.189732
0.195324
0.200784
0.206093
0.211237
0.216211
0.221024
0.225706
0.230315
0.234951
0.239774
0.245015
0.250926
0.257821
0.266078
0.276128
0.288425
0.303376
0.32121
0.341719
0.363786
0.384712
0.401218
0.415545
0.446001
0.541424
1.02476
0.0733396
0.06227
0.0707245
0.0802739
0.0894394
0.0979644
0.105837
0.113128
0.119938
0.126365
0.132501
0.138423
0.14419
0.149848
0.155426
0.160941
0.166399
0.171796
0.177124
0.182368
0.187511
0.192537
0.197432
0.202189
0.20681
0.211313
0.215735
0.220142
0.224642
0.229394
0.234622
0.24058
0.247579
0.255987
0.266215
0.278684
0.293754
0.311613
0.332066
0.354243
0.376398
0.397236
0.421129
0.467642
0.591597
1.17425
0.0805426
0.0678668
0.0748346
0.0829722
0.0909067
0.0984207
0.10549
0.112146
0.118443
0.124439
0.130196
0.135767
0.141196
0.14652
0.151762
0.156935
0.162044
0.167088
0.172059
0.176947
0.181738
0.186422
0.19099
0.195439
0.19978
0.204035
0.208249
0.212495
0.216884
0.221576
0.22679
0.232777
0.239843
0.248341
0.258662
0.271193
0.286263
0.304039
0.324386
0.346718
0.370134
0.394932
0.427185
0.487482
0.63581
1.31282
0.0875469
0.0734814
0.0790118
0.0858031
0.0925771
0.0991535
0.105493
0.111586
0.11744
0.123077
0.128526
0.133818
0.138986
0.144051
0.149033
0.153942
0.15878
0.163548
0.168238
0.172843
0.177355
0.181765
0.18607
0.190273
0.194388
0.198444
0.202491
0.206608
0.210908
0.215552
0.220753
0.226758
0.233865
0.242415
0.252774
0.265305
0.280315
0.297975
0.318236
0.340808
0.365521
0.393922
0.433413
0.505614
0.675247
1.43529
0.093969
0.0787615
0.0830261
0.0885655
0.0942671
0.0999912
0.105678
0.111277
0.116751
0.122084
0.127279
0.132347
0.137306
0.142169
0.146947
0.151648
0.156274
0.160822
0.165289
0.169668
0.173955
0.178144
0.182237
0.18624
0.190173
0.194069
0.197983
0.201996
0.206226
0.210833
0.216023
0.222041
0.229174
0.237748
0.248113
0.260611
0.275537
0.293083
0.313303
0.336199
0.362215
0.393868
0.439618
0.522212
0.711616
1.55909
0.0995569
0.08359
0.0867005
0.0910943
0.0958325
0.100808
0.105931
0.111108
0.116259
0.121338
0.126322
0.131208
0.135998
0.1407
0.145317
0.149854
0.15431
0.158683
0.162971
0.167168
0.171272
0.175283
0.179203
0.183045
0.186831
0.190599
0.194407
0.198339
0.202516
0.207094
0.212278
0.218304
0.225453
0.234037
0.244389
0.256837
0.271675
0.289127
0.309358
0.332638
0.359922
0.394478
0.445601
0.537273
0.745839
1.6943
0.104205
0.0878614
0.0898948
0.0932577
0.0971633
0.101512
0.106173
0.111004
0.11589
0.120758
0.125569
0.130305
0.134959
0.139531
0.14402
0.148426
0.152746
0.156979
0.161122
0.165171
0.169128
0.172993
0.176774
0.180486
0.184154
0.18782
0.191545
0.195415
0.199551
0.204111
0.209291
0.215325
0.222484
0.231068
0.241399
0.253794
0.268552
0.285936
0.306223
0.329919
0.358397
0.39549
0.451145
0.550678
0.778255
1.83336
0.10797
0.0914702
0.0924904
0.0949541
0.0981818
0.102044
0.106352
0.110917
0.115594
0.120293
0.124962
0.129576
0.13412
0.138587
0.142973
0.147273
0.151485
0.155604
0.15963
0.16356
0.167397
0.171144
0.174813
0.178419
0.181994
0.18558
0.189241
0.193065
0.197174
0.201722
0.206904
0.212947
0.220113
0.228695
0.239002
0.251348
0.266039
0.283382
0.303758
0.327877
0.357438
0.396679
0.456007
0.562102
0.809204
1.98982
0.110923
0.0942782
0.0943802
0.0961135
0.0988458
0.102374
0.106443
0.11082
0.115342
0.119909
0.124465
0.128979
0.133434
0.137817
0.142119
0.146335
0.150459
0.154487
0.158418
0.162252
0.165991
0.169643
0.17322
0.176743
0.180244
0.183768
0.187382
0.191175
0.195268
0.199813
0.205001
0.211055
0.21823
0.22681
0.237096
0.249401
0.264043
0.28137
0.301856
0.326381
0.356883
0.397854
0.459902
0.57075
0.836685
2.18625
0.112408
0.0961198
0.0954786
0.0967055
0.0991527
0.102507
0.106444
0.110704
0.115118
0.119586
0.124053
0.128488
0.132871
0.137186
0.141421
0.145569
0.149622
0.153577
0.157431
0.161186
0.164846
0.168421
0.171926
0.175383
0.178826
0.182305
0.185885
0.189659
0.193746
0.198297
0.203497
0.209566
0.216754
0.225337
0.23561
0.247886
0.262497
0.279829
0.300437
0.32533
0.356615
0.398879
0.462554
0.575084
0.85105
2.53567
0.116647
0.414335
0.557562
0.561598
2.40097
0.562994
0.559773
0.566515
2.40881
2.70465
3.00096
3.29094
3.56587
3.8201
4.05063
4.25812
4.44664
4.62252
4.79264
4.96271
5.13624
5.31171
5.47816
5.62561
5.74214
5.81516
5.8327
5.78494
5.66542
5.47138
5.20353
4.86176
4.43702
3.9162
3.27634
2.57338
0.320647
0.0486302
0.317372
0.511392
0.665553
0.816117
0.870113
0.842231
0.930566
1.01489
1.24218
1.28684
1.31448
1.32797
1.33261
1.33173
1.32912
1.32879
1.33417
1.34749
1.36959
1.40045
1.4399
1.48855
1.53685
1.58183
1.62033
1.64915
1.66536
1.66654
1.65108
1.61819
1.56784
1.49951
1.40902
1.28512
1.09726
0.767653
0.426998
0.130433
0.582693
0.595863
0.692192
0.730314
0.737604
0.746723
0.772327
0.802783
0.831351
0.828044
0.820837
0.810438
0.799515
0.790566
0.785932
0.787298
0.7955
0.810671
0.832569
0.860878
0.895314
0.934235
0.974982
1.01605
1.05581
1.09257
1.12471
1.15082
1.16996
1.18188
1.18696
1.18549
1.17545
1.14838
1.0814
0.925526
0.66227
0.264435
0.822376
0.663124
0.704091
0.69889
0.687313
0.68376
0.686435
0.689221
0.686611
0.67616
0.664853
0.654191
0.646116
0.642372
0.644232
0.652217
0.666201
0.685788
0.710698
0.740903
0.7765
0.816367
0.859544
0.905205
0.952372
0.999994
1.04702
1.09249
1.13584
1.17732
1.21803
1.25924
1.30026
1.33359
1.33555
1.25082
0.988874
0.482926
1.04006
0.720678
0.715601
0.687702
0.664379
0.652626
0.647287
0.643269
0.637569
0.630049
0.623102
0.618313
0.617235
0.621147
0.630709
0.645768
0.665619
0.689585
0.717536
0.749982
0.787728
0.830343
0.877714
0.929552
0.985374
1.04464
1.10677
1.17126
1.238
1.30786
1.38288
1.46555
1.55623
1.64724
1.71052
1.67606
1.41579
0.804994
1.23994
0.771597
0.729393
0.687436
0.657771
0.643394
0.638155
0.636999
0.637124
0.637937
0.640366
0.645697
0.655198
0.669781
0.689543
0.713577
0.740424
0.768992
0.799377
0.832948
0.871679
0.916001
0.966596
1.02376
1.08752
1.15788
1.23484
1.31841
1.40907
1.50857
1.62021
1.748
1.89358
2.0489
2.1805
2.20205
1.95283
1.25202
1.42474
0.816747
0.744557
0.693666
0.662108
0.64992
0.65045
0.658349
0.670278
0.684824
0.702067
0.722859
0.748155
0.77842
0.812932
0.849571
0.885573
0.91904
0.950327
0.982169
1.01845
1.06093
1.1113
1.17056
1.23937
1.31835
1.40824
1.50975
1.62411
1.75422
1.90514
2.08294
2.29104
2.52114
2.73335
2.82231
2.59459
1.83448
1.59617
0.856479
0.759652
0.703699
0.67444
0.669211
0.680868
0.703703
0.733754
0.768753
0.807969
0.851693
0.90045
0.954033
1.01041
1.06544
1.11407
1.15289
1.18245
1.20757
1.2352
1.26938
1.31311
1.36838
1.43655
1.51908
1.61762
1.73375
1.86962
2.02961
2.22115
2.45301
2.7309
3.04633
3.35136
3.51774
3.32025
2.54455
1.75544
0.891083
0.773535
0.715959
0.693361
0.700351
0.729149
0.773758
0.829721
0.89393
0.964696
1.04152
1.12431
1.21188
1.30024
1.3821
1.44873
1.49402
1.51845
1.52976
1.53945
1.55554
1.58283
1.62456
1.68299
1.76064
1.86036
1.9848
2.13706
2.32328
2.55387
2.84104
3.1933
3.60184
4.00888
4.25901
4.09716
3.3548
1.90369
0.920838
0.785483
0.72971
0.718581
0.743845
0.796926
0.871668
0.963323
1.06792
1.1825
1.30538
1.43552
1.5705
1.70379
1.82377
1.91631
1.97094
1.98727
1.97658
1.95654
1.94175
1.93935
1.95419
1.98979
2.05003
2.1395
2.26215
2.42188
2.62652
2.89013
3.22921
3.65552
4.16006
4.6738
5.01011
4.88578
4.22252
2.04238
0.946097
0.795241
0.744972
0.750747
0.801305
0.887112
1.00199
1.1411
1.29951
1.47246
1.65637
1.84878
2.04591
2.23855
2.40999
2.5392
2.60923
2.61727
2.57793
2.51616
2.45632
2.40859
2.3799
2.37539
2.40105
2.46407
2.57032
2.72409
2.93426
3.21901
3.60021
4.0935
4.69025
5.31001
5.73153
5.64385
5.09672
2.17373
0.967504
0.803161
0.762598
0.791452
0.875307
1.00342
1.16963
1.3692
1.59609
1.84295
2.10311
2.37197
2.64453
2.90957
3.14579
3.32451
3.4203
3.42551
3.35655
3.24541
3.12854
3.02048
2.93028
2.86522
2.83444
2.84954
2.91981
3.0494
3.24669
3.53397
3.93989
4.4849
5.16191
5.88047
6.38295
6.32952
5.92547
2.30142
0.986354
0.810516
0.784547
0.843423
0.969348
1.14983
1.37855
1.65107
1.96022
2.29515
2.64442
3.00005
3.35618
3.70144
4.01227
4.25343
4.38956
4.40516
4.31563
4.15842
3.97941
3.80176
3.63505
3.48885
3.37661
3.31722
3.32686
3.40972
3.57074
3.83527
4.24058
4.81322
5.54929
6.35162
6.92666
6.90433
6.66299
2.43119
1.00512
0.820113
0.814449
0.910944
1.08787
1.32987
1.62996
1.98446
2.38561
2.81834
3.26422
3.70994
4.14908
4.57317
4.96113
5.27463
5.46806
5.515
5.42606
5.24124
5.00812
4.76365
4.5148
4.27246
4.05465
3.89107
3.81125
3.82191
3.92019
4.13138
4.50392
5.07225
5.8371
6.69923
7.33275
7.33811
7.27601
2.57332
1.02772
0.837511
0.858665
1.00058
1.23628
1.5457
1.9204
2.3585
2.85336
3.38571
3.92746
4.45725
4.96786
5.4573
5.91434
6.30373
6.57059
6.6747
6.61751
6.43612
6.17668
5.88484
5.56379
5.2235
4.88441
4.58887
4.3896
4.30281
4.31256
4.43775
4.7414
5.26885
6.02555
6.9147
7.58454
7.6141
7.74884
2.75141
1.06009
0.873165
0.927871
1.12185
1.42045
1.79645
2.23936
2.75101
3.3292
3.95164
4.57775
5.17499
5.73411
6.26236
6.76784
7.22765
7.57967
7.76674
7.77712
7.63981
7.39688
7.09286
6.72705
6.30626
5.84812
5.40373
5.06027
4.85727
4.75992
4.76993
4.96939
5.42047
6.13094
7.00885
7.68425
7.72962
8.08636
0.111896
0.097098
0.0958341
0.0967744
0.0991382
0.102454
0.106334
0.110511
0.114822
0.119184
0.123549
0.127891
0.132186
0.136417
0.140569
0.144632
0.148597
0.152459
0.156217
0.159872
0.163432
0.166908
0.17032
0.173693
0.177065
0.180488
0.184031
0.187786
0.191871
0.196438
0.201666
0.207768
0.214986
0.223587
0.233857
0.246111
0.260703
0.278072
0.298875
0.324276
0.356531
0.40016
0.464594
0.571848
0.788969
1.42953
0.105525
0.0948268
0.0937855
0.095385
0.0983118
0.101963
0.10599
0.110191
0.114463
0.11876
0.123055
0.127328
0.131558
0.135725
0.139814
0.143812
0.14771
0.151501
0.155184
0.15876
0.162239
0.165636
0.168974
0.172283
0.175606
0.178998
0.182531
0.186299
0.19042
0.195041
0.200339
0.206519
0.213814
0.222483
0.232805
0.2451
0.25974
0.277209
0.298233
0.324055
0.356929
0.401003
0.464072
0.561525
0.727252
1.04623
0.0978939
0.0900153
0.0909471
0.0939461
0.0976403
0.101657
0.105817
0.110035
0.11428
0.118539
0.122794
0.127027
0.131216
0.135345
0.139396
0.143358
0.147221
0.150978
0.154629
0.158171
0.161612
0.16497
0.168271
0.17155
0.174853
0.178241
0.181789
0.185595
0.189775
0.194474
0.199865
0.206148
0.213552
0.222327
0.232749
0.245136
0.259873
0.277456
0.298633
0.324651
0.357659
0.401386
0.46232
0.551821
0.689836
0.907073
0.0267158
0.0898642
0.0912777
0.0941609
0.0979204
0.102203
0.106334
0.110459
0.11462
0.118811
0.123011
0.127192
0.131332
0.135415
0.139426
0.143354
0.147186
0.150919
0.154554
0.158085
0.161506
0.164843
0.168127
0.171395
0.174696
0.178092
0.181666
0.185525
0.189787
0.194591
0.200106
0.206531
0.214087
0.223016
0.233599
0.246144
0.261016
0.278708
0.299958
0.325949
0.358653
0.401332
0.459356
0.541399
0.660712
0.832592
0.283411
0.14178
0.125635
0.121226
0.117287
0.112999
0.11157
0.113185
0.116217
0.119832
0.1237
0.127675
0.131681
0.135672
0.139619
0.143498
0.147293
0.150995
0.154732
0.158482
0.16188
0.165201
0.168485
0.17177
0.175106
0.178548
0.182171
0.186102
0.190445
0.195362
0.201024
0.207654
0.215425
0.224556
0.235399
0.248202
0.263237
0.281027
0.302273
0.328043
0.360058
0.401052
0.45531
0.529312
0.631972
0.771921
0.496497
0.229006
0.192092
0.177562
0.168553
0.162719
0.159014
0.156949
0.156136
0.156257
0.15706
0.15834
0.159932
0.161694
0.163492
0.165162
0.166454
0.166893
0.165461
0.162264
0.16348
0.166096
0.169051
0.172148
0.175362
0.178718
0.182374
0.186742
0.191468
0.196828
0.203071
0.210062
0.217762
0.22697
0.238277
0.251517
0.266667
0.284541
0.305774
0.331214
0.362296
0.40117
0.451094
0.516685
0.603689
0.716846
0.525858
0.252108
0.216016
0.20266
0.195498
0.190723
0.187213
0.184619
0.182837
0.181802
0.181423
0.181584
0.182169
0.183063
0.184164
0.185371
0.186579
0.187692
0.188716
0.190216
0.192751
0.19583
0.19911
0.202386
0.205399
0.207485
0.206523
0.19517
0.193279
0.197475
0.203704
0.211548
0.220108
0.231026
0.24379
0.256707
0.271377
0.289327
0.310655
0.335796
0.365927
0.402544
0.44804
0.505529
0.578451
0.669058
0.501513
0.257305
0.225699
0.21633
0.211751
0.20866
0.206197
0.204167
0.202591
0.201516
0.200957
0.200887
0.201258
0.202016
0.203113
0.204507
0.206175
0.208112
0.210357
0.213042
0.21625
0.219895
0.223844
0.227945
0.231969
0.235453
0.237503
0.237423
0.239132
0.24154
0.240183
0.222513
0.222024
0.232114
0.248243
0.262696
0.278292
0.296266
0.317302
0.342091
0.371438
0.405873
0.447325
0.497641
0.558612
0.631018
0.480251
0.260532
0.231506
0.223872
0.220775
0.218967
0.217617
0.216531
0.215719
0.215239
0.215138
0.215436
0.216133
0.217221
0.218689
0.220533
0.222753
0.225358
0.228365
0.231816
0.235754
0.240192
0.245089
0.250362
0.255861
0.26132
0.266379
0.271069
0.276289
0.281505
0.284613
0.283869
0.284978
0.285075
0.269761
0.264618
0.28158
0.30272
0.326683
0.352681
0.380038
0.411747
0.449759
0.494056
0.545323
0.603781
0.467681
0.265124
0.236009
0.228048
0.22523
0.224061
0.223539
0.223352
0.223423
0.223764
0.224402
0.225364
0.22667
0.228335
0.230371
0.232795
0.235627
0.238888
0.242611
0.246839
0.251631
0.257029
0.263046
0.269649
0.276759
0.284224
0.291874
0.299724
0.30797
0.31634
0.323905
0.330308
0.336668
0.341482
0.340785
0.3369
0.319655
0.307803
0.330157
0.360841
0.390238
0.422654
0.458107
0.496479
0.539284
0.587136
0.465082
0.27123
0.239453
0.229958
0.22659
0.225502
0.225448
0.225949
0.226814
0.227978
0.229423
0.231158
0.233197
0.235562
0.238279
0.241378
0.244893
0.248868
0.253354
0.258413
0.26412
0.270538
0.277711
0.285647
0.294314
0.303632
0.313504
0.3239
0.334818
0.346105
0.357351
0.368376
0.379385
0.389679
0.397738
0.403175
0.404685
0.405008
0.40702
0.378448
0.392291
0.428593
0.468461
0.505721
0.543606
0.582828
0.466164
0.276754
0.241601
0.230088
0.225735
0.224351
0.224451
0.225396
0.22688
0.228757
0.230956
0.233454
0.236249
0.239358
0.242807
0.246634
0.250887
0.255622
0.260907
0.266822
0.27345
0.280876
0.289161
0.298346
0.308434
0.319393
0.331169
0.343721
0.357002
0.370857
0.385121
0.399647
0.414424
0.429123
0.443026
0.455647
0.466798
0.476994
0.485655
0.487311
0.49373
0.498972
0.475917
0.508577
0.549456
0.587508
0.470179
0.28118
0.242411
0.228774
0.223269
0.221375
0.221402
0.222571
0.224482
0.226916
0.229753
0.232935
0.236439
0.240268
0.244447
0.249011
0.254015
0.259522
0.265611
0.272369
0.279892
0.288273
0.297591
0.307909
0.319257
0.33164
0.345034
0.359406
0.374703
0.390795
0.407563
0.424901
0.442729
0.460845
0.478858
0.496438
0.513483
0.530063
0.545768
0.559485
0.573451
0.585735
0.58949
0.597984
0.580043
0.591787
0.477532
0.284563
0.242031
0.226314
0.219632
0.217129
0.216932
0.218154
0.220316
0.223144
0.226478
0.230228
0.23435
0.238834
0.243693
0.248962
0.254691
0.260948
0.267814
0.275382
0.283751
0.29302
0.303283
0.314614
0.327069
0.340676
0.355437
0.371336
0.388327
0.406319
0.425166
0.444804
0.465123
0.485956
0.507041
0.528129
0.549093
0.569902
0.590399
0.610249
0.629968
0.64906
0.665065
0.680038
0.691567
0.704872
0.487768
0.286945
0.240636
0.22296
0.215149
0.212003
0.211493
0.21264
0.214909
0.217983
0.221673
0.225863
0.230492
0.235535
0.240996
0.246903
0.253302
0.260259
0.267854
0.276178
0.285334
0.295422
0.306542
0.318781
0.332206
0.346867
0.362786
0.379962
0.398364
0.417924
0.43853
0.460051
0.482411
0.505449
0.528949
0.55269
0.576505
0.60029
0.623938
0.647323
0.670601
0.693649
0.715352
0.735845
0.755425
0.774395
0.499788
0.288293
0.238367
0.218908
0.210052
0.206274
0.205402
0.206387
0.208649
0.211844
0.215759
0.220263
0.22528
0.230774
0.23674
0.243198
0.25019
0.257776
0.266032
0.275048
0.284922
0.295756
0.307653
0.320703
0.334986
0.350563
0.367472
0.385726
0.405307
0.426167
0.448215
0.47133
0.495375
0.520227
0.545685
0.571535
0.597578
0.623648
0.649602
0.675317
0.700787
0.725916
0.750182
0.773382
0.795471
0.816156
0.512285
0.288566
0.235338
0.214308
0.204517
0.200139
0.198885
0.199649
0.20182
0.205033
0.209062
0.213764
0.219053
0.224885
0.23125
0.238159
0.24565
0.253778
0.262613
0.272241
0.282757
0.294261
0.306852
0.320628
0.335671
0.352051
0.369816
0.388992
0.409573
0.431523
0.45477
0.479208
0.504698
0.53107
0.558159
0.585748
0.613618
0.641559
0.669377
0.6969
0.72401
0.750562
0.776248
0.800848
0.824243
0.846276
0.524084
0.287769
0.231658
0.209287
0.198676
0.193745
0.192109
0.192616
0.194634
0.197785
0.201832
0.206628
0.212081
0.218143
0.224797
0.232052
0.239939
0.248509
0.257829
0.267979
0.279048
0.291135
0.304337
0.31875
0.334462
0.351545
0.370057
0.390029
0.411469
0.43435
0.458614
0.484166
0.510876
0.538578
0.567069
0.596145
0.625577
0.655126
0.684556
0.713647
0.742204
0.770035
0.796897
0.822583
0.846962
0.869922
0.534307
0.285967
0.22744
0.203955
0.192642
0.187212
0.185205
0.185435
0.187256
0.19028
0.194269
0.19907
0.20459
0.210777
0.217614
0.225106
0.233282
0.242189
0.251889
0.262457
0.273982
0.286555
0.300274
0.315231
0.331517
0.349207
0.368362
0.389022
0.411202
0.434885
0.460023
0.486531
0.514288
0.543134
0.572874
0.603278
0.634098
0.665089
0.695983
0.726524
0.756467
0.785582
0.813632
0.84041
0.86576
0.889558
0.542414
0.283272
0.2228
0.198413
0.186509
0.180636
0.178276
0.178222
0.179816
0.182666
0.186533
0.191263
0.196764
0.202984
0.209903
0.217528
0.225884
0.235017
0.244986
0.255865
0.267735
0.280688
0.294817
0.310215
0.326972
0.345165
0.364859
0.3861
0.408909
0.433278
0.459168
0.486502
0.515169
0.545016
0.575852
0.607451
0.639557
0.671885
0.704154
0.736088
0.767404
0.79784
0.827145
0.855096
0.881505
0.906216
0.548151
0.279823
0.217847
0.192751
0.180359
0.174099
0.17141
0.171072
0.172419
0.175061
0.178755
0.183353
0.18876
0.194929
0.20184
0.209499
0.217931
0.227182
0.237308
0.248382
0.260483
0.2737
0.288125
0.30385
0.320964
0.339547
0.359667
0.381375
0.404698
0.429636
0.456158
0.484198
0.513651
0.544372
0.576178
0.608844
0.642113
0.675699
0.709298
0.742591
0.775278
0.807074
0.837704
0.866916
0.894492
0.920237
0.551482
0.275757
0.21268
0.187046
0.17426
0.167664
0.164675
0.16406
0.165152
0.16756
0.171045
0.17546
0.180713
0.186759
0.19358
0.201183
0.209595
0.218859
0.229034
0.24019
0.252405
0.265767
0.280367
0.296296
0.313645
0.332495
0.352918
0.374969
0.398681
0.424063
0.451093
0.479711
0.509824
0.541295
0.573947
0.60756
0.64188
0.676615
0.711455
0.74607
0.780132
0.813316
0.845321
0.875869
0.90471
0.931612
0.552518
0.271208
0.207383
0.181359
0.168263
0.161386
0.158125
0.157246
0.158081
0.160241
0.16349
0.167683
0.172734
0.178597
0.185259
0.192727
0.201031
0.210215
0.220337
0.231466
0.243682
0.257071
0.271724
0.287733
0.305189
0.324177
0.344772
0.367033
0.391001
0.416692
0.444092
0.473154
0.503792
0.535878
0.569245
0.603678
0.638926
0.674699
0.71068
0.74653
0.781906
0.816463
0.849872
0.881816
0.912
0.940161
0.551459
0.266289
0.202022
0.175739
0.162412
0.155301
0.151801
0.150675
0.151258
0.153164
0.15616
0.160105
0.164915
0.170549
0.176994
0.184263
0.192383
0.201403
0.211379
0.222384
0.234494
0.247799
0.262388
0.278355
0.295792
0.314788
0.335421
0.357756
0.38184
0.407699
0.435327
0.464687
0.495704
0.528261
0.562199
0.597312
0.633354
0.670037
0.707041
0.744022
0.780622
0.816483
0.85125
0.884582
0.916152
0.945658
0.548554
0.261099
0.19665
0.170224
0.156734
0.149438
0.145731
0.144379
0.144721
0.146374
0.149109
0.152788
0.157332
0.162701
0.168886
0.1759
0.183776
0.192561
0.202313
0.213106
0.225017
0.238136
0.252554
0.268365
0.285665
0.304544
0.325086
0.347361
0.371425
0.397309
0.42502
0.45453
0.485776
0.518652
0.553009
0.588652
0.62534
0.662789
0.700682
0.738668
0.776382
0.813451
0.849502
0.88417
0.9171
0.947959
0.544069
0.255718
0.191308
0.164839
0.151251
0.143816
0.139935
0.13838
0.138495
0.139902
0.142376
0.145781
0.150042
0.155122
0.161015
0.167735
0.175318
0.183811
0.193276
0.203784
0.215417
0.228263
0.242415
0.25797
0.275026
0.293676
0.314008
0.3361
0.360013
0.385789
0.413443
0.44296
0.474287
0.507332
0.541956
0.577974
0.615155
0.653221
0.691856
0.730709
0.769409
0.807571
0.844809
0.880736
0.914976
0.947165
0.538273
0.250216
0.186029
0.159604
0.145977
0.138445
0.134423
0.13269
0.132597
0.13377
0.135988
0.139118
0.143089
0.147867
0.153446
0.159846
0.1671
0.175259
0.184386
0.194554
0.205844
0.218346
0.232155
0.24737
0.264091
0.282415
0.302436
0.324235
0.347884
0.373432
0.400905
0.430299
0.461572
0.494646
0.529393
0.56564
0.603166
0.6417
0.680932
0.720511
0.760063
0.799197
0.837513
0.87461
0.910092
0.943572
0.531427
0.244651
0.180838
0.154534
0.140919
0.13333
0.129199
0.127315
0.127034
0.127989
0.129961
0.132823
0.136505
0.140975
0.146231
0.152292
0.159196
0.166993
0.175747
0.185533
0.196433
0.208538
0.221944
0.236753
0.253067
0.270988
0.290613
0.312033
0.335324
0.360545
0.387732
0.416893
0.447998
0.480981
0.515727
0.552075
0.589814
0.628684
0.668379
0.708554
0.748833
0.788822
0.828113
0.866294
0.902951
0.937679
0.523778
0.239072
0.175757
0.149639
0.136084
0.128475
0.124266
0.122256
0.121809
0.122563
0.124304
0.126908
0.130307
0.134472
0.139403
0.14512
0.151662
0.159081
0.167442
0.176819
0.187297
0.198967
0.211929
0.226285
0.242141
0.259602
0.278772
0.299746
0.322609
0.347429
0.374251
0.403095
0.433944
0.466743
0.501391
0.537739
0.575588
0.614686
0.654737
0.695402
0.736307
0.777056
0.81724
0.856437
0.894223
0.930174
0.515554
0.233525
0.170806
0.14493
0.131474
0.123879
0.119619
0.117508
0.116918
0.117491
0.119018
0.121378
0.124506
0.128375
0.132986
0.138362
0.144541
0.151576
0.159534
0.16849
0.178529
0.189744
0.202236
0.216111
0.231476
0.248442
0.267118
0.287604
0.309994
0.334364
0.360771
0.389244
0.41978
0.452335
0.486821
0.523103
0.560991
0.600247
0.640582
0.681666
0.723131
0.764583
0.805613
0.845796
0.884701
0.921892
0.506967
0.228053
0.166006
0.140416
0.127095
0.119542
0.115257
0.113068
0.112355
0.112767
0.114099
0.116233
0.119105
0.122691
0.126994
0.132036
0.137858
0.144515
0.152071
0.160604
0.1702
0.180954
0.192968
0.206349
0.22121
0.237666
0.255829
0.275808
0.297704
0.321603
0.347571
0.375649
0.405846
0.438131
0.472428
0.508613
0.546511
0.585894
0.626485
0.667961
0.709966
0.752111
0.793991
0.835184
0.875256
0.913763
0.498208
0.222697
0.161374
0.136107
0.122948
0.115461
0.111174
0.108928
0.108113
0.108384
0.109539
0.111464
0.114098
0.117419
0.121428
0.126152
0.131631
0.137919
0.145084
0.153203
0.162363
0.172661
0.1842
0.197092
0.211451
0.227397
0.245049
0.264522
0.285926
0.309356
0.334889
0.362576
0.39244
0.42446
0.458575
0.494674
0.532592
0.572115
0.612977
0.654869
0.697444
0.740327
0.783121
0.825412
0.866771
0.90675
0.48945
0.217494
0.156931
0.132013
0.119039
0.111638
0.107366
0.105082
0.104183
0.104331
0.105328
0.107064
0.109479
0.112551
0.116287
0.12071
0.125863
0.1318
0.13859
0.146311
0.155051
0.164908
0.175988
0.188404
0.202277
0.217729
0.234888
0.253874
0.274807
0.297791
0.322914
0.350241
0.379803
0.411596
0.44557
0.481625
0.519613
0.55933
0.600525
0.642902
0.686131
0.729853
0.773688
0.817237
0.860082
0.901783
0.480847
0.212482
0.152696
0.128145
0.11537
0.10807
0.10383
0.101522
0.100555
0.100597
0.101455
0.103019
0.105234
0.108079
0.11156
0.115703
0.12055
0.126158
0.132594
0.139938
0.14828
0.157718
0.168362
0.180328
0.19374
0.208727
0.225422
0.243954
0.264452
0.28703
0.311788
0.338803
0.36812
0.399746
0.433646
0.469733
0.507871
0.547871
0.589499
0.632476
0.676491
0.721208
0.766272
0.811308
0.855922
0.899689
0.472537
0.207696
0.14869
0.124514
0.111949
0.104759
0.100561
0.0982419
0.0972213
0.0971721
0.0979061
0.0993168
0.10135
0.103986
0.107234
0.111118
0.115682
0.120984
0.127091
0.134083
0.142053
0.1511
0.161337
0.172884
0.185868
0.200426
0.216695
0.234816
0.254926
0.27715
0.301602
0.328369
0.357512
0.389051
0.422964
0.459179
0.497573
0.537975
0.580167
0.623891
0.668864
0.714777
0.761311
0.808128
0.854868
0.901137
0.464641
0.20317
0.144931
0.121131
0.108779
0.101706
0.0975563
0.0952358
0.094172
0.0940445
0.0946691
0.0959422
0.0978111
0.100258
0.103292
0.10694
0.111244
0.116263
0.122066
0.128735
0.136361
0.145048
0.15491
0.166072
0.178667
0.192835
0.208724
0.226483
0.246258
0.268188
0.292399
0.318993
0.348043
0.379585
0.413611
0.450064
0.488837
0.529775
0.572682
0.617325
0.663452
0.710795
0.759077
0.808014
0.857298
0.906579
0.457264
0.198938
0.141439
0.118009
0.105868
0.0989114
0.0948145
0.092498
0.091399
0.0912034
0.091731
0.0928805
0.0946014
0.0968772
0.0997168
0.103148
0.107216
0.111977
0.117502
0.123874
0.131186
0.139544
0.149066
0.15988
0.172123
0.185946
0.201501
0.218948
0.238445
0.260144
0.284184
0.31068
0.339723
0.371363
0.405606
0.442413
0.481691
0.523307
0.567086
0.612828
0.660317
0.709335
0.759664
0.811086
0.863365
0.916219
0.450499
0.19503
0.138233
0.115158
0.10322
0.0963774
0.0923329
0.0900231
0.0888945
0.0886385
0.089079
0.0901172
0.0917041
0.0938245
0.096488
0.0997232
0.103575
0.108101
0.113374
0.119476
0.126503
0.134564
0.143779
0.15428
0.166212
0.179731
0.194998
0.212185
0.23146
0.252988
0.276924
0.303399
0.332517
0.364346
0.398908
0.436179
0.476086
0.518516
0.563321
0.610335
0.659389
0.710322
0.76299
0.81726
0.872991
0.929994
0.444425
0.191474
0.135329
0.112588
0.100841
0.0941054
0.09011
0.0878067
0.0866509
0.0863398
0.0867008
0.0876376
0.0891027
0.0910819
0.0935854
0.0966424
0.100298
0.104611
0.109655
0.115512
0.122283
0.130075
0.139015
0.149238
0.160896
0.174151
0.189174
0.206147
0.225252
0.246667
0.270561
0.297082
0.326352
0.358453
0.393426
0.431262
0.471909
0.515274
0.561241
0.609682
0.660479
0.713542
0.768813
0.826265
0.885875
0.947577
0.439109
0.188297
0.132745
0.11031
0.0987374
0.092097
0.0881439
0.085844
0.0846611
0.0842979
0.0845848
0.085428
0.0867812
0.0886312
0.0909888
0.0938836
0.0973611
0.101481
0.106317
0.111953
0.118491
0.126043
0.134737
0.144714
0.156131
0.169157
0.183976
0.200777
0.219757
0.241108
0.265015
0.291643
0.321129
0.353573
0.389033
0.427519
0.468996
0.513397
0.560635
0.610625
0.663309
0.718672
0.776759
0.837667
0.901518
0.9684
0.434607
0.185521
0.130493
0.108332
0.0969126
0.0903533
0.0864331
0.084131
0.0829186
0.0825036
0.0827197
0.0834748
0.0847241
0.0864548
0.0886784
0.0914247
0.0947397
0.0986836
0.10333
0.108767
0.115095
0.12243
0.130903
0.140661
0.151866
0.164697
0.179343
0.196009
0.214902
0.23623
0.260194
0.286975
0.316728
0.349572
0.385578
0.424776
0.467151
0.512659
0.561245
0.612868
0.667532
0.725309
0.786354
0.850908
0.919262
0.991691
0.430967
0.183166
0.128587
0.106662
0.0953709
0.0888753
0.0849757
0.0826632
0.0814167
0.0809484
0.0810947
0.0817653
0.0829163
0.0845357
0.0866349
0.0892444
0.0924101
0.0961928
0.100667
0.105921
0.112059
0.119198
0.127472
0.137034
0.148052
0.160712
0.175214
0.191772
0.210607
0.231944
0.255997
0.282966
0.313023
0.346303
0.382896
0.422847
0.466161
0.512816
0.562789
0.616084
0.672767
0.732999
0.797059
0.865341
0.938331
1.01652
0.428225
0.181251
0.127038
0.105306
0.0941153
0.0876633
0.0837697
0.0814365
0.0801491
0.0796238
0.0796994
0.0802871
0.0813437
0.0828575
0.0848402
0.087322
0.0903494
0.0939833
0.0982989
0.103386
0.109349
0.116308
0.124402
0.133787
0.144638
0.157146
0.171524
0.187994
0.206793
0.228159
0.252322
0.2795
0.309881
0.343618
0.380816
0.421538
0.465805
0.513618
0.564979
0.619937
0.678618
0.741274
0.808307
0.880278
0.95788
1.04184
0.42641
0.179788
0.125855
0.10427
0.0931484
0.086717
0.0828126
0.0804463
0.0791094
0.0785216
0.0785239
0.0790285
0.0799926
0.0814048
0.0832767
0.0856383
0.0885361
0.0920311
0.096199
0.10113
0.106932
0.113726
0.121653
0.130876
0.141572
0.153944
0.16821
0.184607
0.203381
0.224786
0.249068
0.276463
0.307174
0.34137
0.379174
0.420662
0.465871
0.514819
0.567534
0.6241
0.684702
0.749673
0.819538
0.895026
0.977044
1.06658
0.42554
0.178792
0.125045
0.103559
0.0924715
0.0860357
0.0821014
0.0796878
0.0782912
0.0776339
0.0775586
0.0779782
0.0788503
0.0801632
0.081928
0.0841748
0.0869496
0.0903134
0.0943423
0.0991277
0.104777
0.111416
0.119187
0.128257
0.138809
0.151053
0.165215
0.181543
0.200296
0.221741
0.246141
0.273746
0.304778
0.339421
0.377813
0.420042
0.466158
0.516193
0.570194
0.628273
0.690662
0.757769
0.830229
0.908929
0.99499
1.08967
0.425627
0.178273
0.124616
0.103174
0.0920852
0.0856177
0.0816326
0.0791559
0.0776876
0.0769524
0.0767939
0.0771255
0.0779044
0.0791187
0.080779
0.0829145
0.085571
0.0888094
0.0927057
0.0973519
0.102857
0.109347
0.116969
0.125892
0.136305
0.148424
0.162484
0.178741
0.197468
0.218945
0.243451
0.27125
0.302581
0.337644
0.376589
0.419516
0.466484
0.517534
0.572726
0.632189
0.696188
0.765189
0.839919
0.921406
1.01097
1.11011
0.426677
0.178239
0.124573
0.10312
0.0919892
0.0854605
0.0814021
0.0788449
0.0772918
0.0764688
0.0762204
0.0764595
0.0771432
0.0782584
0.079815
0.0818416
0.084383
0.0874997
0.0912677
0.0957793
0.101144
0.10749
0.114966
0.123745
0.13402
0.146012
0.159965
0.176145
0.194835
0.216328
0.240918
0.268884
0.300482
0.335924
0.375373
0.41894
0.46669
0.518667
0.574932
0.635623
0.701021
0.771627
0.848235
0.931984
1.02436
1.12709
0.428689
0.178698
0.12492
0.103396
0.0921821
0.0855607
0.0814047
0.0787483
0.077096
0.0761747
0.0758285
0.0759701
0.0765552
0.0775699
0.0790227
0.0809412
0.0833692
0.0863666
0.090009
0.0943886
0.0996154
0.105819
0.11315
0.121784
0.131918
0.143779
0.157617
0.173706
0.192341
0.213827
0.238471
0.266569
0.29839
0.33416
0.374055
0.418192
0.46664
0.51944
0.57665
0.638398
0.704963
0.776856
0.854906
0.94032
1.03471
1.13999
0.431658
0.179657
0.125659
0.104002
0.0926613
0.0859138
0.0816345
0.0788589
0.0770923
0.0760611
0.0756088
0.0756468
0.0761295
0.0770413
0.0783894
0.0801998
0.0825151
0.0853942
0.0889121
0.0931606
0.0982502
0.104311
0.111496
0.11998
0.129968
0.141688
0.155398
0.17138
0.189937
0.211387
0.23605
0.264236
0.296228
0.332267
0.372539
0.417167
0.46622
0.519734
0.577751
0.640379
0.707874
0.780729
0.859768
0.946222
1.04177
1.14844
0.435577
0.181119
0.126793
0.104938
0.0934228
0.0865139
0.0820843
0.0791687
0.0772716
0.0761185
0.0755512
0.0754793
0.0758552
0.0766614
0.0779031
0.0796046
0.081807
0.0845678
0.0879611
0.0920783
0.0970295
0.102945
0.109979
0.11831
0.128142
0.13971
0.153276
0.169129
0.187582
0.208962
0.233602
0.261826
0.293932
0.330172
0.370744
0.415778
0.46534
0.519454
0.578141
0.641476
0.709673
0.783177
0.862768
0.949648
1.04549
1.1524
0.440436
0.183091
0.128323
0.106199
0.0944612
0.0873539
0.0827456
0.0796684
0.0776245
0.0763371
0.0756456
0.0754572
0.0757217
0.0764192
0.0775526
0.0791439
0.0812324
0.0838742
0.087142
0.0911263
0.0959369
0.101704
0.108583
0.116751
0.126418
0.13782
0.151223
0.166923
0.18524
0.206512
0.231083
0.259291
0.291446
0.327816
0.368607
0.413955
0.463925
0.518527
0.577753
0.641635
0.710326
0.784198
0.863948
0.950694
1.04605
1.15207
0.446226
0.185574
0.130245
0.107783
0.0957693
0.088425
0.0836087
0.0803476
0.0781401
0.076706
0.0758813
0.0755698
0.0757184
0.076304
0.0773269
0.0788065
0.0807801
0.0833016
0.0864423
0.0902915
0.094958
0.100572
0.107288
0.115286
0.124775
0.135994
0.149214
0.164734
0.182883
0.204006
0.228459
0.256591
0.288728
0.32515
0.366075
0.411645
0.461921
0.516901
0.576543
0.640829
0.709838
0.783844
0.863426
0.949572
1.04376
1.14795
0.452938
0.18857
0.132559
0.10968
0.0973381
0.0897167
0.0846622
0.0811947
0.078807
0.0772139
0.0762471
0.0758063
0.0758346
0.0763055
0.0772158
0.0785823
0.0804394
0.0828391
0.0858506
0.0895619
0.0940805
0.099536
0.106082
0.113899
0.123197
0.134216
0.14723
0.162543
0.180487
0.201418
0.225701
0.253697
0.285745
0.322138
0.363108
0.408804
0.459286
0.514537
0.574485
0.639054
0.708239
0.782201
0.861372
0.946572
1.03909
1.14069
0.460566
0.192083
0.13526
0.111885
0.0991567
0.0912165
0.0858933
0.0821967
0.0796123
0.0778484
0.0767313
0.0761556
0.0760598
0.0764133
0.0772093
0.0784613
0.0802007
0.0824769
0.0853571
0.0889273
0.0932935
0.0985843
0.104952
0.112578
0.12167
0.132471
0.145256
0.160331
0.178036
0.19873
0.222789
0.250585
0.28247
0.318752
0.359677
0.405401
0.455989
0.511409
0.571561
0.636312
0.705569
0.779368
0.857977
0.942016
1.03254
1.13108
0.46911
0.196113
0.13834
0.114385
0.101212
0.0929103
0.0872872
0.0833393
0.0805423
0.0785967
0.0773217
0.0766061
0.076383
0.0766173
0.0772978
0.0784343
0.0800549
0.0822062
0.0849528
0.0883786
0.0925879
0.0977075
0.103889
0.111311
0.120184
0.130748
0.14328
0.158088
0.175515
0.195927
0.219707
0.247238
0.278886
0.314973
0.355758
0.401413
0.452005
0.507497
0.56776
0.63261
0.701868
0.775441
0.853425
0.936219
1.02463
1.11989
0.478576
0.20066
0.141793
0.117169
0.103489
0.0947819
0.0888278
0.0846068
0.0815823
0.0794449
0.0780056
0.0771462
0.0767937
0.0769075
0.0774719
0.0784924
0.0799936
0.0820188
0.0846298
0.087908
0.0919556
0.0968975
0.102884
0.110091
0.118729
0.129037
0.141292
0.155804
0.172916
0.193001
0.216447
0.243647
0.274981
0.310787
0.351339
0.396823
0.447318
0.502783
0.563071
0.627952
0.697166
0.770496
0.847866
0.929451
1.01579
1.10782
0.488979
0.205723
0.145609
0.120221
0.10597
0.0968132
0.0904974
0.0859824
0.0827166
0.0803786
0.0787699
0.077764
0.0772809
0.0772741
0.0777226
0.0786274
0.080009
0.0819072
0.0843809
0.0875085
0.0913899
0.0961477
0.10193
0.108912
0.117299
0.127333
0.139287
0.153471
0.170232
0.189944
0.213002
0.239807
0.270751
0.306187
0.346409
0.391621
0.441915
0.497256
0.557482
0.622331
0.691472
0.764575
0.8414
0.921905
1.00636
1.09541
0.50034
0.211302
0.149776
0.123525
0.108637
0.0989845
0.0922768
0.0874481
0.0839286
0.0813831
0.0796013
0.0784475
0.0778339
0.0777073
0.0780411
0.0788311
0.0800937
0.0818647
0.0841997
0.0871741
0.090885
0.0954524
0.101022
0.107766
0.11589
0.12563
0.13726
0.151088
0.167461
0.186755
0.209371
0.235717
0.266194
0.301174
0.340968
0.3858
0.435784
0.490899
0.550978
0.615731
0.684776
0.757685
0.834068
0.913684
0.996557
1.08301
0.512689
0.217396
0.154282
0.127062
0.111467
0.101275
0.0941455
0.088985
0.0852015
0.082443
0.0804862
0.0791847
0.0784421
0.0781978
0.0784189
0.079096
0.0802408
0.0818851
0.0840805
0.0868995
0.0904359
0.0948071
0.100156
0.106652
0.114497
0.123926
0.135208
0.148652
0.164601
0.183434
0.205557
0.231381
0.261317
0.295752
0.335017
0.379359
0.428913
0.483677
0.543502
0.608092
0.677027
0.749802
0.825896
0.904867
0.986462
1.07073
0.526063
0.224005
0.159114
0.130813
0.11444
0.103661
0.0960823
0.0905737
0.0865177
0.0835429
0.0814111
0.0799639
0.0790951
0.0787364
0.0788481
0.0794151
0.0804442
0.0819626
0.0840184
0.0866802
0.0900388
0.0942083
0.0993281
0.105565
0.113118
0.122219
0.133132
0.146163
0.161654
0.179981
0.201549
0.226779
0.25609
0.289883
0.328509
0.372238
0.421235
0.475528
0.534989
0.599333
0.668121
0.740796
0.816735
0.895327
0.976081
1.05874
0.540506
0.231135
0.16426
0.134756
0.11753
0.106119
0.0980649
0.0921942
0.0878597
0.0846677
0.0823628
0.0807735
0.0797831
0.0793146
0.0793212
0.0797818
0.0806979
0.0820923
0.0840087
0.0865123
0.08969
0.093653
0.0985371
0.104505
0.111751
0.120503
0.131023
0.14361
0.158604
0.176378
0.197338
0.221905
0.25051
0.283565
0.321441
0.364435
0.412743
0.466428
0.525397
0.589386
0.657962
0.730537
0.806416
0.884856
0.965165
1.0468
0.556071
0.238793
0.169708
0.138872
0.120714
0.108626
0.100071
0.0938264
0.0892099
0.0858021
0.0833285
0.0816027
0.0804967
0.0799242
0.0798311
0.08019
0.0809967
0.0822695
0.0840478
0.0863926
0.089387
0.0931379
0.0977773
0.103465
0.11039
0.118775
0.128877
0.140992
0.155453
0.17263
0.192927
0.216768
0.244587
0.27681
0.313826
0.355959
0.40344
0.456372
0.514702
0.578203
0.646463
0.718894
0.794756
0.873213
0.953409
1.03457
0.572826
0.246995
0.175448
0.143137
0.123966
0.111155
0.102077
0.0954501
0.0905512
0.0869317
0.0842958
0.082441
0.0812271
0.080558
0.0803717
0.0806343
0.0813363
0.0824905
0.0841319
0.0863171
0.0891254
0.0926595
0.0970474
0.102444
0.109034
0.117035
0.126698
0.138313
0.152207
0.168746
0.188328
0.211379
0.238338
0.269637
0.305685
0.346832
0.393343
0.445364
0.502891
0.565744
0.633551
0.705742
0.781568
0.860132
0.940458
1.02158
0.590855
0.255766
0.181472
0.14753
0.127259
0.113681
0.10406
0.0970453
0.0918667
0.0880425
0.0852533
0.0832791
0.0819665
0.0812093
0.0809374
0.0811101
0.0817121
0.0827512
0.0842577
0.0862838
0.0889044
0.092218
0.096348
0.101445
0.107688
0.115288
0.124491
0.13558
0.148876
0.164737
0.183557
0.205759
0.231784
0.262072
0.297046
0.337082
0.382479
0.433426
0.489972
0.551992
0.619169
0.690973
0.766671
0.845343
0.925935
1.00733
0.610273
0.265138
0.187772
0.152027
0.130567
0.116178
0.105997
0.0985926
0.0931403
0.0891215
0.0861904
0.0841084
0.082708
0.0818725
0.0815234
0.0816133
0.082121
0.0830493
0.0844236
0.0862918
0.0887241
0.0918145
0.0956815
0.10047
0.106355
0.11354
0.122265
0.132804
0.145471
0.160618
0.178631
0.199928
0.224951
0.254145
0.287944
0.326747
0.370884
0.420589
0.475964
0.536948
0.603283
0.674502
0.749909
0.828596
0.90947
0.991317
0.631226
0.275153
0.194343
0.156604
0.133859
0.118618
0.107864
0.100073
0.0943567
0.0901564
0.0870976
0.0849213
0.0834456
0.0825427
0.0821259
0.0821408
0.0825607
0.0833832
0.084629
0.0863412
0.0885855
0.0914509
0.095051
0.0995253
0.105042
0.111799
0.120028
0.129996
0.142007
0.156405
0.173569
0.19391
0.217867
0.245888
0.278417
0.315869
0.358605
0.4069
0.460909
0.520635
0.585892
0.656281
0.731169
0.809683
0.890732
0.973048
0.653911
0.285867
0.201181
0.161235
0.137106
0.120973
0.109638
0.101466
0.095501
0.0911362
0.0879664
0.0857116
0.0841745
0.0832164
0.0827421
0.0826907
0.0830298
0.0837522
0.0848737
0.0864329
0.0884904
0.0911304
0.0944609
0.0986156
0.103756
0.110073
0.117791
0.127168
0.138499
0.152117
0.168393
0.187731
0.210564
0.237339
0.268506
0.304496
0.345695
0.392415
0.444863
0.503103
0.567025
0.636307
0.710389
0.788461
0.869462
0.952114
0.67858
0.297353
0.208281
0.16589
0.140274
0.123212
0.111294
0.102755
0.0965595
0.0920507
0.0887899
0.0864743
0.0848913
0.0838912
0.0833705
0.083262
0.0835279
0.0841564
0.0851586
0.0865684
0.0884416
0.0908569
0.0939166
0.0977482
0.102506
0.108375
0.115568
0.124336
0.134964
0.147774
0.163127
0.181418
0.203071
0.228533
0.258256
0.29268
0.332213
0.3772
0.427895
0.484423
0.546744
0.614618
0.687569
0.764863
0.845496
0.928213
0.705567
0.309693
0.215633
0.170532
0.143323
0.125303
0.112807
0.10392
0.0975194
0.0928914
0.0895623
0.087206
0.0855941
0.0845661
0.0840107
0.0838546
0.0840554
0.0845966
0.0854851
0.0867501
0.0884424
0.0906352
0.0934246
0.0969315
0.101303
0.106715
0.113373
0.121518
0.131422
0.143399
0.157797
0.175
0.195425
0.219511
0.247712
0.280474
0.318221
0.361327
0.410087
0.464681
0.525138
0.591298
0.662771
0.738907
0.818777
0.901179
0.735307
0.322981
0.223219
0.175114
0.146207
0.12721
0.11415
0.104944
0.0983689
0.0936512
0.0902798
0.0879049
0.0862824
0.0852414
0.0846634
0.0844698
0.0846137
0.0850747
0.0858556
0.0869812
0.0884971
0.0904709
0.0929923
0.096175
0.100158
0.105109
0.111224
0.118732
0.127896
0.139017
0.15243
0.168509
0.187659
0.210313
0.23692
0.267931
0.303782
0.34487
0.391525
0.443977
0.502318
0.566464
0.636109
0.71069
0.789362
0.870991
0.76837
0.337313
0.231002
0.179576
0.148874
0.128891
0.115295
0.105808
0.0990971
0.0943245
0.0909403
0.0885709
0.0869573
0.0859189
0.0853307
0.0851096
0.0852051
0.0855932
0.0862732
0.0872654
0.0886108
0.0903707
0.0926283
0.0954895
0.0990852
0.103573
0.109139
0.116002
0.124412
0.134657
0.14706
0.161981
0.179813
0.200981
0.225928
0.255105
0.288958
0.327901
0.372295
0.422413
0.478404
0.540254
0.607737
0.680375
0.757406
0.837774
0.805496
0.35278
0.238916
0.183836
0.151255
0.130298
0.116211
0.106494
0.0996943
0.0949073
0.0915436
0.0892061
0.087622
0.086602
0.0860161
0.0857775
0.085833
0.0861557
0.0867418
0.0876077
0.0887892
0.090342
0.0923419
0.0948869
0.0980987
0.102125
0.107141
0.113352
0.120998
0.130351
0.141721
0.155453
0.171929
0.191561
0.214785
0.242051
0.273809
0.31049
0.352478
0.400086
0.453515
0.512812
0.577827
0.648161
0.723132
0.801762
0.847653
0.369451
0.246857
0.187781
0.153264
0.131375
0.116862
0.106982
0.100152
0.095398
0.0920918
0.0898146
0.0882813
0.0872959
0.0867246
0.0864783
0.0865019
0.0867668
0.0872663
0.0880133
0.089039
0.0903928
0.0921434
0.0943802
0.097215
0.100785
0.105252
0.110812
0.117687
0.126136
0.136455
0.148972
0.164055
0.182103
0.203544
0.228823
0.258394
0.292699
0.332145
0.377079
0.42775
0.484265
0.546539
0.614251
0.686792
0.763256
0.896122
0.387339
0.254655
0.191257
0.154797
0.132055
0.117212
0.107254
0.100464
0.0957977
0.09259
0.0904033
0.0889427
0.0880078
0.0874629
0.0872181
0.0872177
0.087432
0.0878525
0.0884888
0.0893675
0.0905322
0.092044
0.0939832
0.0964515
0.0995737
0.103501
0.108411
0.114515
0.122055
0.131309
0.142589
0.156246
0.172666
0.192265
0.215483
0.242774
0.274589
0.311357
0.353459
0.401187
0.454706
0.513999
0.578813
0.648613
0.722556
0.95263
0.406355
0.262066
0.194064
0.155717
0.132256
0.117216
0.107292
0.100627
0.0961106
0.0930465
0.0909819
0.089616
0.0887469
0.0882392
0.0880043
0.0879872
0.0881581
0.0885071
0.0890413
0.089783
0.0907698
0.0920552
0.0937106
0.0958263
0.0985151
0.101914
0.106186
0.111525
0.118155
0.126336
0.136363
0.148568
0.163319
0.181019
0.2021
0.227014
0.256221
0.290171
0.329273
0.37387
0.424184
0.480266
0.54194
0.608739
0.679883
1.01955
0.426318
0.268751
0.195946
0.155859
0.131886
0.116831
0.10708
0.100641
0.096346
0.0934739
0.0915637
0.0903138
0.0895245
0.0890638
0.0888462
0.0888189
0.088953
0.0892381
0.089679
0.0902942
0.0911157
0.0921894
0.0935771
0.0953582
0.097632
0.10052
0.104171
0.108758
0.114488
0.121599
0.130365
0.141097
0.154145
0.169893
0.188761
0.211198
0.23767
0.268642
0.304561
0.345815
0.392693
0.445324
0.503613
0.567175
0.635299
1.10028
0.447049
0.274291
0.196563
0.155019
0.130841
0.116013
0.106608
0.100514
0.0965187
0.0938895
0.0921656
0.0910513
0.0903539
0.0899483
0.089754
0.0897221
0.0898255
0.0900541
0.0904109
0.0909109
0.0915806
0.0924589
0.0935979
0.0950655
0.0969474
0.09935
0.102403
0.106261
0.111109
0.117163
0.124672
0.133924
0.145242
0.158992
0.175577
0.195433
0.21903
0.246848
0.279365
0.317024
0.360185
0.409068
0.463681
0.523742
0.588625
1.20014
0.468593
0.278095
0.195464
0.152956
0.129012
0.114726
0.105877
0.100263
0.0966521
0.0943163
0.0928083
0.0918464
0.0912506
0.0909057
0.0907392
0.0907072
0.0907854
0.0909645
0.0912463
0.0916428
0.0921753
0.0928758
0.0937871
0.0949658
0.0964837
0.0984308
0.100918
0.104079
0.108076
0.113099
0.119371
0.127149
0.136729
0.148449
0.162687
0.179864
0.200439
0.224904
0.253763
0.287512
0.326592
0.371329
0.42186
0.478041
0.539369
1.32838
0.491496
0.279143
0.192044
0.149393
0.1263
0.112955
0.104908
0.0999209
0.096779
0.0947838
0.0935165
0.0927193
0.0922309
0.0919501
0.091814
0.0917851
0.0918429
0.0919792
0.0921951
0.0924999
0.0929104
0.0934517
0.0941581
0.095075
0.0962606
0.0977883
0.0997497
0.102257
0.105446
0.10948
0.11455
0.120882
0.128737
0.138417
0.150267
0.164679
0.182093
0.202994
0.227904
0.257361
0.291886
0.331926
0.377773
0.429465
0.486688
1.49858
0.513307
0.27568
0.185514
0.14405
0.122643
0.110724
0.103752
0.0995395
0.0969442
0.0953275
0.0943178
0.0936914
0.093312
0.0930954
0.0929904
0.0929667
0.0930082
0.093108
0.0932669
0.0934918
0.0937955
0.094197
0.0947225
0.0954067
0.0962948
0.097444
0.0989266
0.100832
0.10327
0.106373
0.1103
0.115239
0.12141
0.129072
0.138527
0.150122
0.16426
0.181399
0.202052
0.226779
0.256163
0.290765
0.331049
0.377281
0.42941
1.73471
0.529668
0.264976
0.174925
0.136702
0.118065
0.108123
0.102499
0.0991944
0.0972043
0.0959885
0.0952413
0.0947841
0.0945101
0.0943548
0.0942797
0.0942623
0.0942906
0.0943597
0.0944702
0.094627
0.0948391
0.0951202
0.0954891
0.095971
0.0965986
0.0974138
0.0984702
0.0998347
0.10159
0.103838
0.106701
0.110327
0.114891
0.1206
0.127699
0.13648
0.147283
0.16051
0.17663
0.196181
0.219762
0.248007
0.281532
0.320842
0.366213
2.07731
0.529888
0.242763
0.159301
0.127325
0.112749
0.105338
0.101296
0.0989859
0.0976259
0.0968099
0.0963157
0.0960168
0.0958393
0.0957395
0.0956914
0.0956802
0.0956981
0.0957419
0.0958121
0.0959119
0.0960473
0.0962271
0.0964637
0.0967737
0.0971785
0.0977064
0.098393
0.0992839
0.100436
0.101919
0.103819
0.106242
0.109312
0.11318
0.118027
0.124069
0.131566
0.140831
0.152242
0.166252
0.183398
0.204295
0.229613
0.260026
0.296111
2.61747
0.485694
0.202994
0.138202
0.116364
0.107142
0.102686
0.10034
0.0990339
0.0982791
0.0978327
0.0975654
0.0974052
0.0973107
0.0972578
0.0972325
0.0972267
0.0972364
0.0972598
0.0972974
0.0973508
0.0974235
0.0975203
0.097648
0.0978157
0.0980354
0.0983227
0.0986977
0.099186
0.09982
0.10064
0.101697
0.103052
0.104779
0.10697
0.109735
0.113204
0.117541
0.122942
0.129651
0.137968
0.148266
0.160999
0.176705
0.196001
0.219547
3.65693
0.318125
0.141321
0.113273
0.105191
0.102055
0.100609
0.0998666
0.0994593
0.0992264
0.0990895
0.0990081
0.0989595
0.0989309
0.0989151
0.0989076
0.0989061
0.0989093
0.0989169
0.0989289
0.0989459
0.0989691
0.099
0.0990408
0.0990945
0.099165
0.0992573
0.099378
0.0995355
0.0997405
0.100007
0.100351
0.100794
0.101361
0.102084
0.103
0.104156
0.105607
0.107421
0.109682
0.112495
0.115987
0.12032
0.125689
0.132329
0.140515
2.73969
1.97395
1.91336
1.90533
2.98384
3.01636
3.12114
3.41436
1.35656
1.39384
1.39007
1.3962
3.21163
3.85078
3.58178
2.97386
1.09752
1.2146
1.28116
1.29832
1.34104
2.60779
3.04658
3.01043
0.987116
1.10405
1.20059
1.25914
1.28891
1.28994
1.33737
1.60284
0.898224
0.99803
1.09576
1.17717
1.23298
1.26712
1.28599
1.2902
0.81704
0.89612
0.978057
1.05688
1.12547
1.17832
1.21335
1.2334
0.746766
0.807071
0.870236
0.933746
0.994301
1.04836
1.09277
1.12556
0.690772
0.736109
0.783235
0.830959
0.877728
0.921758
0.961231
0.994545
0.650054
0.684309
0.719345
0.754541
0.789148
0.822325
0.853157
0.880741
0.623544
0.649964
0.676533
0.702859
0.728556
0.753273
0.776579
0.797943
0.61148
0.632213
0.653087
0.67364
0.693466
0.7121
0.729193
0.745025
0.612989
0.630833
0.64823
0.666022
0.68413
0.699334
0.709539
0.718905
0.61382
0.63114
0.648306
0.666085
0.685937
0.703299
0.708214
0.713592
0.716474
0.724947
0.733333
0.742474
0.750255
0.738792
0.714593
0.715298
0.788547
0.798842
0.809262
0.819197
0.826267
0.827081
0.823767
0.822372
0.831117
0.842071
0.853217
0.864065
0.873516
0.880072
0.883327
0.884847
0.861707
0.872619
0.883367
0.893684
0.90308
0.910969
0.917046
0.921597
0.885692
0.896619
0.907157
0.917155
0.926382
0.934588
0.941624
0.947536
0.90572
0.916808
0.927394
0.937383
0.946647
0.955065
0.962556
0.969125
0.922887
0.934267
0.94508
0.955255
0.96471
0.973372
0.981193
0.988174
0.937542
0.949323
0.960492
0.970988
0.980747
0.989717
0.997865
1.0052
0.949666
0.96194
0.973568
0.984493
0.994658
1.00402
1.01255
1.02026
0.959061
0.971907
0.984082
0.995532
1.0062
1.01605
1.02506
1.03323
0.965488
0.978972
0.99177
1.00383
1.0151
1.02554
1.03513
1.04387
0.968761
0.98293
0.996417
1.00917
1.02113
1.03227
1.04255
1.05199
0.968947
0.983817
0.998021
1.01151
1.02423
1.03615
1.04725
1.05752
0.966327
0.981904
0.996845
1.0111
1.02464
1.03741
1.04941
1.06062
0.961396
0.977684
0.993379
1.00844
1.02283
1.03652
1.0495
1.06177
0.954856
0.971868
0.988342
1.00425
1.01955
1.03423
1.04827
1.06169
0.947572
0.965344
0.982645
0.999449
1.01574
1.03149
1.04671
1.06141
0.940525
0.959127
0.977336
0.995137
1.01252
1.02947
1.046
1.06212
0.93474
0.954289
0.973537
0.992479
1.01111
1.02943
1.04746
1.06519
0.931224
0.951892
0.972367
0.992652
1.01275
1.03268
1.05244
1.07205
0.930887
0.952905
0.974858
0.996755
1.01861
1.04043
1.06225
1.08406
0.934477
0.958135
0.981877
1.00572
1.02969
1.05379
1.07804
1.10245
0.942516
0.968153
0.994053
1.02024
1.04673
1.07354
1.10068
1.12816
0.955261
0.98325
1.01171
1.04067
1.07015
1.10015
1.13068
1.16174
0.97267
1.0034
1.03484
1.06702
1.09995
1.13365
1.16809
1.20325
0.994405
1.02824
1.06306
1.09889
1.13575
1.17362
1.21246
1.25222
1.01985
1.05711
1.09566
1.13553
1.17671
1.21917
1.26285
1.30765
1.04813
1.08907
1.13162
1.17581
1.22163
1.26902
1.31787
1.36805
1.07819
1.12294
1.16965
1.21835
1.26899
1.3215
1.37572
1.43148
1.10881
1.15739
1.20828
1.2615
1.317
1.37467
1.43432
1.49572
1.13872
1.19098
1.2459
1.3035
1.36371
1.4264
1.49134
1.55826
1.16661
1.22226
1.28089
1.34253
1.40711
1.47448
1.54438
1.6165
1.19129
1.24985
1.31169
1.37685
1.44525
1.51674
1.59104
1.66781
1.2117
1.27255
1.33693
1.40488
1.47636
1.55119
1.6291
1.70973
1.22705
1.28944
1.35553
1.4254
1.499
1.57619
1.6567
1.74016
1.23686
1.29994
1.36683
1.4376
1.51224
1.59063
1.67251
1.75754
1.24102
1.30393
1.37063
1.44122
1.51573
1.59405
1.67596
1.76114
1.23978
1.30168
1.36725
1.43662
1.50982
1.58678
1.66732
1.75116
1.23376
1.29391
1.3575
1.42468
1.4955
1.56992
1.64778
1.72883
1.22383
1.28163
1.34257
1.40679
1.47436
1.54524
1.61931
1.69635
1.211
1.26607
1.3239
1.38462
1.44832
1.51497
1.58445
1.65657
1.19634
1.24849
1.30298
1.35995
1.41947
1.4815
1.54597
1.61267
1.18079
1.23005
1.28122
1.33443
1.38972
1.44711
1.50648
1.56766
1.16515
1.2117
1.25974
1.30939
1.3607
1.41365
1.46816
1.52407
1.14991
1.19407
1.23935
1.28582
1.33352
1.38246
1.43256
1.48368
1.13529
1.17751
1.22047
1.26424
1.30887
1.35433
1.40057
1.44748
1.12152
1.16226
1.2034
1.24497
1.28702
1.32954
1.37251
1.41584
1.10839
1.14811
1.18791
1.22783
1.2679
1.30812
1.34847
1.3889
1.09552
1.13461
1.17354
1.21232
1.25094
1.28942
1.32774
1.36588
1.08238
1.1212
1.15967
1.19775
1.23543
1.27269
1.30951
1.34589
1.06836
1.10722
1.14558
1.18337
1.22054
1.25705
1.29287
1.32798
1.05284
1.09196
1.13048
1.16831
1.20536
1.24155
1.27683
1.31116
1.0352
1.07471
1.11359
1.15171
1.18894
1.22518
1.26033
1.29434
1.01488
1.05483
1.09416
1.13272
1.17034
1.2069
1.24227
1.27634
0.991447
1.03177
1.07154
1.11057
1.1487
1.18574
1.22154
1.25599
0.964612
1.00516
1.04525
1.0847
1.1233
1.16086
1.19721
1.2322
0.934265
0.974822
1.01505
1.05473
1.09367
1.13167
1.16854
1.2041
0.900477
0.940781
0.980881
1.02057
1.05964
1.09789
1.13512
1.17115
0.863476
0.903253
0.942952
0.982373
1.02131
1.05956
1.09692
1.13321
0.823596
0.862587
0.901617
0.940496
0.97902
1.01699
1.05421
1.09049
0.781199
0.819187
0.85732
0.895416
0.93328
0.970717
1.00753
1.04354
0.736587
0.773409
0.810474
0.847607
0.884621
0.921324
0.957525
0.993043
0.689892
0.725442
0.761331
0.797392
0.833441
0.869291
0.904754
0.939647
0.640973
0.675177
0.709831
0.74477
0.779816
0.814784
0.849483
0.883728
0.589298
0.622074
0.655438
0.689231
0.723282
0.757403
0.791404
0.825092
0.533854
0.565025
0.596966
0.629535
0.662568
0.695885
0.729291
0.76259
0.473105
0.502257
0.532419
0.563478
0.595293
0.627702
0.660524
0.693564
0.405085
0.431365
0.458927
0.487714
0.51764
0.548592
0.580435
0.613013
0.327863
0.349702
0.373029
0.397873
0.424246
0.452142
0.481538
0.512397
0.240837
0.255775
0.272079
0.289873
0.309284
0.330454
0.353545
0.378745
0.147976
0.153264
0.159113
0.165608
0.172852
0.18098
0.190169
0.200658
2.10383
1.12985
0.987952
1.10229
1.38076
1.77153
2.23312
2.75178
3.33893
4.00667
4.73207
5.45134
6.11071
6.69472
7.22389
7.75154
8.29437
8.78471
9.1318
9.29788
9.29258
9.14542
8.86491
8.4583
7.9393
7.3158
6.63429
6.04836
5.66588
5.41285
5.23976
5.2617
5.58054
6.20115
7.03487
7.68214
7.70642
8.32211
2.10253
1.39495
1.26022
1.39091
1.69347
2.0944
2.53442
2.99669
3.49491
4.06133
4.69569
5.32467
5.87603
6.30364
6.58133
6.76838
7.10346
7.59739
8.06344
8.42289
8.65967
8.78949
8.80866
8.59055
8.2457
7.76248
7.08227
6.43561
6.12809
5.98926
5.74512
5.58743
5.77349
6.29126
7.08404
7.6681
7.50406
8.55841
2.4636
1.78471
1.55883
1.58633
1.75673
2.00421
2.27545
2.52569
2.71512
2.8212
2.94774
3.15133
3.35764
3.38904
2.95979
1.45238
0.803985
0.710085
0.687
0.665692
0.635604
0.600791
0.57478
0.56461
0.561645
0.581874
0.615508
0.635792
0.79821
2.77356
4.53457
4.94186
5.51321
6.18242
7.13851
7.84997
7.37264
8.63624
2.09798
1.76704
1.4808
1.27585
1.13091
1.14917
1.40631
1.51483
1.42249
0.946556
0.76604
0.729234
0.709624
0.687767
0.658148
0.640653
0.617939
0.602176
0.588157
0.574455
0.560991
0.54852
0.538009
0.529693
0.523152
0.517978
0.513295
0.511637
0.519383
0.545675
0.54454
0.752529
3.15379
4.85357
6.55232
8.06313
7.56309
8.68393
1.26791
1.23512
1.15253
1.06826
1.00786
0.960732
0.912996
0.858909
0.806915
0.759004
0.726798
0.704072
0.683174
0.662398
0.641548
0.622732
0.605494
0.590073
0.575711
0.562278
0.549867
0.538672
0.528805
0.520225
0.512878
0.506695
0.501978
0.49908
0.497967
0.497389
0.498272
0.509921
0.530042
0.845116
3.84041
7.17226
7.9354
8.73945
1.24464
1.21179
1.14199
1.06456
0.999766
0.945792
0.898462
0.850139
0.803785
0.761981
0.728535
0.702044
0.679253
0.658419
0.638695
0.620005
0.602493
0.586393
0.571628
0.55809
0.545765
0.534712
0.524972
0.516525
0.50934
0.5034
0.498744
0.495274
0.492753
0.491146
0.491316
0.494514
0.502194
0.529628
0.61338
3.68131
7.64965
8.79642
1.15905
1.14816
1.10337
1.04193
0.980618
0.92632
0.879151
0.835647
0.795304
0.758369
0.726109
0.698792
0.675339
0.654398
0.634968
0.616609
0.599363
0.583395
0.568734
0.555349
0.543257
0.532515
0.523161
0.515193
0.508607
0.503402
0.499521
0.496733
0.494759
0.493575
0.493538
0.495478
0.50135
0.516971
0.563341
0.777454
4.99944
8.90022
1.03809
1.04965
1.02807
0.985901
0.93717
0.890864
0.84953
0.812044
0.777398
0.745341
0.716425
0.690989
0.668599
0.648433
0.629774
0.61224
0.595763
0.580399
0.566202
0.553225
0.541556
0.531295
0.522523
0.515276
0.509581
0.505447
0.502799
0.501406
0.501005
0.501467
0.50281
0.505475
0.511479
0.527362
0.575393
0.767379
1.73369
8.79877
0.920391
0.9412
0.936164
0.912419
0.879733
0.845613
0.813289
0.783072
0.754609
0.727853
0.703138
0.680676
0.660274
0.641508
0.623992
0.6075
0.591953
0.577363
0.563803
0.551395
0.540296
0.530676
0.522688
0.516439
0.512016
0.509464
0.50867
0.509382
0.511259
0.514047
0.517677
0.522638
0.531086
0.550843
0.612055
0.849162
2.13625
8.93368
0.829823
0.851231
0.854881
0.844159
0.824798
0.801996
0.778528
0.755264
0.732479
0.710478
0.689614
0.670074
0.651792
0.63458
0.618288
0.602846
0.588229
0.574453
0.561604
0.549844
0.539393
0.530507
0.523449
0.518456
0.515755
0.515527
0.517609
0.521476
0.526632
0.532657
0.539391
0.547411
0.559451
0.585727
0.6652
0.955213
2.24176
9.3972
0.76945
0.788178
0.794967
0.791607
0.780943
0.76619
0.749453
0.731684
0.71345
0.695246
0.677493
0.660427
0.644087
0.628411
0.613338
0.598881
0.585112
0.572106
0.559951
0.548792
0.538886
0.530601
0.52436
0.520602
0.519894
0.522913
0.529555
0.538703
0.548958
0.559432
0.570061
0.581727
0.597985
0.631152
0.724571
1.03401
2.18857
9.02819
0.736258
0.752157
0.758988
0.758771
0.752478
0.741813
0.728814
0.714613
0.699671
0.684294
0.668823
0.653613
0.638872
0.624589
0.610563
0.596756
0.583482
0.571
0.559355
0.548532
0.538798
0.530758
0.524961
0.52204
0.52304
0.52959
0.542129
0.559434
0.578851
0.5969
0.612196
0.62744
0.647698
0.686747
0.787445
1.08699
2.07783
8.30214
0.727325
0.741355
0.746236
0.746359
0.741047
0.730584
0.71853
0.706177
0.69334
0.679689
0.665361
0.651088
0.637377
0.624155
0.610882
0.597316
0.584119
0.571847
0.560524
0.549928
0.540189
0.53218
0.526496
0.524011
0.526773
0.537367
0.55587
0.581272
0.613124
0.643536
0.666678
0.685024
0.708058
0.751157
0.853388
1.12566
1.94958
7.51869
0.728367
0.742106
0.746935
0.747128
0.741899
0.731606
0.719457
0.707381
0.694977
0.681133
0.666751
0.652676
0.639252
0.626618
0.614542
0.602745
0.591463
0.581471
0.573672
0.568292
0.561304
0.553
0.543753
0.534907
0.533049
0.543153
0.575039
0.612896
0.65701
0.69461
0.726225
0.749914
0.77534
0.821864
0.924305
1.16861
1.85999
6.85026
0.826472
0.835203
0.837839
0.834367
0.823941
0.795078
0.761026
0.748227
0.750911
0.760991
0.762986
0.763693
0.768772
0.779025
0.793776
0.812281
0.833826
0.857302
0.880955
0.901877
0.915771
0.919231
0.910805
0.886486
0.84989
0.811832
0.650857
0.645986
0.717739
0.755651
0.782459
0.808696
0.83994
0.893692
1.00211
1.23042
1.82875
6.30902
0.887913
0.893774
0.895882
0.892931
0.885434
0.872406
0.85751
0.847698
0.844158
0.845089
0.848189
0.854952
0.866843
0.88393
0.90524
0.92944
0.955276
0.981623
1.00716
1.02979
1.04631
1.05366
1.05022
1.03362
1.00415
0.962636
0.95298
1.03781
0.82331
0.822448
0.82757
0.846396
0.887393
0.957683
1.0856
1.3183
1.85309
5.81956
0.927767
0.933893
0.937185
0.936889
0.933467
0.927231
0.919679
0.913935
0.911897
0.913869
0.919771
0.930107
0.945318
0.965156
0.988601
1.01424
1.04077
1.06715
1.09235
1.11468
1.1314
1.13956
1.13727
1.12342
1.09907
1.06751
1.04649
1.0936
1.20431
0.854575
0.844117
0.850573
0.905582
1.00428
1.17031
1.43632
1.9524
5.25414
0.955969
0.963683
0.968715
0.971078
0.971223
0.969591
0.967136
0.965827
0.967471
0.972942
0.98253
0.996468
1.01486
1.03734
1.06297
1.09043
1.11848
1.14616
1.17252
1.19597
1.21379
1.2227
1.2201
1.20447
1.17576
1.13502
1.08842
1.08629
1.09187
0.865736
0.834087
0.829127
0.89533
1.03378
1.25681
1.58462
2.09106
4.41155
0.978798
0.98784
0.994363
0.998804
1.00168
1.0035
1.00508
1.00782
1.01322
1.02225
1.03533
1.05267
1.07425
1.09969
1.12815
1.15847
1.18948
1.2202
1.24959
1.27588
1.29612
1.30649
1.30334
1.28378
1.24578
1.18793
1.11818
1.08793
1.11915
0.911896
0.811658
0.808272
0.879719
1.05477
1.33693
1.72635
2.26173
3.63267
0.998621
1.00864
1.01627
1.02217
1.02695
1.0312
1.03567
1.04149
1.04987
1.06174
1.07763
1.09779
1.12222
1.15058
1.18213
1.21587
1.25067
1.28542
1.31882
1.34873
1.37181
1.38368
1.37967
1.35561
1.30822
1.23635
1.15299
1.11274
1.1745
1.12109
0.822615
0.818544
0.887124
1.07527
1.39387
1.81842
2.40468
3.01173
1.01625
1.02704
1.0355
1.0424
1.04843
1.05425
1.06061
1.06847
1.07887
1.09269
1.11056
1.13281
1.1595
1.19039
1.22486
1.26198
1.30062
1.33945
1.37677
1.40997
1.43526
1.44772
1.44204
1.41341
1.35853
1.27842
1.18962
1.14432
1.20216
1.24284
0.892148
0.878792
0.935165
1.10684
1.41964
1.83213
2.37797
2.91027
1.03194
1.04347
1.05264
1.06028
1.06713
1.07392
1.08139
1.09045
1.10203
1.117
1.13606
1.15966
1.18796
1.22084
1.25776
1.29786
1.33989
1.38225
1.42275
1.45829
1.48457
1.49633
1.48802
1.45494
1.39481
1.3114
1.22308
1.17723
1.22939
1.35013
1.2188
0.991885
1.03269
1.16379
1.43777
1.8392
2.32583
2.94011
1.04565
1.05803
1.06795
1.07627
1.08376
1.09117
1.09928
1.10895
1.12109
1.1366
1.15623
1.18055
1.20989
1.2442
1.28307
1.3256
1.37042
1.41557
1.45838
1.49519
1.52127
1.53116
1.51947
1.48219
1.41863
1.33498
1.25071
1.20654
1.25093
1.38513
1.44799
1.19012
1.20167
1.29038
1.48928
1.83347
2.28194
2.94136
1.05724
1.07068
1.08153
1.09063
1.09877
1.10671
1.11524
1.12521
1.13756
1.15319
1.17297
1.1976
1.22753
1.26287
1.30325
1.34778
1.39489
1.44226
1.4867
1.52399
1.54904
1.55631
1.54081
1.49959
1.43369
1.35122
1.27156
1.22872
1.26214
1.38033
1.50754
1.53292
1.4189
1.517
1.66079
1.89408
2.22487
2.96601
1.06653
1.08133
1.09339
1.10353
1.1125
1.12106
1.13002
1.14022
1.15262
1.16821
1.18793
1.21262
1.24292
1.27904
1.32073
1.36704
1.41621
1.46557
1.51136
1.54886
1.57257
1.57694
1.55752
1.5125
1.44458
1.36322
1.28693
1.24372
1.26403
1.35758
1.48793
1.59783
1.69495
1.81276
1.93513
2.05039
2.3324
3.08073
1.07348
1.08997
1.10359
1.11509
1.1252
1.13464
1.14419
1.15474
1.16725
1.18277
1.20239
1.22711
1.25771
1.2946
1.33762
1.3858
1.4372
1.48875
1.53617
1.57416
1.5968
1.5985
1.5753
1.52651
1.45633
1.37522
1.30053
1.25516
1.26161
1.32667
1.42981
1.53366
1.63508
1.76392
2.05921
2.09317
2.59791
3.30964
1.07824
1.09677
1.11233
1.12558
1.1372
1.14785
1.1583
1.16941
1.18219
1.19779
1.21741
1.24223
1.27326
1.3111
1.35574
1.40621
1.46041
1.51488
1.56478
1.60416
1.62658
1.62631
1.59978
1.54732
1.47454
1.39282
1.31871
1.27132
1.26709
1.30882
1.37921
1.44233
1.45097
1.41433
1.87047
1.94873
2.871
3.58033
1.08124
1.10216
1.12003
1.13544
1.14897
1.16122
1.1729
1.18487
1.19818
1.21404
1.23382
1.25894
1.29064
1.32979
1.37657
1.4301
1.48812
1.54678
1.60061
1.64293
1.66662
1.6656
1.63659
1.58092
1.50567
1.42355
1.35119
1.30603
1.30115
1.33866
1.40771
1.48779
1.54379
1.33153
1.57915
1.8538
3.11227
3.92616
1.08324
1.10686
1.1274
1.14537
1.16122
1.17546
1.18873
1.20186
1.21593
1.23226
1.25242
1.27805
1.31074
1.35171
1.40139
1.45906
1.52236
1.58705
1.64695
1.69445
1.72157
1.72168
1.69167
1.63398
1.55763
1.47753
1.41201
1.37916
1.39122
1.45211
1.55395
1.66499
1.65599
1.06436
1.22591
1.77351
3.3668
4.34796
1.08525
1.11189
1.13548
1.15639
1.17494
1.19152
1.2067
1.22126
1.2363
1.25327
1.27395
1.30031
1.33435
1.37773
1.43128
1.49452
1.56505
1.63821
1.70701
1.76274
1.79626
1.8002
1.77161
1.71443
1.64057
1.5688
1.52181
1.51957
1.57757
1.70273
1.8793
1.98942
1.54868
0.821709
1.04363
1.66726
3.6383
4.8858
1.08854
1.11857
1.14559
1.1698
1.1914
1.21066
1.22801
1.24418
1.26032
1.27799
1.29925
1.32649
1.36223
1.4087
1.46728
1.53784
1.61804
1.70276
1.78411
1.852
1.8959
1.90752
1.88424
1.83232
1.76839
1.71855
1.71047
1.77073
1.92172
2.17267
2.4644
2.45713
0.809727
0.755939
0.926615
1.55132
3.90046
5.42815
1.09453
1.1284
1.15928
1.18717
1.21218
1.23439
1.25409
1.27197
1.28918
1.30748
1.32926
1.35743
1.39516
1.44546
1.51041
1.59042
1.68324
1.78334
1.88173
1.96679
2.02633
2.05115
2.03945
2.00132
1.96222
1.9566
2.02188
2.19356
2.49469
2.89448
3.09623
1.24044
0.612451
0.698514
0.852849
1.49844
4.57342
5.99309
1.10475
1.143
1.17824
1.21024
1.23901
1.26442
1.28661
1.30616
1.32429
1.34298
1.36505
1.39407
1.43406
1.48897
1.56185
1.65377
1.76273
1.88274
2.00366
2.11214
2.19436
2.24052
2.25065
2.24191
2.25111
2.32625
2.51658
2.85546
3.31329
3.58247
1.70807
0.546096
0.575366
0.62554
0.767149
1.33615
4.77214
6.36453
1.12069
1.164
1.20422
1.24086
1.27378
1.30262
1.32733
1.34842
1.36718
1.38587
1.40786
1.43754
1.48
1.54042
1.623
1.7297
1.85883
2.00403
2.15397
2.29369
2.40817
2.48817
2.53699
2.58226
2.6776
2.8896
3.26975
3.78911
4.13034
2.24684
0.515665
0.493263
0.51714
0.565536
0.676797
1.11765
4.66675
6.40838
1.14369
1.19292
1.23888
1.28077
1.3183
1.3508
1.37805
1.40046
1.41944
1.43763
1.45908
1.4892
1.53443
1.6014
1.69574
1.82046
1.97433
2.15066
2.33713
2.51777
2.67767
2.81064
2.92457
3.06363
3.30595
3.73697
4.35805
4.83026
2.92208
0.5072
0.445576
0.451167
0.476687
0.523247
0.609984
0.995209
4.49093
6.39439
1.17481
1.23094
1.28355
1.33145
1.37409
1.41052
1.4403
1.4638
1.4826
1.49982
1.52034
1.55081
1.59928
1.67416
1.7827
1.9291
2.11267
2.32657
2.558
2.79119
3.01441
3.22762
3.44905
3.7483
4.24042
5.00891
5.75507
4.06827
0.504623
0.425749
0.415158
0.425003
0.451689
0.501711
0.875141
3.25062
5.29676
6.41318
1.21467
1.27881
1.33908
1.39389
1.44218
1.48284
1.5152
1.53963
1.55799
1.57398
1.59347
1.62459
1.67728
1.76198
1.88768
2.05983
2.27835
2.53647
2.8216
3.12013
3.42849
3.75936
4.15474
4.7309
5.66471
6.91314
6.60081
0.500418
0.425049
0.402546
0.40036
0.412728
0.442828
0.722503
4.45264
9.07461
6.38781
6.45087
1.26334
1.33664
1.40564
1.46822
1.52281
1.56807
1.60319
1.62857
1.64647
1.66132
1.68036
1.71336
1.77228
1.86963
2.01619
2.21863
2.47743
2.78607
3.13282
3.50789
3.92085
4.41421
5.07457
6.13409
7.9126
9.8895
0.556352
0.44173
0.406525
0.394631
0.396881
0.413975
0.538631
3.46683
11.5264
15.883
6.95402
6.45674
1.3203
1.4039
1.48263
1.55381
1.61538
1.66565
1.70369
1.73019
1.74812
1.76301
1.78346
1.82107
1.88974
2.00382
2.17594
2.41378
2.71813
3.08257
3.49603
3.95195
4.47202
5.15244
6.13957
7.96542
11.9659
0.727518
0.477795
0.423481
0.401235
0.396021
0.405596
0.463108
2.14508
10.1113
18.1454
21.1126
7.19571
6.41424
1.38445
1.47936
1.56873
1.64927
1.71838
1.77379
1.815
1.84344
1.86304
1.88049
1.90598
1.95302
2.03664
2.17319
2.37704
2.65628
3.01134
3.43505
3.91515
4.44296
5.03755
5.81958
6.98739
9.99923
1.91629
0.542725
0.45626
0.419016
0.404764
0.408091
0.445177
1.25978
7.39006
16.0451
22.8057
24.3219
7.12858
6.32069
1.4541
1.56118
1.66197
1.75246
1.8293
1.89018
1.93541
1.96726
1.9909
2.01469
2.05064
2.11412
2.22052
2.3876
2.63157
2.95976
3.37087
3.85502
4.39477
4.96868
5.56223
6.22797
7.0476
7.83253
0.716765
0.510741
0.454683
0.425785
0.418995
0.446671
0.885874
5.71213
13.1453
21.0235
26.3424
26.0617
7.79819
6.19592
1.52714
1.64702
1.75983
1.86071
1.94557
2.01254
2.06275
2.09978
2.1303
2.16481
2.21762
2.3057
2.44604
2.65677
2.95303
3.34009
3.81355
4.35767
4.94502
5.53249
6.05836
6.472
6.97766
3.62803
0.635536
0.515412
0.468062
0.447335
0.464383
0.914485
5.06665
10.8611
17.5303
25.1863
29.6059
27.4054
9.66286
6.1612
1.60107
1.73415
1.85943
1.97107
2.06442
2.13807
2.19404
2.23747
2.2776
2.32793
2.4054
2.52811
2.71674
2.98941
3.35365
3.8142
4.35879
4.96356
5.58798
6.16743
6.61185
6.85425
7.00729
4.6835
1.08757
0.609303
0.543304
0.55783
2.52304
6.07829
10.0875
15.052
21.5352
29.0874
33.2999
28.9419
12.2707
8.3998
1.67312
1.8195
1.95748
2.08027
2.18255
2.26301
2.32497
2.37597
2.42828
2.49938
2.61016
2.78119
3.03556
3.38613
3.84235
4.3946
5.0245
5.69578
6.35606
6.92646
7.30891
7.47353
7.39021
6.03105
4.27699
1.94145
2.27944
5.05856
7.56959
10.37
13.9345
18.7587
25.2665
32.7895
37.7191
32.5451
16.9125
13.9212
1.74036
1.89978
2.05045
2.18453
2.29555
2.3828
2.4512
2.5105
2.57642
2.67158
2.82278
3.05612
3.39254
3.84388
4.41227
5.07998
5.81498
6.56661
7.27547
7.85828
8.22146
8.34285
8.17056
7.33462
7.09762
7.146
7.66418
8.86684
10.6485
13.1251
16.5655
21.5384
28.1182
35.6574
41.2487
38.5008
26.8336
25.0573
1.79981
1.97152
2.13441
2.27934
2.39906
2.49342
2.56832
2.63576
2.71484
2.83423
3.02849
3.33101
3.76427
4.33705
5.03702
5.84296
6.70039
7.55402
8.33514
8.9664
9.36488
9.49504
9.33831
8.8875
8.81503
9.12231
9.75446
10.7927
12.3523
14.6651
18.0949
23.1612
29.8985
37.5069
43.484
42.9448
35.1705
40.4308
1.84859
2.0313
2.2055
2.36091
2.48938
2.59073
2.67194
2.74613
2.83573
2.97548
3.20882
3.57896
4.11504
4.81773
5.66387
6.61066
7.60399
8.57229
9.45391
10.1737
10.6618
10.8709
10.7952
10.5383
10.4693
10.6969
11.189
12.0553
13.4356
15.6288
19.0709
24.1573
30.929
38.6362
44.9588
46.0334
41.4207
56.6894
1.88415
2.07594
2.26008
2.42519
2.562
2.67018
2.75673
2.83553
2.93129
3.08366
3.34486
3.76947
4.39532
5.22238
6.2073
7.28597
8.39118
9.47119
10.4608
11.3032
11.9293
12.2797
12.3378
12.1897
12.0662
12.1228
12.4262
13.0586
14.2295
16.2706
19.6118
24.6585
31.4985
39.3663
46.0813
48.4012
46.4155
71.7261
1.90453
2.10277
2.29467
2.46804
2.61243
2.72657
2.81691
2.89776
2.99433
3.149
3.42094
3.87594
4.56231
5.47993
6.56771
7.73474
8.90853
10.0494
11.1286
12.1027
12.8948
13.4301
13.6634
13.6344
13.493
13.3986
13.478
13.8681
14.7982
16.6279
19.8308
24.8553
31.7897
39.8664
46.9936
50.3253
50.6106
85.3591
1.90862
2.10998
2.3065
2.48579
2.63663
2.755
2.84711
2.92695
3.01871
3.16466
3.42741
3.8815
4.58526
5.53741
6.65693
7.8322
8.98963
10.1227
11.2424
12.3233
13.2827
14.0174
14.4443
14.5587
14.456
14.2843
14.2014
14.394
15.1274
16.7923
19.8979
24.9257
31.9729
40.2691
47.755
51.8453
54.1195
98.5817
1.89647
2.09717
2.29467
2.47645
2.63077
2.75159
2.84291
2.91813
2.99958
3.12657
3.3606
3.78005
4.44947
5.36447
6.42312
7.4987
8.53121
9.56654
10.6705
11.8282
12.9341
13.8505
14.468
14.7463
14.7435
14.5897
14.4593
14.5717
15.2245
16.8348
19.9326
25.0167
32.1883
40.6682
48.3881
52.9131
56.3722
109.835
1.86938
2.06543
2.25972
2.43985
2.59391
2.7141
2.80135
2.86771
2.93329
3.03187
3.21827
3.56629
4.1339
4.91628
5.81594
6.7028
7.53568
8.4123
9.45389
10.6508
11.8691
12.9414
13.7366
14.1945
14.3506
14.3196
14.2772
14.4589
15.1818
16.8742
20.0665
25.2511
32.5159
41.0535
48.8118
53.3674
57.5837
115.788
1.82985
2.01752
2.20435
2.37844
2.52772
2.64284
2.7224
2.77509
2.81797
2.87652
2.99028
3.20921
3.53884
3.99972
4.7164
5.41867
6.07822
6.84647
7.84895
9.06815
10.3539
11.5331
12.4764
13.1226
13.4922
13.6824
13.8588
14.2565
15.1937
17.0909
20.4547
25.7411
33.0008
41.3891
48.9611
53.4897
58.1224
115.624
1.78133
1.9576
2.1333
2.29716
2.43731
2.54262
2.60978
2.64358
2.65518
2.65645
2.65271
2.62177
2.39019
1.51367
1.80762
3.00308
4.13396
5.14035
6.2408
7.49614
8.80225
10.0291
11.0809
11.9113
12.5321
13.0195
13.5187
14.2487
15.5101
17.6934
21.2555
26.5884
33.6896
41.7038
48.8564
53.2888
57.8965
113.534
1.72773
1.89067
2.05266
2.20305
2.33008
2.42186
2.47206
2.48125
2.45401
2.38377
2.23023
1.8492
0.750011
0.356796
0.357951
0.554996
1.95686
3.61498
4.95557
6.25642
7.5475
8.78125
9.91702
10.9319
11.8329
12.6742
13.5733
14.7187
16.3716
18.8664
22.5889
27.8554
34.613
42.034
48.5296
52.5949
56.8852
109.959
1.67281
1.82176
1.96899
2.10428
2.21563
2.29162
2.32221
2.30226
2.23675
2.10796
1.85302
0.876099
0.311912
0.297278
0.299935
0.32787
0.503187
2.62896
4.08264
5.39274
6.67611
7.93693
9.18179
10.4132
11.6388
12.8933
14.2612
15.8824
17.95
20.7185
24.4954
29.5324
35.7477
42.3719
48.0062
51.5151
55.3735
103.663
1.61975
1.75517
1.88811
2.00879
2.10499
2.16446
2.17429
2.1279
2.02859
1.85005
1.51171
0.346848
0.275296
0.273766
0.27709
0.283732
0.317444
1.60991
3.37235
4.77473
6.12446
7.48842
8.91388
10.4307
12.0534
13.7994
15.7099
17.8475
20.3045
23.2435
26.9115
31.5285
37.0145
42.6856
47.3565
50.3295
54.279
94.4549
1.57074
1.69388
1.8141
1.92222
2.00594
2.05162
2.04384
1.97753
1.84981
1.62907
1.15074
0.286635
0.26224
0.261429
0.264806
0.270627
0.288797
0.590038
2.77462
4.36537
5.84947
7.38972
9.07419
10.9608
13.0727
15.4038
17.9306
20.5936
23.3574
26.3074
29.6752
33.6938
38.3152
42.9649
46.7097
49.2959
53.9149
81.4044
1.52697
1.63938
1.7489
1.84728
1.92254
1.9598
1.94244
1.86204
1.7171
1.47659
0.950853
0.273308
0.257334
0.256064
0.259556
0.266517
0.277246
0.344979
2.45849
4.19033
5.8313
7.59024
9.5933
11.9295
14.6254
17.6364
20.8274
23.9686
26.8968
29.6682
32.5603
35.8588
39.5649
43.2401
46.1369
48.33
53.1486
70.8659
1.48876
1.59189
1.69257
1.78383
1.85481
1.89063
1.87291
1.78888
1.63989
1.4022
0.942493
0.273631
0.257833
0.256387
0.259956
0.268
0.278376
0.314017
2.43586
4.27687
6.06293
8.04368
10.3952
13.2428
16.6027
20.3655
24.2018
27.6989
30.6076
33.0239
35.3264
37.8803
40.6762
43.3519
45.442
47.5178
52.6287
61.3683
1.45609
1.55076
1.64393
1.72976
1.79935
1.83936
1.83118
1.75878
1.62079
1.40484
1.0656
0.303687
0.263067
0.260966
0.264979
0.274395
0.289131
0.362918
2.77405
4.64349
6.51132
8.68341
11.3925
14.7875
18.8653
23.3715
27.7387
31.4142
34.1299
36.0749
37.7291
39.4763
41.3522
43.1191
44.7293
47.4915
54.6081
53.9788
1.42845
1.51576
1.6015
1.68235
1.7514
1.79807
1.80734
1.76122
1.65036
1.47186
1.19981
0.551489
0.27974
0.26869
0.273798
0.289428
0.335314
1.0016
3.43587
5.18567
7.06099
9.40085
12.4784
16.4524
21.2487
26.3665
31.0402
34.6708
37.0573
38.4933
39.4919
40.4345
41.4392
42.6162
44.6035
49.0953
58.8284
49.4932
1.40475
1.48577
1.56477
1.63981
1.70698
1.75915
1.7856
1.77321
1.70838
1.58397
1.38927
1.08742
0.501285
0.283289
0.286372
0.318157
0.708936
2.42047
4.10854
5.67791
7.55686
10.0807
13.5395
18.0399
23.3396
28.8108
33.65
37.2087
39.3003
40.2407
40.5537
40.681
41.0958
42.3044
45.4797
52.3965
63.1074
43.3574
1.38401
1.45979
1.5326
1.60153
1.66456
1.71802
1.75602
1.77037
1.75349
1.69904
1.60271
1.44831
1.21874
0.882719
0.700328
1.01358
2.05284
3.19099
4.44986
5.91131
7.83031
10.5373
14.3106
19.1928
24.8472
30.5825
35.556
39.083
40.9343
41.382
40.9674
40.5399
40.734
42.7953
47.6718
55.8774
64.7821
36.4627
1.36521
1.43688
1.50427
1.56701
1.62435
1.67486
1.71626
1.74559
1.76015
1.75951
1.74549
1.71989
1.68775
1.67499
1.79563
2.10273
2.62504
3.4226
4.48964
5.88619
7.84756
10.6958
14.6849
19.8117
25.6987
31.6354
36.7618
40.341
42.0359
42.0137
41.1236
40.4048
41.1253
44.1695
49.9892
58.0956
62.2043
32.3711
1.34724
1.41605
1.47913
1.53623
1.58719
1.63195
1.67046
1.70299
1.73086
1.75756
1.78887
1.83149
1.89056
1.96857
2.09556
2.31459
2.7158
3.37711
4.32574
5.66595
7.63756
10.5485
14.6291
19.8586
25.8629
31.9473
37.2475
40.9568
42.592
42.3478
41.3283
40.8305
41.986
45.4509
51.2952
57.2332
54.3734
29.247
1.32887
1.39613
1.4563
1.50893
1.554
1.59197
1.62395
1.65192
1.67919
1.71088
1.75341
1.81203
1.88603
1.97083
2.08198
2.27131
2.61699
3.18561
4.03848
5.30962
7.23772
10.1124
14.1484
19.3345
25.3342
31.4946
36.9535
40.8063
42.5219
42.4675
41.6845
41.385
42.651
45.9765
50.4095
51.8947
44.6195
26.2571
1.30877
1.37571
1.43446
1.48424
1.52479
1.5566
1.58107
1.60073
1.61942
1.64226
1.67472
1.72021
1.77763
1.8471
1.94765
2.1202
2.42246
2.91532
3.67907
4.85913
6.6835
9.42066
13.2777
18.2704
24.1226
30.2468
35.8138
39.8383
41.9264
42.3265
41.8381
41.6578
42.6752
44.7993
46.4297
44.2508
35.6502
23.4394
1.28565
1.35323
1.41191
1.4605
1.49836
1.52566
1.54359
1.55451
1.56199
1.57053
1.58477
1.60806
1.64214
1.69388
1.77899
1.92864
2.18686
2.61013
3.2835
4.34864
6.01421
8.52484
12.0822
16.7349
22.2772
28.2049
33.7531
38.0434
40.625
41.5324
41.3737
41.0483
41.2002
41.6
40.8183
36.6112
28.3989
20.9718
1.25841
1.32722
1.3868
1.43558
1.47249
1.49724
1.51056
1.51431
1.51146
1.50588
1.50183
1.50328
1.51576
1.5468
1.61051
1.73109
1.94393
2.30002
2.87951
3.8103
5.27569
7.49337
10.6566
14.8432
19.9174
25.4688
30.8242
35.228
38.1401
39.4477
39.5204
38.9838
38.3118
37.332
35.009
30.0133
22.8402
18.4932
1.22625
1.29647
1.35746
1.40733
1.44459
1.46848
1.47919
1.47799
1.46722
1.4502
1.43101
1.41437
1.40699
1.41674
1.45635
1.54557
1.71364
2.00478
2.48883
3.27467
4.51701
6.40379
9.11431
12.7466
17.2277
22.2422
27.234
31.5342
34.5964
36.186
36.4516
35.7994
34.5913
32.76
29.6512
24.5733
18.6377
15.8269
1.18885
1.26027
1.32272
1.37402
1.41235
1.43652
1.4462
1.44209
1.42595
1.40061
1.36991
1.33916
1.31486
1.30508
1.32139
1.38047
1.50662
1.73657
2.12775
2.76842
3.78406
5.33123
7.56949
10.6065
14.4209
18.7908
23.2766
27.3066
30.3521
32.1002
32.5396
31.9041
30.4652
28.2425
24.8494
20.1757
15.293
13.1315
1.1463
1.21849
1.28207
1.3347
1.37429
1.3993
1.40894
1.40344
1.38406
1.35323
1.3145
1.27331
1.23577
1.2098
1.20591
1.23837
1.32712
1.50162
1.80696
2.31161
3.11341
4.33766
6.11981
8.56646
11.6942
15.3634
19.2463
22.8738
25.7616
27.5599
28.1492
27.6314
26.198
23.91
20.6034
16.5429
12.5082
10.579
1.09912
1.1715
1.2357
1.28928
1.32995
1.3559
1.36599
1.36007
1.33903
1.30499
1.26129
1.21305
1.16608
1.12788
1.1079
1.1183
1.17524
1.30162
1.53151
1.91602
2.52848
3.46503
4.83497
6.73497
9.20407
12.1677
15.3986
18.5321
21.1499
22.9014
23.6015
23.2546
21.9793
19.8358
16.8829
13.4567
10.1476
8.30554
1.04804
1.12009
1.18438
1.23842
1.27984
1.30658
1.31725
1.31144
1.28982
1.25424
1.20806
1.15579
1.1029
1.05631
1.02445
1.01756
1.04859
1.13492
1.30153
1.58525
2.03898
2.73339
3.75226
5.1766
7.05387
9.3549
11.935
14.5284
16.7961
18.4164
19.1746
19.0077
17.9723
16.1171
13.6238
10.8136
8.15228
6.39342
0.993856
1.06521
1.12921
1.18335
1.22519
1.25251
1.26371
1.25824
1.2367
1.20082
1.15397
1.10006
1.04416
0.992517
0.952531
0.932799
0.943564
0.997847
1.11353
1.31634
1.64308
2.14359
2.87895
3.91238
5.28958
7.0082
8.98491
11.0393
12.9148
14.3387
15.097
15.087
14.3159
12.8213
10.8062
8.5697
6.4908
4.86617
0.937123
1.00774
1.07136
1.1255
1.16768
1.19547
1.20708
1.20195
1.1808
1.14546
1.0991
1.04526
0.988549
0.934502
0.889512
0.86074
0.856275
0.885796
0.961896
1.1021
1.33118
1.68293
2.1998
2.92807
3.90604
5.14394
6.59903
8.15744
9.63802
10.8269
11.5328
11.6375
11.1136
9.98832
8.42396
6.70015
5.13446
3.6986
0.877862
0.948084
1.01167
1.06619
1.10905
1.1375
1.14949
1.14457
1.12377
1.08934
1.04414
0.991482
0.935457
0.880921
0.83333
0.798605
0.783137
0.794116
0.840344
0.933529
1.08988
1.33146
1.6865
2.187
2.86203
3.72526
4.75787
5.89278
7.01035
7.9548
8.57014
8.74167
8.42211
7.62682
6.46323
5.17821
4.04852
2.83569
0.815112
0.885727
0.950233
1.00615
1.05071
1.0806
1.09322
1.08836
1.06771
1.03414
0.99032
0.93935
0.884883
0.831105
0.78262
0.744299
0.721197
0.718683
0.742907
0.801594
0.905091
1.06735
1.30636
1.64311
2.09802
2.68355
3.39329
4.19012
4.99966
5.71576
6.22106
6.41667
6.24813
5.71619
4.89365
3.96799
3.1924
2.21246
0.746274
0.818498
0.885589
0.944904
0.993303
1.02641
1.04045
1.03561
1.01489
0.981823
0.939219
0.890016
0.837443
0.785077
0.736773
0.69652
0.668326
0.656234
0.664564
0.698385
0.764172
0.870476
1.02831
1.25081
1.55135
1.9395
2.41435
2.95655
3.52213
4.04285
4.43632
4.62477
4.55605
4.21942
3.66283
3.02543
2.52411
1.76818
0.665992
0.741152
0.813292
0.879395
0.935699
0.975895
0.993155
0.988519
0.967484
0.934517
0.892792
0.845122
0.794365
0.743575
0.695974
0.654829
0.623336
0.604568
0.601588
0.617719
0.656945
0.724343
0.826391
0.970892
1.16609
1.41852
1.72918
2.08849
2.47158
2.83665
3.12913
3.29222
3.2817
3.08105
2.71955
2.30068
2.0045
1.44482
0.56422
0.642393
0.722314
0.80055
0.872484
0.928738
0.952864
0.94918
0.927678
0.894504
0.853294
0.806767
0.757478
0.708063
0.661243
0.619729
0.586095
0.562716
0.551791
0.555504
0.576254
0.616943
0.681188
0.773357
0.898181
1.05967
1.25904
1.49175
1.7442
1.99185
2.20027
2.33047
2.34824
2.23633
2.01144
1.75033
1.60064
1.20184
0.423353
0.498079
0.584509
0.680784
0.782993
0.881246
0.91936
0.91855
0.897127
0.863919
0.823115
0.777408
0.729159
0.680724
0.634487
0.59277
0.557714
0.531206
0.514873
0.510158
0.518477
0.54139
0.580761
0.638813
0.717979
0.820388
0.946804
1.09496
1.25755
1.42057
1.56316
1.65992
1.68631
1.62755
1.49304
1.34009
1.28971
1.01753
0.22066
0.260037
0.318557
0.408909
0.559113
0.825594
0.891024
0.896801
0.877416
0.845164
0.805099
0.760111
0.712555
0.664695
0.618763
0.576883
0.540965
0.512621
0.493146
0.483562
0.484718
0.497409
0.522483
0.560891
0.613619
0.68143
0.764317
0.860612
0.965835
1.07161
1.16522
1.23058
1.25126
1.21664
1.13342
1.04607
1.0544
0.876413
)
;

boundaryField
{
    leftWall
    {
        type            epsilonWallFunction;
        value           nonuniform List<scalar> 
100
(
0.0232274
0.0320673
0.0436697
0.0515468
0.05663
0.0605392
0.0664248
0.0733396
0.0805426
0.0875469
0.093969
0.0995569
0.104205
0.10797
0.110923
0.112408
0.111896
0.105525
0.0978939
0.0267158
0.283411
0.496497
0.525858
0.501513
0.480251
0.467681
0.465082
0.466164
0.470179
0.477532
0.487768
0.499788
0.512285
0.524084
0.534307
0.542414
0.548151
0.551482
0.552518
0.551459
0.548554
0.544069
0.538273
0.531427
0.523778
0.515554
0.506967
0.498208
0.48945
0.480847
0.472537
0.464641
0.457264
0.450499
0.444425
0.439109
0.434607
0.430967
0.428225
0.42641
0.42554
0.425627
0.426677
0.428689
0.431658
0.435577
0.440436
0.446226
0.452938
0.460566
0.46911
0.478576
0.488979
0.50034
0.512689
0.526063
0.540506
0.556071
0.572826
0.590855
0.610273
0.631226
0.653911
0.67858
0.705567
0.735307
0.76837
0.805496
0.847653
0.896122
0.95263
1.01955
1.10028
1.20014
1.32838
1.49858
1.73471
2.07731
2.61747
3.65693
)
;
    }
    rightWall
    {
        type            epsilonWallFunction;
        value           nonuniform List<scalar> 
100
(
0.0486302
0.130433
0.264435
0.482926
0.804994
1.25202
1.83448
2.54455
3.3548
4.22252
5.09672
5.92547
6.66299
7.27601
7.74884
8.08636
8.32211
8.55841
8.63624
8.68393
8.73945
8.79642
8.90022
8.79877
8.93368
9.3972
9.02819
8.30214
7.51869
6.85026
6.30902
5.81956
5.25414
4.41155
3.63267
3.01173
2.91027
2.94011
2.94136
2.96601
3.08073
3.30964
3.58033
3.92616
4.34796
4.8858
5.42815
5.99309
6.36453
6.40838
6.39439
6.41318
6.45087
6.45674
6.41424
6.32069
6.19592
6.1612
8.3998
13.9212
25.0573
40.4308
56.6894
71.7261
85.3591
98.5817
109.835
115.788
115.624
113.534
109.959
103.663
94.4549
81.4044
70.8659
61.3683
53.9788
49.4932
43.3574
36.4627
32.3711
29.247
26.2571
23.4394
20.9718
18.4932
15.8269
13.1315
10.579
8.30554
6.39342
4.86617
3.6986
2.83569
2.21246
1.76818
1.44482
1.20184
1.01753
0.876413
)
;
    }
    lowerWall
    {
        type            epsilonWallFunction;
        value           nonuniform List<scalar> 
124
(
0.0232274
0.0742314
0.135039
0.204772
0.270803
0.331189
0.38732
0.443722
0.49659
0.54668
0.594458
0.640341
0.684659
0.727648
0.769449
0.810114
0.84962
0.887871
0.924712
0.959936
0.993287
1.02447
1.05315
1.07898
1.10157
1.12051
1.13537
1.14566
1.1507
1.15028
1.14668
1.13735
1.121
1.09661
1.06311
1.01943
0.964719
0.898949
0.823742
0.742247
0.660628
0.594276
0.535289
0.46355
0.395772
0.270165
0.270165
0.303774
0.43228
0.564204
0.706892
0.867695
1.02476
1.17425
1.31282
1.43529
1.55909
1.6943
1.83336
1.98982
2.18625
2.53567
2.73969
1.97395
1.91336
1.90533
2.98384
3.01636
3.12114
3.41436
0.116647
0.317372
0.582693
0.822376
1.04006
1.23994
1.42474
1.59617
1.75544
1.90369
2.04238
2.17373
2.30142
2.43119
2.57332
2.75141
0.116647
0.414335
0.557562
0.561598
2.40097
0.562994
0.559773
0.566515
2.40881
2.70465
3.00096
3.29094
3.56587
3.8201
4.05063
4.25812
4.44664
4.62252
4.79264
4.96271
5.13624
5.31171
5.47816
5.62561
5.74214
5.81516
5.8327
5.78494
5.66542
5.47138
5.20353
4.86176
4.43702
3.9162
3.27634
2.57338
0.320647
0.0486302
)
;
    }
    atmosphere
    {
        type            inletOutlet;
        inletValue      uniform 0.1;
        value           nonuniform List<scalar> 
92
(
0.1
0.1
0.1
0.1
0.1
0.1
0.1
0.1
0.1
0.1
0.1
0.1
0.1
0.1
0.1
0.1
0.1
0.1
0.1
0.1
0.1
0.1
0.1
0.1
0.1
0.1
0.1
0.1
0.1
0.1
0.1
0.1
0.1
0.1
0.1
0.1
0.1
0.1
0.1
0.1
0.1
0.1
0.1
0.1
0.1
0.1
0.1
0.1
0.1
0.1
0.1
0.1
0.1
0.1
0.1
0.1
0.1
0.1
0.1
0.825594
0.891024
0.896801
0.877416
0.845164
0.805099
0.760111
0.712555
0.664695
0.618763
0.576883
0.540965
0.512621
0.493146
0.483562
0.484718
0.497409
0.522483
0.560891
0.613619
0.68143
0.764317
0.860612
0.965835
1.07161
1.16522
1.23058
1.25126
1.21664
1.13342
1.04607
1.0544
0.876413
)
;
    }
    defaultFaces
    {
        type            empty;
    }
}


// ************************************************************************* //
