/*--------------------------------*- C++ -*----------------------------------*\
  =========                 |
  \\      /  F ield         | OpenFOAM: The Open Source CFD Toolbox
   \\    /   O peration     | Website:  https://openfoam.org
    \\  /    A nd           | Version:  7
     \\/     M anipulation  |
\*---------------------------------------------------------------------------*/
FoamFile
{
    version     2.0;
    format      ascii;
    class       volScalarField;
    location    "0.5";
    object      k;
}
// * * * * * * * * * * * * * * * * * * * * * * * * * * * * * * * * * * * * * //

dimensions      [0 2 -2 0 0 0 0];

internalField   nonuniform List<scalar> 
9072
(
0.00240369
0.00425292
0.00633735
0.00836406
0.0100771
0.0115239
0.0127885
0.0140004
0.0150902
0.0160873
0.0170099
0.0178725
0.018686
0.0194581
0.0201941
0.0208971
0.0215687
0.0222089
0.0228167
0.0233902
0.0239268
0.024423
0.0248751
0.0252787
0.0256291
0.0259211
0.0261491
0.0263065
0.0263834
0.0263765
0.0263214
0.0261783
0.0259271
0.0255499
0.0250269
0.0243363
0.0234565
0.0223762
0.0211072
0.0196861
0.0182067
0.0169633
0.0158274
0.0143805
0.0129373
0.0100235
0.00400669
0.0086984
0.0131855
0.0172082
0.0207877
0.0239371
0.0266417
0.0289985
0.0311065
0.0330218
0.0347856
0.0364291
0.0379754
0.0394407
0.0408362
0.0421685
0.043441
0.0446544
0.0458074
0.0468969
0.0479186
0.0488676
0.049738
0.0505239
0.0512192
0.0518181
0.0523148
0.0527042
0.0529794
0.0531266
0.0531437
0.0530263
0.0527645
0.0523445
0.05175
0.0509627
0.0499674
0.048763
0.0473682
0.0457792
0.0436768
0.0406223
0.0373139
0.0330784
0.0263448
0.0178647
0.00492401
0.0111846
0.0165247
0.0213662
0.02574
0.0295893
0.0329123
0.0358451
0.0384753
0.0408672
0.04307
0.0451217
0.0470504
0.0488765
0.0506138
0.0522712
0.0538534
0.0553618
0.0567955
0.0581517
0.0594261
0.0606135
0.0617081
0.062704
0.0635955
0.0643774
0.0650455
0.0655966
0.0660277
0.0663353
0.0665174
0.0665728
0.0664974
0.0662821
0.065911
0.0653601
0.0645995
0.0636029
0.0623545
0.0608092
0.0586471
0.0555147
0.0512521
0.0455021
0.0362558
0.0225961
0.00550109
0.0129365
0.0188329
0.0241736
0.029001
0.0332421
0.0369727
0.0402903
0.0432758
0.0459951
0.0485006
0.0508332
0.0530238
0.0550952
0.0570633
0.0589384
0.0607265
0.0624301
0.064049
0.0655809
0.067022
0.0683676
0.0696125
0.0707515
0.0717799
0.0726938
0.0734909
0.0741704
0.0747332
0.0751821
0.0755199
0.0757502
0.075874
0.0758867
0.0757737
0.0755061
0.0750391
0.0743152
0.073268
0.0717951
0.0695931
0.0663744
0.0619199
0.056121
0.0461802
0.0269828
0.00585806
0.0143482
0.0206941
0.0263615
0.0314443
0.0359702
0.0399982
0.0436062
0.0468673
0.0498449
0.0525909
0.0551471
0.0575456
0.0598105
0.061959
0.0640028
0.0659491
0.0678014
0.0695604
0.0712247
0.0727914
0.0742564
0.0756156
0.0768648
0.0780004
0.0790204
0.0799243
0.0807141
0.0813941
0.0819715
0.0824536
0.0828485
0.0831616
0.0833913
0.0835233
0.083524
0.0833351
0.0828725
0.082027
0.0806488
0.0784591
0.0752411
0.0709855
0.0654818
0.0558247
0.0313543
0.00612342
0.0155945
0.0222902
0.0281499
0.0334171
0.0381494
0.0424015
0.0462386
0.0497249
0.0529184
0.0558682
0.058615
0.0611906
0.0636198
0.0659206
0.0681057
0.0701834
0.0721582
0.0740319
0.075804
0.0774726
0.0790349
0.0804875
0.0818278
0.0830535
0.0841643
0.085162
0.086051
0.0868387
0.0875358
0.0881532
0.088703
0.0891935
0.089625
0.0899821
0.0902265
0.0902889
0.0900649
0.0894149
0.0881601
0.0860537
0.0829461
0.0790418
0.073834
0.0642894
0.0359456
0.0065111
0.016697
0.0236831
0.0296857
0.0350786
0.0399577
0.0443799
0.0484008
0.0520754
0.0554542
0.0585819
0.0614964
0.0642287
0.066803
0.0692379
0.0715468
0.0737388
0.0758196
0.0777918
0.0796562
0.0814119
0.0830573
0.0845905
0.0860098
0.0873149
0.0885071
0.0895902
0.0905712
0.0914601
0.0922706
0.0930165
0.0937126
0.0943695
0.0949878
0.095551
0.0960159
0.0963048
0.0962995
0.0958417
0.09474
0.0927805
0.0898687
0.0862174
0.0814221
0.0720597
0.0401601
0.00695369
0.0177278
0.0249431
0.0310394
0.0365109
0.0414918
0.0460433
0.0502135
0.0540474
0.0575875
0.0608728
0.0639375
0.0668106
0.0695159
0.0720717
0.0744919
0.0767864
0.0789616
0.0810214
0.0829676
0.0848006
0.0865198
0.0881248
0.0896154
0.0909929
0.0922603
0.0934236
0.0944917
0.0954774
0.0963964
0.097265
0.0981001
0.0989134
0.0997054
0.100458
0.101124
0.101619
0.101817
0.101551
0.100628
0.0988643
0.096202
0.0927896
0.0882655
0.0788885
0.0439737
0.00740052
0.0187114
0.0260913
0.0322409
0.0377566
0.0428072
0.0474587
0.051752
0.0557226
0.0594043
0.0628301
0.0660303
0.0690314
0.071856
0.0745222
0.077044
0.0794318
0.081693
0.0838325
0.085853
0.0877561
0.0895428
0.0912138
0.0927706
0.0942158
0.0955545
0.0967942
0.0979463
0.0990253
0.100049
0.101036
0.102003
0.102964
0.103918
0.104846
0.105697
0.106383
0.106774
0.106702
0.105978
0.104442
0.102056
0.0988993
0.0944653
0.0848191
0.0473702
0.00782251
0.0196259
0.0271192
0.0332958
0.0388353
0.0439363
0.0486687
0.0530666
0.0571563
0.0609636
0.0645154
0.067838
0.0709556
0.0738894
0.0766569
0.0792722
0.0817461
0.0840865
0.0862993
0.0883885
0.0903567
0.0922062
0.0939392
0.0955585
0.0970685
0.0984757
0.0997896
0.101023
0.102193
0.103318
0.104419
0.105513
0.106614
0.107721
0.108812
0.109835
0.1107
0.111278
0.111401
0.11089
0.109603
0.107503
0.104597
0.100208
0.0901416
0.0502739
0.00819937
0.0204204
0.0280048
0.0341973
0.039754
0.0448982
0.049702
0.0541928
0.0583886
0.0623081
0.0659732
0.0694066
0.0726303
0.075664
0.0785247
0.0812262
0.0837796
0.0861936
0.0884747
0.090628
0.0926573
0.0945662
0.0963582
0.0980375
0.0996102
0.101084
0.102471
0.103784
0.105043
0.106267
0.107478
0.108694
0.109929
0.11118
0.112424
0.11361
0.114646
0.115406
0.115726
0.115438
0.114411
0.112595
0.109924
0.105562
0.0950468
0.0531333
0.00851978
0.021071
0.0287248
0.0349336
0.0405135
0.0457047
0.0505788
0.0551567
0.0594493
0.0634703
0.0672375
0.070771
0.074091
0.0772159
0.0801621
0.0829431
0.0855702
0.0880527
0.0903976
0.0926112
0.0946984
0.0966639
0.0985126
0.10025
0.101884
0.103424
0.104882
0.106274
0.10762
0.108941
0.110258
0.111592
0.112955
0.114343
0.115734
0.117075
0.118277
0.119215
0.119734
0.119676
0.118912
0.117374
0.114919
0.110568
0.0996354
0.0561642
0.00878078
0.0215556
0.0292585
0.0354937
0.0411135
0.046365
0.0513151
0.0559787
0.060362
0.0644754
0.0683347
0.0719585
0.0753655
0.0785734
0.0815977
0.0844519
0.0871473
0.0896934
0.0920982
0.0943686
0.0965109
0.0985308
0.100434
0.102229
0.103923
0.105528
0.107056
0.108526
0.109958
0.111374
0.112796
0.114244
0.11573
0.11725
0.118782
0.120272
0.121636
0.122751
0.123471
0.123644
0.123144
0.121875
0.119621
0.115283
0.104031
0.0592037
0.00898789
0.021853
0.0295879
0.0358694
0.0415563
0.0468886
0.0519251
0.0566761
0.0611456
0.0653438
0.0692861
0.0729909
0.0764762
0.0797591
0.0828545
0.0857757
0.088534
0.0911394
0.0936003
0.0959245
0.0981192
0.100191
0.102149
0.103999
0.105753
0.107421
0.10902
0.110567
0.112083
0.113592
0.115117
0.116676
0.118281
0.11993
0.121598
0.123235
0.124757
0.126049
0.126971
0.127377
0.127139
0.126132
0.124071
0.119771
0.108396
0.0625354
0.00914711
0.0219391
0.0296983
0.0360589
0.0418492
0.0472878
0.0524235
0.0572644
0.0618164
0.066092
0.0701089
0.0738859
0.0774412
0.0807914
0.0839511
0.0869334
0.0897496
0.0924099
0.0949232
0.0972982
0.099543
0.101666
0.103675
0.10558
0.107393
0.109125
0.110793
0.112417
0.114017
0.115618
0.117243
0.118911
0.120634
0.122408
0.12421
0.125991
0.12767
0.129139
0.130264
0.130904
0.130925
0.130175
0.128311
0.124108
0.112898
0.0665927
0.009224
0.0217855
0.0295799
0.03607
0.0420079
0.0475797
0.0528262
0.0577583
0.0623882
0.0667342
0.0708173
0.0746582
0.0782755
0.0816857
0.0849031
0.0879407
0.0908098
0.0935208
0.0960831
0.098506
0.100798
0.10297
0.10503
0.106989
0.108859
0.110655
0.112393
0.114092
0.115775
0.117467
0.119193
0.120969
0.122808
0.124705
0.126639
0.128563
0.130401
0.132047
0.133376
0.13425
0.13453
0.134038
0.132386
0.128366
0.117718
0.0734927
0.00899882
0.0318627
0.0428141
0.0428189
0.0424918
0.0429437
0.0424689
0.0430539
0.0430815
0.0465942
0.0500039
0.053251
0.0562601
0.058995
0.0614474
0.0636425
0.0656336
0.067489
0.0692753
0.0710426
0.0728157
0.0745891
0.0762511
0.0777136
0.0788747
0.0796278
0.0798712
0.0795176
0.0785034
0.076789
0.074353
0.0711495
0.0670355
0.0617576
0.0548632
0.0467027
0.0258712
0.0063448
0.0199354
0.0522518
0.0643467
0.0655583
0.0637172
0.0616634
0.0598503
0.0590016
0.06011
0.0621481
0.0642878
0.0666307
0.069302
0.0723597
0.0758211
0.0796591
0.0838258
0.0882789
0.0929942
0.0979551
0.103132
0.108374
0.11359
0.118624
0.123289
0.127385
0.130704
0.133051
0.134265
0.13423
0.132863
0.13005
0.125474
0.11831
0.106681
0.0868522
0.0538014
0.0112964
0.029966
0.0669992
0.0786614
0.0794494
0.0770575
0.0745367
0.0730161
0.0731512
0.0748208
0.077284
0.0800803
0.0831996
0.0867019
0.0906265
0.0949872
0.0997616
0.104909
0.110397
0.116213
0.122352
0.128796
0.135419
0.142102
0.148665
0.154883
0.160508
0.165273
0.168914
0.171204
0.171977
0.171113
0.168447
0.163551
0.155319
0.141312
0.116852
0.0766152
0.0182116
0.0377017
0.0788688
0.0898301
0.0905191
0.0884937
0.0867245
0.086316
0.0875721
0.0900202
0.0929323
0.0960471
0.0994311
0.103189
0.107411
0.112144
0.11738
0.123068
0.129154
0.135619
0.142469
0.149705
0.15722
0.164896
0.172543
0.17992
0.186743
0.192702
0.197475
0.200775
0.202387
0.202159
0.199884
0.195049
0.186379
0.171147
0.144326
0.0989231
0.0271913
0.0440708
0.0889253
0.0994331
0.100275
0.0989134
0.0981517
0.09887
0.101082
0.104202
0.107609
0.111131
0.114884
0.119016
0.12366
0.128885
0.134672
0.14093
0.147567
0.154547
0.161904
0.169688
0.177832
0.186241
0.194737
0.203068
0.210932
0.217981
0.223843
0.228172
0.23071
0.231277
0.229636
0.225198
0.216527
0.200582
0.171768
0.1218
0.0381322
0.0495187
0.0975657
0.107971
0.109099
0.108461
0.108725
0.110549
0.113744
0.117689
0.121852
0.126103
0.130568
0.135424
0.140832
0.146858
0.153437
0.160405
0.167604
0.174984
0.182628
0.19068
0.199144
0.207977
0.217029
0.226054
0.23474
0.242713
0.249553
0.254859
0.258334
0.259784
0.258951
0.255183
0.246875
0.230617
0.200117
0.145811
0.0510025
0.0542836
0.104942
0.11552
0.117024
0.117152
0.118484
0.121502
0.125883
0.130989
0.13633
0.141774
0.147437
0.153511
0.160161
0.167421
0.175135
0.183015
0.190802
0.198427
0.206058
0.213985
0.222338
0.231156
0.24034
0.249666
0.258825
0.267431
0.275025
0.281148
0.285472
0.287803
0.287886
0.285013
0.277397
0.261182
0.229237
0.170742
0.0654951
0.058506
0.111146
0.122047
0.124013
0.125011
0.127559
0.131999
0.137913
0.144645
0.151704
0.158925
0.166393
0.174295
0.182784
0.191824
0.201111
0.210168
0.218583
0.22626
0.233485
0.240762
0.248426
0.256631
0.265356
0.274419
0.283535
0.292325
0.300299
0.306938
0.311883
0.314968
0.31596
0.314107
0.307421
0.29152
0.25832
0.195824
0.0810337
0.0622794
0.116256
0.127519
0.130042
0.132096
0.136134
0.142358
0.150272
0.159203
0.168627
0.178311
0.188283
0.198709
0.209714
0.22116
0.232541
0.243115
0.252247
0.259785
0.266163
0.272166
0.278437
0.285285
0.292795
0.300851
0.309219
0.317556
0.32536
0.332044
0.33721
0.340743
0.342466
0.341597
0.335935
0.320515
0.286202
0.21999
0.096886
0.0656744
0.120348
0.131926
0.135131
0.138514
0.144426
0.152912
0.163398
0.17519
0.187703
0.200599
0.213812
0.227466
0.241656
0.256139
0.270171
0.282675
0.292714
0.300019
0.305172
0.309283
0.313423
0.318095
0.323514
0.329658
0.336382
0.343432
0.350326
0.356396
0.361176
0.364624
0.366673
0.366533
0.361801
0.346904
0.311605
0.242091
0.112294
0.0687548
0.123499
0.135297
0.139357
0.144426
0.152695
0.164007
0.1777
0.193051
0.209393
0.226233
0.243358
0.26083
0.278733
0.296757
0.313938
0.328833
0.340114
0.347305
0.351081
0.352874
0.35428
0.356027
0.358476
0.361721
0.365753
0.370489
0.375544
0.380156
0.383729
0.386299
0.387988
0.388051
0.38392
0.369446
0.333276
0.261023
0.126572
0.0715903
0.125806
0.137715
0.142865
0.150058
0.16124
0.175979
0.193502
0.213054
0.23387
0.255252
0.276769
0.298389
0.320229
0.34201
0.36265
0.380366
0.393372
0.400863
0.403501
0.402969
0.401389
0.399756
0.398551
0.397985
0.398228
0.399481
0.401608
0.403775
0.405133
0.405772
0.406108
0.405535
0.401397
0.387059
0.350086
0.275774
0.13916
0.0742717
0.127412
0.139341
0.145897
0.155721
0.170396
0.189119
0.210963
0.235158
0.260853
0.287103
0.313179
0.338899
0.364465
0.389789
0.413867
0.434697
0.449992
0.458484
0.460679
0.458423
0.45413
0.449198
0.444117
0.439156
0.434658
0.431236
0.429261
0.427938
0.425992
0.42344
0.421149
0.418784
0.413717
0.398977
0.361141
0.285474
0.149676
0.076923
0.128549
0.140471
0.148834
0.161829
0.180525
0.203616
0.229981
0.258884
0.289458
0.320512
0.350919
0.380259
0.408849
0.436986
0.464046
0.488023
0.506129
0.516491
0.519306
0.516483
0.510396
0.502942
0.49446
0.485154
0.475419
0.466335
0.45914
0.45338
0.447142
0.440081
0.433702
0.428151
0.420931
0.404947
0.365951
0.289533
0.157945
0.0797478
0.129574
0.141609
0.152243
0.168914
0.191979
0.219481
0.250087
0.283208
0.318114
0.353422
0.387507
0.419578
0.450039
0.479739
0.508827
0.535628
0.556886
0.569967
0.574596
0.572584
0.566266
0.557708
0.547061
0.534321
0.519673
0.504493
0.491275
0.480465
0.469342
0.456659
0.444752
0.434566
0.423786
0.405405
0.364616
0.287837
0.164029
0.0831957
0.131102
0.143587
0.156932
0.177596
0.204992
0.236414
0.270347
0.306513
0.344552
0.383017
0.4197
0.453283
0.484129
0.513688
0.543321
0.572193
0.596639
0.613071
0.620569
0.620732
0.615911
0.607998
0.596936
0.582496
0.564323
0.543572
0.524197
0.508415
0.492629
0.473815
0.455285
0.439304
0.42365
0.40155
0.358009
0.280917
0.168235
0.00918891
0.0212263
0.0291117
0.0358679
0.0420786
0.047876
0.0532966
0.0583634
0.0631033
0.0675461
0.0717197
0.0756482
0.079351
0.0828447
0.0861434
0.0892599
0.0922056
0.0949909
0.097626
0.100121
0.102486
0.104733
0.106872
0.108916
0.110879
0.112776
0.114626
0.116448
0.118267
0.120105
0.121987
0.123932
0.12595
0.12804
0.130181
0.132329
0.134416
0.136343
0.137993
0.139236
0.139924
0.13985
0.13858
0.134974
0.125669
0.0975679
0.00882705
0.0195194
0.0278209
0.0352193
0.041934
0.0480711
0.0537103
0.0589214
0.0637674
0.0683001
0.0725581
0.0765696
0.0803552
0.0839319
0.087314
0.0905139
0.0935432
0.0964125
0.0991321
0.101713
0.104166
0.106506
0.108745
0.110898
0.112981
0.115012
0.11701
0.118996
0.120993
0.123024
0.125109
0.127269
0.129516
0.13185
0.134251
0.136681
0.139078
0.141352
0.143395
0.145082
0.146265
0.14673
0.14606
0.14332
0.136342
0.1209
0.00839793
0.017344
0.0265693
0.0347458
0.0419219
0.0483181
0.0540875
0.0593615
0.0642461
0.0688141
0.0731096
0.0771606
0.0809882
0.0846102
0.0880416
0.0912955
0.0943836
0.0973172
0.100108
0.102764
0.105297
0.107721
0.110052
0.112308
0.114506
0.116665
0.118806
0.120952
0.123126
0.125349
0.12764
0.13002
0.132501
0.135084
0.137753
0.140477
0.143198
0.145834
0.148286
0.150441
0.152165
0.153269
0.153423
0.151981
0.147761
0.139582
0.00917175
0.0174163
0.0266315
0.0348003
0.0420927
0.0487319
0.0545441
0.0598035
0.0646741
0.0692392
0.0735402
0.0776002
0.0814388
0.0850751
0.0885255
0.0918036
0.0949211
0.0978898
0.100724
0.103433
0.106019
0.108502
0.1109
0.113233
0.115523
0.11779
0.120059
0.12236
0.124711
0.127131
0.129636
0.132242
0.134967
0.137808
0.140759
0.143792
0.14685
0.149859
0.152732
0.155373
0.15767
0.159474
0.160549
0.160501
0.158732
0.15496
0.0173814
0.0249278
0.034633
0.0423849
0.0481001
0.0521977
0.0562812
0.0607582
0.0652688
0.069643
0.073829
0.0778142
0.0816018
0.0852019
0.0886254
0.0918824
0.0949822
0.0979352
0.100849
0.103748
0.106381
0.108916
0.111385
0.113806
0.116201
0.118586
0.120971
0.123396
0.125876
0.128447
0.131137
0.133983
0.136973
0.140074
0.143326
0.146696
0.150096
0.153479
0.156778
0.159912
0.16279
0.165301
0.167288
0.168521
0.168706
0.167769
0.0248871
0.0409475
0.0509911
0.0581347
0.0636479
0.0684179
0.0727845
0.0769225
0.0808935
0.084715
0.0883841
0.0918878
0.0952093
0.0983267
0.101206
0.103786
0.105939
0.107382
0.107477
0.106024
0.107328
0.109446
0.11172
0.114029
0.116352
0.118685
0.121093
0.12379
0.126546
0.12942
0.132482
0.135596
0.138656
0.141901
0.14549
0.149254
0.152971
0.156714
0.160439
0.164062
0.167514
0.170705
0.173533
0.175871
0.177564
0.178561
0.0257794
0.0461533
0.0580614
0.0664115
0.0729571
0.0785195
0.0834147
0.0878345
0.091913
0.0957386
0.0993596
0.102795
0.106048
0.109109
0.11196
0.114572
0.116898
0.11888
0.120513
0.122173
0.124372
0.126804
0.129247
0.131573
0.133626
0.135031
0.134624
0.12841
0.127505
0.129754
0.13278
0.136261
0.139674
0.1436
0.14781
0.151654
0.155447
0.159508
0.163667
0.167772
0.171791
0.175616
0.179192
0.18245
0.185288
0.187625
0.0249844
0.0481028
0.0615928
0.0712595
0.0789488
0.0854209
0.0910255
0.0959843
0.100463
0.104583
0.108428
0.112048
0.115475
0.118726
0.121811
0.124737
0.127513
0.130155
0.132714
0.135314
0.138041
0.140835
0.143607
0.146261
0.148659
0.150537
0.151416
0.150912
0.151304
0.152014
0.150773
0.141515
0.140567
0.144028
0.14925
0.153604
0.157794
0.162037
0.166412
0.170916
0.175487
0.179872
0.184103
0.188119
0.191808
0.195067
0.0242891
0.0492082
0.0635716
0.0741484
0.0827417
0.0900153
0.0963186
0.101881
0.106876
0.111436
0.115659
0.119618
0.123363
0.126934
0.130361
0.133671
0.13689
0.140047
0.143175
0.146317
0.149503
0.152724
0.155943
0.159101
0.162104
0.164803
0.167015
0.168751
0.170522
0.17207
0.172406
0.170672
0.169725
0.168001
0.15893
0.154353
0.158709
0.163705
0.168852
0.173932
0.178612
0.183242
0.188004
0.19263
0.196925
0.200827
0.023876
0.0499232
0.0646781
0.0758833
0.085138
0.0930502
0.0999559
0.10608
0.11159
0.116618
0.121268
0.125619
0.129737
0.133671
0.137465
0.141156
0.144777
0.14836
0.151934
0.15553
0.15917
0.162863
0.166598
0.170341
0.174033
0.177589
0.180922
0.184033
0.187019
0.189747
0.191802
0.192997
0.193834
0.193581
0.190528
0.1858
0.174812
0.165811
0.169719
0.175701
0.180896
0.186081
0.191143
0.195896
0.200413
0.204696
0.0237951
0.0501914
0.0652763
0.0769077
0.0866229
0.0950077
0.102388
0.10898
0.114944
0.120406
0.125467
0.13021
0.134703
0.139004
0.143161
0.147218
0.151215
0.155188
0.159169
0.163191
0.167281
0.171457
0.17572
0.180055
0.184428
0.188783
0.193066
0.197248
0.201316
0.205187
0.208673
0.211669
0.214216
0.215964
0.216267
0.214984
0.211458
0.206949
0.201966
0.183051
0.181694
0.187174
0.193143
0.198196
0.202874
0.207077
0.0238334
0.0502609
0.0655808
0.077492
0.0875074
0.0962144
0.103937
0.110886
0.117216
0.123045
0.128469
0.13357
0.138415
0.143063
0.147568
0.151976
0.156331
0.160674
0.165043
0.169474
0.173998
0.17864
0.183411
0.188307
0.193309
0.198381
0.203481
0.208569
0.213605
0.218502
0.223175
0.227532
0.231521
0.234953
0.237512
0.238984
0.239224
0.238394
0.236084
0.230084
0.225333
0.21748
0.196403
0.198898
0.204035
0.208288
0.0239706
0.0502676
0.0657353
0.0778102
0.0879963
0.0968958
0.104839
0.112036
0.118636
0.124752
0.130476
0.135884
0.141042
0.146008
0.150835
0.155574
0.160268
0.164963
0.1697
0.174517
0.179452
0.184531
0.189772
0.195182
0.200749
0.206452
0.212255
0.218119
0.223996
0.229807
0.235483
0.240955
0.246148
0.250937
0.255137
0.258589
0.261205
0.262952
0.263596
0.262667
0.260952
0.257173
0.248894
0.241135
0.218433
0.210552
0.024219
0.0502941
0.0658296
0.0779675
0.0882163
0.0971995
0.105257
0.112603
0.119383
0.125708
0.131663
0.137321
0.142744
0.147989
0.153108
0.158149
0.163159
0.168183
0.173265
0.178444
0.183759
0.189241
0.194911
0.200781
0.20685
0.213101
0.219509
0.226038
0.232639
0.239248
0.24578
0.252186
0.258391
0.264295
0.269766
0.274685
0.278967
0.28256
0.285353
0.287183
0.288146
0.287847
0.285457
0.281668
0.274879
0.269492
0.0245616
0.050369
0.0659015
0.0780142
0.0882354
0.0972127
0.105298
0.112708
0.11959
0.126049
0.13217
0.13802
0.143659
0.14914
0.154513
0.159825
0.165122
0.170449
0.175848
0.181361
0.187025
0.192874
0.198931
0.205212
0.211722
0.21845
0.225377
0.232471
0.23969
0.246975
0.254253
0.261447
0.268504
0.275335
0.281836
0.287902
0.293451
0.298422
0.302747
0.306351
0.309228
0.311241
0.312033
0.311667
0.310147
0.308302
0.0249601
0.050482
0.0659488
0.0779616
0.088082
0.0969823
0.105025
0.112431
0.119347
0.125878
0.132105
0.138092
0.143897
0.149569
0.155156
0.160704
0.166255
0.171853
0.17754
0.183355
0.189337
0.195518
0.201923
0.208571
0.215467
0.22261
0.229982
0.237559
0.2453
0.253155
0.261059
0.268937
0.276713
0.284322
0.291672
0.298669
0.305229
0.311285
0.316775
0.321646
0.325869
0.329381
0.332026
0.33377
0.334649
0.334827
0.0253702
0.0506012
0.0659472
0.0777997
0.0877628
0.0965317
0.104478
0.111825
0.118721
0.12527
0.13155
0.137625
0.143547
0.149367
0.155127
0.160871
0.16664
0.172475
0.178417
0.184503
0.190769
0.197247
0.203962
0.210934
0.218171
0.225673
0.233429
0.241416
0.249601
0.257935
0.266363
0.274815
0.283215
0.291479
0.299538
0.307303
0.314691
0.321628
0.32805
0.333903
0.339145
0.343731
0.347584
0.350666
0.352994
0.354627
0.0257536
0.050689
0.0658661
0.0775125
0.087277
0.0958746
0.103684
0.110931
0.117763
0.124285
0.130573
0.136689
0.142686
0.148608
0.1545
0.1604
0.166349
0.172385
0.178546
0.184866
0.191381
0.19812
0.205108
0.212363
0.219898
0.227712
0.235797
0.244134
0.252692
0.261431
0.270296
0.279225
0.288147
0.296979
0.305636
0.314042
0.322117
0.329784
0.336972
0.343622
0.349683
0.355113
0.359859
0.363894
0.36722
0.369868
0.0260827
0.0507132
0.0656806
0.0770874
0.086625
0.0950233
0.102666
0.10978
0.116515
0.122972
0.12923
0.135348
0.141377
0.147362
0.153344
0.15936
0.165449
0.171645
0.177985
0.184502
0.191227
0.198189
0.20541
0.21291
0.220699
0.228778
0.237143
0.245775
0.254649
0.263724
0.272954
0.282279
0.291632
0.300935
0.310106
0.319059
0.32771
0.335988
0.343816
0.351129
0.357871
0.363995
0.369456
0.374228
0.378304
0.381696
0.0263412
0.0506513
0.0653753
0.0765201
0.0858125
0.093993
0.101448
0.108407
0.115016
0.121379
0.127573
0.133658
0.139682
0.145691
0.151722
0.157814
0.164001
0.170318
0.176796
0.183468
0.190362
0.197505
0.204919
0.21262
0.220619
0.22892
0.237516
0.246392
0.255525
0.264878
0.274408
0.284057
0.293763
0.303453
0.313046
0.322459
0.331606
0.3404
0.348768
0.356642
0.363959
0.370667
0.376722
0.382093
0.386765
0.390735
0.0265222
0.0504915
0.0649456
0.0758144
0.0848512
0.0928028
0.100057
0.106842
0.113305
0.11955
0.125652
0.131672
0.137658
0.143654
0.149698
0.155825
0.16207
0.168464
0.175039
0.181822
0.188843
0.196123
0.203685
0.211543
0.219707
0.228181
0.23696
0.24603
0.255368
0.264942
0.274711
0.28462
0.294611
0.304611
0.314546
0.324332
0.333884
0.343117
0.351948
0.360299
0.368105
0.37531
0.381867
0.387739
0.392902
0.397342
0.0266254
0.0502307
0.0643955
0.0749811
0.0837579
0.0914749
0.098519
0.105118
0.11142
0.117527
0.123514
0.129443
0.135361
0.141312
0.147332
0.153457
0.15972
0.16615
0.172777
0.179629
0.18673
0.194103
0.201766
0.209734
0.218016
0.226615
0.235526
0.244738
0.254228
0.263968
0.273916
0.284024
0.294233
0.304476
0.314678
0.32476
0.334636
0.344221
0.353431
0.362185
0.37041
0.378041
0.385025
0.39132
0.396896
0.401728
0.026655
0.0498724
0.0637346
0.0740354
0.0825523
0.0900332
0.0968632
0.103269
0.109398
0.115351
0.121205
0.12702
0.132844
0.13872
0.144685
0.150772
0.157015
0.163442
0.17008
0.176956
0.184093
0.191512
0.19923
0.20726
0.21561
0.224284
0.233277
0.242578
0.252167
0.262015
0.272085
0.28233
0.292695
0.303114
0.313515
0.32382
0.333946
0.343806
0.353314
0.362389
0.370954
0.378939
0.386284
0.392941
0.398866
0.404031
0.0266175
0.0494242
0.0629765
0.0729948
0.0812555
0.0885022
0.0951173
0.101326
0.107274
0.113062
0.118768
0.124451
0.130158
0.135934
0.141815
0.147833
0.154021
0.160407
0.167018
0.173876
0.181006
0.188426
0.196152
0.204196
0.212566
0.221265
0.230289
0.239626
0.249259
0.25916
0.269295
0.279618
0.290076
0.300607
0.31114
0.3216
0.331903
0.341964
0.351698
0.361019
0.369847
0.378111
0.385745
0.392694
0.398911
0.404358
0.0265208
0.0488963
0.062136
0.0718776
0.0798884
0.0869057
0.093308
0.0993182
0.105081
0.110698
0.116244
0.121779
0.127353
0.133007
0.138779
0.1447
0.150803
0.157115
0.16366
0.170464
0.177545
0.184924
0.192614
0.200627
0.20897
0.217646
0.22665
0.235974
0.245598
0.255498
0.265641
0.275984
0.286476
0.297056
0.307658
0.318205
0.328618
0.338811
0.348698
0.358193
0.367214
0.375686
0.38354
0.390716
0.397162
0.402835
0.0263733
0.0483001
0.0612288
0.0707019
0.0784713
0.085266
0.0914599
0.0972734
0.10285
0.10829
0.113669
0.119047
0.124473
0.129988
0.13563
0.141431
0.147422
0.15363
0.160079
0.166792
0.17379
0.181088
0.188702
0.196642
0.204915
0.213523
0.222462
0.231723
0.24129
0.251139
0.261237
0.271545
0.282014
0.292586
0.303195
0.313768
0.324226
0.334484
0.344457
0.354058
0.363204
0.371817
0.379826
0.387166
0.393783
0.39963
0.0261832
0.0476474
0.0602698
0.0694846
0.0770226
0.0836032
0.0895951
0.0952161
0.100608
0.10587
0.111078
0.116291
0.121558
0.126922
0.132418
0.13808
0.143937
0.150017
0.156343
0.162937
0.169818
0.177003
0.184506
0.192336
0.2005
0.209
0.217833
0.226989
0.236454
0.246205
0.256212
0.266436
0.276831
0.287341
0.297902
0.308444
0.318887
0.32915
0.339147
0.348791
0.357998
0.36669
0.374792
0.382238
0.388971
0.394941
0.0259587
0.04695
0.0592734
0.0682413
0.0755592
0.0819354
0.0877335
0.0931678
0.0983784
0.103464
0.1085
0.113544
0.118646
0.123849
0.129187
0.134695
0.140402
0.146334
0.152515
0.158965
0.165705
0.172749
0.180111
0.1878
0.195823
0.204182
0.212873
0.221888
0.231214
0.240829
0.250704
0.260802
0.27108
0.281482
0.291948
0.302408
0.312786
0.323
0.332965
0.342596
0.351809
0.360522
0.368661
0.37616
0.382957
0.389004
0.0257073
0.0462192
0.0582529
0.0669862
0.0740959
0.0802786
0.0858919
0.0911471
0.0961821
0.101095
0.105959
0.110834
0.115768
0.120804
0.125978
0.131322
0.136866
0.142635
0.148655
0.154944
0.161521
0.168403
0.175601
0.183125
0.190981
0.199171
0.207694
0.21654
0.225697
0.235145
0.244856
0.254796
0.264921
0.27518
0.285512
0.295851
0.306121
0.316242
0.326131
0.335703
0.344872
0.353559
0.361689
0.369193
0.376011
0.382092
0.0254363
0.0454662
0.0572207
0.0657323
0.072646
0.0786465
0.0840853
0.0891699
0.0940364
0.0987815
0.103478
0.108185
0.112952
0.117819
0.122823
0.127997
0.133371
0.138969
0.144815
0.15093
0.157332
0.164035
0.171053
0.178394
0.186065
0.194068
0.202402
0.211058
0.220026
0.229285
0.23881
0.248568
0.258517
0.268607
0.278779
0.288968
0.2991
0.309097
0.318876
0.328353
0.337444
0.346068
0.354151
0.361625
0.368429
0.374512
0.0251522
0.0447011
0.0561883
0.0644912
0.0712215
0.0770514
0.082326
0.0872495
0.0919557
0.09654
0.101075
0.105618
0.110219
0.114918
0.119753
0.124755
0.129954
0.135376
0.141043
0.146976
0.153193
0.159709
0.166535
0.173683
0.181158
0.188963
0.197096
0.205551
0.214317
0.223375
0.232703
0.242266
0.252025
0.261932
0.271929
0.281953
0.291931
0.301785
0.311435
0.320796
0.329786
0.338325
0.346339
0.353761
0.360529
0.366595
0.0248611
0.043934
0.0551663
0.0632734
0.0698327
0.0755036
0.080625
0.0853973
0.0899522
0.0943836
0.0987632
0.103148
0.107588
0.112123
0.11679
0.121621
0.126646
0.13189
0.137376
0.143125
0.149154
0.155478
0.16211
0.16906
0.176334
0.183935
0.191864
0.200114
0.208675
0.21753
0.226657
0.236023
0.245591
0.255314
0.265134
0.27499
0.28481
0.294518
0.304034
0.313274
0.322157
0.330605
0.338545
0.345908
0.352636
0.358682
0.0245688
0.043174
0.0541646
0.0620887
0.068489
0.0740123
0.0789913
0.0836226
0.0880356
0.0923228
0.096555
0.100789
0.105074
0.10945
0.113954
0.118618
0.123472
0.12854
0.133847
0.139413
0.145255
0.151388
0.157826
0.164579
0.171654
0.179055
0.186782
0.194831
0.203192
0.21185
0.220783
0.229961
0.239346
0.248893
0.258548
0.268246
0.27792
0.287492
0.296884
0.306015
0.314803
0.323171
0.331046
0.338365
0.345068
0.351109
0.0242803
0.0424298
0.0531923
0.0609459
0.0671988
0.0725856
0.0774327
0.0819331
0.0862137
0.0903658
0.0944593
0.0985506
0.102688
0.106911
0.111259
0.115762
0.12045
0.125348
0.130481
0.135868
0.141528
0.147476
0.153726
0.160288
0.167171
0.174379
0.181914
0.189771
0.197944
0.206418
0.215172
0.224179
0.2334
0.242793
0.252302
0.261866
0.271417
0.280879
0.290173
0.29922
0.30794
0.316256
0.324099
0.331405
0.338117
0.344192
0.0240003
0.0417095
0.0522578
0.059853
0.0659696
0.0712306
0.0759559
0.0803351
0.0844929
0.0885191
0.0924825
0.0964393
0.100437
0.104517
0.108715
0.113064
0.117593
0.122329
0.127295
0.132511
0.137997
0.143768
0.149839
0.156221
0.162923
0.169951
0.177307
0.184989
0.192992
0.201301
0.209899
0.218758
0.227842
0.237108
0.246504
0.255967
0.26543
0.274818
0.284053
0.293057
0.301751
0.310061
0.317919
0.325262
0.332039
0.338206
0.0237332
0.0410206
0.051369
0.0588175
0.0648085
0.0699535
0.0745666
0.078834
0.0828781
0.0867872
0.0906295
0.0944605
0.0983274
0.102271
0.106329
0.110533
0.114912
0.119494
0.124302
0.129357
0.134679
0.140285
0.146188
0.152403
0.158938
0.165802
0.172997
0.180524
0.188378
0.196548
0.205016
0.213757
0.222736
0.231912
0.241232
0.250635
0.260053
0.269414
0.27864
0.287652
0.296375
0.304736
0.31267
0.320119
0.327031
0.333368
0.0234826
0.04037
0.0505331
0.0578462
0.0637215
0.0687598
0.0732697
0.077434
0.081373
0.0851737
0.0889033
0.092617
0.0963617
0.100179
0.104104
0.108172
0.112411
0.116849
0.121509
0.126414
0.131584
0.137036
0.142786
0.148848
0.155234
0.161951
0.169006
0.1764
0.184131
0.192189
0.200558
0.209214
0.218126
0.22725
0.236537
0.245926
0.25535
0.264735
0.274006
0.283086
0.291901
0.300381
0.308463
0.316094
0.323228
0.329826
0.0232519
0.039764
0.0497566
0.0569453
0.0627143
0.0676545
0.0720694
0.0761385
0.0799804
0.0836805
0.0873056
0.0909102
0.0945411
0.0982396
0.102042
0.105983
0.110091
0.114395
0.118918
0.123685
0.128714
0.134027
0.139638
0.145564
0.151817
0.158408
0.165345
0.17263
0.180264
0.188238
0.19654
0.205147
0.214029
0.223144
0.232443
0.241866
0.251346
0.260812
0.270187
0.279396
0.288369
0.297038
0.305346
0.313244
0.320689
0.327649
0.0230443
0.0392083
0.0490456
0.0561204
0.0617918
0.0666419
0.0709692
0.0749505
0.0787023
0.0823092
0.085837
0.08934
0.092865
0.0964531
0.100142
0.103964
0.107951
0.11213
0.116528
0.121167
0.12607
0.131256
0.136744
0.14255
0.148689
0.155173
0.162013
0.169213
0.176776
0.184697
0.192964
0.201556
0.210446
0.219593
0.228948
0.238452
0.24804
0.25764
0.267176
0.276577
0.285772
0.294702
0.303311
0.311557
0.319405
0.326828
0.0228622
0.0387082
0.0484054
0.0553765
0.0609586
0.0657257
0.0699721
0.0738719
0.07754
0.08106
0.0844972
0.0879055
0.0913315
0.0948168
0.0983987
0.102111
0.105986
0.110051
0.114333
0.118856
0.123644
0.128718
0.134096
0.139799
0.145841
0.152238
0.159002
0.166141
0.173658
0.181553
0.189815
0.198426
0.207359
0.216577
0.22603
0.23566
0.245403
0.255186
0.264937
0.274585
0.284064
0.293317
0.302297
0.310968
0.319304
0.327283
0.0227079
0.0382682
0.0478407
0.0547181
0.0602186
0.0649092
0.0690805
0.0729044
0.0764943
0.0799329
0.0832851
0.0866045
0.089938
0.093327
0.0968094
0.10042
0.10419
0.10815
0.112326
0.116744
0.121429
0.126402
0.131685
0.137299
0.143261
0.149588
0.156296
0.163395
0.170891
0.178784
0.187069
0.195729
0.204739
0.214061
0.223649
0.233446
0.243384
0.253396
0.263407
0.273351
0.283164
0.292796
0.302206
0.311367
0.320262
0.328879
0.0225834
0.0378923
0.0473557
0.0541489
0.059575
0.064195
0.0682964
0.072049
0.0755653
0.0789272
0.082199
0.0854346
0.0886807
0.0919792
0.0953684
0.0988833
0.102557
0.106418
0.110497
0.11482
0.119412
0.124296
0.129496
0.135034
0.140931
0.147205
0.153874
0.160952
0.168447
0.176362
0.184694
0.193429
0.202543
0.212001
0.221756
0.231751
0.241921
0.252196
0.262506
0.272784
0.282972
0.293025
0.30291
0.312611
0.32212
0.331436
0.0224901
0.0375838
0.0469538
0.0536722
0.0590305
0.0635853
0.0676211
0.0713065
0.0747528
0.0780415
0.0812369
0.0843926
0.0875556
0.0907682
0.0940692
0.0974942
0.101077
0.104848
0.108837
0.113072
0.11758
0.122385
0.127513
0.132988
0.138832
0.145067
0.151712
0.158785
0.166296
0.174253
0.182652
0.191483
0.200725
0.210342
0.220289
0.230509
0.240938
0.251505
0.262142
0.272783
0.283374
0.293877
0.304267
0.314538
0.324695
0.334749
0.0224292
0.0373454
0.0466376
0.0532905
0.0585875
0.0630816
0.0670556
0.0706768
0.074056
0.0772743
0.080396
0.0834748
0.0865581
0.0896885
0.0929052
0.0962448
0.0997414
0.103427
0.107333
0.111487
0.115918
0.120653
0.125718
0.131139
0.136941
0.143148
0.149783
0.156864
0.164406
0.172418
0.180901
0.189846
0.199232
0.209028
0.219186
0.229652
0.240359
0.251238
0.26222
0.273241
0.284252
0.295219
0.306126
0.316979
0.327797
0.338602
0.0224014
0.0371791
0.0464094
0.0530057
0.0582472
0.0626849
0.0666003
0.0701597
0.0734738
0.0766237
0.0796736
0.0826776
0.0856834
0.088734
0.0918694
0.0951269
0.0985414
0.102146
0.105973
0.110052
0.114412
0.119083
0.124092
0.129467
0.135236
0.141424
0.148058
0.155157
0.162741
0.17082
0.179399
0.18847
0.198014
0.208001
0.218384
0.229108
0.240106
0.251309
0.262646
0.274056
0.285491
0.296922
0.308343
0.319771
0.331237
0.342778
0.0224073
0.0370862
0.0462703
0.0528189
0.0580107
0.0623957
0.0662549
0.0697543
0.0730047
0.0760873
0.0790665
0.0819968
0.0849264
0.0878988
0.0909547
0.0941322
0.0974672
0.100994
0.104745
0.108753
0.113047
0.117658
0.122617
0.127952
0.133693
0.13987
0.146508
0.153634
0.161267
0.169421
0.178103
0.187308
0.197018
0.207204
0.21782
0.22881
0.240106
0.251637
0.263332
0.275129
0.286983
0.298867
0.310783
0.322758
0.334837
0.347072
0.0224469
0.0370675
0.046221
0.0527306
0.0578782
0.0622139
0.0660188
0.0694594
0.0726468
0.0756624
0.0785712
0.0814282
0.084282
0.0871769
0.0901542
0.0932527
0.0965096
0.09996
0.103638
0.107576
0.111807
0.116362
0.121274
0.126573
0.132291
0.138459
0.145108
0.152264
0.15995
0.168183
0.176973
0.186315
0.196195
0.206584
0.217436
0.228693
0.240288
0.252146
0.264196
0.276372
0.28863
0.300946
0.313326
0.325805
0.338442
0.3513
0.0225201
0.0371228
0.0462615
0.0527409
0.0578493
0.0621386
0.0658908
0.0692733
0.0723976
0.0753461
0.0781842
0.0809674
0.0837451
0.0865622
0.0894607
0.0924805
0.0956595
0.0990341
0.102639
0.10651
0.110678
0.115179
0.120045
0.12531
0.131007
0.137169
0.143829
0.151017
0.158758
0.167072
0.175969
0.185449
0.195499
0.20609
0.217176
0.2287
0.24059
0.25277
0.265165
0.277708
0.29035
0.303068
0.31587
0.328798
0.341919
0.355308
0.0226265
0.0372516
0.0463912
0.0528488
0.057923
0.0621685
0.0658692
0.0691936
0.0722545
0.075135
0.0779014
0.0806099
0.0833105
0.0860488
0.0888677
0.0918079
0.0949084
0.0982066
0.101739
0.105541
0.109648
0.114094
0.118914
0.124145
0.129821
0.135977
0.142648
0.149867
0.157661
0.166053
0.175056
0.184672
0.194888
0.205676
0.216992
0.228776
0.240955
0.253448
0.266176
0.279068
0.29207
0.305157
0.318334
0.331646
0.345165
0.358977
0.0227657
0.0374529
0.0466088
0.0530532
0.0580977
0.0623018
0.0659516
0.0692177
0.0722143
0.0750256
0.0777189
0.0803512
0.082973
0.0856309
0.0883686
0.0912277
0.0942481
0.0974685
0.100926
0.104659
0.108702
0.113092
0.117866
0.123061
0.128714
0.134862
0.141542
0.148788
0.156632
0.165098
0.174201
0.183946
0.194322
0.205301
0.216839
0.228875
0.241332
0.254128
0.267176
0.280398
0.293735
0.307154
0.320657
0.334284
0.34811
0.362225
0.022937
0.0377253
0.0469127
0.0533521
0.0583714
0.0625358
0.0661352
0.0693424
0.0722734
0.075014
0.0776324
0.0801864
0.0827275
0.085303
0.0879573
0.090733
0.0936711
0.0968114
0.100193
0.103853
0.10783
0.112162
0.116886
0.122042
0.127668
0.133804
0.140488
0.147758
0.155645
0.164178
0.173375
0.18324
0.193767
0.204927
0.216677
0.228954
0.241679
0.254764
0.268117
0.281651
0.295299
0.309016
0.322796
0.336673
0.350715
0.365014
0.0231397
0.0380667
0.0473009
0.0537433
0.0587414
0.0628677
0.0664166
0.069564
0.072428
0.0750959
0.0776372
0.0801108
0.0825688
0.0850594
0.0876278
0.0903175
0.0931704
0.0962275
0.0995287
0.103114
0.107021
0.111291
0.115961
0.121074
0.126669
0.132787
0.139469
0.146755
0.154678
0.16327
0.172549
0.182526
0.193191
0.204521
0.216471
0.228976
0.241957
0.255318
0.268961
0.282791
0.296726
0.310712
0.324728
0.338794
0.352971
0.367343
0.023373
0.0384752
0.0477708
0.0542239
0.0592044
0.0632939
0.066792
0.0698783
0.0726735
0.0752667
0.0777288
0.0801195
0.082492
0.084895
0.0873746
0.0899751
0.0927395
0.0957098
0.0989272
0.102432
0.106266
0.110468
0.115081
0.120144
0.125701
0.131795
0.138468
0.145761
0.153711
0.16235
0.171701
0.181775
0.192567
0.204052
0.216188
0.228909
0.24213
0.255754
0.269674
0.283784
0.29799
0.312222
0.32644
0.340649
0.354892
0.369243
0.0236364
0.0389486
0.04832
0.054791
0.0597571
0.0638105
0.0672571
0.0702808
0.0730053
0.0755216
0.0779021
0.0802076
0.0824918
0.0848044
0.0871922
0.0897003
0.0923726
0.0952521
0.0983813
0.101802
0.105556
0.109686
0.114233
0.119241
0.124753
0.130815
0.137469
0.144759
0.152724
0.161399
0.170809
0.180967
0.191869
0.203495
0.215801
0.228721
0.24217
0.256044
0.270228
0.284606
0.29907
0.31353
0.327929
0.342248
0.35651
0.370771
0.0239292
0.0394847
0.0489455
0.055441
0.0603953
0.0644128
0.067807
0.0707665
0.0734182
0.0758555
0.0781521
0.0803698
0.0825633
0.0847827
0.0870757
0.0894879
0.0920642
0.0948487
0.0978848
0.101216
0.104885
0.108935
0.11341
0.118355
0.123814
0.129833
0.136458
0.143734
0.151703
0.1604
0.169853
0.180079
0.191076
0.202825
0.215284
0.228388
0.242049
0.256158
0.270596
0.285232
0.299945
0.314627
0.329196
0.343609
0.357865
0.371996
0.0242513
0.0400813
0.0496447
0.0561705
0.0611148
0.0650963
0.0684367
0.0713301
0.0739069
0.076263
0.0784734
0.0806011
0.0827013
0.084825
0.0870201
0.0893332
0.0918096
0.0944946
0.0974326
0.100668
0.104246
0.108209
0.112605
0.117477
0.122873
0.12884
0.135425
0.142675
0.150632
0.159337
0.168818
0.179094
0.190167
0.202021
0.214614
0.227884
0.24174
0.256072
0.270752
0.28564
0.300599
0.315501
0.330242
0.34475
0.358996
0.372987
0.0246024
0.0407366
0.0504147
0.0569756
0.0619111
0.0658558
0.0691407
0.0719659
0.0744658
0.0767384
0.0788606
0.0808962
0.082901
0.0849265
0.087021
0.0892316
0.0916044
0.0941854
0.0970201
0.100154
0.103633
0.107503
0.11181
0.116601
0.121924
0.127827
0.134359
0.141569
0.149501
0.158196
0.167687
0.177995
0.189125
0.201063
0.213771
0.227187
0.241222
0.255762
0.270672
0.285806
0.301011
0.316139
0.331062
0.345681
0.359936
0.373805
0.0249827
0.0414492
0.0512527
0.0578525
0.0627794
0.0666859
0.0699133
0.0726682
0.075089
0.0772762
0.0793083
0.0812498
0.0831574
0.0850826
0.087074
0.0891792
0.0914447
0.0939173
0.0966434
0.0996698
0.103043
0.106811
0.11102
0.11572
0.120958
0.126785
0.133251
0.140406
0.148296
0.156965
0.166448
0.176768
0.187934
0.199934
0.212735
0.226276
0.240469
0.255202
0.270333
0.285707
0.301158
0.316523
0.331647
0.346404
0.360704
0.374491
0.0253925
0.0422177
0.0521561
0.0587974
0.0637151
0.0675813
0.0707488
0.0734309
0.0757705
0.0778705
0.0798108
0.0816569
0.0834656
0.0852887
0.087175
0.0891721
0.0913271
0.0936871
0.0962996
0.0992121
0.102473
0.10613
0.110232
0.114829
0.119971
0.12571
0.132095
0.139179
0.147011
0.155635
0.16509
0.175401
0.186579
0.198619
0.211488
0.225131
0.239461
0.254364
0.269701
0.285309
0.301012
0.316629
0.331983
0.346916
0.361303
0.375058
0.0258323
0.0430412
0.0531226
0.0598065
0.0647131
0.0685364
0.0716412
0.0742482
0.0765044
0.0785156
0.0803628
0.0821123
0.083821
0.0855407
0.0873202
0.0892071
0.0912486
0.0934922
0.095986
0.0987786
0.101919
0.105457
0.109442
0.113925
0.118959
0.124594
0.130885
0.137881
0.145636
0.154194
0.163597
0.173874
0.18504
0.197091
0.210002
0.22372
0.238162
0.253216
0.268744
0.284579
0.300537
0.316422
0.332036
0.347194
0.361734
0.375532
0.0263028
0.0439192
0.0541498
0.060876
0.0657689
0.0695458
0.0725847
0.0751139
0.0772849
0.0792057
0.0809588
0.0826108
0.0842189
0.0858344
0.087506
0.089281
0.0912065
0.0933303
0.095701
0.0983677
0.10138
0.10479
0.108649
0.113006
0.117917
0.123434
0.129611
0.136502
0.144158
0.152629
0.161957
0.172174
0.1833
0.195336
0.20826
0.222023
0.23655
0.251733
0.267433
0.283484
0.299695
0.31586
0.331763
0.347193
0.361955
0.375887
0.0268049
0.0448511
0.0552358
0.0620027
0.066878
0.0706044
0.0735738
0.0760225
0.0781062
0.0799354
0.0815936
0.0831478
0.0846549
0.0861659
0.087729
0.0893909
0.0911986
0.0931997
0.0954431
0.0979785
0.100856
0.104129
0.107849
0.112068
0.116842
0.122224
0.12827
0.135035
0.142572
0.150932
0.16016
0.170291
0.181349
0.193339
0.206245
0.220024
0.234606
0.249888
0.265737
0.281987
0.298445
0.314897
0.331113
0.346859
0.361912
0.37607
0.0273399
0.0458371
0.056379
0.0631834
0.068036
0.0717071
0.0746031
0.0769683
0.0789628
0.0806994
0.0822623
0.0837186
0.085125
0.0865317
0.0879862
0.0895345
0.0912231
0.0930991
0.0952112
0.0976095
0.100345
0.103472
0.107042
0.11111
0.115732
0.120963
0.12686
0.133478
0.140874
0.149099
0.1582
0.168218
0.179177
0.191089
0.203944
0.217705
0.232308
0.247658
0.263627
0.280053
0.296745
0.313482
0.330027
0.346126
0.36153
0.376004
0.0279095
0.0468778
0.0575784
0.0644155
0.0692393
0.0728493
0.0756675
0.0779462
0.0798497
0.0814927
0.0829601
0.084319
0.0856252
0.0869283
0.0882747
0.0897094
0.0912779
0.0930268
0.0950045
0.097261
0.0998483
0.10282
0.10623
0.110134
0.114589
0.119652
0.12538
0.131831
0.139061
0.147126
0.156074
0.165947
0.176777
0.188578
0.201345
0.215051
0.229639
0.24502
0.261075
0.277648
0.29455
0.311563
0.328441
0.344919
0.360726
0.375595
0.0285163
0.0479745
0.0588338
0.0656971
0.0704844
0.074027
0.0767625
0.0789514
0.080762
0.0823106
0.0836827
0.0849447
0.0861518
0.0873524
0.0885917
0.0899134
0.0913619
0.0929827
0.0948236
0.0969344
0.0993671
0.102175
0.105415
0.109143
0.113415
0.118292
0.123832
0.130093
0.137135
0.145012
0.153778
0.163476
0.174143
0.185797
0.19844
0.212051
0.226582
0.241953
0.258054
0.274737
0.29182
0.309087
0.32629
0.343159
0.359403
0.374732
0.0291637
0.0491296
0.0601455
0.0670269
0.0717688
0.0752363
0.0778838
0.0799794
0.0816952
0.0831488
0.0844258
0.0855921
0.0867016
0.0878014
0.0889351
0.0901451
0.0914743
0.0929669
0.0946695
0.0966315
0.0989045
0.101543
0.104602
0.10814
0.112217
0.11689
0.122221
0.12827
0.135097
0.14276
0.151313
0.160804
0.171271
0.18274
0.195219
0.208693
0.223123
0.238439
0.25454
0.271289
0.288513
0.306001
0.32351
0.340763
0.357462
0.373297
0.0298564
0.0503466
0.0615153
0.0684041
0.0730899
0.0764742
0.0790276
0.0810262
0.0826453
0.0840035
0.085186
0.0862578
0.0872715
0.0882727
0.0893031
0.0904035
0.0916148
0.0929798
0.0945437
0.0963548
0.0984642
0.100926
0.103796
0.107134
0.110998
0.115451
0.120553
0.126366
0.132953
0.140372
0.14868
0.157929
0.168161
0.179405
0.191676
0.204968
0.219249
0.23446
0.250511
0.267276
0.284592
0.302258
0.320037
0.337654
0.354805
0.371167
0.0306004
0.0516305
0.0629455
0.0698289
0.0744465
0.0777378
0.0801906
0.0820883
0.0836087
0.0848711
0.08596
0.086939
0.0878592
0.0887643
0.0896942
0.0906875
0.0917833
0.0930223
0.094448
0.0961073
0.0980501
0.10033
0.103004
0.10613
0.109769
0.113983
0.118836
0.12439
0.130709
0.137855
0.145886
0.154857
0.164813
0.175791
0.187809
0.200869
0.21495
0.230003
0.245948
0.262671
0.280023
0.297815
0.315815
0.333757
0.351337
0.368225
0.0314039
0.0529882
0.0644403
0.0713025
0.0758374
0.0790251
0.08137
0.0831624
0.0845823
0.0857486
0.0867448
0.087633
0.0884623
0.0892744
0.0901071
0.0909967
0.09198
0.0930955
0.0943847
0.0958924
0.0976673
0.0997619
0.102232
0.105137
0.108538
0.112498
0.117081
0.122353
0.128378
0.135219
0.142938
0.151593
0.161233
0.171898
0.183615
0.196393
0.210219
0.225055
0.240833
0.257453
0.274778
0.292631
0.310795
0.329009
0.346974
0.36436
0.0322775
0.0544292
0.0660052
0.0728268
0.0772623
0.080334
0.0825633
0.0842459
0.0855631
0.0866333
0.0875381
0.0883377
0.0890791
0.0898017
0.090541
0.0913308
0.0922054
0.0932008
0.0943561
0.0957139
0.0973208
0.0992279
0.10149
0.104166
0.107318
0.111008
0.115303
0.120268
0.125971
0.132477
0.139849
0.148148
0.157428
0.167734
0.179098
0.191538
0.20505
0.219606
0.235152
0.251601
0.268828
0.286673
0.30493
0.32335
0.341642
0.359478
0.033235
0.0559662
0.0676482
0.0744048
0.0787212
0.0816633
0.0837681
0.0853362
0.0865489
0.0875229
0.0883378
0.0890514
0.0897082
0.0903452
0.0909953
0.0916898
0.0924602
0.09334
0.0943652
0.095576
0.0970165
0.0987358
0.100787
0.103228
0.106121
0.109528
0.113517
0.118154
0.123508
0.129646
0.136634
0.144536
0.15341
0.163306
0.174263
0.186305
0.19944
0.21365
0.228893
0.245095
0.26215
0.279908
0.29818
0.31673
0.335277
0.353498
0.0342941
0.0576166
0.0693793
0.0760406
0.0802147
0.0830117
0.0849828
0.0864314
0.0875376
0.0884157
0.0891425
0.0897728
0.0903487
0.0909044
0.09147
0.0920742
0.0927457
0.0935149
0.094415
0.095483
0.0967604
0.0982934
0.100133
0.102336
0.104962
0.108075
0.111742
0.116029
0.121008
0.126747
0.133315
0.140778
0.149198
0.15863
0.169121
0.180702
0.19339
0.20718
0.222043
0.23792
0.254718
0.272306
0.290509
0.309104
0.327823
0.34635
0.0354775
0.0594036
0.0712116
0.0777394
0.0817439
0.0843785
0.0862058
0.0875298
0.0885278
0.0893104
0.0899511
0.0905014
0.0910003
0.0914792
0.0919655
0.0924849
0.0930633
0.0937279
0.0945088
0.0954397
0.0965587
0.0979091
0.0995392
0.101503
0.103858
0.106668
0.109999
0.113919
0.118499
0.123809
0.129919
0.1369
0.144816
0.153728
0.163689
0.17474
0.186906
0.200197
0.214595
0.230057
0.246508
0.263833
0.281874
0.300424
0.319224
0.337971
0.0368148
0.061359
0.0731612
0.0795074
0.08331
0.0857629
0.0874358
0.08863
0.0895182
0.0902063
0.0907633
0.0912371
0.0916633
0.0920704
0.0924828
0.0929234
0.0934149
0.0939816
0.0946501
0.0954506
0.0964177
0.097591
0.0990155
0.100742
0.102826
0.105328
0.108314
0.11185
0.116009
0.120861
0.126479
0.132934
0.140295
0.148629
0.157993
0.168439
0.180002
0.192703
0.206542
0.221491
0.237493
0.254453
0.272229
0.290632
0.309419
0.328293
0.0383449
0.0635256
0.075247
0.081351
0.0849141
0.0871641
0.0886714
0.089731
0.0905084
0.0911032
0.0915793
0.0919805
0.0923387
0.0926792
0.0930235
0.0933915
0.0938029
0.0942788
0.0948425
0.0955206
0.0963437
0.0973476
0.098573
0.100067
0.101882
0.104075
0.10671
0.109852
0.113572
0.117942
0.123034
0.128922
0.135678
0.143372
0.15207
0.16183
0.172699
0.184712
0.197885
0.212208
0.227645
0.244121
0.261516
0.27966
0.298326
0.317229
0.0401201
0.0659566
0.0774894
0.0832756
0.0865566
0.0885807
0.0899113
0.0908319
0.091498
0.0920014
0.0924001
0.0927329
0.0930281
0.0933075
0.0935897
0.0938916
0.09423
0.0946229
0.0950901
0.0956545
0.0963429
0.0971866
0.0982222
0.0994918
0.101043
0.102931
0.105214
0.107956
0.111225
0.115092
0.11963
0.124912
0.131014
0.138009
0.145967
0.154956
0.165034
0.176249
0.188634
0.202201
0.216936
0.232788
0.249663
0.267415
0.285835
0.304655
0.0422132
0.068712
0.0799059
0.0852853
0.0882361
0.0900103
0.0911534
0.0919315
0.0924869
0.0929018
0.0932271
0.0934964
0.0937339
0.0939581
0.0941843
0.0944268
0.0946995
0.0950172
0.0953967
0.095857
0.0964211
0.0971157
0.0979725
0.0990289
0.100328
0.101918
0.103854
0.106195
0.109008
0.112358
0.116319
0.120964
0.126366
0.132604
0.139751
0.147881
0.157062
0.167358
0.178817
0.191476
0.205345
0.220403
0.236586
0.253777
0.271796
0.290393
0.0447361
0.0718511
0.082513
0.0873808
0.0899478
0.0914479
0.0923943
0.0930283
0.0934752
0.0938056
0.0940624
0.0942736
0.0944591
0.094634
0.0948106
0.0950005
0.0952148
0.0954656
0.0957663
0.0961327
0.0965836
0.0971414
0.0978328
0.0986896
0.099749
0.101054
0.102654
0.104602
0.106959
0.109788
0.113158
0.11714
0.121806
0.127235
0.133502
0.140685
0.148862
0.158107
0.168488
0.180063
0.19287
0.206922
0.222193
0.238604
0.256011
0.274195
0.0478805
0.0754257
0.0853278
0.0895554
0.0916811
0.092885
0.0936289
0.0941202
0.0944629
0.0947143
0.0949085
0.0950677
0.0952073
0.095339
0.0954724
0.0956164
0.0957797
0.0959716
0.0962027
0.0964856
0.0968352
0.0972694
0.0978102
0.0984836
0.0993206
0.100358
0.101637
0.103206
0.105118
0.10743
0.110206
0.113511
0.117415
0.121993
0.12732
0.133476
0.140542
0.148602
0.157738
0.168029
0.179543
0.192329
0.206404
0.221738
0.238237
0.255728
0.0519083
0.0795926
0.0883569
0.0917871
0.0934151
0.0943076
0.0948494
0.0952039
0.0954499
0.0956298
0.0957686
0.0958824
0.0959825
0.0960772
0.0961737
0.0962784
0.0963978
0.0965388
0.0967095
0.0969193
0.0971796
0.0975043
0.0979103
0.0984182
0.0990527
0.0998432
0.100824
0.102035
0.10352
0.105331
0.107521
0.11015
0.113281
0.116981
0.121323
0.126383
0.132241
0.138986
0.146707
0.1555
0.165456
0.176661
0.189179
0.203037
0.218205
0.234578
0.0572578
0.0844886
0.0915613
0.0940237
0.095114
0.0956952
0.0960457
0.0962757
0.0964362
0.0965543
0.096646
0.0967217
0.0967887
0.0968527
0.0969183
0.0969902
0.0970726
0.0971705
0.0972896
0.0974365
0.0976196
0.0978489
0.0981368
0.0984984
0.0989522
0.0995204
0.100229
0.10111
0.102197
0.103532
0.105159
0.107128
0.109491
0.112308
0.115641
0.119558
0.124134
0.12945
0.135598
0.142676
0.150793
0.160058
0.170576
0.182435
0.195679
0.210292
0.0646058
0.0902039
0.0948067
0.0961663
0.0967242
0.0970215
0.0972064
0.0973321
0.0974225
0.0974906
0.0975445
0.0975896
0.0976302
0.0976694
0.0977101
0.097755
0.0978069
0.097869
0.0979449
0.098039
0.0981567
0.0983046
0.0984911
0.0987261
0.0990224
0.099395
0.0998622
0.100446
0.101171
0.102067
0.103167
0.104508
0.106132
0.108083
0.11041
0.113169
0.116419
0.12023
0.124678
0.129853
0.135858
0.14281
0.150832
0.160053
0.170584
0.182503
0.0754109
0.0964775
0.0977615
0.0980577
0.0981788
0.0982595
0.0983225
0.0983723
0.0984115
0.0984427
0.0984684
0.0984905
0.0985108
0.0985308
0.0985519
0.0985754
0.0986029
0.0986359
0.0986766
0.0987272
0.0987907
0.0988709
0.0989723
0.0991006
0.0992629
0.0994679
0.0997261
0.10005
0.100455
0.100959
0.101581
0.102345
0.103277
0.104405
0.105763
0.107385
0.109312
0.111589
0.11427
0.117417
0.121104
0.12542
0.13047
0.136374
0.143259
0.151255
0.0943013
0.10092
0.0997746
0.0995043
0.0994139
0.0993921
0.0993931
0.0994003
0.0994083
0.0994158
0.0994224
0.0994284
0.0994342
0.09944
0.0994463
0.0994535
0.0994619
0.0994721
0.0994848
0.0995006
0.0995206
0.0995459
0.099578
0.0996187
0.0996704
0.0997359
0.0998187
0.0999231
0.100054
0.100218
0.100421
0.100673
0.100982
0.101359
0.101816
0.102366
0.103023
0.103806
0.104732
0.105824
0.107109
0.108619
0.110391
0.112471
0.114911
0.117768
0.0778713
0.0626613
0.0611156
0.0609094
0.0811871
0.0815765
0.0830983
0.0887043
0.110936
0.106163
0.107367
0.110334
0.157295
0.166957
0.147842
0.129132
0.134704
0.132928
0.134382
0.13866
0.147183
0.183749
0.181811
0.173991
0.152794
0.152292
0.153617
0.157089
0.161704
0.168075
0.180826
0.190075
0.167216
0.1673
0.168273
0.170408
0.173606
0.177291
0.181063
0.185482
0.179124
0.179642
0.180459
0.181732
0.183495
0.185598
0.187832
0.189978
0.189003
0.189911
0.190818
0.191787
0.192851
0.193978
0.19508
0.196006
0.197025
0.198253
0.199344
0.200317
0.201183
0.201936
0.202538
0.202917
0.203196
0.20466
0.205925
0.206996
0.207881
0.208585
0.209096
0.209373
0.20734
0.208979
0.210396
0.211586
0.212565
0.213357
0.213959
0.214328
0.209667
0.211314
0.212792
0.214068
0.215147
0.216053
0.216772
0.217248
0.210808
0.212417
0.213842
0.215159
0.216434
0.217502
0.218108
0.218444
0.211657
0.212945
0.214234
0.215513
0.216917
0.218433
0.218724
0.218813
0.266824
0.264875
0.262387
0.258915
0.252648
0.23746
0.221959
0.21993
0.306987
0.305922
0.304527
0.302478
0.299115
0.293841
0.288023
0.283986
0.334688
0.334507
0.334163
0.333514
0.332334
0.330404
0.327852
0.325194
0.355418
0.355839
0.356094
0.356122
0.355833
0.355141
0.354042
0.352652
0.371339
0.372204
0.372883
0.373347
0.373553
0.373466
0.373075
0.372412
0.383675
0.384878
0.385883
0.386672
0.387222
0.387515
0.387545
0.387324
0.39311
0.394579
0.39584
0.396882
0.39769
0.398253
0.398568
0.398641
0.400037
0.40172
0.40319
0.404435
0.405446
0.406215
0.40674
0.407026
0.404691
0.406553
0.408197
0.409613
0.410792
0.411729
0.412422
0.412877
0.407222
0.409238
0.411033
0.412598
0.413924
0.415007
0.415847
0.41645
0.407745
0.409895
0.411823
0.413521
0.414981
0.416201
0.417178
0.417921
0.406385
0.408647
0.410691
0.412508
0.414093
0.415442
0.416555
0.417439
0.403309
0.405664
0.407804
0.409725
0.41142
0.412889
0.414131
0.415154
0.398717
0.401143
0.403363
0.405371
0.407164
0.408741
0.410106
0.411264
0.392846
0.395324
0.397605
0.399684
0.401562
0.403238
0.404717
0.406004
0.385973
0.388486
0.390811
0.392947
0.394896
0.39666
0.398244
0.399653
0.378411
0.380944
0.3833
0.385482
0.387491
0.389332
0.391012
0.392536
0.370498
0.373043
0.375423
0.377642
0.379704
0.381616
0.383384
0.385016
0.362588
0.365144
0.367547
0.369803
0.371918
0.373899
0.375753
0.377489
0.355032
0.357609
0.360045
0.362346
0.364521
0.366577
0.368522
0.370365
0.348162
0.35078
0.353269
0.355635
0.357888
0.360036
0.362086
0.364047
0.342268
0.34496
0.347533
0.349997
0.352358
0.354626
0.356807
0.358907
0.337584
0.340392
0.343093
0.345695
0.348207
0.350634
0.352983
0.355256
0.334268
0.337242
0.340123
0.342916
0.345629
0.348265
0.350828
0.353318
0.332397
0.335593
0.338709
0.34175
0.34472
0.347622
0.350452
0.353209
0.331964
0.335436
0.338845
0.342192
0.345478
0.3487
0.351853
0.354929
0.332883
0.336685
0.340439
0.344145
0.347801
0.351397
0.354924
0.358367
0.33501
0.339185
0.343329
0.34744
0.35151
0.355525
0.35947
0.363322
0.33815
0.34273
0.347298
0.351847
0.356365
0.360833
0.365226
0.369518
0.342079
0.347083
0.352094
0.357101
0.362086
0.367024
0.371886
0.376636
0.346559
0.35199
0.357447
0.362915
0.36837
0.373784
0.379117
0.38433
0.351349
0.357195
0.363084
0.368999
0.374912
0.380786
0.38658
0.392246
0.356221
0.362452
0.368743
0.375072
0.38141
0.387715
0.39394
0.400032
0.360968
0.367538
0.374181
0.380876
0.387588
0.394274
0.400882
0.407356
0.365413
0.372261
0.379192
0.386185
0.393203
0.400202
0.407126
0.413916
0.36942
0.376472
0.383614
0.390823
0.398064
0.405289
0.412443
0.419463
0.372897
0.380073
0.387339
0.394672
0.402038
0.40939
0.416672
0.423822
0.375801
0.383019
0.390319
0.39768
0.40507
0.412442
0.419741
0.426905
0.378139
0.38532
0.392568
0.399864
0.407176
0.414463
0.421668
0.428731
0.379956
0.387032
0.394153
0.401302
0.408449
0.415554
0.422565
0.429422
0.381329
0.388249
0.395185
0.402123
0.409035
0.415884
0.42262
0.429185
0.382356
0.389087
0.395801
0.402486
0.409118
0.415661
0.42207
0.428287
0.383133
0.389664
0.396142
0.402557
0.408888
0.415104
0.421162
0.427009
0.383748
0.390086
0.396335
0.402486
0.408521
0.414414
0.420125
0.425608
0.384266
0.390438
0.396483
0.402394
0.408158
0.413751
0.419141
0.424285
0.38472
0.390769
0.396652
0.402365
0.407898
0.413229
0.418334
0.423177
0.385146
0.391124
0.396895
0.402456
0.407799
0.412911
0.417774
0.42236
0.385533
0.391495
0.39721
0.402677
0.407888
0.412836
0.417507
0.421883
0.385833
0.391836
0.397558
0.402992
0.408134
0.412976
0.417509
0.421721
0.38597
0.392076
0.397867
0.403335
0.408473
0.413272
0.417727
0.42183
0.385845
0.392112
0.398037
0.403608
0.408812
0.41364
0.418085
0.42214
0.385339
0.391821
0.397942
0.403682
0.409025
0.413958
0.41847
0.422554
0.384318
0.391062
0.397432
0.403405
0.408958
0.414073
0.418735
0.422933
0.382643
0.389681
0.396345
0.402604
0.40843
0.4138
0.418692
0.423093
0.380173
0.387526
0.394513
0.401097
0.407246
0.412931
0.418127
0.422814
0.376776
0.384448
0.39177
0.398703
0.405208
0.411253
0.416809
0.421851
0.372336
0.380317
0.387971
0.395256
0.402131
0.408562
0.414514
0.419959
0.366755
0.375021
0.382988
0.390614
0.397856
0.404676
0.411039
0.416913
0.35995
0.368468
0.37672
0.384662
0.392252
0.39945
0.406219
0.412525
0.35185
0.360581
0.369081
0.377308
0.385217
0.392768
0.399924
0.40665
0.342384
0.351286
0.359995
0.368468
0.376662
0.384537
0.392053
0.399176
0.33146
0.34049
0.349368
0.358051
0.366496
0.374663
0.382512
0.390008
0.31895
0.328063
0.337068
0.345923
0.354587
0.363018
0.371176
0.379026
0.30466
0.313805
0.32289
0.331878
0.340727
0.349396
0.357845
0.366037
0.288309
0.297412
0.306516
0.315584
0.324577
0.333454
0.342177
0.350706
0.269497
0.278446
0.287468
0.296531
0.305599
0.314634
0.323599
0.332456
0.247692
0.256298
0.265064
0.273966
0.282974
0.292056
0.301181
0.310316
0.222245
0.230188
0.238386
0.246828
0.255499
0.26438
0.273454
0.282699
0.192498
0.199244
0.206325
0.21375
0.221527
0.229664
0.238169
0.247052
0.158132
0.162856
0.167915
0.173339
0.179166
0.185435
0.192198
0.199515
0.120241
0.121954
0.123811
0.125835
0.128056
0.130512
0.133253
0.136348
0.0938654
0.135877
0.150048
0.167931
0.194572
0.227653
0.263326
0.29993
0.337904
0.377882
0.418637
0.457004
0.490654
0.519534
0.545696
0.572943
0.603007
0.631822
0.653835
0.666822
0.671903
0.671449
0.666391
0.656396
0.641636
0.620706
0.593271
0.565415
0.543766
0.523395
0.496857
0.468838
0.444778
0.422335
0.395031
0.347569
0.269556
0.171187
0.122966
0.152641
0.166666
0.185924
0.213559
0.246094
0.278876
0.31015
0.340417
0.371491
0.404069
0.435254
0.461642
0.480667
0.490645
0.494256
0.508084
0.531727
0.55377
0.569101
0.577825
0.58271
0.585844
0.583142
0.579343
0.571549
0.554002
0.533213
0.526439
0.526317
0.508678
0.477869
0.450406
0.422176
0.388132
0.332492
0.247673
0.174389
0.163284
0.176657
0.184466
0.197238
0.215008
0.235987
0.25743
0.275553
0.287476
0.29242
0.298458
0.308655
0.318471
0.3182
0.291775
0.200371
0.163789
0.158584
0.157237
0.155928
0.15401
0.15173
0.149966
0.149242
0.149072
0.150642
0.153478
0.155464
0.165899
0.286675
0.405983
0.422121
0.428664
0.415467
0.387393
0.330378
0.234556
0.176221
0.19405
0.190476
0.18501
0.1795
0.173804
0.178015
0.199261
0.209081
0.203909
0.172423
0.160967
0.15906
0.158726
0.158329
0.157085
0.15565
0.153707
0.152566
0.151663
0.150736
0.149703
0.148642
0.147719
0.147027
0.146553
0.14629
0.146113
0.146084
0.146705
0.148842
0.149121
0.161526
0.291008
0.353191
0.369005
0.338591
0.237896
0.177994
0.191518
0.191198
0.18339
0.174039
0.16754
0.166746
0.167944
0.168263
0.166511
0.161793
0.158803
0.157682
0.157303
0.156982
0.15623
0.155069
0.153842
0.152797
0.151842
0.150888
0.149902
0.148919
0.148002
0.147197
0.146525
0.145979
0.145563
0.145319
0.145306
0.145487
0.145834
0.146915
0.14861
0.162786
0.270488
0.326396
0.25471
0.17972
0.192675
0.190902
0.183323
0.174773
0.169698
0.167844
0.167904
0.167863
0.166515
0.16399
0.161739
0.160458
0.159818
0.159311
0.158578
0.157536
0.156356
0.155191
0.154049
0.152901
0.151745
0.150614
0.149551
0.148586
0.147741
0.147024
0.146452
0.146028
0.145753
0.145617
0.145678
0.146097
0.147051
0.149452
0.154637
0.238992
0.273648
0.181249
0.196935
0.194498
0.18873
0.181913
0.176888
0.174216
0.173145
0.17237
0.171064
0.169186
0.167342
0.165965
0.164968
0.164075
0.163065
0.16186
0.160513
0.159098
0.15765
0.156187
0.154739
0.153347
0.152051
0.150881
0.149856
0.14901
0.148351
0.147855
0.147482
0.147211
0.147066
0.14714
0.147646
0.149204
0.153587
0.168188
0.262448
0.183512
0.203008
0.200809
0.196475
0.191275
0.186793
0.183654
0.181628
0.180053
0.178423
0.176615
0.174816
0.173201
0.171754
0.170351
0.168876
0.167273
0.165555
0.163757
0.161915
0.16007
0.15827
0.156566
0.155008
0.153632
0.152465
0.151533
0.150849
0.150382
0.150085
0.149913
0.149818
0.149786
0.149994
0.15116
0.155364
0.170179
0.211527
0.181021
0.209369
0.207743
0.20459
0.200614
0.196756
0.193566
0.19105
0.188898
0.186829
0.184736
0.182662
0.180661
0.178718
0.176774
0.174776
0.172697
0.17054
0.168323
0.166079
0.16386
0.161725
0.15974
0.157965
0.156451
0.155238
0.154351
0.153785
0.153504
0.153436
0.1535
0.153611
0.153719
0.153947
0.154982
0.159314
0.174941
0.229225
0.183974
0.214496
0.213433
0.211205
0.208199
0.204999
0.202034
0.199379
0.196896
0.194453
0.192005
0.189568
0.187155
0.184745
0.182306
0.179822
0.177295
0.174732
0.172145
0.169562
0.167036
0.164637
0.162444
0.16054
0.158998
0.157886
0.15725
0.157063
0.15722
0.157611
0.158102
0.158558
0.158891
0.159206
0.160258
0.164721
0.18013
0.221348
0.188407
0.217601
0.217009
0.215488
0.213247
0.210648
0.20801
0.205413
0.202794
0.200114
0.197384
0.194638
0.191887
0.189114
0.186296
0.183433
0.180552
0.17768
0.174827
0.172008
0.169266
0.166682
0.164355
0.162394
0.160915
0.160051
0.159921
0.160499
0.16156
0.162794
0.163954
0.164873
0.165446
0.16577
0.166599
0.170441
0.183156
0.209413
0.18221
0.21879
0.218529
0.217466
0.21575
0.213589
0.211219
0.208737
0.206117
0.203355
0.200482
0.197556
0.194612
0.191649
0.188642
0.185565
0.182449
0.17937
0.176366
0.173427
0.17055
0.16782
0.165389
0.163381
0.161959
0.161366
0.161887
0.163556
0.166104
0.168933
0.171294
0.17275
0.173414
0.173462
0.173561
0.175723
0.183824
0.197106
0.171784
0.219059
0.218914
0.217986
0.216487
0.214486
0.212236
0.209893
0.20738
0.204662
0.201737
0.198715
0.195689
0.192681
0.189642
0.186484
0.183222
0.180024
0.176969
0.174022
0.171121
0.168332
0.16586
0.163823
0.162448
0.162178
0.163459
0.166271
0.17033
0.175309
0.179603
0.181973
0.182457
0.18173
0.180407
0.179852
0.182204
0.184629
0.160791
0.22004
0.219635
0.218487
0.21695
0.21492
0.212796
0.210529
0.20804
0.205343
0.202234
0.199157
0.196186
0.193264
0.190402
0.187587
0.184789
0.182032
0.179463
0.177265
0.175458
0.173133
0.17045
0.16753
0.164731
0.163451
0.164507
0.169522
0.175653
0.182554
0.187774
0.190941
0.19131
0.189422
0.18612
0.182212
0.178803
0.173658
0.151251
0.279942
0.276742
0.273327
0.26956
0.263801
0.248886
0.232977
0.229797
0.235111
0.244241
0.247044
0.24698
0.247179
0.248157
0.249768
0.251818
0.254122
0.256421
0.258355
0.259393
0.258776
0.255983
0.250825
0.242713
0.232135
0.219948
0.183488
0.180848
0.191382
0.19608
0.197814
0.197395
0.194516
0.189243
0.18198
0.173546
0.164123
0.143231
0.321266
0.317663
0.314013
0.309891
0.304919
0.298025
0.291003
0.287143
0.286256
0.286772
0.286886
0.287102
0.288068
0.289878
0.292303
0.295016
0.297701
0.300064
0.30178
0.30241
0.301361
0.298105
0.292356
0.283705
0.27209
0.257381
0.245379
0.24692
0.205191
0.202862
0.200774
0.198004
0.194452
0.187912
0.177907
0.165625
0.154921
0.135965
0.350103
0.347007
0.343737
0.340073
0.335963
0.331301
0.326629
0.323029
0.320806
0.319641
0.319172
0.319464
0.320627
0.322584
0.325067
0.32772
0.330201
0.332212
0.333452
0.333521
0.331877
0.32797
0.321437
0.312013
0.299755
0.285035
0.270098
0.26231
0.259087
0.199734
0.196435
0.191113
0.187344
0.180512
0.168703
0.154365
0.14545
0.12737
0.370957
0.368669
0.366009
0.362974
0.359629
0.356042
0.352483
0.349475
0.347367
0.346213
0.345947
0.346554
0.348007
0.350168
0.352769
0.355467
0.357921
0.359832
0.360895
0.360706
0.358703
0.354266
0.346892
0.336238
0.322176
0.3047
0.28426
0.267408
0.246924
0.187929
0.182871
0.177126
0.173091
0.166681
0.154308
0.141114
0.136019
0.112833
0.386591
0.384997
0.382915
0.380463
0.377764
0.374939
0.372197
0.369875
0.368277
0.367552
0.367726
0.368778
0.370642
0.373165
0.376092
0.379099
0.381852
0.384036
0.385314
0.385235
0.383183
0.378434
0.370315
0.358273
0.341879
0.320718
0.295689
0.273241
0.25269
0.181896
0.162886
0.159059
0.154837
0.148772
0.137573
0.128617
0.126039
0.098052
0.398402
0.397344
0.395738
0.393764
0.39158
0.389337
0.387229
0.385514
0.384449
0.384201
0.384838
0.386355
0.388682
0.391669
0.395077
0.3986
0.401901
0.404631
0.406393
0.406664
0.404749
0.399823
0.391062
0.377737
0.359266
0.335314
0.307603
0.283022
0.266053
0.218586
0.145326
0.142558
0.138167
0.13203
0.123408
0.118053
0.114623
0.0859908
0.407145
0.406501
0.405275
0.403676
0.401887
0.400081
0.398446
0.397206
0.396583
0.396748
0.397793
0.399733
0.402514
0.405997
0.40996
0.414102
0.418072
0.42147
0.42382
0.424511
0.42276
0.417662
0.408304
0.393892
0.373901
0.348403
0.319608
0.294097
0.276505
0.24218
0.13452
0.130688
0.12679
0.121332
0.115425
0.11195
0.109852
0.0846136
0.413278
0.41297
0.412055
0.410756
0.409273
0.407791
0.4065
0.405607
0.405317
0.405804
0.407176
0.409477
0.412671
0.416639
0.421169
0.425958
0.430626
0.434708
0.437639
0.438711
0.437062
0.431734
0.421796
0.406511
0.385567
0.359533
0.330836
0.305415
0.28762
0.265774
0.185679
0.124346
0.120265
0.115993
0.11156
0.10954
0.110516
0.0852647
0.417098
0.417085
0.416445
0.415407
0.414175
0.412943
0.411906
0.411263
0.411217
0.411943
0.413573
0.416174
0.419737
0.424161
0.429244
0.434674
0.440027
0.444768
0.448236
0.449625
0.448005
0.442393
0.431905
0.415945
0.394488
0.368519
0.34068
0.315857
0.2979
0.280563
0.235343
0.128544
0.116105
0.11304
0.108997
0.106287
0.107905
0.0853942
0.418806
0.419082
0.418712
0.417923
0.416923
0.415909
0.415077
0.414629
0.414767
0.415679
0.417517
0.420377
0.424277
0.429139
0.434766
0.44083
0.446861
0.452247
0.456227
0.4579
0.456275
0.45037
0.439379
0.4229
0.401203
0.375593
0.348761
0.324597
0.306174
0.289586
0.259081
0.198688
0.115176
0.111219
0.109144
0.10535
0.104931
0.0860327
0.418565
0.419144
0.419061
0.418538
0.417779
0.416982
0.416345
0.416072
0.416372
0.417447
0.419474
0.422578
0.426809
0.432113
0.438298
0.445019
0.451757
0.457818
0.46234
0.464328
0.46273
0.45657
0.445141
0.428237
0.406402
0.381165
0.355113
0.331373
0.312116
0.294716
0.269373
0.225046
0.162882
0.112351
0.11191
0.108706
0.107934
0.0884162
0.416532
0.417436
0.417671
0.417446
0.41696
0.416406
0.415982
0.415895
0.416364
0.417609
0.419832
0.423194
0.427779
0.433559
0.440353
0.447799
0.455327
0.462159
0.467328
0.469738
0.46827
0.461948
0.450155
0.432869
0.410868
0.385833
0.360204
0.336482
0.316086
0.296924
0.272376
0.234066
0.179719
0.121197
0.110518
0.110225
0.116407
0.092827
0.412886
0.414142
0.414727
0.41484
0.414667
0.414396
0.41422
0.414351
0.415018
0.41646
0.41891
0.422568
0.427558
0.433884
0.441382
0.449673
0.458139
0.465913
0.471917
0.47494
0.473779
0.467439
0.455372
0.437717
0.415457
0.390403
0.36487
0.340913
0.31947
0.298643
0.273582
0.238385
0.189726
0.133796
0.108544
0.108874
0.12616
0.0978364
0.407868
0.409478
0.41044
0.410925
0.411107
0.411161
0.411276
0.411665
0.412569
0.414249
0.416974
0.420986
0.426456
0.43343
0.441767
0.45108
0.460699
0.469667
0.476779
0.480689
0.480086
0.473924
0.461699
0.443695
0.421098
0.395874
0.370311
0.346319
0.324571
0.303467
0.279588
0.249145
0.20863
0.141508
0.108343
0.110073
0.135833
0.104015
0.40175
0.403703
0.40506
0.405943
0.40651
0.406924
0.407367
0.408053
0.409234
0.411198
0.41425
0.418684
0.424728
0.432482
0.441836
0.452401
0.463458
0.473948
0.482523
0.487676
0.487949
0.482213
0.469984
0.451688
0.428752
0.403383
0.378037
0.354763
0.333993
0.314381
0.292836
0.264011
0.21644
0.124747
0.10459
0.112435
0.146032
0.111222
0.394854
0.397146
0.398888
0.400175
0.401142
0.401936
0.402731
0.40374
0.405229
0.407512
0.410941
0.41587
0.422596
0.431283
0.441868
0.453967
0.46681
0.479225
0.489696
0.496517
0.498042
0.493022
0.480976
0.462499
0.439337
0.414121
0.389886
0.368584
0.350723
0.334792
0.316181
0.282901
0.196607
0.10168
0.100688
0.114754
0.156289
0.119987
0.387544
0.390159
0.392264
0.393947
0.39531
0.396485
0.397634
0.398972
0.400779
0.403403
0.407247
0.412738
0.420257
0.43005
0.442112
0.456072
0.471106
0.485911
0.498772
0.507739
0.510931
0.506939
0.49528
0.476771
0.453654
0.429534
0.407646
0.390267
0.377877
0.367717
0.350959
0.298665
0.113822
0.0977123
0.0994503
0.116605
0.165465
0.128671
0.380219
0.383138
0.385579
0.387634
0.389368
0.390897
0.392377
0.394023
0.396133
0.399093
0.403371
0.409479
0.417902
0.428985
0.442796
0.458982
0.476657
0.494362
0.510143
0.521758
0.527037
0.524376
0.513292
0.494918
0.472656
0.450681
0.432866
0.421604
0.415972
0.407338
0.369843
0.174346
0.0984451
0.0963753
0.0996563
0.120423
0.181401
0.137218
0.373297
0.37651
0.379266
0.381647
0.383705
0.385539
0.387297
0.389198
0.391564
0.394829
0.399536
0.406301
0.415733
0.428296
0.444146
0.462948
0.483736
0.504868
0.524102
0.53885
0.546606
0.545533
0.535147
0.517435
0.496738
0.478229
0.466248
0.461682
0.456971
0.422593
0.226414
0.100441
0.0966718
0.0959311
0.0997502
0.120911
0.187922
0.142793
0.367194
0.370702
0.373751
0.376413
0.378735
0.380803
0.382759
0.384835
0.387379
0.390886
0.395991
0.403436
0.413975
0.428212
0.446399
0.468213
0.492587
0.517651
0.540829
0.559137
0.569692
0.570402
0.560967
0.544334
0.526009
0.512349
0.506829
0.503622
0.472063
0.275081
0.102583
0.0968622
0.0954441
0.0954271
0.099484
0.12193
0.184737
0.143243
0.3623
0.366118
0.36945
0.372349
0.37487
0.377088
0.379144
0.381287
0.383907
0.38757
0.393023
0.401158
0.412896
0.429002
0.449826
0.475037
0.503431
0.532865
0.560387
0.582581
0.596177
0.598837
0.590642
0.575523
0.560616
0.553033
0.550825
0.524128
0.325757
0.103843
0.0966931
0.0949677
0.0945122
0.0950269
0.0992982
0.119807
0.167577
0.142914
0.358944
0.363109
0.36673
0.369836
0.372493
0.374771
0.376818
0.378911
0.381491
0.385214
0.39096
0.399792
0.412829
0.431004
0.454753
0.483711
0.516487
0.550624
0.582754
0.609019
0.625794
0.630556
0.623953
0.611243
0.601814
0.601369
0.585978
0.400949
0.104275
0.0967612
0.0944715
0.093768
0.0939122
0.0953522
0.107498
0.179179
0.15995
0.14315
0.357367
0.361939
0.365874
0.369175
0.371916
0.37417
0.376105
0.378033
0.380468
0.384169
0.390168
0.399729
0.414187
0.434642
0.461594
0.494593
0.532015
0.571041
0.607863
0.638186
0.658094
0.665036
0.660595
0.652545
0.653432
0.658173
0.554246
0.104822
0.0977107
0.0945461
0.0932839
0.0930895
0.093922
0.103265
0.2234
0.336137
0.163287
0.143922
0.357695
0.362751
0.367044
0.37055
0.373339
0.375504
0.377241
0.37892
0.38114
0.384783
0.391054
0.401431
0.417481
0.440456
0.470874
0.508146
0.550357
0.594292
0.635676
0.66974
0.692287
0.70109
0.698989
0.699623
0.719238
0.714007
0.110153
0.100193
0.0956492
0.0935068
0.0927328
0.0931367
0.0979248
0.20555
0.457955
0.530034
0.167838
0.144322
0.359934
0.36556
0.370266
0.373998
0.376824
0.378858
0.380344
0.381731
0.383732
0.387377
0.394051
0.405446
0.42334
0.449105
0.48324
0.524951
0.571979
0.620672
0.666233
0.703269
0.726997
0.735705
0.731827
0.740904
0.803344
0.123088
0.104429
0.0979698
0.0946775
0.0931686
0.0931
0.095693
0.167781
0.45582
0.68422
0.680656
0.172928
0.143995
0.363968
0.37025
0.375428
0.379417
0.382283
0.384161
0.385382
0.386507
0.388387
0.392214
0.399566
0.412335
0.432413
0.461287
0.499406
0.545687
0.597468
0.650611
0.699689
0.738342
0.760221
0.762494
0.742919
0.765174
0.192003
0.110782
0.101869
0.0970355
0.0945427
0.0938886
0.0957423
0.135477
0.401254
0.693979
0.852697
0.775297
0.180206
0.142969
0.369582
0.376597
0.382304
0.386582
0.389489
0.391218
0.392217
0.39318
0.395126
0.39944
0.407892
0.422513
0.445231
0.477622
0.520053
0.571048
0.62747
0.684624
0.736297
0.774714
0.790614
0.776718
0.72558
0.602278
0.121603
0.108201
0.101412
0.0973232
0.0956574
0.0971436
0.122032
0.368857
0.668184
0.900012
0.984437
0.833015
0.21307
0.141357
0.376487
0.3843
0.390584
0.395184
0.398148
0.399764
0.400606
0.401545
0.403791
0.408956
0.419036
0.436083
0.461982
0.498477
0.545727
0.601649
0.662617
0.723291
0.776599
0.813264
0.821341
0.788466
0.718627
0.352267
0.121381
0.108549
0.102441
0.0992768
0.0999687
0.129955
0.374898
0.648319
0.887936
1.08338
1.10922
0.894114
0.288112
0.140163
0.384343
0.393002
0.399905
0.404855
0.407918
0.409457
0.410198
0.411214
0.413979
0.420379
0.432627
0.45277
0.482817
0.52421
0.576605
0.637882
0.703414
0.767269
0.821635
0.856351
0.859031
0.819025
0.739303
0.478913
0.165641
0.117197
0.109169
0.108
0.253763
0.47509
0.68059
0.884921
1.09267
1.265
1.25892
0.976613
0.384091
0.148969
0.392786
0.402319
0.40987
0.415201
0.41839
0.419866
0.42051
0.421671
0.425122
0.433073
0.447995
0.472096
0.507271
0.55421
0.612623
0.67954
0.749913
0.816957
0.872542
0.906531
0.907807
0.870828
0.792407
0.631853
0.453321
0.227582
0.249504
0.452883
0.611239
0.760668
0.91868
1.09481
1.28583
1.44463
1.45366
1.13592
0.529219
0.212638
0.401436
0.411851
0.420066
0.425786
0.429074
0.430476
0.431026
0.432323
0.436481
0.446109
0.464041
0.492809
0.533839
0.587358
0.652274
0.72529
0.800941
0.871598
0.929338
0.964851
0.968979
0.9388
0.87258
0.763067
0.710845
0.680367
0.690449
0.750158
0.840793
0.955946
1.09505
1.26399
1.44614
1.59891
1.62916
1.38255
0.847505
0.322243
0.409919
0.421191
0.430061
0.436152
0.439519
0.440815
0.441212
0.442519
0.447197
0.458309
0.479171
0.512626
0.56006
0.620943
0.692823
0.772282
0.853073
0.928089
0.98928
1.02878
1.0394
1.01888
0.969456
0.900146
0.863566
0.856385
0.872377
0.914338
0.983335
1.08213
1.21453
1.38238
1.56459
1.71739
1.76061
1.57377
1.11762
0.458566
0.417869
0.429943
0.439439
0.44589
0.449327
0.450447
0.450551
0.451601
0.45637
0.468386
0.49153
0.529113
0.582667
0.650827
0.729934
0.815122
0.900769
0.979917
1.04579
1.09131
1.11098
1.10256
1.06913
1.02331
0.992854
0.983921
0.992208
1.02287
1.07983
1.16978
1.29946
1.46578
1.64825
1.80481
1.85966
1.71172
1.30498
0.590544
0.424953
0.437729
0.447789
0.454571
0.458035
0.458907
0.458514
0.458928
0.463154
0.47512
0.499296
0.539607
0.597808
0.672146
0.757523
0.847468
0.936039
1.0183
1.0885
1.14136
1.17175
1.17697
1.15887
1.12686
1.09797
1.08204
1.08214
1.10132
1.14751
1.22988
1.35462
1.51908
1.70499
1.86869
1.9362
1.81551
1.44155
0.702302
0.430885
0.444212
0.454726
0.461758
0.465182
0.465684
0.464562
0.463907
0.466826
0.477508
0.500951
0.541794
0.602234
0.680099
0.768946
0.860993
0.950177
1.03286
1.1061
1.1661
1.20778
1.22742
1.22459
1.20476
1.17909
1.1578
1.14796
1.15606
1.19115
1.2641
1.38352
1.54868
1.74046
1.91367
1.99409
1.89349
1.54369
0.79551
0.435458
0.449129
0.459927
0.467089
0.470365
0.470319
0.468203
0.466021
0.466823
0.47485
0.495453
0.53398
0.593264
0.670829
0.758807
0.848284
0.933715
1.01393
1.08845
1.15475
1.20752
1.24148
1.25377
1.24655
1.22721
1.205
1.18884
1.18803
1.21384
1.2793
1.39525
1.5624
1.76114
1.94438
2.03554
1.94698
1.61594
0.876928
0.438564
0.452331
0.463196
0.470309
0.473257
0.472456
0.469039
0.464861
0.462741
0.46672
0.48218
0.514986
0.568641
0.640735
0.72247
0.804023
0.880758
0.954838
1.02918
1.10172
1.1656
1.21341
1.24059
1.24684
1.23689
1.21869
1.20182
1.19739
1.21876
1.28093
1.39649
1.56724
1.77313
1.96515
2.06246
1.97545
1.65524
0.950571
0.440211
0.453799
0.464469
0.471287
0.473697
0.471886
0.466819
0.460153
0.454326
0.452829
0.46056
0.483246
0.524335
0.582595
0.652148
0.722386
0.788851
0.856257
0.930607
1.00977
1.08488
1.14655
1.18854
1.20898
1.21092
1.20115
1.18926
1.18745
1.21047
1.2746
1.39333
1.56881
1.78054
1.97771
2.07687
1.98708
1.67266
0.994739
0.440537
0.453676
0.463874
0.47013
0.471743
0.468614
0.461516
0.451904
0.441525
0.432869
0.429419
0.434847
0.448493
0.472313
0.527937
0.591618
0.655545
0.724951
0.805236
0.893626
0.980027
1.05435
1.11003
1.1446
1.15995
1.16189
1.15977
1.16621
1.19659
1.26745
1.39204
1.57193
1.78596
1.98239
2.08042
1.98905
1.66891
1.00193
0.439786
0.452251
0.461736
0.467176
0.467727
0.462989
0.45354
0.440493
0.424583
0.406717
0.386852
0.362018
0.315233
0.202303
0.221753
0.34144
0.465895
0.572648
0.673988
0.776087
0.873006
0.957349
1.02408
1.07112
1.09975
1.11503
1.12587
1.14477
1.1868
1.26759
1.39891
1.58088
1.79173
1.98045
2.07172
1.97771
1.64738
0.991192
0.438277
0.449919
0.458532
0.462987
0.462279
0.455751
0.443661
0.426685
0.404609
0.376015
0.336204
0.269557
0.125657
0.0771879
0.0768736
0.0976606
0.245388
0.423668
0.56007
0.677647
0.78271
0.873506
0.947931
1.00493
1.04568
1.07471
1.10044
1.13459
1.19081
1.28248
1.41896
1.59861
1.79953
1.9731
2.04968
1.94715
1.60887
0.972136
0.43635
0.447117
0.454818
0.458257
0.45625
0.447892
0.432981
0.41182
0.384086
0.346525
0.290653
0.148272
0.0723547
0.0700993
0.0702624
0.0734197
0.0905985
0.319739
0.47632
0.604047
0.715086
0.810624
0.890969
0.956377
1.00847
1.05174
1.09396
1.14519
1.21622
1.31708
1.45444
1.62546
1.80901
1.95989
2.01428
1.89796
1.55361
0.941278
0.434314
0.444245
0.451114
0.453677
0.450576
0.440601
0.422818
0.397852
0.365704
0.320351
0.251254
0.0774494
0.0680236
0.0675129
0.0677105
0.0684943
0.072655
0.208456
0.405758
0.548043
0.667022
0.768582
0.8554
0.929457
0.993562
1.05255
1.1131
1.18222
1.26641
1.37197
1.50366
1.65858
1.81729
1.93851
1.96448
1.82991
1.47399
0.891159
0.432409
0.441601
0.447803
0.449765
0.445983
0.434899
0.415076
0.387279
0.351238
0.299298
0.211828
0.0702485
0.066791
0.0663985
0.066545
0.0671655
0.0693451
0.0988474
0.345522
0.507855
0.636701
0.745616
0.840018
0.923978
1.00198
1.07908
1.15966
1.24585
1.33901
1.44251
1.56081
1.69223
1.81948
1.90503
1.89624
1.73021
1.35966
0.81429
0.430785
0.439355
0.445081
0.446769
0.442858
0.431521
0.410852
0.381261
0.342941
0.287938
0.190934
0.0690929
0.0666213
0.0661442
0.0662555
0.0669396
0.0682047
0.0752915
0.314406
0.487747
0.624288
0.739799
0.841909
0.937052
1.03137
1.12912
1.23023
1.33026
1.42591
1.5195
1.617
1.71867
1.80895
1.85258
1.79811
1.58657
1.21449
0.73925
0.429515
0.437559
0.442959
0.44465
0.44114
0.430512
0.410396
0.38046
0.341731
0.288003
0.198345
0.069686
0.0670742
0.0665502
0.0666232
0.0673574
0.0685283
0.0725368
0.310712
0.489884
0.629698
0.748529
0.856951
0.964151
1.07704
1.19702
1.31665
1.42474
1.51511
1.59131
1.66199
1.72912
1.77643
1.77084
1.66618
1.4197
1.12511
0.670861
0.428633
0.436185
0.441332
0.443164
0.440392
0.431231
0.413164
0.385031
0.347904
0.298301
0.225971
0.0750947
0.0681061
0.0674021
0.0674984
0.068352
0.0699751
0.0776839
0.34149
0.515211
0.649901
0.766826
0.879667
0.999694
1.13285
1.27413
1.4072
1.5159
1.59369
1.64652
1.68526
1.7121
1.71221
1.6555
1.50675
1.28872
1.10122
0.610735
0.428138
0.435227
0.440071
0.44202
0.440042
0.432711
0.418088
0.393938
0.360323
0.31651
0.254843
0.122054
0.0710882
0.0685676
0.0687597
0.0703625
0.0755017
0.144033
0.401979
0.554406
0.675387
0.786686
0.903766
1.03831
1.19205
1.35024
1.48864
1.58974
1.64896
1.67486
1.67877
1.66286
1.61517
1.51628
1.37332
1.244
1.14033
0.57392
0.42799
0.434652
0.439133
0.441019
0.439614
0.433886
0.42252
0.403974
0.37679
0.340472
0.292428
0.223996
0.109563
0.0706609
0.0702556
0.0736116
0.11882
0.301603
0.467655
0.58861
0.693656
0.800341
0.924053
1.07354
1.24249
1.4093
1.54779
1.63921
1.67943
1.67735
1.64454
1.58566
1.502
1.40274
1.31783
1.26038
1.19981
0.532941
0.428139
0.434442
0.438519
0.440136
0.438897
0.434196
0.425172
0.410992
0.390817
0.364008
0.329814
0.285554
0.230149
0.166339
0.129648
0.163425
0.275422
0.394069
0.50431
0.601722
0.695896
0.801758
0.933483
1.09546
1.27533
1.44779
1.58526
1.66806
1.69086
1.66138
1.59236
1.50724
1.42136
1.35684
1.32094
1.31003
1.2395
0.475455
0.428512
0.434579
0.438282
0.439497
0.43804
0.433633
0.425902
0.41441
0.398914
0.379457
0.356148
0.329155
0.300295
0.276403
0.275089
0.30324
0.357766
0.431914
0.513628
0.595197
0.682928
0.790407
0.929663
1.10101
1.28849
1.4653
1.60325
1.68119
1.69094
1.63815
1.55298
1.46373
1.39349
1.35708
1.35519
1.35912
1.24411
0.433781
0.428992
0.435011
0.438469
0.439292
0.437412
0.432762
0.425285
0.414972
0.401974
0.386719
0.369877
0.352654
0.337186
0.327594
0.330423
0.34887
0.385542
0.439943
0.504228
0.574895
0.658593
0.767781
0.912084
1.08902
1.28131
1.4622
1.60331
1.68153
1.68536
1.62707
1.54038
1.45568
1.39887
1.3807
1.39194
1.38128
1.18666
0.404445
0.42941
0.435618
0.439058
0.439654
0.43738
0.432276
0.424467
0.414199
0.401899
0.388264
0.374293
0.361343
0.351118
0.345766
0.348302
0.36177
0.389639
0.431561
0.483768
0.54632
0.626491
0.735518
0.881017
1.05932
1.25359
1.43818
1.58478
1.66798
1.67718
1.62658
1.54578
1.46802
1.4185
1.40702
1.40862
1.34386
1.09313
0.376403
0.429541
0.436198
0.43991
0.440564
0.438126
0.432668
0.424397
0.413686
0.401118
0.38753
0.374027
0.361922
0.352603
0.347587
0.349014
0.359538
0.381307
0.414275
0.457503
0.513321
0.58919
0.695082
0.837309
1.01235
1.20507
1.39174
1.54495
1.63745
1.66159
1.62612
1.55595
1.4866
1.43977
1.41487
1.37749
1.26044
0.989065
0.348883
0.429121
0.436474
0.440759
0.441813
0.439561
0.43406
0.425529
0.414383
0.40126
0.387045
0.372858
0.359977
0.349727
0.343577
0.343278
0.350703
0.36717
0.393048
0.429025
0.478519
0.54864
0.64814
0.782614
0.949528
1.13617
1.32137
1.4793
1.58529
1.6284
1.6125
1.55832
1.4933
1.43622
1.3845
1.30822
1.15699
0.885847
0.323485
0.427871
0.436124
0.441251
0.443033
0.44134
0.436187
0.427764
0.416471
0.40294
0.388041
0.372872
0.358699
0.346864
0.3388
0.336011
0.339875
0.351365
0.371185
0.400783
0.443808
0.50663
0.596822
0.719596
0.873747
1.0493
1.22807
1.38657
1.50242
1.56211
1.5656
1.52664
1.46552
1.3979
1.32301
1.21851
1.04904
0.788609
0.299153
0.425527
0.434823
0.440995
0.443768
0.442957
0.438517
0.430588
0.419524
0.405909
0.390566
0.374545
0.359073
0.345472
0.335142
0.329447
0.329551
0.336348
0.350735
0.374377
0.410642
0.464935
0.543683
0.651786
0.789352
0.949179
1.11631
1.27036
1.39061
1.46273
1.48278
1.45802
1.40269
1.32956
1.23986
1.11837
0.941639
0.702537
0.271477
0.421864
0.432279
0.439623
0.443569
0.443871
0.440425
0.433304
0.4228
0.409434
0.393964
0.377369
0.360804
0.34556
0.332997
0.324408
0.320897
0.323374
0.332804
0.350775
0.380128
0.425232
0.491384
0.583082
0.701502
0.842026
0.99313
1.13772
1.25718
1.3367
1.36937
1.35747
1.31008
1.23703
1.14075
1.01104
0.839115
0.623101
0.241336
0.416706
0.428263
0.436839
0.442057
0.443615
0.441341
0.435241
0.425539
0.412687
0.397372
0.380502
0.363154
0.346581
0.332093
0.320942
0.314221
0.312857
0.317806
0.330441
0.353016
0.388905
0.442306
0.517163
0.615321
0.734351
0.86604
0.996761
1.11028
1.1921
1.23331
1.2324
1.19422
1.12572
1.02944
0.900293
0.740813
0.547423
0.210271
0.409925
0.422611
0.432434
0.438968
0.441854
0.440851
0.435896
0.427144
0.414988
0.400055
0.383182
0.365397
0.347894
0.331926
0.318707
0.309315
0.304673
0.30567
0.313436
0.329671
0.356871
0.398217
0.45696
0.535184
0.632069
0.742298
0.855666
0.958705
1.03798
1.08357
1.09128
1.06252
1.00161
0.910227
0.789866
0.645842
0.475352
0.179909
0.40142
0.415214
0.426281
0.434153
0.438408
0.438729
0.43498
0.427258
0.415912
0.401524
0.384886
0.366986
0.348951
0.331974
0.317218
0.305728
0.298396
0.296023
0.299506
0.310081
0.329513
0.360097
0.40434
0.464194
0.539818
0.628156
0.722112
0.811178
0.883666
0.92963
0.943177
0.923137
0.871532
0.789295
0.68192
0.555311
0.408039
0.151705
0.391079
0.405974
0.418301
0.427548
0.433223
0.43492
0.432415
0.425759
0.415278
0.401541
0.385324
0.367575
0.349358
0.331799
0.315998
0.302951
0.293496
0.288345
0.288198
0.293926
0.30672
0.328152
0.360021
0.403927
0.460454
0.528083
0.602259
0.675337
0.737834
0.780621
0.797094
0.784327
0.742529
0.672172
0.579581
0.471224
0.346927
0.126736
0.378728
0.394754
0.408407
0.419125
0.426332
0.429498
0.428289
0.422715
0.413116
0.400085
0.384411
0.367007
0.348881
0.331088
0.314657
0.300521
0.289456
0.282089
0.278968
0.280689
0.288021
0.301974
0.32375
0.354514
0.394904
0.444286
0.499943
0.556689
0.607368
0.64428
0.660971
0.65357
0.620989
0.563446
0.485925
0.395525
0.293098
0.105571
0.364051
0.381293
0.396416
0.408807
0.417779
0.422613
0.422809
0.418338
0.409608
0.397294
0.382218
0.365277
0.34743
0.329663
0.312928
0.298085
0.285846
0.276766
0.271278
0.269784
0.272753
0.280787
0.294623
0.315018
0.342477
0.376777
0.416378
0.457963
0.49649
0.525962
0.540706
0.536631
0.511857
0.46638
0.403251
0.329503
0.246976
0.0882887
0.346476
0.365078
0.381923
0.396348
0.407516
0.414417
0.416248
0.41294
0.405053
0.393428
0.378945
0.362512
0.345051
0.32748
0.310673
0.295418
0.282361
0.271994
0.264668
0.260654
0.260217
0.263679
0.271437
0.283923
0.301452
0.323942
0.350523
0.379151
0.406466
0.428111
0.439527
0.436938
0.418127
0.382713
0.332726
0.273574
0.208301
0.0745916
0.324998
0.345129
0.364064
0.381099
0.395231
0.404976
0.408903
0.406896
0.399839
0.388837
0.374897
0.358959
0.341917
0.324629
0.307899
0.292438
0.278834
0.267523
0.258798
0.252844
0.249795
0.249785
0.252982
0.259579
0.269717
0.283333
0.299909
0.318196
0.336033
0.350421
0.357948
0.355459
0.340759
0.313135
0.273952
0.227313
0.176305
0.0639811
0.297872
0.319601
0.341052
0.361543
0.379968
0.394144
0.401063
0.400624
0.394407
0.383953
0.370475
0.354972
0.338324
0.321339
0.304752
0.289214
0.275253
0.263261
0.253485
0.246057
0.241029
0.238417
0.238239
0.240522
0.245277
0.252411
0.261588
0.272034
0.282379
0.290631
0.294365
0.291129
0.278979
0.257038
0.226152
0.189532
0.150006
0.0557506
0.262078
0.28496
0.309128
0.334125
0.359152
0.381371
0.392982
0.394579
0.389238
0.379262
0.366158
0.351007
0.334687
0.317967
0.30153
0.285972
0.271774
0.259289
0.248732
0.240199
0.233693
0.22916
0.226521
0.225696
0.226597
0.229095
0.232937
0.237628
0.242303
0.245666
0.246054
0.241655
0.230881
0.212851
0.188057
0.159059
0.128413
0.049176
0.21248
0.234155
0.259692
0.289586
0.324985
0.3654
0.384756
0.389102
0.384754
0.375242
0.362457
0.347585
0.331515
0.314994
0.298673
0.283108
0.268745
0.255906
0.244783
0.23545
0.227879
0.221978
0.217611
0.214629
0.212874
0.212176
0.212308
0.212922
0.213455
0.213072
0.210657
0.204924
0.19465
0.179063
0.158462
0.134942
0.110852
0.0438958
0.142208
0.153489
0.169929
0.195649
0.243387
0.345475
0.376882
0.384592
0.381417
0.372435
0.359969
0.345331
0.329444
0.313057
0.296808
0.281236
0.266768
0.253707
0.242232
0.2324
0.224168
0.217417
0.211983
0.207672
0.204283
0.201605
0.199401
0.197373
0.195105
0.192014
0.187337
0.180171
0.169621
0.155101
0.136869
0.116725
0.0968388
0.0396418
)
;

boundaryField
{
    leftWall
    {
        type            kqRWallFunction;
        value           nonuniform List<scalar> 
100
(
0.00240369
0.00400669
0.00492401
0.00550109
0.00585806
0.00612342
0.0065111
0.00695369
0.00740052
0.00782251
0.00819937
0.00851978
0.00878078
0.00898789
0.00914711
0.009224
0.00918891
0.00882705
0.00839793
0.00917175
0.0173814
0.0248871
0.0257794
0.0249844
0.0242891
0.023876
0.0237951
0.0238334
0.0239706
0.024219
0.0245616
0.0249601
0.0253702
0.0257536
0.0260827
0.0263412
0.0265222
0.0266254
0.026655
0.0266175
0.0265208
0.0263733
0.0261832
0.0259587
0.0257073
0.0254363
0.0251522
0.0248611
0.0245688
0.0242803
0.0240003
0.0237332
0.0234826
0.0232519
0.0230443
0.0228622
0.0227079
0.0225834
0.0224901
0.0224292
0.0224014
0.0224073
0.0224469
0.0225201
0.0226265
0.0227657
0.022937
0.0231397
0.023373
0.0236364
0.0239292
0.0242513
0.0246024
0.0249827
0.0253925
0.0258323
0.0263028
0.0268049
0.0273399
0.0279095
0.0285163
0.0291637
0.0298564
0.0306004
0.0314039
0.0322775
0.033235
0.0342941
0.0354775
0.0368148
0.0383449
0.0401201
0.0422132
0.0447361
0.0478805
0.0519083
0.0572578
0.0646058
0.0754109
0.0943013
)
;
    }
    rightWall
    {
        type            kqRWallFunction;
        value           nonuniform List<scalar> 
100
(
0.0063448
0.0112964
0.0182116
0.0271913
0.0381322
0.0510025
0.0654951
0.0810337
0.096886
0.112294
0.126572
0.13916
0.149676
0.157945
0.164029
0.168235
0.171187
0.174389
0.176221
0.177994
0.17972
0.181249
0.183512
0.181021
0.183974
0.188407
0.18221
0.171784
0.160791
0.151251
0.143231
0.135965
0.12737
0.112833
0.098052
0.0859908
0.0846136
0.0852647
0.0853942
0.0860327
0.0884162
0.092827
0.0978364
0.104015
0.111222
0.119987
0.128671
0.137218
0.142793
0.143243
0.142914
0.14315
0.143922
0.144322
0.143995
0.142969
0.141357
0.140163
0.148969
0.212638
0.322243
0.458566
0.590544
0.702302
0.79551
0.876928
0.950571
0.994739
1.00193
0.991192
0.972136
0.941278
0.891159
0.81429
0.73925
0.670861
0.610735
0.57392
0.532941
0.475455
0.433781
0.404445
0.376403
0.348883
0.323485
0.299153
0.271477
0.241336
0.210271
0.179909
0.151705
0.126736
0.105571
0.0882887
0.0745916
0.0639811
0.0557506
0.049176
0.0438958
0.0396418
)
;
    }
    lowerWall
    {
        type            kqRWallFunction;
        value           nonuniform List<scalar> 
124
(
0.00240369
0.00425292
0.00633735
0.00836406
0.0100771
0.0115239
0.0127885
0.0140004
0.0150902
0.0160873
0.0170099
0.0178725
0.018686
0.0194581
0.0201941
0.0208971
0.0215687
0.0222089
0.0228167
0.0233902
0.0239268
0.024423
0.0248751
0.0252787
0.0256291
0.0259211
0.0261491
0.0263065
0.0263834
0.0263765
0.0263214
0.0261783
0.0259271
0.0255499
0.0250269
0.0243363
0.0234565
0.0223762
0.0211072
0.0196861
0.0182067
0.0169633
0.0158274
0.0143805
0.0129373
0.0100235
0.0100235
0.0178647
0.0225961
0.0269828
0.0313543
0.0359456
0.0401601
0.0439737
0.0473702
0.0502739
0.0531333
0.0561642
0.0592037
0.0625354
0.0665927
0.0734927
0.0778713
0.0626613
0.0611156
0.0609094
0.0811871
0.0815765
0.0830983
0.0887043
0.00899882
0.0199354
0.029966
0.0377017
0.0440708
0.0495187
0.0542836
0.058506
0.0622794
0.0656744
0.0687548
0.0715903
0.0742717
0.076923
0.0797478
0.0831957
0.00899882
0.0318627
0.0428141
0.0428189
0.0424918
0.0429437
0.0424689
0.0430539
0.0430815
0.0465942
0.0500039
0.053251
0.0562601
0.058995
0.0614474
0.0636425
0.0656336
0.067489
0.0692753
0.0710426
0.0728157
0.0745891
0.0762511
0.0777136
0.0788747
0.0796278
0.0798712
0.0795176
0.0785034
0.076789
0.074353
0.0711495
0.0670355
0.0617576
0.0548632
0.0467027
0.0258712
0.0063448
)
;
    }
    atmosphere
    {
        type            inletOutlet;
        inletValue      uniform 0.1;
        value           nonuniform List<scalar> 
92
(
0.1
0.1
0.1
0.1
0.1
0.1
0.1
0.1
0.1
0.1
0.1
0.1
0.1
0.1
0.1
0.1
0.1
0.1
0.1
0.1
0.1
0.1
0.1
0.1
0.1
0.1
0.1
0.1
0.1
0.1
0.1
0.1
0.1
0.1
0.1
0.1
0.1
0.1
0.1
0.1
0.1
0.1
0.1
0.1
0.1
0.1
0.1
0.1
0.1
0.1
0.1
0.1
0.1
0.1
0.1
0.1
0.1
0.1
0.1
0.345475
0.376882
0.384592
0.381417
0.372435
0.359969
0.345331
0.329444
0.313057
0.296808
0.281236
0.266768
0.253707
0.242232
0.2324
0.224168
0.217417
0.211983
0.207672
0.204283
0.201605
0.199401
0.197373
0.195105
0.192014
0.187337
0.180171
0.169621
0.155101
0.136869
0.116725
0.0968388
0.0396418
)
;
    }
    defaultFaces
    {
        type            empty;
    }
}


// ************************************************************************* //
