/*--------------------------------*- C++ -*----------------------------------*\
  =========                 |
  \\      /  F ield         | OpenFOAM: The Open Source CFD Toolbox
   \\    /   O peration     | Website:  https://openfoam.org
    \\  /    A nd           | Version:  7
     \\/     M anipulation  |
\*---------------------------------------------------------------------------*/
FoamFile
{
    version     2.0;
    format      ascii;
    class       volScalarField;
    location    "0.5";
    object      p;
}
// * * * * * * * * * * * * * * * * * * * * * * * * * * * * * * * * * * * * * //

dimensions      [1 -1 -2 0 0 0 0];

internalField   nonuniform List<scalar> 
9072
(
638.899
637.526
639.001
642.918
648.397
654.425
660.51
666.401
672.023
677.376
682.5
687.452
692.296
697.09
701.893
706.756
711.723
716.835
722.123
727.617
733.339
739.309
745.541
752.049
758.844
765.939
773.35
781.099
789.226
797.795
806.831
816.369
826.494
837.305
848.862
861.159
874.043
887.104
899.593
910.381
918.616
921.985
921.072
922.475
930.985
940.275
609.593
607.902
608.839
612.261
617.224
622.848
628.668
634.41
639.97
645.324
650.491
655.513
660.444
665.335
670.239
675.205
680.276
685.49
690.881
696.477
702.304
708.382
714.728
721.359
728.29
735.536
743.117
751.06
759.401
768.192
777.5
787.38
797.916
809.204
821.317
834.258
847.882
861.758
875.058
886.449
894.879
897.832
893.826
890.98
895.019
906.303
579.525
578.053
578.936
581.83
586.189
591.287
596.706
602.177
607.574
612.848
617.997
623.046
628.034
633.003
638.001
643.069
648.249
653.578
659.088
664.809
670.766
676.982
683.478
690.271
697.38
704.826
712.633
720.831
729.459
738.574
748.244
758.539
769.538
781.327
793.965
807.434
821.556
835.865
849.491
860.994
869.175
871.928
866.818
861.424
859.902
873.251
549.095
548.004
548.981
551.59
555.477
560.105
565.125
570.292
575.476
580.613
585.688
590.711
595.71
600.719
605.775
610.919
616.187
621.614
627.232
633.069
639.152
645.506
652.151
659.11
666.404
674.055
682.091
690.546
699.459
708.885
718.892
729.554
740.943
753.126
766.136
779.92
794.257
808.645
822.204
833.514
841.267
843.926
838.605
832.966
827.939
842.357
518.586
517.943
519.084
521.518
525.056
529.299
533.963
538.835
543.793
548.767
553.734
558.694
563.666
568.678
573.762
578.951
584.281
589.782
595.487
601.424
607.62
614.098
620.883
627.997
635.464
643.309
651.56
660.252
669.426
679.131
689.433
700.4
712.093
724.558
737.797
751.719
766.07
780.328
793.635
804.676
812.115
814.84
810.996
805.729
799.473
813.574
488.1
487.926
489.243
491.546
494.807
498.726
503.074
507.67
512.402
517.204
522.046
526.923
531.846
536.838
541.925
547.139
552.509
558.068
563.845
569.867
576.161
582.753
589.666
596.926
604.556
612.582
621.034
629.946
639.357
649.312
659.872
671.095
683.026
695.691
709.062
723.014
737.267
751.299
764.298
775.083
782.388
785.23
782.599
778.898
774.261
787.464
457.615
457.949
459.403
461.605
464.64
468.279
472.342
476.681
481.197
485.826
490.536
495.319
500.18
505.137
510.213
515.436
520.835
526.438
532.274
538.37
544.753
551.45
558.484
565.88
573.664
581.862
590.503
599.619
609.246
619.427
630.212
641.65
653.771
666.575
680.01
693.925
708.022
721.792
734.477
745.035
752.336
755.524
754.315
752.366
750.432
763.934
427.067
427.912
429.498
431.638
434.485
437.881
441.69
445.794
450.105
454.567
459.145
463.828
468.62
473.534
478.59
483.813
489.229
494.867
500.754
506.916
513.381
520.175
527.322
534.849
542.78
551.141
559.96
569.266
579.093
589.477
600.46
612.079
624.347
637.246
650.699
664.535
678.448
691.946
704.331
714.689
722.041
725.688
725.635
725.468
726.727
742.01
396.44
397.751
399.482
401.596
404.291
407.476
411.059
414.948
419.071
423.374
427.824
432.409
437.13
441.996
447.026
452.242
457.671
463.337
469.268
475.49
482.03
488.915
496.171
503.822
511.894
520.411
529.399
538.885
548.896
559.464
570.621
582.394
594.779
607.74
621.18
634.914
648.633
661.866
673.974
684.151
691.562
695.664
696.638
698.035
702.75
720.531
365.752
367.448
369.339
371.449
374.016
377.016
380.398
384.095
388.046
392.202
396.533
401.023
405.673
410.491
415.493
420.7
426.136
431.826
437.797
444.075
450.686
457.658
465.018
472.789
480.997
489.665
498.815
508.47
518.654
529.39
540.704
552.609
565.09
578.091
591.502
605.126
618.654
631.639
643.493
653.503
660.955
665.451
667.339
669.999
678.019
698.555
335.014
337.025
339.068
341.174
343.627
346.463
349.667
353.193
356.99
361.013
365.234
369.638
374.221
378.992
383.966
389.162
394.604
400.316
406.324
412.654
419.334
426.39
433.85
441.739
450.08
458.895
468.202
478.02
488.367
499.26
510.716
522.74
535.302
548.332
561.708
575.224
588.576
601.335
612.958
622.808
630.27
635.067
637.723
641.443
652.322
675.296
304.229
306.501
308.671
310.759
313.101
315.787
318.832
322.209
325.87
329.777
333.899
338.224
342.747
347.475
352.422
357.608
363.056
368.789
374.833
381.213
387.959
395.097
402.656
410.661
419.133
428.092
437.554
447.531
458.035
469.077
480.667
492.802
505.438
518.494
531.837
545.259
558.454
571.013
582.428
592.118
599.547
604.525
607.716
612.154
625.246
650.056
273.402
275.887
278.146
280.192
282.418
284.963
287.867
291.114
294.66
298.466
302.503
306.758
311.228
315.918
320.842
326.02
331.474
337.229
343.308
349.738
356.548
363.767
371.424
379.543
388.146
397.251
406.866
417
427.658
438.845
450.567
462.809
475.521
488.608
501.93
515.275
528.341
540.73
551.96
561.491
568.835
573.846
577.255
581.861
596.393
621.926
242.539
245.189
247.489
249.465
251.564
253.973
256.753
259.891
263.341
267.061
271.027
275.223
279.647
284.304
289.208
294.38
299.841
305.618
311.733
318.212
325.085
332.385
340.139
348.373
357.109
366.361
376.133
386.425
397.237
408.571
420.425
432.781
445.576
458.707
472.027
485.324
498.294
510.549
521.622
530.998
538.207
543.095
546.333
550.367
565.436
589.697
211.652
214.416
216.706
218.579
220.534
222.808
225.478
228.528
231.901
235.555
239.462
243.612
247.999
252.63
257.519
262.686
268.157
273.956
280.106
286.632
293.567
300.944
308.795
317.145
326.015
335.418
345.351
355.806
366.776
378.26
390.252
402.73
415.623
428.815
442.159
455.44
468.354
480.514
491.465
500.696
507.731
512.341
514.985
517.534
531.537
551.278
180.784
183.594
185.819
187.526
189.294
191.424
193.998
196.981
200.303
203.914
207.787
211.91
216.28
220.901
225.787
230.962
236.449
242.277
248.464
255.036
262.031
269.484
277.428
285.891
294.893
304.445
314.539
325.153
336.278
347.909
360.038
372.639
385.633
398.893
412.273
425.562
438.447
450.547
461.407
470.513
477.349
481.549
483.182
483.278
491.604
503.022
321.284
321.246
321.189
321.114
321.017
320.894
320.764
320.619
320.472
320.332
320.187
320.046
319.913
319.791
319.685
319.596
319.528
319.481
319.455
319.452
319.47
319.509
319.571
319.654
319.759
319.886
320.033
320.199
320.381
320.574
320.774
320.974
321.166
321.34
321.48
321.556
321.555
321.505
321.259
321.226
321.179
321.099
320.998
320.882
320.749
320.609
320.46
320.306
320.16
320.017
319.883
319.76
319.653
319.563
319.494
319.447
319.421
319.417
319.433
319.472
319.532
319.613
319.715
319.839
319.983
320.146
320.325
320.514
320.71
320.906
321.094
321.263
321.398
321.484
321.508
321.471
321.241
321.205
321.157
321.079
320.976
320.857
320.722
320.58
320.432
320.279
320.131
319.989
319.854
319.73
319.621
319.531
319.461
319.412
319.385
319.38
319.395
319.431
319.487
319.565
319.664
319.784
319.925
320.084
320.258
320.445
320.637
320.83
321.017
321.187
321.328
321.428
321.465
321.435
321.225
321.182
321.13
321.052
320.949
320.828
320.693
320.55
320.402
320.251
320.103
319.959
319.823
319.698
319.588
319.496
319.425
319.375
319.346
319.339
319.352
319.386
319.44
319.514
319.61
319.727
319.864
320.02
320.193
320.377
320.569
320.762
320.95
321.124
321.272
321.383
321.426
321.397
321.21
321.158
321.1
321.02
320.917
320.797
320.663
320.519
320.371
320.22
320.071
319.927
319.789
319.663
319.551
319.457
319.384
319.333
319.304
319.295
319.307
319.338
319.39
319.462
319.555
319.67
319.805
319.96
320.131
320.316
320.507
320.701
320.891
321.069
321.223
321.339
321.386
321.356
321.193
321.133
321.069
320.986
320.883
320.762
320.628
320.484
320.335
320.184
320.035
319.889
319.75
319.622
319.508
319.413
319.339
319.288
319.258
319.248
319.259
319.289
319.339
319.409
319.5
319.612
319.745
319.9
320.071
320.256
320.448
320.642
320.834
321.015
321.173
321.293
321.344
321.312
321.174
321.106
321.035
320.95
320.845
320.723
320.589
320.445
320.295
320.144
319.994
319.847
319.706
319.576
319.46
319.364
319.29
319.238
319.208
319.198
319.208
319.237
319.285
319.354
319.442
319.552
319.684
319.837
320.009
320.194
320.387
320.582
320.775
320.958
321.12
321.244
321.298
321.264
321.15
321.075
320.999
320.911
320.804
320.681
320.546
320.401
320.251
320.099
319.947
319.799
319.657
319.525
319.408
319.311
319.236
319.185
319.156
319.146
319.155
319.183
319.23
319.296
319.382
319.49
319.62
319.772
319.944
320.13
320.323
320.518
320.712
320.898
321.064
321.191
321.248
321.213
321.122
321.043
320.961
320.869
320.76
320.636
320.5
320.354
320.203
320.049
319.897
319.748
319.604
319.47
319.351
319.254
319.18
319.13
319.101
319.092
319.101
319.127
319.172
319.236
319.319
319.424
319.551
319.703
319.876
320.062
320.256
320.451
320.646
320.834
321.004
321.136
321.196
321.158
321.091
321.007
320.921
320.826
320.715
320.589
320.451
320.304
320.151
319.997
319.844
319.694
319.549
319.413
319.293
319.194
319.121
319.072
319.045
319.036
319.045
319.07
319.112
319.173
319.253
319.354
319.479
319.629
319.803
319.991
320.185
320.381
320.576
320.766
320.94
321.078
321.14
321.1
321.057
320.97
320.88
320.782
320.669
320.541
320.401
320.252
320.098
319.943
319.79
319.639
319.493
319.355
319.232
319.133
319.06
319.014
318.988
318.98
318.988
319.011
319.051
319.109
319.185
319.282
319.402
319.551
319.726
319.916
320.111
320.307
320.502
320.694
320.873
321.017
321.083
321.038
321.02
320.932
320.838
320.737
320.622
320.492
320.35
320.199
320.044
319.888
319.735
319.584
319.436
319.296
319.171
319.071
318.999
318.955
318.931
318.923
318.931
318.953
318.99
319.044
319.115
319.206
319.321
319.468
319.645
319.838
320.034
320.229
320.424
320.617
320.801
320.953
321.023
320.973
320.981
320.893
320.796
320.693
320.575
320.444
320.299
320.147
319.99
319.834
319.681
319.53
319.381
319.239
319.11
319.008
318.938
318.896
318.874
318.867
318.874
318.894
318.929
318.978
319.045
319.129
319.238
319.381
319.561
319.757
319.955
320.149
320.342
320.535
320.725
320.886
320.96
320.904
320.939
320.854
320.755
320.65
320.53
320.397
320.25
320.095
319.938
319.782
319.629
319.478
319.328
319.183
319.051
318.946
318.877
318.838
318.818
318.812
318.818
318.837
318.868
318.914
318.975
319.051
319.151
319.29
319.474
319.676
319.874
320.067
320.257
320.449
320.644
320.817
320.897
320.831
320.895
320.817
320.715
320.608
320.487
320.352
320.203
320.046
319.887
319.731
319.579
319.429
319.279
319.13
318.992
318.885
318.818
318.781
318.764
318.759
318.764
318.781
318.809
318.851
318.906
318.974
319.064
319.198
319.387
319.595
319.794
319.983
320.17
320.358
320.555
320.742
320.832
320.757
320.85
320.782
320.679
320.57
320.448
320.311
320.16
320
319.839
319.684
319.533
319.384
319.232
319.08
318.937
318.826
318.76
318.728
318.713
318.708
318.712
318.727
318.753
318.791
318.84
318.898
318.975
319.1
319.293
319.508
319.711
319.897
320.076
320.254
320.449
320.651
320.761
320.687
132.552
135.211
137.29
138.595
139.961
141.85
144.307
147.235
150.522
154.106
157.961
162.08
166.456
171.095
176.01
181.225
186.77
192.671
198.944
205.61
212.712
220.293
228.389
237.029
246.235
256.015
266.348
277.197
288.544
300.383
312.707
325.481
338.619
351.971
365.399
378.706
391.571
403.612
414.384
423.36
429.95
433.531
433.48
429.127
419.681
391.928
67.2174
68.4808
70.0923
70.6687
71.5261
73.3589
75.994
79.0918
82.4309
85.9679
89.735
93.7591
98.0505
102.623
107.504
112.731
118.348
124.391
130.849
137.721
145.05
152.887
161.27
170.23
179.79
189.957
200.68
211.874
223.518
235.629
248.219
261.269
274.668
288.205
301.79
315.271
328.291
340.48
351.44
360.696
367.705
371.885
372.599
369.04
360.711
350.996
18.4832
16.7674
17.0987
17.3231
17.7622
19.0172
20.8553
22.945
25.0991
27.349
29.8025
32.5388
35.5996
39.0218
42.8583
47.1782
52.0593
57.5711
63.6648
70.2618
77.4248
85.2122
93.6724
102.843
112.767
123.459
134.762
146.419
158.41
170.819
183.712
197.128
210.935
224.778
238.683
252.6
266.046
278.662
290.151
300.143
308.23
314.033
317.298
318.043
317.051
316.567
-0.13309
0.121971
0.144833
0.0985916
0.0991729
0.276608
0.684111
1.22139
1.8297
2.50779
3.28459
4.18622
5.22538
6.41215
7.76765
9.32716
11.1372
13.2472
15.6308
18.5912
22.3417
26.9198
32.4747
39.1862
47.3016
57.0988
68.4068
80.4695
92.9021
105.753
119.087
132.999
147.43
161.612
175.953
190.672
204.881
218.185
230.466
241.481
250.966
258.692
264.637
269.106
272.861
276.9
0.0253889
0.0344011
0.0445984
0.0512062
0.0591587
0.0591336
0.0543901
0.0501532
0.0426967
0.033012
0.0238522
0.016851
0.012409
0.0104373
0.0108034
0.0134811
0.0181309
0.0216752
0.0370283
0.383821
1.05375
2.03348
3.41849
5.34538
8.02237
11.7712
16.8448
23.372
31.6763
41.6599
53.8116
68.8017
84.7824
98.7742
113.151
129.134
144.518
158.764
172.087
184.339
195.359
204.976
213.306
220.75
228.028
236.217
-0.0517503
-0.0468964
-0.0354616
-0.0272168
-0.0196474
-0.0100819
0.000465949
0.00905118
0.0149616
0.0188373
0.0214719
0.0234042
0.0249599
0.0263603
0.0277896
0.0294475
0.0316206
0.034794
0.0403614
0.0309635
0.0141887
0.00803217
0.0118025
0.019177
0.0272223
0.0387203
0.0770479
0.545314
2.16572
4.94965
9.63905
18.0763
29.1578
38.5605
51.4324
69.1881
85.1366
99.8595
114.281
128.023
140.811
152.29
162.676
172.465
182.279
193.105
-0.115609
-0.114732
-0.109188
-0.102708
-0.096676
-0.0900767
-0.0833945
-0.0777773
-0.0736543
-0.0708154
-0.0688081
-0.0671981
-0.0656573
-0.0639528
-0.0619086
-0.0593456
-0.0559526
-0.0510071
-0.0434366
-0.033306
-0.0306492
-0.0302577
-0.0293087
-0.0273544
-0.0233069
-0.0132861
0.00980688
0.0338735
0.0160849
-0.0217961
-0.0189139
0.406952
1.99945
4.69358
10.4105
21.1573
32.3008
44.1905
57.642
71.7734
86.3158
99.7216
112.013
123.739
135.208
147.252
-0.185238
-0.184102
-0.180113
-0.174867
-0.169642
-0.164408
-0.159396
-0.155087
-0.151732
-0.149239
-0.147321
-0.145661
-0.143998
-0.142134
-0.139925
-0.137253
-0.133958
-0.129732
-0.124245
-0.118192
-0.114555
-0.111768
-0.108481
-0.10422
-0.0984104
-0.0899261
-0.0795629
-0.0782728
-0.0821593
-0.0759165
-0.0475961
-0.0356249
-0.113059
-0.224613
-0.165909
1.55536
5.6205
9.14837
12.9224
21.1524
34.113
47.2009
60.4176
73.8929
86.6857
99.3213
-0.257569
-0.255629
-0.251592
-0.246683
-0.241885
-0.237259
-0.232919
-0.229094
-0.225908
-0.223306
-0.221112
-0.219122
-0.217151
-0.215047
-0.212695
-0.21001
-0.20692
-0.203341
-0.19931
-0.195324
-0.191917
-0.188488
-0.184494
-0.179715
-0.173961
-0.167016
-0.159656
-0.15572
-0.154871
-0.150809
-0.141901
-0.143501
-0.149718
-0.136507
-0.137638
-0.257376
-0.462968
-0.560949
-0.415734
0.582853
2.18388
5.14181
12.9387
24.8095
37.1072
49.5554
-0.330368
-0.327698
-0.32347
-0.318831
-0.314463
-0.31036
-0.306549
-0.303124
-0.300132
-0.29753
-0.295208
-0.293031
-0.290873
-0.288624
-0.286197
-0.283524
-0.280559
-0.27728
-0.273745
-0.270179
-0.266724
-0.263138
-0.259166
-0.254681
-0.249628
-0.244035
-0.238351
-0.234179
-0.232066
-0.230043
-0.227528
-0.22917
-0.231386
-0.223802
-0.207864
-0.190682
-0.216768
-0.372693
-0.695861
-1.05577
-1.58819
-2.34871
-4.78825
-5.5799
-2.64979
3.2233
-0.40376
-0.400325
-0.395946
-0.391552
-0.38757
-0.383912
-0.380534
-0.377454
-0.374673
-0.372151
-0.369813
-0.367571
-0.365336
-0.363031
-0.360592
-0.357972
-0.355132
-0.352058
-0.348785
-0.345414
-0.34201
-0.338476
-0.334691
-0.330596
-0.326204
-0.321628
-0.317211
-0.313732
-0.311501
-0.309858
-0.308634
-0.309765
-0.313166
-0.314861
-0.31303
-0.308555
-0.306253
-0.304371
-0.302255
-0.385825
-0.718669
-1.01401
-2.07895
-3.29078
-5.34788
-9.74141
-0.477408
-0.473515
-0.469113
-0.464962
-0.461304
-0.457993
-0.45494
-0.452121
-0.449512
-0.447075
-0.444758
-0.442501
-0.440244
-0.43793
-0.435514
-0.432962
-0.430247
-0.427357
-0.424307
-0.421145
-0.417899
-0.414532
-0.411002
-0.407303
-0.403487
-0.399686
-0.396162
-0.393331
-0.39137
-0.390098
-0.389588
-0.39072
-0.39369
-0.397257
-0.401621
-0.408743
-0.418278
-0.424744
-0.418316
-0.402334
-0.415201
-0.427942
-0.590279
-1.05027
-1.57704
-2.65648
-0.551357
-0.547241
-0.542972
-0.539097
-0.535721
-0.532677
-0.529863
-0.527231
-0.524749
-0.522384
-0.520098
-0.517849
-0.515597
-0.5133
-0.510925
-0.508446
-0.505843
-0.503109
-0.500248
-0.497283
-0.49423
-0.491085
-0.487845
-0.484539
-0.481235
-0.47806
-0.47521
-0.472941
-0.471406
-0.47063
-0.470749
-0.472167
-0.474982
-0.478874
-0.484324
-0.492715
-0.50475
-0.519443
-0.531894
-0.537106
-0.544123
-0.527041
-0.490418
-0.503698
-0.607676
-0.914254
-0.625649
-0.621522
-0.617505
-0.613928
-0.610801
-0.607966
-0.605323
-0.602823
-0.600434
-0.598128
-0.595876
-0.593649
-0.591419
-0.589156
-0.586831
-0.584427
-0.581928
-0.579327
-0.576628
-0.573845
-0.570993
-0.568086
-0.565145
-0.562214
-0.559367
-0.556719
-0.554423
-0.552664
-0.551585
-0.551285
-0.551912
-0.553694
-0.556736
-0.561013
-0.566818
-0.5748
-0.585484
-0.598845
-0.613584
-0.628866
-0.647448
-0.656312
-0.651971
-0.650399
-0.633845
-0.641316
-0.700329
-0.696365
-0.692661
-0.689382
-0.686475
-0.683802
-0.681282
-0.678875
-0.676553
-0.674295
-0.672079
-0.669883
-0.667686
-0.665464
-0.663196
-0.660868
-0.658467
-0.65599
-0.65344
-0.650829
-0.648179
-0.645512
-0.642864
-0.640284
-0.637846
-0.635653
-0.633832
-0.632529
-0.631877
-0.631998
-0.633032
-0.635151
-0.638471
-0.643071
-0.649142
-0.656992
-0.666828
-0.678575
-0.691824
-0.706639
-0.724129
-0.740704
-0.757349
-0.777823
-0.790383
-0.818073
-0.775423
-0.771743
-0.76837
-0.765369
-0.76265
-0.760105
-0.757678
-0.755338
-0.753068
-0.75085
-0.748669
-0.746508
-0.744349
-0.742174
-0.739966
-0.737713
-0.735408
-0.73305
-0.730644
-0.728204
-0.725754
-0.723325
-0.720956
-0.718702
-0.716632
-0.714839
-0.713431
-0.712533
-0.712266
-0.712751
-0.71412
-0.716516
-0.720058
-0.724848
-0.73103
-0.738781
-0.7482
-0.759223
-0.771628
-0.78535
-0.800667
-0.816634
-0.834239
-0.855498
-0.877125
-0.90266
-0.850919
-0.847594
-0.844535
-0.841779
-0.839222
-0.836786
-0.834434
-0.832151
-0.829924
-0.827744
-0.825599
-0.823475
-0.821358
-0.819233
-0.817088
-0.814912
-0.812703
-0.810462
-0.808198
-0.805927
-0.803675
-0.801476
-0.799372
-0.797419
-0.795682
-0.794243
-0.793201
-0.792661
-0.792736
-0.793537
-0.795185
-0.797804
-0.801506
-0.806389
-0.812565
-0.820148
-0.829206
-0.839717
-0.851561
-0.864631
-0.878904
-0.89396
-0.910071
-0.928075
-0.947233
-0.967326
-0.926767
-0.923819
-0.921045
-0.9185
-0.916084
-0.913743
-0.911461
-0.909232
-0.907051
-0.904912
-0.902807
-0.900725
-0.898656
-0.896587
-0.894508
-0.892414
-0.890303
-0.88818
-0.886058
-0.883954
-0.881895
-0.879916
-0.878062
-0.876385
-0.87495
-0.87383
-0.873113
-0.872892
-0.873268
-0.874345
-0.876229
-0.879029
-0.882845
-0.887766
-0.893876
-0.901255
-0.909954
-0.919971
-0.931241
-0.943668
-0.957153
-0.971461
-0.986568
-1.00262
-1.0194
-1.03648
-1.0029
-1.00031
-0.997784
-0.995419
-0.993127
-0.990875
-0.988663
-0.986492
-0.984363
-0.982272
-0.980215
-0.978184
-0.976171
-0.974166
-0.972162
-0.970156
-0.96815
-0.96615
-0.964172
-0.962233
-0.960362
-0.958595
-0.956974
-0.955554
-0.954393
-0.953561
-0.953135
-0.953198
-0.953843
-0.955161
-0.95725
-0.960202
-0.964104
-0.969031
-0.975053
-0.982226
-0.990587
-1.00014
-1.01084
-1.0226
-1.03529
-1.04876
-1.06286
-1.07752
-1.09263
-1.10764
-1.07923
-1.07697
-1.07466
-1.07244
-1.07026
-1.06809
-1.06595
-1.06385
-1.06178
-1.05974
-1.05774
-1.05577
-1.05382
-1.05189
-1.04997
-1.04807
-1.04617
-1.0443
-1.04247
-1.0407
-1.03902
-1.03745
-1.03606
-1.03487
-1.03397
-1.0334
-1.03323
-1.03356
-1.03444
-1.03598
-1.03824
-1.04133
-1.0453
-1.05023
-1.05616
-1.06314
-1.07119
-1.08033
-1.0905
-1.10162
-1.11357
-1.12619
-1.13929
-1.15272
-1.16644
-1.17987
-1.1557
-1.15372
-1.15159
-1.1495
-1.14742
-1.14533
-1.14326
-1.14123
-1.13922
-1.13725
-1.13532
-1.13342
-1.13155
-1.1297
-1.12787
-1.12607
-1.1243
-1.12257
-1.12089
-1.11929
-1.11779
-1.11643
-1.11525
-1.11429
-1.11362
-1.1133
-1.11338
-1.11393
-1.11504
-1.11678
-1.11921
-1.12241
-1.12645
-1.13138
-1.13724
-1.14405
-1.15184
-1.1606
-1.1703
-1.18086
-1.19215
-1.204
-1.21622
-1.22861
-1.2412
-1.25344
-1.23225
-1.2305
-1.22852
-1.22655
-1.22456
-1.22255
-1.22056
-1.21859
-1.21666
-1.21476
-1.2129
-1.21108
-1.20929
-1.20753
-1.20581
-1.20412
-1.20248
-1.20089
-1.19937
-1.19794
-1.19663
-1.19547
-1.1945
-1.19377
-1.19332
-1.19323
-1.19353
-1.19431
-1.19563
-1.19755
-1.20014
-1.20346
-1.20757
-1.21251
-1.21832
-1.225
-1.23258
-1.24103
-1.25034
-1.26041
-1.27113
-1.28234
-1.29383
-1.3054
-1.31711
-1.32843
-1.30885
-1.30728
-1.30544
-1.30357
-1.30166
-1.29973
-1.29781
-1.29592
-1.29406
-1.29225
-1.29047
-1.28873
-1.28702
-1.28536
-1.28375
-1.28218
-1.28067
-1.27923
-1.27787
-1.27662
-1.27549
-1.27454
-1.27378
-1.27326
-1.27304
-1.27316
-1.27369
-1.27468
-1.27619
-1.27828
-1.28102
-1.28447
-1.28865
-1.29363
-1.29941
-1.30601
-1.31344
-1.32166
-1.33065
-1.34034
-1.35062
-1.36132
-1.37224
-1.38319
-1.39422
-1.40485
-1.38548
-1.38405
-1.38233
-1.38055
-1.37872
-1.37687
-1.37503
-1.37322
-1.37144
-1.3697
-1.36801
-1.36636
-1.36475
-1.3632
-1.36169
-1.36024
-1.35886
-1.35757
-1.35637
-1.35529
-1.35436
-1.3536
-1.35306
-1.35276
-1.35276
-1.3531
-1.35384
-1.35503
-1.35673
-1.359
-1.36189
-1.36545
-1.36972
-1.37475
-1.38054
-1.38709
-1.39442
-1.40249
-1.41126
-1.42068
-1.43063
-1.44096
-1.45148
-1.46199
-1.47254
-1.48269
-1.46212
-1.4608
-1.45919
-1.45748
-1.45573
-1.45397
-1.45221
-1.45048
-1.44879
-1.44714
-1.44554
-1.44398
-1.44248
-1.44103
-1.43964
-1.43831
-1.43707
-1.43592
-1.43488
-1.43398
-1.43323
-1.43267
-1.43233
-1.43225
-1.43247
-1.43303
-1.43399
-1.43539
-1.43728
-1.43972
-1.44276
-1.44645
-1.45082
-1.45591
-1.46172
-1.46828
-1.47555
-1.48353
-1.49218
-1.50142
-1.51116
-1.52126
-1.53153
-1.54179
-1.55206
-1.56194
-1.53877
-1.53754
-1.53601
-1.53439
-1.53271
-1.53103
-1.52936
-1.52772
-1.52612
-1.52457
-1.52306
-1.52161
-1.52021
-1.51887
-1.5176
-1.5164
-1.5153
-1.51429
-1.51341
-1.51268
-1.51212
-1.51175
-1.51162
-1.51175
-1.51219
-1.51297
-1.51415
-1.51576
-1.51785
-1.52047
-1.52367
-1.52749
-1.53198
-1.53715
-1.54303
-1.54961
-1.55689
-1.56485
-1.57345
-1.58261
-1.59226
-1.60226
-1.61243
-1.6226
-1.63278
-1.64259
-1.61543
-1.61426
-1.61281
-1.61125
-1.60966
-1.60806
-1.60649
-1.60494
-1.60344
-1.60199
-1.60059
-1.59924
-1.59796
-1.59673
-1.59558
-1.59452
-1.59355
-1.59269
-1.59197
-1.5914
-1.59102
-1.59085
-1.59092
-1.59126
-1.59192
-1.59293
-1.59433
-1.59615
-1.59845
-1.60127
-1.60465
-1.60863
-1.61325
-1.61854
-1.62451
-1.63117
-1.63851
-1.6465
-1.65513
-1.66431
-1.67397
-1.684
-1.69422
-1.70447
-1.71476
-1.72471
-1.69209
-1.69095
-1.68957
-1.68809
-1.68657
-1.68507
-1.68358
-1.68214
-1.68074
-1.6794
-1.67811
-1.67688
-1.67571
-1.67461
-1.67359
-1.67266
-1.67183
-1.67112
-1.67056
-1.67016
-1.66996
-1.66998
-1.67025
-1.6708
-1.67168
-1.67291
-1.67453
-1.67658
-1.6791
-1.68213
-1.68571
-1.68987
-1.69466
-1.7001
-1.7062
-1.71298
-1.72043
-1.72853
-1.73726
-1.74656
-1.75636
-1.76654
-1.77695
-1.78745
-1.79801
-1.80831
-1.76874
-1.76763
-1.76631
-1.76489
-1.76345
-1.76204
-1.76065
-1.75931
-1.75803
-1.7568
-1.75563
-1.75452
-1.75348
-1.75251
-1.75162
-1.75083
-1.75014
-1.74959
-1.74919
-1.74896
-1.74893
-1.74914
-1.74961
-1.75037
-1.75147
-1.75292
-1.75477
-1.75705
-1.7598
-1.76306
-1.76686
-1.77123
-1.77621
-1.78183
-1.78811
-1.79505
-1.80267
-1.81095
-1.81987
-1.82937
-1.8394
-1.84986
-1.86061
-1.8715
-1.88252
-1.89335
-1.84538
-1.84429
-1.84302
-1.84165
-1.8403
-1.83897
-1.83769
-1.83646
-1.83529
-1.83418
-1.83313
-1.83215
-1.83124
-1.83041
-1.82966
-1.82901
-1.82848
-1.82808
-1.82785
-1.82779
-1.82795
-1.82834
-1.82901
-1.82998
-1.83129
-1.83298
-1.83506
-1.83758
-1.84056
-1.84406
-1.84809
-1.85269
-1.8579
-1.86373
-1.87023
-1.87739
-1.88522
-1.89374
-1.90291
-1.91271
-1.92307
-1.93391
-1.94511
-1.95653
-1.96815
-1.97969
-1.922
-1.92092
-1.9197
-1.91839
-1.91711
-1.91588
-1.9147
-1.91358
-1.91252
-1.91153
-1.91062
-1.90977
-1.90899
-1.9083
-1.9077
-1.9072
-1.90683
-1.9066
-1.90653
-1.90665
-1.90699
-1.90758
-1.90845
-1.90963
-1.91116
-1.91307
-1.91539
-1.91815
-1.92138
-1.92513
-1.92941
-1.93426
-1.93971
-1.9458
-1.95254
-1.95996
-1.96807
-1.97687
-1.98636
-1.99652
-2.00729
-2.0186
-2.03034
-2.0424
-2.05476
-2.06712
-1.99859
-1.99752
-1.99634
-1.99509
-1.99389
-1.99274
-1.99167
-1.99066
-1.98972
-1.98886
-1.98807
-1.98736
-1.98673
-1.98618
-1.98573
-1.98539
-1.98518
-1.98512
-1.98522
-1.98553
-1.98606
-1.98685
-1.98792
-1.98932
-1.99108
-1.99321
-1.99577
-1.99878
-2.00227
-2.00626
-2.01081
-2.01593
-2.02165
-2.02801
-2.03504
-2.04275
-2.05117
-2.06031
-2.07017
-2.08074
-2.09198
-2.10383
-2.11621
-2.12899
-2.14215
-2.15544
-2.07515
-2.07409
-2.07295
-2.07175
-2.07063
-2.06957
-2.0686
-2.06771
-2.06689
-2.06615
-2.0655
-2.06493
-2.06444
-2.06404
-2.06375
-2.06357
-2.06353
-2.06364
-2.06392
-2.06441
-2.06514
-2.06613
-2.06742
-2.06904
-2.07102
-2.0734
-2.0762
-2.07946
-2.08321
-2.08748
-2.09229
-2.0977
-2.10371
-2.11037
-2.1177
-2.12574
-2.13451
-2.14403
-2.1543
-2.16533
-2.17709
-2.18954
-2.20259
-2.21614
-2.23018
-2.24445
-2.15168
-2.15063
-2.14952
-2.14838
-2.14733
-2.14637
-2.14549
-2.14471
-2.14402
-2.14341
-2.14289
-2.14245
-2.14211
-2.14187
-2.14174
-2.14172
-2.14185
-2.14214
-2.14261
-2.1433
-2.14422
-2.14543
-2.14693
-2.14878
-2.151
-2.15362
-2.15667
-2.16019
-2.16421
-2.16875
-2.17386
-2.17956
-2.18588
-2.19286
-2.20053
-2.20892
-2.21807
-2.22799
-2.23872
-2.25024
-2.26256
-2.27563
-2.28939
-2.30375
-2.31868
-2.33396
-2.22816
-2.22713
-2.22606
-2.22497
-2.22399
-2.22312
-2.22235
-2.22167
-2.22109
-2.22061
-2.22023
-2.21994
-2.21974
-2.21966
-2.21968
-2.21984
-2.22014
-2.22061
-2.22128
-2.22216
-2.2233
-2.22472
-2.22645
-2.22853
-2.23098
-2.23385
-2.23717
-2.24096
-2.24525
-2.25009
-2.25549
-2.2615
-2.26815
-2.27547
-2.28349
-2.29226
-2.30181
-2.31218
-2.32337
-2.33542
-2.34832
-2.36203
-2.37652
-2.39169
-2.40751
-2.4238
-2.3046
-2.30358
-2.30255
-2.30152
-2.30061
-2.29982
-2.29915
-2.29858
-2.29812
-2.29777
-2.29752
-2.29737
-2.29732
-2.29739
-2.29758
-2.29791
-2.29839
-2.29905
-2.29991
-2.301
-2.30234
-2.30398
-2.30594
-2.30826
-2.31096
-2.31409
-2.31767
-2.32174
-2.32632
-2.33146
-2.33718
-2.34351
-2.35049
-2.35817
-2.36657
-2.37573
-2.38571
-2.39653
-2.40822
-2.42081
-2.43429
-2.44866
-2.46386
-2.47983
-2.49652
-2.51376
-2.38098
-2.37999
-2.37899
-2.37802
-2.37719
-2.37648
-2.3759
-2.37544
-2.3751
-2.37487
-2.37475
-2.37474
-2.37484
-2.37507
-2.37543
-2.37592
-2.37659
-2.37743
-2.37849
-2.37978
-2.38135
-2.38321
-2.3854
-2.38796
-2.39092
-2.39431
-2.39816
-2.40251
-2.40739
-2.41284
-2.41888
-2.42555
-2.43288
-2.44092
-2.44971
-2.45929
-2.4697
-2.48098
-2.49318
-2.50631
-2.52038
-2.53539
-2.55129
-2.56802
-2.58553
-2.60365
-2.4573
-2.45634
-2.45539
-2.45448
-2.45371
-2.45309
-2.4526
-2.45225
-2.45202
-2.45191
-2.45192
-2.45205
-2.4523
-2.45268
-2.4532
-2.45387
-2.45472
-2.45575
-2.45701
-2.45851
-2.46029
-2.46238
-2.4648
-2.46761
-2.47082
-2.47447
-2.47861
-2.48325
-2.48843
-2.49419
-2.50056
-2.50757
-2.51526
-2.52368
-2.53286
-2.54286
-2.55371
-2.56547
-2.57817
-2.59184
-2.60648
-2.6221
-2.63866
-2.6561
-2.67435
-2.69325
-2.53356
-2.53263
-2.53172
-2.53087
-2.53018
-2.52964
-2.52924
-2.52899
-2.52887
-2.52888
-2.52901
-2.52928
-2.52968
-2.53021
-2.5309
-2.53174
-2.53277
-2.53399
-2.53545
-2.53715
-2.53915
-2.54146
-2.54413
-2.54717
-2.55064
-2.55457
-2.55898
-2.56391
-2.5694
-2.57547
-2.58217
-2.58953
-2.59758
-2.60638
-2.61596
-2.62638
-2.63767
-2.6499
-2.66309
-2.67728
-2.69247
-2.70866
-2.72582
-2.74389
-2.76278
-2.78235
-2.60973
-2.60885
-2.60799
-2.6072
-2.60658
-2.60612
-2.60582
-2.60566
-2.60565
-2.60577
-2.60603
-2.60643
-2.60697
-2.60766
-2.6085
-2.60952
-2.61072
-2.61214
-2.61379
-2.6157
-2.61791
-2.62045
-2.62334
-2.62664
-2.63036
-2.63455
-2.63924
-2.64446
-2.65025
-2.65664
-2.66367
-2.67137
-2.67979
-2.68896
-2.69893
-2.70976
-2.72149
-2.73417
-2.74783
-2.7625
-2.7782
-2.79492
-2.81261
-2.83121
-2.85063
-2.87073
-2.68583
-2.68499
-2.68419
-2.68347
-2.68291
-2.68253
-2.68231
-2.68225
-2.68234
-2.68258
-2.68296
-2.68349
-2.68417
-2.68501
-2.68601
-2.68719
-2.68857
-2.69017
-2.69202
-2.69413
-2.69655
-2.69931
-2.70243
-2.70597
-2.70994
-2.71439
-2.71935
-2.72486
-2.73095
-2.73765
-2.745
-2.75304
-2.7618
-2.77134
-2.7817
-2.79293
-2.80507
-2.81817
-2.83228
-2.8474
-2.86356
-2.88073
-2.89888
-2.91792
-2.93776
-2.95822
-2.76184
-2.76106
-2.7603
-2.75965
-2.75917
-2.75886
-2.75873
-2.75876
-2.75895
-2.7593
-2.7598
-2.76045
-2.76127
-2.76225
-2.7634
-2.76475
-2.7663
-2.76808
-2.77012
-2.77243
-2.77505
-2.77802
-2.78137
-2.78513
-2.78935
-2.79405
-2.79928
-2.80507
-2.81144
-2.81844
-2.8261
-2.83447
-2.84357
-2.85346
-2.86418
-2.87579
-2.88832
-2.90182
-2.91633
-2.93186
-2.94842
-2.96598
-2.9845
-3.0039
-3.02402
-3.04471
-2.83776
-2.83703
-2.83633
-2.83575
-2.83534
-2.83511
-2.83506
-2.83518
-2.83546
-2.83591
-2.83652
-2.8373
-2.83825
-2.83937
-2.84067
-2.84217
-2.84389
-2.84585
-2.84806
-2.85056
-2.85339
-2.85656
-2.86012
-2.86411
-2.86856
-2.87351
-2.87899
-2.88504
-2.89169
-2.89897
-2.90693
-2.9156
-2.92502
-2.93524
-2.94631
-2.95826
-2.97115
-2.98501
-2.99988
-3.01577
-3.03268
-3.05057
-3.06939
-3.08904
-3.10935
-3.13014
-2.91357
-2.91291
-2.91227
-2.91175
-2.91141
-2.91126
-2.91128
-2.91149
-2.91187
-2.91242
-2.91314
-2.91403
-2.9151
-2.91635
-2.9178
-2.91945
-2.92133
-2.92345
-2.92584
-2.92852
-2.93153
-2.9349
-2.93867
-2.94287
-2.94754
-2.95272
-2.95844
-2.96473
-2.97164
-2.97919
-2.98742
-2.99638
-3.0061
-3.01662
-3.028
-3.04027
-3.05349
-3.06767
-3.08286
-3.09906
-3.11627
-3.13443
-3.15349
-3.17331
-3.19372
-3.21451
-2.98927
-2.98869
-2.9881
-2.98765
-2.98738
-2.9873
-2.9874
-2.98769
-2.98815
-2.9888
-2.98962
-2.99063
-2.99181
-2.99319
-2.99477
-2.99657
-2.9986
-3.00088
-3.00343
-3.00628
-3.00947
-3.01303
-3.01699
-3.02139
-3.02626
-3.03165
-3.03759
-3.04411
-3.05125
-3.05905
-3.06754
-3.07675
-3.08674
-3.09755
-3.10921
-3.12176
-3.13526
-3.14973
-3.1652
-3.18167
-3.19912
-3.21751
-3.23675
-3.25671
-3.27716
-3.29788
-3.06487
-3.06435
-3.06382
-3.06344
-3.06324
-3.06323
-3.0634
-3.06377
-3.06432
-3.06505
-3.06597
-3.06708
-3.06838
-3.06988
-3.07159
-3.07352
-3.07569
-3.07811
-3.08082
-3.08383
-3.08719
-3.09091
-3.09505
-3.09963
-3.10469
-3.11028
-3.11642
-3.12314
-3.1305
-3.13852
-3.14723
-3.15668
-3.16691
-3.17796
-3.18987
-3.20267
-3.21642
-3.23114
-3.24685
-3.26355
-3.28122
-3.2998
-3.31919
-3.33924
-3.3597
-3.38033
-3.14034
-3.13989
-3.13943
-3.13911
-3.13898
-3.13903
-3.13928
-3.13972
-3.14035
-3.14117
-3.14218
-3.14338
-3.14479
-3.1464
-3.14823
-3.15028
-3.15258
-3.15514
-3.15799
-3.16115
-3.16465
-3.16854
-3.17283
-3.17758
-3.18281
-3.18857
-3.19488
-3.2018
-3.20934
-3.21755
-3.22647
-3.23612
-3.24656
-3.25781
-3.26994
-3.28296
-3.29693
-3.31186
-3.32778
-3.34468
-3.36254
-3.38129
-3.40083
-3.42097
-3.44145
-3.462
-3.21568
-3.21531
-3.2149
-3.21466
-3.21459
-3.2147
-3.21502
-3.21553
-3.21623
-3.21713
-3.21823
-3.21952
-3.22103
-3.22274
-3.22467
-3.22684
-3.22926
-3.23195
-3.23492
-3.23822
-3.24186
-3.24588
-3.25032
-3.25521
-3.26059
-3.2665
-3.27297
-3.28004
-3.28775
-3.29612
-3.30521
-3.31503
-3.32564
-3.33708
-3.34938
-3.36259
-3.37674
-3.39185
-3.40796
-3.42504
-3.44308
-3.462
-3.48169
-3.50195
-3.52249
-3.54302
-3.2909
-3.2906
-3.29025
-3.29007
-3.29006
-3.29024
-3.29062
-3.29119
-3.29196
-3.29294
-3.29411
-3.29549
-3.29708
-3.29889
-3.30092
-3.30319
-3.30572
-3.30852
-3.31161
-3.31502
-3.31879
-3.32293
-3.32749
-3.33251
-3.33802
-3.34406
-3.35066
-3.35786
-3.36569
-3.3742
-3.38342
-3.39339
-3.40414
-3.41572
-3.42817
-3.44152
-3.45583
-3.4711
-3.48737
-3.50462
-3.52284
-3.54195
-3.56182
-3.58224
-3.6029
-3.62349
-3.36598
-3.36575
-3.36546
-3.36533
-3.36539
-3.36563
-3.36606
-3.3667
-3.36754
-3.36858
-3.36982
-3.37128
-3.37295
-3.37484
-3.37696
-3.37933
-3.38195
-3.38484
-3.38804
-3.39155
-3.39542
-3.39967
-3.40434
-3.40946
-3.41507
-3.42121
-3.42791
-3.43522
-3.44316
-3.45177
-3.46109
-3.47117
-3.48203
-3.49372
-3.50628
-3.51975
-3.53417
-3.54958
-3.566
-3.58343
-3.60183
-3.62115
-3.64124
-3.66188
-3.68274
-3.7035
-3.44092
-3.44075
-3.44052
-3.44045
-3.44056
-3.44086
-3.44135
-3.44204
-3.44294
-3.44404
-3.44535
-3.44687
-3.44861
-3.45058
-3.45278
-3.45523
-3.45793
-3.46092
-3.4642
-3.4678
-3.47175
-3.47609
-3.48084
-3.48604
-3.49174
-3.49795
-3.50473
-3.51211
-3.52012
-3.52881
-3.5382
-3.54835
-3.55928
-3.57104
-3.58368
-3.59724
-3.61177
-3.62729
-3.64385
-3.66144
-3.68005
-3.6996
-3.71996
-3.74089
-3.76205
-3.7831
-3.51571
-3.51561
-3.51543
-3.51542
-3.51558
-3.51593
-3.51647
-3.51722
-3.51817
-3.51932
-3.52069
-3.52227
-3.52407
-3.52611
-3.52837
-3.53089
-3.53367
-3.53672
-3.54007
-3.54374
-3.54777
-3.55217
-3.55698
-3.56225
-3.568
-3.57427
-3.58109
-3.58852
-3.59657
-3.6053
-3.61473
-3.62491
-3.63588
-3.64769
-3.66037
-3.67399
-3.68859
-3.70421
-3.72089
-3.73865
-3.75747
-3.7773
-3.79798
-3.81928
-3.84084
-3.8623
-3.59036
-3.59031
-3.59018
-3.59022
-3.59044
-3.59083
-3.59143
-3.59222
-3.59321
-3.59441
-3.59583
-3.59746
-3.59932
-3.60141
-3.60374
-3.60631
-3.60914
-3.61225
-3.61566
-3.61939
-3.62346
-3.62791
-3.63276
-3.63807
-3.64385
-3.65014
-3.65699
-3.66443
-3.67249
-3.68123
-3.69066
-3.70085
-3.71182
-3.72363
-3.73634
-3.74998
-3.76462
-3.78032
-3.79712
-3.81504
-3.8341
-3.85422
-3.87528
-3.89701
-3.91905
-3.94103
-3.66486
-3.66486
-3.66477
-3.66487
-3.66513
-3.66557
-3.6662
-3.66704
-3.66807
-3.66932
-3.67078
-3.67245
-3.67436
-3.67649
-3.67886
-3.68148
-3.68435
-3.68751
-3.69095
-3.69471
-3.69882
-3.70329
-3.70817
-3.71349
-3.71927
-3.72557
-3.73241
-3.73984
-3.74788
-3.75659
-3.766
-3.77615
-3.78709
-3.79888
-3.81156
-3.8252
-3.83986
-3.85561
-3.8725
-3.89059
-3.90989
-3.93033
-3.9518
-3.97403
-3.99662
-4.01922
-3.73921
-3.73925
-3.7392
-3.73934
-3.73965
-3.74013
-3.74081
-3.74168
-3.74275
-3.74403
-3.74552
-3.74724
-3.74917
-3.75134
-3.75374
-3.75639
-3.7593
-3.76247
-3.76594
-3.76972
-3.77384
-3.77832
-3.7832
-3.78851
-3.79428
-3.80054
-3.80735
-3.81473
-3.82273
-3.83138
-3.84072
-3.85081
-3.86169
-3.87341
-3.88603
-3.89963
-3.91428
-3.93005
-3.94703
-3.96527
-3.9848
-4.00557
-4.02748
-4.05023
-4.07344
-4.09672
-3.8134
-3.81347
-3.81347
-3.81365
-3.814
-3.81453
-3.81523
-3.81614
-3.81724
-3.81855
-3.82007
-3.8218
-3.82376
-3.82595
-3.82837
-3.83104
-3.83396
-3.83715
-3.84063
-3.84441
-3.84852
-3.85299
-3.85785
-3.86312
-3.86885
-3.87506
-3.88181
-3.88912
-3.89703
-3.90559
-3.91484
-3.92483
-3.9356
-3.94722
-3.95975
-3.97327
-3.98787
-4.00364
-4.02066
-4.03903
-4.05877
-4.07988
-4.10222
-4.12552
-4.14936
-4.17337
-3.88744
-3.88754
-3.88758
-3.8878
-3.88819
-3.88874
-3.88948
-3.89041
-3.89154
-3.89287
-3.89441
-3.89616
-3.89813
-3.90033
-3.90276
-3.90544
-3.90836
-3.91155
-3.91501
-3.91878
-3.92286
-3.9273
-3.93211
-3.93733
-3.94299
-3.94913
-3.95578
-3.96299
-3.97079
-3.97923
-3.98835
-3.99819
-4.00883
-4.0203
-4.0327
-4.04611
-4.06061
-4.07633
-4.09337
-4.11182
-4.13175
-4.15316
-4.17592
-4.19976
-4.22425
-4.249
-3.96132
-3.96145
-3.96152
-3.96178
-3.9622
-3.96279
-3.96356
-3.96451
-3.96565
-3.96699
-3.96854
-3.9703
-3.97228
-3.97448
-3.9769
-3.97957
-3.98248
-3.98565
-3.98909
-3.99282
-3.99686
-4.00124
-4.00599
-4.01113
-4.0167
-4.02274
-4.02928
-4.03635
-4.04401
-4.05229
-4.06125
-4.07092
-4.08137
-4.09266
-4.10489
-4.11813
-4.1325
-4.14811
-4.16511
-4.1836
-4.20367
-4.22533
-4.24847
-4.27281
-4.29792
-4.3234
-4.03504
-4.0352
-4.0353
-4.0356
-4.03605
-4.03667
-4.03745
-4.03842
-4.03957
-4.04092
-4.04247
-4.04423
-4.0462
-4.04839
-4.0508
-4.05344
-4.05632
-4.05946
-4.06285
-4.06653
-4.07052
-4.07483
-4.07949
-4.08453
-4.08999
-4.0959
-4.10229
-4.10921
-4.1167
-4.12479
-4.13354
-4.143
-4.15323
-4.1643
-4.1763
-4.18933
-4.20351
-4.21897
-4.23587
-4.25433
-4.27448
-4.29632
-4.31977
-4.34456
-4.37023
-4.39639
-4.10862
-4.1088
-4.10893
-4.10926
-4.10974
-4.11037
-4.11117
-4.11215
-4.11331
-4.11465
-4.1162
-4.11795
-4.1199
-4.12207
-4.12445
-4.12706
-4.1299
-4.13298
-4.13632
-4.13993
-4.14384
-4.14806
-4.15261
-4.15754
-4.16286
-4.16862
-4.17484
-4.18157
-4.18886
-4.19673
-4.20525
-4.21446
-4.22443
-4.23523
-4.24696
-4.25972
-4.27364
-4.28889
-4.30561
-4.32398
-4.3441
-4.36604
-4.38972
-4.41486
-4.44101
-4.46778
-4.18204
-4.18225
-4.18241
-4.18276
-4.18326
-4.18391
-4.18472
-4.1857
-4.18685
-4.1882
-4.18973
-4.19145
-4.19338
-4.19552
-4.19786
-4.20042
-4.20321
-4.20623
-4.20949
-4.21302
-4.21683
-4.22094
-4.22537
-4.23016
-4.23532
-4.2409
-4.24693
-4.25345
-4.2605
-4.26813
-4.27637
-4.2853
-4.29496
-4.30545
-4.31685
-4.32929
-4.3429
-4.35785
-4.37432
-4.39248
-4.4125
-4.43442
-4.45821
-4.4836
-4.51012
-4.53741
-4.25532
-4.25554
-4.25572
-4.2561
-4.25662
-4.25728
-4.2581
-4.25907
-4.26022
-4.26155
-4.26306
-4.26476
-4.26665
-4.26874
-4.27104
-4.27354
-4.27625
-4.2792
-4.28237
-4.2858
-4.2895
-4.29348
-4.29777
-4.3024
-4.30739
-4.31277
-4.31858
-4.32487
-4.33165
-4.33899
-4.34693
-4.35553
-4.36485
-4.37498
-4.386
-4.39805
-4.41128
-4.42585
-4.44197
-4.45983
-4.47961
-4.5014
-4.52515
-4.55065
-4.57742
-4.60509
-4.32845
-4.32869
-4.32889
-4.32929
-4.32982
-4.33049
-4.33131
-4.33228
-4.33342
-4.33472
-4.33621
-4.33787
-4.33972
-4.34176
-4.34399
-4.34642
-4.34905
-4.3519
-4.35498
-4.35829
-4.36186
-4.3657
-4.36983
-4.37428
-4.37907
-4.38423
-4.3898
-4.39582
-4.40232
-4.40935
-4.41695
-4.42518
-4.43411
-4.44383
-4.45442
-4.46602
-4.47878
-4.49289
-4.50856
-4.52601
-4.54542
-4.56691
-4.59048
-4.61592
-4.64277
-4.67068
-4.40145
-4.4017
-4.40191
-4.40233
-4.40287
-4.40354
-4.40436
-4.40532
-4.40644
-4.40772
-4.40917
-4.41079
-4.41259
-4.41457
-4.41673
-4.41907
-4.42162
-4.42436
-4.42732
-4.4305
-4.43392
-4.4376
-4.44156
-4.44581
-4.45038
-4.4553
-4.46061
-4.46634
-4.47252
-4.4792
-4.48643
-4.49426
-4.50276
-4.51201
-4.52212
-4.53321
-4.54543
-4.55899
-4.5741
-4.591
-4.6099
-4.63094
-4.65415
-4.67935
-4.70608
-4.73406
-4.47431
-4.47457
-4.47479
-4.47522
-4.47577
-4.47644
-4.47725
-4.4782
-4.4793
-4.48055
-4.48196
-4.48354
-4.48527
-4.48718
-4.48926
-4.49152
-4.49395
-4.49658
-4.49941
-4.50245
-4.50571
-4.50921
-4.51297
-4.517
-4.52134
-4.526
-4.53102
-4.53644
-4.54227
-4.54858
-4.55541
-4.5628
-4.57083
-4.57957
-4.58913
-4.59964
-4.61125
-4.62417
-4.63862
-4.65484
-4.67307
-4.69348
-4.71613
-4.74088
-4.76731
-4.79515
-4.54703
-4.5473
-4.54753
-4.54797
-4.54852
-4.5492
-4.55
-4.55094
-4.55201
-4.55323
-4.55459
-4.55611
-4.55779
-4.55961
-4.5616
-4.56376
-4.56608
-4.56858
-4.57126
-4.57414
-4.57723
-4.58054
-4.58409
-4.58789
-4.59197
-4.59635
-4.60106
-4.60614
-4.61161
-4.61752
-4.6239
-4.63082
-4.63834
-4.64653
-4.65549
-4.66536
-4.67629
-4.68847
-4.70214
-4.71755
-4.73496
-4.75456
-4.77645
-4.80053
-4.82642
-4.8539
-4.61963
-4.61989
-4.62013
-4.62057
-4.62113
-4.62181
-4.62261
-4.62353
-4.62457
-4.62576
-4.62707
-4.62853
-4.63013
-4.63188
-4.63377
-4.63581
-4.63801
-4.64037
-4.6429
-4.64561
-4.64851
-4.65161
-4.65493
-4.65849
-4.66229
-4.66637
-4.67076
-4.67547
-4.68055
-4.68603
-4.69195
-4.69836
-4.70533
-4.71292
-4.72124
-4.73041
-4.74058
-4.75195
-4.76473
-4.77921
-4.79563
-4.81423
-4.83515
-4.85833
-4.88343
-4.91031
-4.69211
-4.69235
-4.69259
-4.69305
-4.69361
-4.69429
-4.69508
-4.69598
-4.697
-4.69814
-4.69941
-4.70081
-4.70233
-4.70398
-4.70577
-4.70769
-4.70975
-4.71197
-4.71433
-4.71686
-4.71956
-4.72245
-4.72553
-4.72881
-4.73233
-4.7361
-4.74014
-4.74447
-4.74914
-4.75416
-4.75959
-4.76546
-4.77185
-4.77881
-4.78643
-4.79485
-4.80419
-4.81466
-4.82647
-4.83988
-4.85518
-4.8726
-4.89232
-4.91435
-4.93841
-4.96442
-4.76446
-4.76468
-4.76493
-4.76539
-4.76596
-4.76664
-4.76742
-4.76831
-4.7693
-4.77041
-4.77162
-4.77295
-4.77439
-4.77594
-4.77762
-4.77942
-4.78134
-4.7834
-4.78559
-4.78793
-4.79042
-4.79307
-4.79589
-4.7989
-4.80212
-4.80555
-4.80923
-4.81317
-4.8174
-4.82195
-4.82686
-4.83217
-4.83794
-4.84422
-4.85111
-4.85872
-4.86719
-4.87668
-4.88742
-4.89967
-4.91369
-4.92977
-4.9481
-4.96874
-4.99149
-5.01635
-4.83668
-4.83686
-4.83713
-4.83761
-4.83819
-4.83888
-4.83966
-4.84053
-4.84149
-4.84255
-4.84371
-4.84497
-4.84632
-4.84778
-4.84934
-4.85101
-4.85278
-4.85467
-4.85668
-4.85882
-4.86109
-4.8635
-4.86606
-4.86878
-4.87168
-4.87477
-4.87806
-4.88159
-4.88537
-4.88943
-4.8938
-4.89852
-4.90365
-4.90923
-4.91535
-4.92211
-4.92965
-4.93811
-4.94771
-4.95869
-4.97132
-4.98589
-5.00263
-5.02164
-5.04281
-5.06623
-4.90878
-4.90891
-4.9092
-4.90971
-4.91032
-4.91101
-4.91179
-4.91264
-4.91358
-4.9146
-4.9157
-4.91688
-4.91815
-4.9195
-4.92094
-4.92247
-4.9241
-4.92582
-4.92764
-4.92957
-4.93161
-4.93377
-4.93606
-4.93848
-4.94105
-4.94378
-4.94668
-4.94978
-4.95309
-4.95664
-4.96046
-4.96457
-4.96903
-4.97389
-4.97921
-4.9851
-4.99165
-4.99904
-5.00743
-5.01707
-5.02821
-5.04113
-5.05611
-5.07328
-5.09262
-5.1143
-4.98073
-4.98083
-4.98114
-4.9817
-4.98234
-4.98305
-4.98383
-4.98468
-4.98559
-4.98656
-4.98761
-4.98871
-4.98989
-4.99113
-4.99245
-4.99384
-4.99531
-4.99686
-4.99849
-5.0002
-5.00201
-5.00391
-5.00591
-5.00802
-5.01025
-5.01261
-5.01512
-5.01778
-5.02061
-5.02364
-5.02689
-5.03038
-5.03416
-5.03827
-5.04277
-5.04775
-5.0533
-5.05957
-5.06671
-5.07495
-5.08452
-5.0957
-5.10877
-5.12391
-5.14117
-5.16081
-5.05251
-5.05262
-5.05296
-5.0536
-5.05428
-5.05502
-5.05581
-5.05664
-5.05753
-5.05846
-5.05944
-5.06047
-5.06156
-5.06269
-5.06388
-5.06513
-5.06644
-5.0678
-5.06923
-5.07073
-5.0723
-5.07394
-5.07565
-5.07745
-5.07934
-5.08132
-5.08341
-5.08563
-5.08798
-5.09047
-5.09314
-5.096
-5.09909
-5.10243
-5.1061
-5.11016
-5.11469
-5.11981
-5.12568
-5.13247
-5.14042
-5.14979
-5.16084
-5.1738
-5.18878
-5.2061
-5.12407
-5.12428
-5.12468
-5.12543
-5.12617
-5.12694
-5.12774
-5.12857
-5.12943
-5.13032
-5.13124
-5.13219
-5.13317
-5.1342
-5.13526
-5.13636
-5.1375
-5.13869
-5.13992
-5.14119
-5.14252
-5.14389
-5.14531
-5.14679
-5.14833
-5.14993
-5.15161
-5.15337
-5.15523
-5.15719
-5.15928
-5.1615
-5.16388
-5.16647
-5.1693
-5.17242
-5.17592
-5.17989
-5.18447
-5.18981
-5.19611
-5.20361
-5.21259
-5.22327
-5.23579
-5.25055
-5.19537
-5.19587
-5.19631
-5.19725
-5.19804
-5.19884
-5.19965
-5.20048
-5.20131
-5.20215
-5.20301
-5.20388
-5.20476
-5.20567
-5.2066
-5.20755
-5.20853
-5.20953
-5.21056
-5.21161
-5.21269
-5.21379
-5.21492
-5.21608
-5.21726
-5.21849
-5.21975
-5.22106
-5.22242
-5.22385
-5.22535
-5.22694
-5.22863
-5.23045
-5.23244
-5.23464
-5.23711
-5.23994
-5.24322
-5.24711
-5.25177
-5.25741
-5.26428
-5.27261
-5.28258
-5.2946
-5.26647
-5.2675
-5.26788
-5.26909
-5.26993
-5.27076
-5.27158
-5.27239
-5.27319
-5.27399
-5.27477
-5.27556
-5.27634
-5.27713
-5.27792
-5.27872
-5.27953
-5.28035
-5.28117
-5.282
-5.28283
-5.28367
-5.28451
-5.28534
-5.28618
-5.28703
-5.28788
-5.28874
-5.28961
-5.29051
-5.29143
-5.29239
-5.29339
-5.29446
-5.29562
-5.29691
-5.29837
-5.30007
-5.30209
-5.30454
-5.30758
-5.31139
-5.31617
-5.32216
-5.32953
-5.3387
-5.33746
-5.33934
-5.33942
-5.34093
-5.34188
-5.34272
-5.34355
-5.34435
-5.34511
-5.34585
-5.34656
-5.34725
-5.34793
-5.34859
-5.34925
-5.3499
-5.35054
-5.35117
-5.35179
-5.35239
-5.35298
-5.35355
-5.3541
-5.35463
-5.35512
-5.35559
-5.35603
-5.35645
-5.35684
-5.35722
-5.35757
-5.35791
-5.35825
-5.35858
-5.35894
-5.35934
-5.35982
-5.36042
-5.36121
-5.36228
-5.36376
-5.36578
-5.36854
-5.37224
-5.37704
-5.38333
-5.40796
-5.41143
-5.41107
-5.41289
-5.41393
-5.41479
-5.4156
-5.41637
-5.41709
-5.41775
-5.41838
-5.41897
-5.41954
-5.42007
-5.42059
-5.42108
-5.42155
-5.422
-5.42242
-5.42281
-5.42316
-5.42347
-5.42373
-5.42395
-5.42411
-5.42421
-5.42426
-5.42424
-5.42417
-5.42403
-5.42384
-5.42358
-5.42327
-5.4229
-5.42248
-5.42203
-5.42157
-5.42112
-5.42075
-5.4205
-5.42049
-5.42082
-5.42165
-5.42315
-5.42547
-5.42896
-5.47686
-5.4838
-5.48292
-5.48507
-5.48619
-5.48702
-5.48779
-5.4885
-5.48915
-5.48973
-5.49026
-5.49074
-5.49119
-5.49159
-5.49196
-5.4923
-5.4926
-5.49287
-5.49309
-5.49326
-5.49338
-5.49343
-5.49342
-5.49334
-5.49318
-5.49293
-5.4926
-5.49217
-5.49164
-5.49101
-5.49029
-5.48946
-5.48852
-5.48748
-5.48633
-5.48508
-5.48374
-5.48232
-5.48085
-5.47938
-5.47798
-5.47674
-5.47577
-5.47523
-5.47522
-5.47605
-5.54347
-5.55688
-5.55537
-5.55766
-5.55878
-5.5595
-5.56017
-5.56079
-5.56134
-5.56182
-5.56223
-5.56259
-5.56291
-5.56317
-5.5634
-5.56358
-5.56371
-5.5638
-5.56382
-5.56379
-5.56368
-5.56349
-5.56322
-5.56285
-5.56238
-5.5618
-5.5611
-5.56027
-5.55931
-5.55822
-5.55699
-5.55561
-5.55409
-5.55241
-5.55058
-5.54859
-5.54643
-5.54412
-5.54166
-5.53908
-5.53643
-5.53377
-5.53118
-5.52879
-5.52667
-5.52507
-5.61061
-5.63126
-5.62888
-5.6307
-5.63169
-5.63226
-5.63278
-5.63326
-5.63366
-5.634
-5.63428
-5.63451
-5.63469
-5.63481
-5.63489
-5.63492
-5.63489
-5.63479
-5.63463
-5.63439
-5.63407
-5.63365
-5.63312
-5.63249
-5.63172
-5.63082
-5.62978
-5.62858
-5.62722
-5.62569
-5.62399
-5.6221
-5.62003
-5.61776
-5.61529
-5.61262
-5.60974
-5.60664
-5.60331
-5.59977
-5.59604
-5.59215
-5.58817
-5.58418
-5.58022
-5.57652
-5.68057
-5.71157
-5.70583
-5.70451
-5.70481
-5.70517
-5.70545
-5.70571
-5.70593
-5.7061
-5.70622
-5.70631
-5.70634
-5.70633
-5.70627
-5.70614
-5.70595
-5.70569
-5.70536
-5.70493
-5.7044
-5.70377
-5.70301
-5.70213
-5.7011
-5.69991
-5.69856
-5.69703
-5.6953
-5.69338
-5.69125
-5.6889
-5.68633
-5.68354
-5.68051
-5.67724
-5.67373
-5.66996
-5.66593
-5.66163
-5.65706
-5.65224
-5.64719
-5.64197
-5.63659
-5.63119
-5.73625
-5.81523
-5.79454
-5.78123
-5.77881
-5.77848
-5.77832
-5.77823
-5.77819
-5.77817
-5.77813
-5.77806
-5.77796
-5.77781
-5.7776
-5.77734
-5.777
-5.77658
-5.77608
-5.77548
-5.77477
-5.77393
-5.77297
-5.77186
-5.77059
-5.76915
-5.76752
-5.76569
-5.76364
-5.76137
-5.75887
-5.75611
-5.75311
-5.74984
-5.74632
-5.74253
-5.73847
-5.73415
-5.72955
-5.72468
-5.71954
-5.71413
-5.70844
-5.70252
-5.69634
-5.69003
-5.73948
-5.95542
-5.89332
-5.86286
-5.85677
-5.85479
-5.85374
-5.85315
-5.85279
-5.85252
-5.85228
-5.85203
-5.85176
-5.85145
-5.85108
-5.85064
-5.85012
-5.84952
-5.84882
-5.84801
-5.84708
-5.84602
-5.84481
-5.84343
-5.84188
-5.84014
-5.83819
-5.83601
-5.83359
-5.83091
-5.82796
-5.82473
-5.8212
-5.81737
-5.81323
-5.80879
-5.80405
-5.79901
-5.79368
-5.78809
-5.78224
-5.77615
-5.76985
-5.76336
-5.7567
-5.75001
318.443
316.549
320.129
320.837
320.896
320.833
320.786
320.658
326.983
313.42
314.781
320.805
320.961
320.909
320.895
320.883
306.151
297.86
300.338
316.327
320.955
321.119
321.112
321.078
276.637
276.343
278.843
292.338
311.738
319.892
320.876
321.007
242.785
247.563
252.27
258.534
271.139
290.764
308.591
318.117
202.626
209.533
216.819
223.834
230.518
238.69
251.187
269.122
157.74
165.256
173.299
181.51
189.398
196.354
202.484
209.007
110.028
117.554
125.469
133.499
141.593
149.641
157.267
163.716
60.6371
68.3014
75.9945
83.5081
91.0463
98.8546
106.847
114.274
9.47635
15.8097
22.9367
29.7716
36.8419
45.0669
54.0976
62.0449
-14.4887
-15.4085
-15.0156
-15.219
-14.8219
-9.59195
1.03265
11.139
-3.07316
-3.18317
-3.74553
-6.51927
-10.8184
-13.8126
-8.60508
-3.32388
-1.114
-1.16297
-1.23943
-1.56121
-1.94204
-1.79113
-0.578614
0.13196
-0.616793
-0.594444
-0.577787
-0.570536
-0.561693
-0.557341
-0.618901
-0.876247
-0.86409
-0.882752
-0.887979
-0.880452
-0.845576
-0.776899
-0.723804
-0.730413
-0.915898
-0.918762
-0.919242
-0.917962
-0.911957
-0.900558
-0.893623
-0.895926
-0.975968
-0.977524
-0.976914
-0.975264
-0.972402
-0.968852
-0.967031
-0.970282
-1.04396
-1.04461
-1.04316
-1.04115
-1.03858
-1.03534
-1.03204
-1.03123
-1.11341
-1.11294
-1.11062
-1.10804
-1.10515
-1.10159
-1.09741
-1.09457
-1.18443
-1.18318
-1.18016
-1.17697
-1.17353
-1.16938
-1.16445
-1.16062
-1.2572
-1.25545
-1.25193
-1.24825
-1.2443
-1.23963
-1.23412
-1.22967
-1.33165
-1.32959
-1.32578
-1.32182
-1.31758
-1.31262
-1.30683
-1.30209
-1.4077
-1.40552
-1.40166
-1.39764
-1.39338
-1.38842
-1.38268
-1.37796
-1.48539
-1.48329
-1.4796
-1.47578
-1.47174
-1.46705
-1.46164
-1.45724
-1.56471
-1.5629
-1.55962
-1.55622
-1.55263
-1.54845
-1.54362
-1.53976
-1.64561
-1.64424
-1.64154
-1.63877
-1.63584
-1.63238
-1.62834
-1.62522
-1.72814
-1.72733
-1.72535
-1.72333
-1.7212
-1.71862
-1.71554
-1.71332
-1.81232
-1.81217
-1.81099
-1.80982
-1.80858
-1.80698
-1.80497
-1.80375
-1.89811
-1.8987
-1.8984
-1.89813
-1.89785
-1.8973
-1.89641
-1.89627
-1.98533
-1.98676
-1.9874
-1.98811
-1.98884
-1.98936
-1.98964
-1.9906
-2.07376
-2.07608
-2.07773
-2.07947
-2.08125
-2.08289
-2.08436
-2.08646
-2.16314
-2.16639
-2.1691
-2.17191
-2.17478
-2.17758
-2.18026
-2.18352
-2.25323
-2.25744
-2.26122
-2.26511
-2.26911
-2.27307
-2.27698
-2.28139
-2.34384
-2.34899
-2.35383
-2.3588
-2.3639
-2.36902
-2.37413
-2.37968
-2.43473
-2.4408
-2.44666
-2.45269
-2.45886
-2.4651
-2.47137
-2.47799
-2.5257
-2.53263
-2.53946
-2.54647
-2.55365
-2.56092
-2.56827
-2.5759
-2.61653
-2.62425
-2.63196
-2.63987
-2.64796
-2.65617
-2.66448
-2.67299
-2.70695
-2.71538
-2.72387
-2.73257
-2.74145
-2.75047
-2.7596
-2.76884
-2.79675
-2.80577
-2.81493
-2.82429
-2.83382
-2.84349
-2.85327
-2.86308
-2.88569
-2.89522
-2.90491
-2.91479
-2.92482
-2.93498
-2.94523
-2.95542
-2.97361
-2.98351
-2.99362
-3.00388
-3.01426
-3.02474
-3.03528
-3.04564
-3.06039
-3.07058
-3.08097
-3.09148
-3.10207
-3.11269
-3.12333
-3.13369
-3.14599
-3.15637
-3.16695
-3.17759
-3.18824
-3.19887
-3.20942
-3.21959
-3.23043
-3.24093
-3.25161
-3.26229
-3.27289
-3.28338
-3.29371
-3.30353
-3.31381
-3.32439
-3.3351
-3.34574
-3.3562
-3.36645
-3.37642
-3.38577
-3.39626
-3.40689
-3.41761
-3.42815
-3.43842
-3.44835
-3.45786
-3.46663
-3.47793
-3.48862
-3.49933
-3.50977
-3.5198
-3.52936
-3.53836
-3.5465
-3.55899
-3.56976
-3.58047
-3.59081
-3.60061
-3.60979
-3.61825
-3.62575
-3.63957
-3.65046
-3.66122
-3.67148
-3.68107
-3.68988
-3.69782
-3.70472
-3.71978
-3.73085
-3.74171
-3.75194
-3.76136
-3.76985
-3.77734
-3.78372
-3.79968
-3.81099
-3.822
-3.83228
-3.8416
-3.84986
-3.85701
-3.863
-3.87927
-3.89088
-3.90213
-3.91251
-3.92183
-3.92998
-3.93692
-3.9427
-3.95849
-3.97047
-3.98201
-3.9926
-4.00202
-4.01018
-4.0171
-4.02288
-4.03725
-4.04965
-4.06156
-4.07242
-4.08206
-4.0904
-4.0975
-4.10352
-4.11538
-4.12825
-4.14059
-4.15183
-4.16179
-4.17047
-4.17797
-4.18446
-4.19271
-4.20608
-4.21891
-4.2306
-4.24101
-4.25019
-4.25829
-4.2655
-4.26903
-4.28294
-4.29631
-4.30852
-4.31948
-4.32931
-4.33821
-4.34634
-4.34413
-4.35858
-4.37253
-4.38532
-4.39693
-4.40753
-4.41739
-4.42662
-4.41779
-4.4328
-4.44734
-4.46076
-4.47308
-4.48455
-4.49548
-4.50593
-4.48983
-4.50539
-4.52054
-4.5346
-4.54766
-4.56004
-4.5721
-4.58382
-4.56006
-4.57616
-4.59189
-4.60659
-4.62039
-4.63367
-4.64684
-4.65981
-4.62829
-4.64488
-4.66117
-4.67648
-4.69097
-4.70509
-4.7193
-4.73341
-4.69433
-4.71136
-4.72817
-4.74402
-4.75913
-4.77399
-4.78908
-4.80414
-4.75806
-4.77546
-4.7927
-4.80901
-4.82462
-4.84006
-4.85586
-4.87164
-4.81935
-4.83704
-4.85462
-4.87128
-4.88724
-4.90309
-4.91934
-4.93558
-4.87815
-4.89602
-4.91384
-4.93073
-4.94688
-4.96291
-4.97935
-4.99572
-4.93443
-4.95237
-4.97032
-4.98731
-5.00351
-5.01949
-5.03582
-5.05201
-4.98822
-5.0061
-5.02406
-5.04106
-5.05716
-5.07292
-5.08889
-5.10459
-5.03958
-5.05725
-5.07509
-5.09199
-5.10791
-5.12333
-5.13875
-5.15373
-5.08863
-5.1059
-5.12347
-5.14016
-5.15581
-5.1708
-5.18556
-5.19966
-5.13554
-5.15219
-5.16931
-5.18564
-5.20095
-5.21545
-5.22947
-5.24263
-5.18058
-5.19636
-5.2128
-5.22862
-5.24349
-5.25747
-5.27076
-5.28295
-5.22406
-5.23869
-5.25419
-5.26932
-5.28364
-5.29709
-5.3097
-5.32098
-5.26637
-5.27957
-5.29383
-5.30799
-5.3216
-5.33448
-5.34649
-5.35701
-5.30798
-5.31947
-5.33217
-5.34505
-5.3577
-5.36987
-5.38128
-5.39117
-5.34944
-5.359
-5.36984
-5.38111
-5.39246
-5.40364
-5.41431
-5.42359
-5.39135
-5.39884
-5.40761
-5.41697
-5.42666
-5.4365
-5.44614
-5.45464
-5.43429
-5.43971
-5.44632
-5.45357
-5.46131
-5.46944
-5.47766
-5.48506
-5.47886
-5.48229
-5.48675
-5.49183
-5.49745
-5.5036
-5.51004
-5.51594
-5.52561
-5.52723
-5.52968
-5.53264
-5.53612
-5.54014
-5.54455
-5.54859
-5.57509
-5.57513
-5.57578
-5.57682
-5.57826
-5.58018
-5.58249
-5.58448
-5.62797
-5.6266
-5.6257
-5.62506
-5.62472
-5.62477
-5.62517
-5.62533
-5.68582
-5.68347
-5.68139
-5.67947
-5.67776
-5.67633
-5.67516
-5.67372
-5.74559
-5.74279
-5.73999
-5.73721
-5.73445
-5.73167
-5.72879
-5.72548
320.783
320.728
320.629
320.517
320.393
320.255
320.1
319.935
319.77
319.615
319.468
319.321
319.168
319.01
318.856
318.741
318.679
318.653
318.641
318.636
318.638
318.649
318.672
318.702
318.741
318.781
318.833
318.932
319.122
319.362
319.581
319.761
319.926
320.085
320.269
320.489
320.634
320.583
320.854
320.71
320.588
320.468
320.346
320.206
320.042
319.867
319.695
319.547
319.407
319.264
319.108
318.937
318.759
318.633
318.589
318.581
318.572
318.561
318.556
318.561
318.574
318.603
318.636
318.657
318.666
318.715
318.93
319.246
319.475
319.595
319.745
319.88
320.033
320.246
320.453
320.47
320.963
320.741
320.585
320.449
320.333
320.192
320.018
319.831
319.65
319.513
319.384
319.241
319.08
318.893
318.662
318.426
318.384
318.459
318.456
318.445
318.456
318.499
318.557
318.617
318.681
318.691
318.631
318.619
319.151
319.525
319.526
319.481
319.614
319.7
319.811
319.983
320.233
320.407
321.008
320.817
320.635
320.465
320.314
320.162
320.02
319.849
319.644
319.419
319.314
319.161
318.961
318.757
318.546
317.572
314.409
312.173
311.482
310.975
309.945
307.914
305.911
306.361
308.897
313.248
315.983
317.012
318.592
319.489
319.399
319.667
319.626
319.573
319.605
319.726
319.914
320.354
320.33
320.329
320.308
320.221
319.48
319.377
319.68
319.495
319.202
317.363
310.906
306.214
305.107
303.847
301.006
293.97
287.038
284.37
283.64
283.774
284.741
286.507
289.522
293.358
297.586
302.068
305.686
309.351
312.169
314.304
317.449
319.878
319.809
319.722
319.483
319.461
319.322
320.309
294.961
307.499
307.957
301.866
294.772
293.392
295.733
297.525
294.662
284.327
273.667
268.033
264.465
261.101
257.896
253.938
250.808
249.799
250.06
251.406
253.953
257.695
262.878
269.868
277.827
287.562
297.851
307.982
316.744
321.894
322.31
320.024
319.746
321.016
319.797
319.398
318.409
320.397
223.544
242.035
249.791
250.626
248.272
245.486
242.801
240.726
238.026
233.755
229.026
225.345
221.856
218.657
216.175
214.186
212.775
212.421
213.35
215.621
219.306
224.486
231.349
239.977
251.447
264.452
278.449
292.903
307.334
320.991
332.612
339.781
338.465
329.636
325.188
321.221
318.177
320.804
172.332
184.274
193.666
198.852
199.959
198.518
196.047
193.579
191.448
189.176
186.205
182.982
179.95
177.3
175.134
173.461
172.565
172.909
174.665
177.897
182.765
189.485
198.313
209.491
223.287
239.157
256.576
274.984
293.842
312.48
330.017
345.604
358.22
364.359
358.068
339.208
321.634
324.426
124.427
134.829
142.977
147.851
149.584
149.744
149.185
147.976
146.16
143.728
140.899
138.213
135.856
133.8
132.159
131.194
131.237
132.521
135.141
139.262
145.204
153.289
163.831
177.144
193.387
212.301
233.391
255.944
279.166
302.265
324.587
345.847
365.812
383.72
395.933
384.245
345.984
342.947
71.8704
80.7427
88.2116
93.1622
95.8257
97.6175
98.7276
98.689
97.5985
95.8801
94.0575
92.4197
90.9164
89.502
88.438
88.242
89.2625
91.497
94.9235
99.7934
106.623
115.849
127.847
143.065
161.723
183.632
208.257
234.806
262.524
290.468
317.774
344.161
369.836
395.278
420.144
438.69
439.681
462.468
21.7867
27.2117
33.2676
37.7219
40.6793
44.0532
47.1707
48.493
48.2562
47.4193
46.849
46.6384
46.4051
45.945
45.6238
46.3045
48.391
51.4867
55.2524
59.9846
66.6769
75.9117
88.3973
105.558
128.003
153.943
182.602
212.509
243.633
275.826
308.054
339.699
371.244
404.143
440.7
486.632
561.888
639.185
-3.45899
-6.17883
-4.55973
-3.22144
-2.25266
1.09597
5.37686
7.64361
8.19037
8.37246
9.34132
11.0336
12.6236
13.6615
14.4358
15.794
18.0522
20.5641
22.6721
24.5582
27.6713
32.5483
40.1928
53.6563
75.9279
106.944
147.685
188.889
224.626
259.159
294.315
330.314
367.221
406.612
451.568
510.205
614.101
707.57
-1.93319
-3.05116
-2.63857
-2.88456
-3.23148
-2.35524
-0.609027
0.556718
1.07066
1.35032
1.75088
2.40141
2.74192
2.43594
1.86628
1.64517
1.8101
2.03795
2.13129
2.17665
2.56802
3.31677
4.68931
7.71699
14.201
28.3074
65.2275
126.854
190.999
240.35
277.403
314.884
355.273
399.054
447.384
505.727
601.109
680.916
-1.1668
-1.23193
-1.18738
-1.20999
-1.25792
-1.35566
-1.47837
-1.41658
-1.23775
-1.0336
-0.909413
-0.806436
-0.711107
-0.618006
-0.516591
-0.400197
-0.270298
-0.129842
0.0223234
0.182719
0.345698
0.530058
0.735441
0.965506
1.3177
1.93264
5.96102
26.9361
95.1159
186.292
251.569
293.456
334.991
381.385
430.106
481.53
551.466
606.783
-0.770212
-0.76898
-0.75309
-0.74558
-0.746502
-0.782597
-0.847831
-0.847565
-0.763384
-0.66072
-0.589987
-0.531982
-0.470538
-0.404281
-0.332953
-0.255867
-0.172047
-0.0805671
0.0193577
0.127118
0.241227
0.362208
0.489108
0.619723
0.753258
0.888675
1.39711
3.06707
15.5496
81.8179
188.112
260.016
307.071
356.169
405.441
449.111
484.859
507.972
-0.900516
-0.911539
-0.908465
-0.899554
-0.881464
-0.84199
-0.805576
-0.786624
-0.764477
-0.738034
-0.691932
-0.630603
-0.560789
-0.484753
-0.402466
-0.31341
-0.217405
-0.114574
-0.00488925
0.111959
0.23616
0.368829
0.51136
0.666036
0.837046
1.00416
1.16683
1.44293
2.8536
17.4627
91.1902
202.48
270.717
326.82
379.691
422.349
437.533
449.103
-0.983258
-0.997474
-0.996513
-0.987039
-0.968908
-0.936923
-0.902257
-0.873197
-0.840704
-0.800254
-0.745981
-0.680553
-0.607402
-0.527707
-0.44151
-0.348687
-0.249349
-0.143725
-0.0318249
0.0865656
0.21202
0.346143
0.490914
0.649924
0.830699
1.03409
1.26151
1.51522
1.51259
3.92994
26.8013
133.309
225.775
294.844
354.79
404.692
414.385
423.65
-1.03775
-1.04692
-1.04492
-1.0346
-1.017
-0.991235
-0.960676
-0.926742
-0.886098
-0.837349
-0.779449
-0.713126
-0.639482
-0.559215
-0.472706
-0.380217
-0.282027
-0.178341
-0.0691322
0.0458496
0.167214
0.296154
0.434104
0.583292
0.748004
0.93373
1.1534
1.38099
1.33242
1.95559
7.32624
64.3283
175.448
260.447
330.479
390.587
405.852
413.187
-1.09638
-1.10209
-1.09916
-1.08814
-1.07009
-1.04492
-1.0138
-0.977144
-0.933674
-0.882607
-0.823506
-0.75662
-0.682613
-0.602171
-0.515859
-0.424154
-0.327452
-0.225982
-0.119736
-0.00848021
0.108213
0.230934
0.360207
0.496472
0.639836
0.789157
0.946968
1.10021
1.08883
0.959072
2.6693
27.8129
130.029
222.944
302.928
378.232
402.734
410.209
-1.1606
-1.16466
-1.16104
-1.14957
-1.13119
-1.10587
-1.07406
-1.03601
-0.991127
-0.938881
-0.879002
-0.811739
-0.737672
-0.657466
-0.57177
-0.481179
-0.386169
-0.287023
-0.183797
-0.0763815
0.0353672
0.151461
0.271543
0.394673
0.518656
0.638746
0.750988
0.850711
0.855682
0.652696
1.35866
9.8224
87.0923
180.466
266.561
349.329
385.133
403.594
-1.22874
-1.23184
-1.22775
-1.21611
-1.19775
-1.1726
-1.14072
-1.10217
-1.05668
-1.00393
-0.943882
-0.876804
-0.803236
-0.723844
-0.639329
-0.550357
-0.457464
-0.36099
-0.261078
-0.157785
-0.0512627
0.0580141
0.169018
0.279949
0.387775
0.487492
0.57374
0.643
0.663023
0.570314
0.739334
3.5922
45.6701
130.87
214.106
286.935
333.294
369.265
-1.30067
-1.30325
-1.29902
-1.28756
-1.26959
-1.24494
-1.21348
-1.17517
-1.12985
-1.07739
-1.01787
-0.951595
-0.879102
-0.801075
-0.718258
-0.631365
-0.54097
-0.447455
-0.351036
-0.251924
-0.150535
-0.0476971
0.0551516
0.1558
0.251034
0.336465
0.407622
0.462079
0.494297
0.474574
0.399865
1.06478
13.5194
77.1016
159.448
229.857
268.543
310.368
-1.37646
-1.37892
-1.37493
-1.36402
-1.3468
-1.32304
-1.29248
-1.25504
-1.2106
-1.15915
-1.1008
-1.03591
-0.965029
-0.888861
-0.808183
-0.723736
-0.636114
-0.545711
-0.452784
-0.357647
-0.260899
-0.163609
-0.0674051
0.0254179
0.111804
0.188025
0.250599
0.297671
0.328643
0.327351
0.232396
0.375153
2.24767
29.2199
102.997
181.357
225.171
254.445
-1.456
-1.4587
-1.45531
-1.44531
-1.42921
-1.40674
-1.37756
-1.34155
-1.29862
-1.24878
-1.1922
-1.12925
-1.06048
-0.986616
-0.908449
-0.826734
-0.742063
-0.654812
-0.565231
-0.473675
-0.380839
-0.287901
-0.196548
-0.108976
-0.0279032
0.0435749
0.102709
0.148169
0.180169
0.196397
0.161762
0.0856626
0.302248
4.33362
45.3978
128.762
184.168
216.455
-1.53906
-1.54232
-1.53985
-1.5311
-1.51649
-1.49568
-1.46833
-1.43425
-1.39337
-1.34571
-1.29145
-1.23094
-1.16475
-1.0936
-1.01827
-0.939509
-0.857889
-0.773743
-0.687275
-0.598813
-0.509051
-0.419178
-0.330832
-0.246043
-0.167174
-0.0967428
-0.0369447
0.0113111
0.0483251
0.0760059
0.0922413
0.0727041
0.0171349
0.316723
7.42147
63.2136
141.134
195.243
-1.62534
-1.62944
-1.62817
-1.62097
-1.60816
-1.58938
-1.56425
-1.53256
-1.49422
-1.44924
-1.39779
-1.34021
-1.27705
-1.20899
-1.1368
-1.0612
-0.98271
-0.9016
-0.817992
-0.732128
-0.644624
-0.556585
-0.469513
-0.385248
-0.305884
-0.233525
-0.170008
-0.116335
-0.0726079
-0.0384452
-0.008501
0.0225211
0.00129916
-0.0623425
1.0213
13.4583
102.735
191.296
-1.71446
-1.71964
-1.71984
-1.71446
-1.70375
-1.68732
-1.66476
-1.63586
-1.60049
-1.55864
-1.51046
-1.45625
-1.39653
-1.33194
-1.26321
-1.191
-1.11577
-1.03769
-0.956776
-0.873116
-0.787189
-0.699925
-0.61261
-0.526855
-0.444572
-0.367705
-0.297979
-0.236921
-0.185922
-0.147099
-0.121883
-0.107186
-0.127776
-0.214602
0.0249004
1.79981
96.999
224.907
-1.80609
-1.81257
-1.81443
-1.81111
-1.80275
-1.78895
-1.76928
-1.7435
-1.71147
-1.67315
-1.62865
-1.57824
-1.52236
-1.46162
-1.39669
-1.32818
-1.25646
-1.18159
-1.1034
-1.0218
-0.937022
-0.849738
-0.760941
-0.671928
-0.584445
-0.500482
-0.421891
-0.350734
-0.289697
-0.242143
-0.211945
-0.197817
-0.195744
-0.242374
-0.182454
1.94185
130.85
293.893
-1.89992
-1.90785
-1.91156
-1.91048
-1.90468
-1.89372
-1.8772
-1.85483
-1.82647
-1.79203
-1.75158
-1.70534
-1.65371
-1.59722
-1.53651
-1.47212
-1.40435
-1.33313
-1.25806
-1.17875
-1.09509
-1.00737
-0.916173
-0.822368
-0.727477
-0.63363
-0.543075
-0.458416
-0.383289
-0.32194
-0.279273
-0.257797
-0.239838
-0.158625
0.580228
10.6821
198.411
379.994
-1.99566
-2.00516
-2.01084
-2.01213
-2.00903
-2.00109
-1.9879
-1.96918
-1.94473
-1.91447
-1.8784
-1.83671
-1.78973
-1.73795
-1.68198
-1.62233
-1.55922
-1.49244
-1.42135
-1.34512
-1.26312
-1.17505
-1.0809
-0.980977
-0.876472
-0.769706
-0.663592
-0.561539
-0.468408
-0.390829
-0.33985
-0.326326
-0.263863
0.185088
4.36639
60.1287
270.828
451.614
-2.09297
-2.10413
-2.11184
-2.11558
-2.11526
-2.11043
-2.1007
-2.08577
-2.06544
-2.03959
-2.00821
-1.97142
-1.92953
-1.88302
-1.83247
-1.77839
-1.72099
-1.65993
-1.59425
-1.52259
-1.44354
-1.35592
-1.25878
-1.15157
-1.0351
-0.912054
-0.786218
-0.662242
-0.546979
-0.450964
-0.39365
-0.385971
-0.219277
0.67704
28.2848
141.104
304.396
463.618
-2.1915
-2.20435
-2.21411
-2.2203
-2.22276
-2.22108
-2.21485
-2.2038
-2.1877
-2.16644
-2.13998
-2.10845
-2.07215
-2.03157
-1.98732
-1.93995
-1.88971
-1.83617
-1.77806
-1.71332
-1.6395
-1.55409
-1.45466
-1.33925
-1.20811
-1.06489
-0.914898
-0.764181
-0.621174
-0.497459
-0.407383
-0.317328
0.0867877
8.32041
69.1911
171.048
272.857
402.26
-2.29085
-2.30537
-2.31713
-2.32571
-2.3309
-2.33229
-2.32953
-2.32233
-2.31052
-2.29395
-2.27263
-2.24669
-2.2165
-2.18262
-2.14574
-2.10656
-2.0654
-2.02182
-1.97422
-1.9198
-1.85474
-1.77468
-1.67488
-1.55076
-1.40163
-1.23379
-1.05574
-0.87403
-0.695586
-0.530238
-0.408828
-0.384239
-2.14271
18.2776
61.8949
123.198
173.289
286.684
-2.39059
-2.4067
-2.42036
-2.43119
-2.43896
-2.44328
-2.44384
-2.44041
-2.43282
-2.42098
-2.40492
-2.38488
-2.36133
-2.33498
-2.30675
-2.27752
-2.24783
-2.2173
-2.1841
-2.14464
-2.09351
-2.02398
-1.92775
-1.79515
-1.62345
-1.42571
-1.21613
-0.995293
-0.766667
-0.570929
-0.522392
-2.94579
-0.0987074
14.3621
26.1167
32.7627
45.1332
120.014
-2.49027
-2.50784
-2.52322
-2.53609
-2.5462
-2.55322
-2.55689
-2.55703
-2.55351
-2.54631
-2.53554
-2.5216
-2.50516
-2.4872
-2.46895
-2.45166
-2.43622
-2.42249
-2.4086
-2.39027
-2.36043
-2.30968
-2.2245
-2.08518
-1.88364
-1.64812
-1.4022
-1.12167
-0.849734
-0.764995
-3.75126
-4.71556
1.38231
8.5413
4.4438
5.13585
6.56523
19.9728
-2.58941
-2.60825
-2.62511
-2.63972
-2.65186
-2.66126
-2.66773
-2.67115
-2.67146
-2.66869
-2.6631
-2.6553
-2.64632
-2.63748
-2.63047
-2.62713
-2.62893
-2.63627
-2.64762
-2.65845
-2.66027
-2.64119
-2.5814
-2.44124
-2.19595
-1.90426
-1.61138
-1.23582
-1.11842
-5.15386
-7.09937
-3.02305
1.63651
0.401181
-1.75156
-0.704302
-1.32392
4.66554
-2.68755
-2.70739
-2.72542
-2.74142
-2.7552
-2.76658
-2.77544
-2.78176
-2.78554
-2.78687
-2.78619
-2.78439
-2.78293
-2.78366
-2.78888
-2.80125
-2.82316
-2.85605
-2.89946
-2.94947
-2.99717
-3.02965
-3.02366
-2.89987
-2.57479
-2.16514
-1.74449
-1.60042
-6.92799
-8.68723
-4.84339
-0.40225
-1.24596
-2.43128
-2.56605
-1.77301
-2.10965
1.57143
-2.78423
-2.80475
-2.82357
-2.84055
-2.85552
-2.8684
-2.87918
-2.8879
-2.89475
-2.89988
-2.90383
-2.90766
-2.91328
-2.92337
-2.9412
-2.97043
-3.01477
-3.07736
-3.15995
-3.2609
-3.37271
-3.48591
-3.58936
-3.5288
-2.99448
-2.39917
-2.08292
-8.11456
-10.5374
-6.0459
-1.66556
-1.22281
-2.87585
-2.87898
-2.84448
-2.3852
-2.49801
1.66395
-2.87904
-2.89988
-2.91909
-2.93658
-2.95222
-2.96605
-2.97832
-2.98908
-2.99851
-3.00694
-3.01494
-3.0236
-3.03525
-3.0539
-3.08401
-3.13034
-3.19827
-3.29353
-3.42163
-3.5858
-3.78346
-4.01402
-4.32484
-4.42571
-3.32021
-2.75621
-6.84004
-13.3403
-7.89999
-2.21991
-0.497427
-2.90598
-3.00022
-3.02648
-3.05283
-2.89709
-2.91013
4.25421
-2.97165
-2.99242
-3.01157
-3.02907
-3.04485
-3.05924
-3.07252
-3.08477
-3.09611
-3.10697
-3.11808
-3.13011
-3.14624
-3.17228
-3.21373
-3.27621
-3.36719
-3.49573
-3.6727
-3.90952
-4.21486
-4.61307
-5.29687
-5.89931
-4.18234
-3.75847
-15.1141
-11.7478
-2.92098
0.640126
-2.75627
-3.04326
-3.02825
-3.06936
-3.16874
-3.20683
-3.19744
10.159
-3.06185
-3.08216
-3.10079
-3.11779
-3.13327
-3.14774
-3.16138
-3.17424
-3.18655
-3.19896
-3.21243
-3.22679
-3.24527
-3.27633
-3.32712
-3.4036
-3.51495
-3.67383
-3.89702
-4.20596
-4.62842
-5.22333
-6.26012
-6.99039
-8.91933
-7.06683
-10.8611
-3.72438
0.690261
-2.91543
-3.21518
-3.08233
-3.00525
-2.99392
-3.06929
-3.06526
-3.05975
18.3395
-3.14958
-3.16904
-3.18672
-3.20272
-3.2174
-3.23127
-3.24445
-3.25706
-3.2695
-3.28253
-3.29714
-3.31342
-3.33498
-3.3682
-3.42294
-3.50935
-3.63637
-3.81887
-4.07823
-4.44347
-4.95524
-5.67762
-6.85703
-7.7848
-11.1023
-6.82985
3.38019
2.18038
-4.23028
-3.66494
-3.32698
-3.1055
-2.91633
-2.78
-2.75628
-2.55093
-2.5218
14.9018
-3.2349
-3.25318
-3.26953
-3.28414
-3.29736
-3.30978
-3.32181
-3.33356
-3.34537
-3.35788
-3.37178
-3.38955
-3.41413
-3.44877
-3.50332
-3.59304
-3.72919
-3.92593
-4.20598
-4.60062
-5.15064
-5.90316
-6.94157
-8.07696
-8.78196
-6.37987
-5.44552
-4.842
-4.26501
-3.85807
-3.43584
-3.07584
-2.77279
-2.50864
-2.32261
-1.84937
-3.30331
1.53754
-3.31803
-3.33486
-3.34958
-3.36243
-3.37362
-3.38402
-3.39435
-3.4046
-3.4149
-3.42576
-3.43784
-3.45472
-3.47939
-3.51542
-3.56968
-3.65706
-3.79514
-3.99642
-4.28097
-4.67578
-5.21238
-5.91776
-6.74711
-7.77754
-7.9016
-6.92404
-5.78435
-5.11475
-4.50527
-3.93851
-3.43327
-3.00886
-2.63501
-2.28232
-1.97068
-1.45451
-2.38507
-0.302631
-3.39929
-3.41447
-3.4273
-3.43805
-3.44702
-3.45517
-3.46321
-3.47118
-3.47911
-3.48742
-3.4969
-3.51005
-3.53257
-3.56827
-3.62327
-3.70769
-3.84058
-4.03872
-4.31588
-4.69072
-5.18343
-5.80507
-6.47655
-7.13038
-7.16734
-6.66314
-5.86233
-5.15834
-4.54137
-3.96656
-3.43868
-2.97613
-2.56404
-2.17392
-1.80051
-1.3898
-1.53633
-1.08406
-3.47906
-3.4925
-3.50329
-3.51187
-3.51858
-3.52423
-3.52948
-3.53443
-3.53916
-3.54399
-3.54974
-3.55836
-3.57583
-3.60934
-3.66558
-3.751
-3.87816
-4.06687
-4.32939
-4.67474
-5.11194
-5.64147
-6.20217
-6.649
-6.66491
-6.30544
-5.73725
-5.14571
-4.58595
-4.04399
-3.5213
-3.03909
-2.60167
-2.20676
-1.85593
-1.53767
-1.4336
-1.21446
-3.55781
-3.56954
-3.5783
-3.58466
-3.58889
-3.59188
-3.59398
-3.59544
-3.59631
-3.59677
-3.59767
-3.60116
-3.61204
-3.64067
-3.69747
-3.78872
-3.91896
-4.09911
-4.34185
-4.65275
-5.03252
-5.47034
-5.91638
-6.25875
-6.31769
-6.07769
-5.65567
-5.17241
-4.6712
-4.1634
-3.66678
-3.19069
-2.74838
-2.35762
-2.02406
-1.74153
-1.56616
-1.36129
-3.63599
-3.64613
-3.65301
-3.65723
-3.65905
-3.65911
-3.65776
-3.65544
-3.65191
-3.64716
-3.64203
-3.63905
-3.64361
-3.66637
-3.72202
-3.82063
-3.96287
-4.14598
-4.37273
-4.6488
-4.97303
-5.33188
-5.68504
-5.95738
-6.03915
-5.89946
-5.59971
-5.21174
-4.77723
-4.31869
-3.85503
-3.40287
-2.98303
-2.60921
-2.2871
-2.01102
-1.78246
-1.57233
-3.714
-3.72277
-3.72795
-3.73036
-3.73012
-3.72731
-3.72235
-3.71587
-3.70741
-3.69659
-3.68413
-3.67299
-3.67013
-3.68826
-3.74484
-3.85265
-4.01056
-4.20587
-4.42768
-4.67629
-4.95264
-5.24771
-5.53259
-5.75625
-5.85081
-5.7857
-5.58427
-5.2881
-4.92963
-4.53207
-4.11641
-3.70391
-3.3142
-2.95927
-2.6465
-2.3683
-2.08562
-1.8231
-3.79224
-3.79998
-3.80383
-3.80458
-3.80274
-3.7975
-3.78912
-3.77816
-3.76424
-3.74646
-3.7251
-3.70325
-3.69008
-3.70372
-3.76801
-3.89368
-4.07336
-4.28436
-4.50711
-4.73643
-4.97513
-5.22179
-5.45956
-5.65485
-5.76309
-5.75688
-5.63952
-5.43116
-5.15331
-4.82529
-4.46686
-4.09873
-3.73943
-3.40121
-3.09677
-2.81271
-2.46329
-2.12556
-3.87102
-3.87818
-3.88126
-3.88069
-3.87741
-3.87039
-3.85896
-3.84345
-3.82375
-3.79819
-3.76601
-3.72954
-3.70014
-3.70445
-3.78334
-3.9446
-4.16311
-4.39673
-4.61908
-4.83023
-5.04024
-5.25312
-5.46103
-5.64362
-5.77028
-5.8165
-5.77449
-5.64973
-5.45327
-5.1981
-4.90031
-4.57774
-4.2468
-3.91828
-3.61496
-3.31174
-2.9005
-2.50328
-3.95055
-3.95761
-3.9605
-3.95943
-3.95493
-3.94678
-3.93269
-3.91277
-3.88737
-3.85354
-3.80845
-3.75126
-3.69283
-3.67113
-3.76776
-3.98927
-4.27911
-4.55127
-4.77192
-4.9631
-5.14882
-5.33857
-5.53051
-5.71215
-5.86194
-5.95751
-5.98491
-5.93971
-5.82339
-5.64219
-5.40681
-5.13054
-4.82597
-4.4993
-4.18218
-3.86345
-3.4436
-3.01168
-4.03091
-4.03842
-4.04176
-4.04097
-4.03613
-4.0271
-4.01096
-3.9875
-3.95708
-3.91511
-3.85574
-3.76926
-3.65858
-3.57833
-3.69239
-4.00438
-4.41227
-4.74989
-4.96467
-5.13191
-5.29767
-5.4725
-5.65806
-5.84736
-6.02374
-6.16699
-6.25993
-6.29087
-6.25364
-6.14722
-5.97565
-5.74688
-5.47024
-5.15051
-4.81115
-4.50076
-4.09571
-3.60825
-4.1121
-4.12059
-4.12506
-4.12533
-4.1212
-4.11181
-4.09463
-4.0694
-4.03549
-3.98785
-3.91593
-3.79291
-3.62296
-3.52021
-3.77203
-4.20814
-4.6597
-5.02505
-5.20304
-5.33173
-5.47789
-5.64443
-5.83048
-6.03256
-6.23779
-6.42776
-6.58384
-6.68952
-6.73137
-6.70035
-6.59302
-6.41186
-6.16396
-5.85683
-5.50242
-5.18273
-4.77212
-4.21617
-4.19397
-4.204
-4.21022
-4.21228
-4.20967
-4.20139
-4.18524
-4.15959
-4.12559
-4.08137
-4.00759
-3.83674
-3.71265
-3.6842
-4.19427
-4.66941
-5.1259
-5.42461
-5.50711
-5.5676
-5.68432
-5.84279
-6.03237
-6.24959
-6.48455
-6.7211
-6.94014
-7.12077
-7.24194
-7.28577
-7.24094
-7.10432
-6.88034
-6.57823
-6.20691
-5.8461
-5.42951
-4.8027
-4.27629
-4.28833
-4.29692
-4.30148
-4.30127
-4.29549
-4.283
-4.25838
-4.22904
-4.19904
-4.14483
-3.86954
-3.88999
-6.94439
-8.75662
-6.44256
-5.70772
-5.73242
-5.79505
-5.81693
-5.90417
-6.05378
-6.24774
-6.48099
-6.74645
-7.03049
-7.3133
-7.56904
-7.76846
-7.88444
-7.89762
-7.79905
-7.58992
-7.27955
-6.87732
-6.45555
-6.03695
-5.25314
-4.35872
-4.3732
-4.38469
-4.39245
-4.39564
-4.39378
-4.38596
-4.36592
-4.34645
-4.34078
-4.3317
-4.04718
-4.05241
-4.82649
-5.96027
-7.05982
-6.20252
-5.98385
-6.06035
-6.06035
-6.12281
-6.26344
-6.46181
-6.71168
-7.00857
-7.34093
-7.68734
-8.01622
-8.29003
-8.47271
-8.53683
-8.46736
-8.26189
-7.92966
-7.48276
-6.98073
-6.52008
-5.4217
-4.44084
-4.45808
-4.47292
-4.48449
-4.49199
-4.49515
-4.49247
-4.48172
-4.47434
-4.48856
-4.51338
-4.46889
-3.69622
-4.52534
-6.55869
-7.79793
-6.78706
-6.33914
-6.2801
-6.2692
-6.32486
-6.45899
-6.66148
-6.92817
-7.25661
-7.63622
-8.04276
-8.43883
-8.77944
-9.02049
-9.12654
-9.07575
-8.86157
-8.49223
-7.98109
-7.36449
-6.70249
-5.40066
-4.52216
-4.54236
-4.56084
-4.57667
-4.58916
-4.59839
-4.60278
-4.60215
-4.60526
-4.63159
-4.66504
-4.62983
-3.47856
-5.75409
-8.28089
-8.50601
-7.217
-6.66711
-6.438
-6.4301
-6.49375
-6.62655
-6.83389
-7.11674
-7.47454
-7.89632
-8.35432
-8.80638
-9.20202
-9.49045
-9.62811
-9.58533
-9.34988
-8.9258
-8.31854
-7.53661
-6.55944
-5.35333
-4.60212
-4.62534
-4.64759
-4.66798
-4.68603
-4.70238
-4.71568
-4.7279
-4.74431
-4.78264
-4.83715
-4.84593
-3.81711
-7.21536
-9.96769
-8.57372
-6.80986
-6.66044
-6.50937
-6.53265
-6.61281
-6.75214
-6.96609
-7.26331
-7.64447
-8.09747
-8.5918
-9.08273
-9.51703
-9.83894
-9.99668
-9.95164
-9.68437
-9.19226
-8.47787
-7.508
-6.18241
-5.43042
-4.68009
-4.70622
-4.73218
-4.75715
-4.78088
-4.80447
-4.82743
-4.85537
-4.89311
-4.94621
-5.01918
-5.26181
-4.38618
-5.46934
-7.5971
-6.16624
-5.89992
-6.48815
-6.51893
-6.58181
-6.68017
-6.82857
-7.04885
-7.3541
-7.74765
-8.21525
-8.72414
-9.2307
-9.68225
-10.0207
-10.1859
-10.1279
-9.81827
-9.24962
-8.41414
-7.27144
-5.93532
-5.68435
-4.75544
-4.78416
-4.81351
-4.84275
-4.87168
-4.9015
-4.93384
-4.97505
-5.03216
-5.10603
-5.20313
-5.48744
-5.29758
0.227533
3.41972
-0.663947
-6.14062
-6.45272
-6.50347
-6.5935
-6.70305
-6.85469
-7.07514
-7.37981
-7.76945
-8.23107
-8.72755
-9.22214
-9.66547
-9.99856
-10.1543
-10.0686
-9.70588
-9.05373
-8.11337
-6.85242
-5.7971
-5.86817
-4.8276
-4.85842
-4.8906
-4.92351
-4.95707
-4.99245
-5.0317
-5.07995
-5.14766
-5.23842
-5.36339
-5.58608
-5.78351
-6.07763
-6.31276
-6.45102
-6.43339
-6.45309
-6.50052
-6.58389
-6.68738
-6.83402
-7.04681
-7.3386
-7.70696
-8.13441
-8.59101
-9.04265
-9.44783
-9.75261
-9.88081
-9.7421
-9.30156
-8.58881
-7.60072
-6.48509
-5.8486
-5.97627
-4.8961
-4.92844
-4.96272
-4.99844
-5.03565
-5.07538
-5.11943
-5.17181
-5.23971
-5.32992
-5.44793
-5.61624
-5.80366
-5.94197
-6.09935
-6.23795
-6.35348
-6.4125
-6.46929
-6.54147
-6.63581
-6.77215
-6.96857
-7.23326
-7.56005
-7.93066
-8.31981
-8.70024
-9.04164
-9.29241
-9.34704
-9.12627
-8.63204
-7.89259
-7.00625
-6.23394
-5.96437
-6.14064
-4.96059
-4.99383
-5.02945
-5.067
-5.1066
-5.14916
-5.19599
-5.24995
-5.31618
-5.39913
-5.50083
-5.62838
-5.77396
-5.91402
-6.06211
-6.19365
-6.28702
-6.34609
-6.40421
-6.47014
-6.55537
-6.67669
-6.8478
-7.07234
-7.34144
-7.63736
-7.9398
-8.22972
-8.48085
-8.61715
-8.5578
-8.26347
-7.77054
-7.16622
-6.5541
-6.11297
-6.04787
-6.27932
-5.02081
-5.05436
-5.09058
-5.12902
-5.16979
-5.21362
-5.26142
-5.31515
-5.37808
-5.45289
-5.54018
-5.64174
-5.75596
-5.87668
-5.99847
-6.10508
-6.19389
-6.2602
-6.31938
-6.38023
-6.45461
-6.55631
-6.69487
-6.87025
-7.07185
-7.28354
-7.49078
-7.67445
-7.78925
-7.76515
-7.59404
-7.3322
-6.99353
-6.63088
-6.32501
-6.13143
-6.18517
-6.37039
-5.0767
-5.10991
-5.146
-5.18448
-5.22534
-5.26912
-5.31637
-5.36849
-5.42744
-5.49449
-5.56991
-5.65414
-5.74668
-5.8448
-5.94364
-6.03333
-6.11042
-6.17352
-6.22817
-6.28103
-6.34169
-6.4202
-6.52216
-6.64474
-6.7764
-6.90267
-7.01275
-7.07279
-7.02019
-6.87558
-6.74556
-6.62095
-6.48755
-6.37432
-6.27257
-6.23374
-6.31522
-6.42023
-5.12841
-5.16065
-5.19588
-5.23351
-5.27348
-5.31613
-5.36166
-5.41101
-5.46541
-5.52534
-5.59078
-5.66183
-5.7381
-5.81792
-5.89743
-5.97139
-6.03611
-6.09046
-6.13661
-6.17888
-6.22382
-6.27777
-6.34305
-6.41512
-6.48218
-6.52899
-6.5416
-6.48453
-6.35342
-6.24172
-6.20051
-6.21541
-6.25392
-6.28194
-6.2965
-6.32778
-6.38261
-6.42768
-5.1763
-5.20702
-5.24072
-5.27669
-5.31482
-5.3554
-5.39836
-5.44415
-5.49356
-5.5467
-5.60339
-5.66346
-5.72643
-5.79112
-5.85508
-5.91484
-5.96755
-6.01174
-6.04796
-6.07856
-6.10741
-6.13798
-6.17047
-6.20004
-6.21639
-6.20447
-6.14803
-6.05373
-5.97418
-5.92869
-5.93016
-6.0013
-6.11092
-6.22121
-6.30466
-6.35362
-6.38426
-6.38786
-5.22073
-5.24953
-5.28119
-5.3149
-5.35046
-5.38816
-5.42789
-5.46968
-5.51388
-5.56049
-5.60923
-5.65978
-5.71167
-5.76402
-5.81515
-5.86273
-5.90444
-5.93865
-5.96487
-5.98399
-5.99793
-6.00829
-6.01445
-6.01252
-5.99542
-5.95365
-5.88359
-5.81052
-5.76433
-5.74386
-5.77083
-5.87001
-6.0155
-6.15992
-6.26301
-6.31424
-6.32655
-6.31424
-5.26205
-5.28862
-5.31789
-5.34897
-5.38152
-5.41583
-5.45184
-5.48937
-5.52843
-5.56888
-5.61041
-5.6527
-5.69533
-5.73758
-5.77826
-5.81562
-5.84769
-5.87272
-5.88963
-5.89832
-5.89951
-5.89384
-5.88071
-5.85781
-5.82163
-5.76956
-5.70619
-5.64714
-5.61104
-5.61155
-5.66673
-5.78306
-5.93464
-6.07927
-6.18174
-6.23132
-6.23475
-6.21375
-5.30065
-5.32473
-5.35132
-5.37951
-5.40886
-5.43959
-5.47168
-5.50489
-5.53903
-5.57384
-5.60904
-5.64431
-5.67925
-5.71331
-5.7455
-5.77439
-5.79823
-5.81522
-5.82398
-5.82386
-5.81495
-5.79753
-5.77144
-5.73592
-5.6903
-5.63585
-5.57875
-5.53104
-5.50854
-5.5262
-5.59457
-5.71121
-5.85312
-5.98586
-6.07992
-6.12604
-6.12599
-6.10224
-5.33699
-5.35841
-5.38205
-5.40715
-5.43324
-5.4604
-5.48861
-5.51766
-5.54725
-5.57709
-5.60687
-5.63631
-5.66502
-5.69247
-5.71782
-5.73979
-5.75678
-5.76705
-5.76909
-5.76203
-5.74573
-5.72046
-5.6866
-5.64462
-5.59571
-5.54298
-5.49309
-5.45666
-5.44639
-5.47334
-5.54311
-5.65048
-5.77602
-5.89198
-5.97476
-6.0162
-6.0157
-5.99329
-5.37147
-5.39019
-5.41075
-5.43265
-5.45546
-5.47917
-5.50374
-5.52894
-5.55447
-5.58003
-5.60531
-5.62999
-5.65371
-5.67591
-5.6958
-5.71223
-5.72373
-5.72863
-5.72549
-5.71341
-5.69223
-5.66241
-5.62481
-5.58074
-5.53245
-5.48393
-5.44163
-5.41446
-5.41213
-5.44235
-5.50768
-5.60211
-5.70947
-5.80777
-5.8785
-5.91494
-5.9155
-5.89646
-5.40427
-5.42041
-5.43796
-5.45667
-5.47625
-5.49671
-5.51795
-5.53974
-5.56177
-5.58373
-5.60531
-5.62616
-5.6459
-5.66396
-5.67957
-5.69169
-5.69894
-5.69985
-5.69306
-5.67776
-5.65392
-5.62218
-5.58379
-5.54059
-5.4953
-5.45208
-5.41675
-5.39653
-5.39869
-5.4285
-5.48672
-5.56735
-5.65716
-5.73906
-5.79842
-5.83008
-5.83212
-5.81702
-5.43547
-5.44917
-5.46387
-5.47951
-5.49599
-5.51344
-5.53175
-5.55063
-5.56973
-5.58874
-5.60732
-5.62512
-5.6417
-5.65652
-5.66884
-5.6777
-5.68188
-5.68007
-5.67107
-5.65421
-5.62956
-5.59794
-5.56085
-5.52038
-5.4794
-5.4418
-5.41257
-5.39745
-5.40182
-5.42915
-5.47921
-5.54657
-5.62059
-5.6881
-5.73747
-5.76472
-5.76806
-5.75661
-5.46522
-5.47652
-5.48846
-5.50111
-5.51457
-5.52925
-5.54511
-5.56162
-5.5784
-5.59509
-5.61132
-5.62672
-5.64085
-5.65317
-5.66302
-5.66955
-5.67169
-5.66832
-5.65842
-5.64143
-5.61749
-5.58752
-5.55314
-5.51653
-5.48045
-5.44837
-5.42441
-5.413
-5.41809
-5.44192
-5.48378
-5.53907
-5.5994
-5.65454
-5.69538
-5.71864
-5.72284
-5.71436
-5.49402
-5.50268
-5.51174
-5.52121
-5.53141
-5.54351
-5.55748
-5.57229
-5.5874
-5.60242
-5.61693
-5.63054
-5.64282
-5.6533
-5.6614
-5.66639
-5.6674
-5.66347
-5.65377
-5.63783
-5.61583
-5.58867
-5.55795
-5.5258
-5.49478
-5.46788
-5.44841
-5.43973
-5.44465
-5.46459
-5.49873
-5.54332
-5.59189
-5.6365
-5.67003
-5.68968
-5.69427
-5.68793
-5.52274
-5.5283
-5.53399
-5.5396
-5.54576
-5.55529
-5.56813
-5.58202
-5.59624
-5.61027
-5.62367
-5.63606
-5.64706
-5.65629
-5.66326
-5.66739
-5.66801
-5.66435
-5.65574
-5.6418
-5.62268
-5.59919
-5.57278
-5.54541
-5.51938
-5.49722
-5.48155
-5.47485
-5.47909
-5.49514
-5.5222
-5.55737
-5.59575
-5.63132
-5.65852
-5.6749
-5.67953
-5.6743
-5.55264
-5.55452
-5.55611
-5.55665
-5.55707
-5.56396
-5.57676
-5.59062
-5.60469
-5.61841
-5.63128
-5.64296
-5.65318
-5.66164
-5.668
-5.67184
-5.67266
-5.6699
-5.66305
-5.65179
-5.63624
-5.61703
-5.59538
-5.57299
-5.55182
-5.53398
-5.52152
-5.51627
-5.51955
-5.53186
-5.55251
-5.57933
-5.60876
-5.63635
-5.65795
-5.67137
-5.67616
-5.67019
-5.58547
-5.58355
-5.58063
-5.57444
-5.56499
-5.56832
-5.58323
-5.59813
-5.61282
-5.62685
-5.6397
-5.6511
-5.66091
-5.66898
-5.67513
-5.67909
-5.68054
-5.67912
-5.67447
-5.66635
-5.65482
-5.64032
-5.62379
-5.60654
-5.59017
-5.57636
-5.56669
-5.5625
-5.56466
-5.57344
-5.58828
-5.60763
-5.62902
-5.64935
-5.66564
-5.676
-5.67952
-5.67548
-5.62379
-5.61914
-5.61252
-5.59634
-5.56215
-5.55549
-5.58127
-5.60076
-5.61786
-5.63351
-5.64728
-5.65911
-5.6691
-5.67732
-5.68373
-5.68827
-5.69078
-5.69108
-5.68897
-5.68431
-5.67711
-5.66765
-5.65653
-5.64464
-5.63313
-5.62324
-5.61615
-5.6128
-5.6138
-5.61929
-5.62886
-5.64149
-5.65559
-5.66916
-5.68024
-5.68747
-5.68976
-5.68667
-5.66972
-5.663
-5.65252
-5.61792
-5.52092
-5.48886
-5.55372
-5.58849
-5.613
-5.6332
-5.6499
-5.66366
-5.67506
-5.68447
-5.6921
-5.69804
-5.70232
-5.70495
-5.7059
-5.70513
-5.70268
-5.69866
-5.69335
-5.68719
-5.68081
-5.67493
-5.6703
-5.66754
-5.66708
-5.66906
-5.6733
-5.67928
-5.68615
-5.6929
-5.69851
-5.70229
-5.70335
-5.70105
-5.71861
-5.70635
-5.68378
-5.62129
-5.45537
-5.44975
-5.55346
-5.60847
-5.63631
-5.65547
-5.67027
-5.68206
-5.69176
-5.69986
-5.70667
-5.71234
-5.71702
-5.72082
-5.72385
-5.72618
-5.72788
-5.72901
-5.72962
-5.72978
-5.7296
-5.72925
-5.7289
-5.72876
-5.72897
-5.72958
-5.73052
-5.73155
-5.73233
-5.73244
-5.73148
-5.72931
-5.72607
-5.72242
)
;

boundaryField
{
    leftWall
    {
        type            calculated;
        value           nonuniform List<scalar> 
100
(
638.899
609.593
579.525
549.095
518.586
488.1
457.615
427.067
396.44
365.752
335.014
304.229
273.402
242.539
211.652
180.784
132.552
67.2174
18.4832
-0.13309
0.0253889
-0.0517503
-0.115609
-0.185238
-0.257569
-0.330368
-0.40376
-0.477408
-0.551357
-0.625649
-0.700329
-0.775423
-0.850919
-0.926767
-1.0029
-1.07923
-1.1557
-1.23225
-1.30885
-1.38548
-1.46212
-1.53877
-1.61543
-1.69209
-1.76874
-1.84538
-1.922
-1.99859
-2.07515
-2.15168
-2.22816
-2.3046
-2.38098
-2.4573
-2.53356
-2.60973
-2.68583
-2.76184
-2.83776
-2.91357
-2.98927
-3.06487
-3.14034
-3.21568
-3.2909
-3.36598
-3.44092
-3.51571
-3.59036
-3.66486
-3.73921
-3.8134
-3.88744
-3.96132
-4.03504
-4.10862
-4.18204
-4.25532
-4.32845
-4.40145
-4.47431
-4.54703
-4.61963
-4.69211
-4.76446
-4.83668
-4.90878
-4.98073
-5.05251
-5.12407
-5.19537
-5.26647
-5.33746
-5.40796
-5.47686
-5.54347
-5.61061
-5.68057
-5.73625
-5.73948
)
;
    }
    rightWall
    {
        type            calculated;
        value           nonuniform List<scalar> 
100
(
321.505
321.471
321.435
321.397
321.356
321.312
321.264
321.213
321.158
321.1
321.038
320.973
320.904
320.831
320.757
320.687
320.583
320.47
320.407
320.354
320.309
320.397
320.804
324.426
342.947
462.468
639.185
707.57
680.916
606.783
507.972
449.103
423.65
413.187
410.209
403.594
369.265
310.368
254.445
216.455
195.243
191.296
224.907
293.893
379.994
451.614
463.618
402.26
286.684
120.014
19.9728
4.66554
1.57143
1.66395
4.25421
10.159
18.3395
14.9018
1.53754
-0.302631
-1.08406
-1.21446
-1.36129
-1.57233
-1.8231
-2.12556
-2.50328
-3.01168
-3.60825
-4.21617
-4.8027
-5.25314
-5.4217
-5.40066
-5.35333
-5.43042
-5.68435
-5.86817
-5.97627
-6.14064
-6.27932
-6.37039
-6.42023
-6.42768
-6.38786
-6.31424
-6.21375
-6.10224
-5.99329
-5.89646
-5.81702
-5.75661
-5.71436
-5.68793
-5.6743
-5.67019
-5.67548
-5.68667
-5.70105
-5.72242
)
;
    }
    lowerWall
    {
        type            calculated;
        value           nonuniform List<scalar> 
124
(
653.613
652.24
653.715
657.633
663.112
669.14
675.224
681.115
686.738
692.091
697.215
702.167
707.01
711.805
716.608
721.471
726.438
731.549
736.838
742.332
748.054
754.024
760.256
766.764
773.559
780.654
788.065
795.814
803.941
812.51
821.545
831.083
841.209
852.019
863.577
875.874
888.758
901.818
914.308
925.096
933.259
936.486
935.778
937.181
945.691
954.981
940.275
906.303
873.251
842.357
813.574
787.464
763.934
742.01
720.531
698.555
675.296
650.056
621.926
589.697
551.278
503.022
349.742
345.892
324.997
320.87
320.927
320.865
320.818
320.69
321.284
321.259
321.241
321.225
321.21
321.193
321.174
321.15
321.122
321.091
321.057
321.02
320.981
320.939
320.895
320.85
321.299
321.261
321.204
321.129
321.032
320.908
320.778
320.633
320.487
320.346
320.201
320.061
319.928
319.806
319.699
319.611
319.542
319.495
319.47
319.467
319.485
319.524
319.585
319.669
319.774
319.901
320.048
320.214
320.396
320.589
320.788
320.989
321.181
321.355
321.494
321.571
321.57
321.52
)
;
    }
    atmosphere
    {
        type            calculated;
        value           nonuniform List<scalar> 
92
(
-5.7917
-5.9201
-5.90773
-5.9004
-5.89665
-5.89453
-5.89328
-5.8925
-5.89197
-5.89157
-5.89121
-5.89086
-5.89048
-5.89006
-5.88958
-5.88903
-5.8884
-5.88767
-5.88684
-5.8859
-5.88482
-5.8836
-5.88223
-5.88068
-5.87894
-5.87699
-5.87482
-5.87241
-5.86974
-5.86679
-5.86354
-5.85999
-5.85611
-5.85189
-5.84733
-5.84243
-5.83718
-5.83159
-5.82568
-5.81947
-5.81297
-5.80622
-5.79924
-5.79206
-5.78472
-5.77725
-5.77166
-5.76818
-5.7648
-5.7615
-5.75829
-5.75516
-5.75211
-5.74916
-5.74444
-5.73809
-5.73309
-5.73014
-5.72947
-5.72904
-5.72904
-5.72904
-5.72904
-5.72904
-5.72904
-5.72904
-5.72904
-5.72904
-5.72904
-5.72904
-5.72904
-5.72904
-5.72904
-5.72904
-5.72904
-5.72904
-5.72904
-5.72904
-5.72904
-5.72904
-5.72904
-5.72904
-5.72904
-5.72904
-5.72904
-5.72904
-5.72904
-5.72904
-5.72904
-5.72904
-5.72904
-5.72904
)
;
    }
    defaultFaces
    {
        type            empty;
    }
}


// ************************************************************************* //
