/*--------------------------------*- C++ -*----------------------------------*\
  =========                 |
  \\      /  F ield         | OpenFOAM: The Open Source CFD Toolbox
   \\    /   O peration     | Website:  https://openfoam.org
    \\  /    A nd           | Version:  7
     \\/     M anipulation  |
\*---------------------------------------------------------------------------*/
FoamFile
{
    version     2.0;
    format      ascii;
    class       volScalarField;
    location    "0.25";
    object      epsilon;
}
// * * * * * * * * * * * * * * * * * * * * * * * * * * * * * * * * * * * * * //

dimensions      [0 2 -3 0 0 0 0];

internalField   nonuniform List<scalar> 
9072
(
0.0343487
0.135436
0.261844
0.380951
0.486303
0.582803
0.67324
0.759991
0.844984
0.929786
1.01566
1.10365
1.19459
1.28917
1.3879
1.49108
1.59881
1.71094
1.82702
1.94629
2.06763
2.18958
2.31032
2.4277
2.53929
2.64243
2.73431
2.81207
2.87288
2.91404
2.93302
2.92735
2.89389
2.83914
2.76291
2.6599
2.52633
2.3584
2.15202
1.90469
1.61987
1.3164
1.09122
1.11655
1.03731
1.02698
0.0440253
0.0890352
0.13952
0.182952
0.220464
0.253862
0.284511
0.313461
0.341486
0.369165
0.396945
0.425187
0.454189
0.484194
0.515396
0.547935
0.581888
0.617261
0.65398
0.691877
0.730689
0.770048
0.80949
0.848454
0.886304
0.922344
0.955847
0.98609
1.01239
1.03414
1.05089
1.06236
1.06865
1.0757
1.08515
1.09798
1.11682
1.14647
1.19408
1.26958
1.38448
1.53727
1.62614
1.47529
0.973078
0.982008
0.064274
0.0932427
0.127758
0.157065
0.181682
0.202885
0.221803
0.239313
0.256046
0.272454
0.288868
0.305542
0.322676
0.340429
0.358924
0.37825
0.398453
0.419538
0.441461
0.464122
0.487363
0.51097
0.53467
0.558141
0.581021
0.602924
0.623461
0.642262
0.65901
0.673476
0.685571
0.695402
0.703466
0.712059
0.723402
0.739687
0.7643
0.802439
0.861967
0.955368
1.10325
1.33029
1.57868
1.63997
1.26889
1.39569
0.0864758
0.104777
0.131413
0.154128
0.172984
0.188906
0.202839
0.215546
0.22759
0.239368
0.251171
0.26321
0.275648
0.288607
0.302178
0.316419
0.331357
0.346983
0.363247
0.380061
0.397289
0.414755
0.43224
0.449493
0.466239
0.482191
0.497074
0.510644
0.522716
0.533201
0.542156
0.549845
0.556894
0.564882
0.575884
0.592368
0.617853
0.657225
0.717022
0.806269
0.939183
1.13735
1.3856
1.56249
1.48549
1.95888
0.107773
0.118658
0.139819
0.157983
0.173031
0.185637
0.196562
0.206459
0.215818
0.224994
0.234245
0.243757
0.253666
0.264073
0.275047
0.286627
0.298822
0.311609
0.324931
0.338694
0.352768
0.366986
0.381151
0.395039
0.408412
0.421033
0.432681
0.443173
0.452397
0.460342
0.467149
0.473177
0.479134
0.48643
0.497088
0.513723
0.539955
0.580527
0.641121
0.72811
0.849443
1.01794
1.23816
1.47669
1.6569
2.56658
0.127067
0.132529
0.149677
0.164319
0.176432
0.186558
0.195321
0.203267
0.210818
0.218282
0.225885
0.23379
0.242114
0.250939
0.260317
0.270273
0.280802
0.291868
0.303403
0.315309
0.327451
0.339665
0.351761
0.363531
0.374755
0.385224
0.394751
0.403194
0.410487
0.416675
0.42196
0.426771
0.431889
0.438699
0.449239
0.466248
0.493466
0.535642
0.598126
0.686028
0.8039
0.958724
1.16338
1.44245
1.82198
3.25194
0.144058
0.145247
0.159408
0.171307
0.181073
0.189225
0.196305
0.202776
0.208996
0.215232
0.221677
0.22847
0.235713
0.243471
0.251784
0.260661
0.270087
0.280014
0.290365
0.301034
0.311882
0.322744
0.333432
0.343743
0.353475
0.362432
0.370454
0.377429
0.383329
0.388241
0.392419
0.396354
0.400891
0.407446
0.41811
0.435743
0.464229
0.508452
0.573823
0.665221
0.786119
0.941146
1.14717
1.46094
1.99243
3.96789
0.159215
0.156335
0.168173
0.177967
0.185883
0.192459
0.198201
0.203519
0.208722
0.214037
0.21963
0.225621
0.232092
0.239098
0.246664
0.25479
0.263449
0.272583
0.282108
0.291908
0.301841
0.311737
0.321409
0.330659
0.339293
0.34713
0.354028
0.359902
0.364754
0.36871
0.37207
0.375382
0.379556
0.386058
0.397054
0.415534
0.445556
0.492248
0.561379
0.658327
0.787041
0.95225
1.17338
1.52306
2.17439
4.66816
0.172488
0.165666
0.175571
0.183758
0.190254
0.195602
0.200296
0.204717
0.209139
0.213758
0.218717
0.224118
0.23003
0.236494
0.243526
0.251117
0.259229
0.267797
0.276727
0.285898
0.29516
0.304341
0.313253
0.321701
0.329496
0.336471
0.342499
0.347518
0.351558
0.354781
0.357532
0.36041
0.36439
0.371002
0.382496
0.402004
0.433789
0.483313
0.556941
0.661078
0.801201
0.983776
1.23058
1.62139
2.37666
5.4144
0.183943
0.173308
0.181471
0.18841
0.193843
0.19827
0.202175
0.205921
0.209757
0.213859
0.218353
0.223325
0.228834
0.234911
0.241563
0.248772
0.256492
0.264652
0.273149
0.281856
0.290617
0.299256
0.307585
0.31541
0.322547
0.32884
0.334176
0.338513
0.34191
0.344561
0.346852
0.349437
0.353352
0.360194
0.37231
0.392977
0.426691
0.479326
0.558025
0.670611
0.824851
1.03015
1.31119
1.75102
2.60823
6.23068
0.193766
0.179425
0.185901
0.19183
0.196478
0.200247
0.203592
0.206858
0.21028
0.214018
0.218186
0.22286
0.228089
0.233898
0.240287
0.247229
0.254674
0.262542
0.270726
0.279089
0.287473
0.295698
0.303572
0.310903
0.317513
0.323253
0.328026
0.331808
0.334684
0.33688
0.338822
0.341214
0.345155
0.352311
0.365128
0.387032
0.42277
0.478686
0.56283
0.684734
0.855036
1.08712
1.40973
1.90864
2.87869
7.15503
0.20221
0.184212
0.188971
0.194033
0.198106
0.201431
0.204412
0.207371
0.210529
0.214036
0.217997
0.222482
0.227534
0.233172
0.239391
0.246159
0.253419
0.261086
0.269046
0.277159
0.28526
0.293165
0.300681
0.307617
0.313797
0.319081
0.323386
0.326706
0.32915
0.330975
0.332646
0.334916
0.338943
0.346461
0.360017
0.383178
0.420955
0.480189
0.569921
0.701579
0.889114
1.15085
1.52142
2.09154
3.19931
8.21925
0.209551
0.187869
0.190829
0.195103
0.198748
0.201796
0.204576
0.207375
0.2104
0.213792
0.21765
0.22204
0.227001
0.232549
0.238675
0.245343
0.252491
0.260029
0.267839
0.275774
0.283666
0.291326
0.298559
0.305174
0.310999
0.315902
0.31981
0.322736
0.324813
0.326327
0.327782
0.329976
0.334122
0.342024
0.356311
0.380695
0.420438
0.482881
0.578078
0.719439
0.924508
1.21742
1.64104
2.29629
3.58497
9.47191
0.216058
0.19058
0.191638
0.195161
0.198477
0.201372
0.204077
0.206837
0.209839
0.213214
0.217059
0.221435
0.22638
0.231907
0.238004
0.244633
0.25173
0.259199
0.266917
0.274734
0.282476
0.289951
0.296961
0.303315
0.308843
0.313421
0.316986
0.31957
0.321327
0.322572
0.323846
0.325988
0.330266
0.338541
0.353519
0.379037
0.420588
0.485981
0.586239
0.736707
0.958592
1.28244
1.76179
2.51652
4.05309
10.9849
0.221983
0.192518
0.19156
0.194345
0.197394
0.200222
0.202947
0.205762
0.208829
0.212271
0.216177
0.220607
0.225598
0.231162
0.237286
0.243929
0.251024
0.258473
0.266149
0.273896
0.281537
0.288876
0.295712
0.301853
0.307131
0.311427
0.314691
0.31697
0.31844
0.319445
0.320558
0.32266
0.327062
0.335681
0.351279
0.377794
0.420915
0.488855
0.593486
0.751899
0.988713
1.34091
1.87422
2.73832
4.59893
12.8526
0.22755
0.193819
0.190743
0.192795
0.195615
0.198432
0.201243
0.204182
0.207384
0.210957
0.214985
0.219526
0.224615
0.230265
0.23646
0.24316
0.250295
0.257764
0.265438
0.273157
0.280738
0.287982
0.294684
0.30065
0.305715
0.309765
0.31276
0.314762
0.315969
0.316751
0.317712
0.319771
0.324279
0.333193
0.349316
0.376652
0.421038
0.490995
0.599061
0.763718
1.01237
1.38746
1.96586
2.9326
5.13985
15.2651
0.0825745
0.184484
0.254667
0.303585
0.338485
0.363288
0.380798
0.391449
0.396719
0.398024
0.39656
0.393264
0.388875
0.383961
0.378936
0.374087
0.369567
0.365443
0.361723
0.35836
0.355292
0.352434
0.349686
0.34692
0.343988
0.340735
0.336886
0.332114
0.32601
0.318062
0.307604
0.293786
0.275514
0.251357
0.21939
0.177167
0.121933
0.0477815
0.0988777
0.136153
0.172787
0.196183
0.211518
0.221532
0.228051
0.231182
0.231689
0.230422
0.228085
0.225205
0.222156
0.219188
0.216455
0.214031
0.211925
0.21011
0.208548
0.207185
0.205974
0.204862
0.203796
0.202712
0.201536
0.200187
0.198508
0.19632
0.193393
0.189425
0.184017
0.176653
0.166679
0.15326
0.135359
0.111696
0.0790512
0.0179804
0.136629
0.131382
0.154362
0.169265
0.178158
0.183126
0.18552
0.185563
0.183914
0.181266
0.178173
0.175022
0.172056
0.169416
0.167161
0.165293
0.163774
0.162544
0.161549
0.160729
0.160035
0.159423
0.158851
0.158273
0.157638
0.156888
0.155923
0.154617
0.152813
0.150296
0.146781
0.141897
0.135171
0.126018
0.113765
0.0978001
0.0776061
0.018563
0.173778
0.137488
0.152914
0.163743
0.169263
0.171209
0.17084
0.168561
0.165078
0.161059
0.157002
0.153221
0.149887
0.147071
0.144774
0.142955
0.141543
0.140459
0.13963
0.138991
0.138485
0.138068
0.137699
0.137341
0.136952
0.136486
0.13587
0.135012
0.13379
0.132044
0.129553
0.126033
0.121125
0.1144
0.105428
0.0940643
0.0817457
0.0894996
0.21193
0.149524
0.160203
0.168589
0.171617
0.170931
0.167938
0.163282
0.157799
0.15219
0.146923
0.142257
0.138298
0.135055
0.13248
0.13049
0.128984
0.127864
0.127041
0.126438
0.125991
0.12565
0.125375
0.125128
0.124873
0.124572
0.124168
0.123589
0.122742
0.121497
0.119683
0.117077
0.113403
0.108353
0.101684
0.0935908
0.0864463
0.106557
0.25304
0.166871
0.174499
0.1811
0.18167
0.178071
0.172062
0.164608
0.156737
0.149206
0.142454
0.136673
0.131893
0.128056
0.125055
0.122765
0.121054
0.119799
0.118896
0.118254
0.117799
0.117475
0.117237
0.117049
0.116874
0.116681
0.116423
0.116044
0.115466
0.11459
0.113279
0.111359
0.10862
0.104854
0.0999693
0.0944297
0.0913134
0.122286
0.299607
0.190517
0.196213
0.201105
0.198667
0.191391
0.181581
0.170632
0.159816
0.149942
0.141393
0.134264
0.128486
0.123916
0.120378
0.117697
0.115705
0.114253
0.113215
0.112487
0.111983
0.111641
0.111408
0.111247
0.111123
0.111005
0.110856
0.110629
0.110264
0.10968
0.10877
0.107399
0.105417
0.102696
0.0992735
0.0958355
0.0960783
0.136749
0.355207
0.222708
0.226998
0.229641
0.223037
0.210827
0.196037
0.180627
0.166141
0.153409
0.142706
0.133981
0.127031
0.121601
0.117433
0.114289
0.111958
0.11026
0.109049
0.108202
0.107622
0.107236
0.106987
0.106833
0.10674
0.106677
0.106613
0.10651
0.106319
0.105978
0.105403
0.104494
0.103149
0.10131
0.0991246
0.0974702
0.100605
0.15
0.42529
0.267135
0.269552
0.268543
0.255871
0.236898
0.215513
0.194385
0.175329
0.159127
0.145863
0.135274
0.126972
0.120559
0.115673
0.112002
0.109285
0.107304
0.105889
0.104898
0.104221
0.103774
0.103493
0.103332
0.103255
0.103233
0.103238
0.103239
0.103197
0.103063
0.102777
0.102266
0.10147
0.100394
0.0992766
0.0991651
0.104836
0.162143
0.518387
0.329319
0.327569
0.320231
0.298661
0.270444
0.24037
0.211955
0.187246
0.16686
0.150577
0.137831
0.127988
0.120468
0.114781
0.110526
0.10738
0.105084
0.10344
0.102285
0.101493
0.10097
0.100645
0.100466
0.100395
0.100404
0.100465
0.100555
0.100642
0.10069
0.100657
0.100496
0.100183
0.0997744
0.0995916
0.100833
0.108756
0.173296
0.647881
0.417076
0.405612
0.387452
0.353083
0.312439
0.271092
0.233515
0.201886
0.176501
0.156687
0.141466
0.129883
0.121131
0.11456
0.109665
0.10605
0.103411
0.101517
0.100182
0.0992613
0.0986505
0.0982707
0.0980646
0.0979913
0.0980211
0.09813
0.0982961
0.0984972
0.0987075
0.0988989
0.0990485
0.0991631
0.0993461
0.0999891
0.102428
0.112374
0.183586
0.834263
0.540914
0.508775
0.472895
0.420747
0.363817
0.308172
0.259281
0.2193
0.188007
0.164102
0.146063
0.132532
0.122416
0.11488
0.109291
0.105171
0.102165
0.100002
0.09847
0.0974092
0.0967008
0.0962577
0.0960169
0.0959339
0.0959777
0.0961254
0.0963586
0.0966609
0.0970159
0.0974089
0.0978365
0.0983332
0.0990431
0.100421
0.10393
0.115709
0.193127
1.10748
0.713946
0.641987
0.578626
0.502919
0.425289
0.352015
0.289457
0.239561
0.201371
0.172769
0.151548
0.135848
0.124236
0.115652
0.109316
0.104656
0.10126
0.0988114
0.0970701
0.0958581
0.0950435
0.0945297
0.0942474
0.0941485
0.0942
0.0943795
0.0946713
0.0950639
0.0955488
0.0961234
0.0968012
0.097641
0.0988227
0.100859
0.105329
0.118784
0.202016
1.50904
0.94978
0.808636
0.705327
0.600251
0.497158
0.402849
0.324189
0.26273
0.216593
0.182653
0.157866
0.139769
0.126525
0.116809
0.109673
0.104443
0.100636
0.097886
0.0959241
0.0945518
0.0936234
0.0930323
0.092703
0.0925826
0.0926362
0.0928413
0.0931841
0.0936574
0.0942596
0.0949983
0.0959019
0.0970509
0.0986568
0.101284
0.106626
0.121624
0.210334
2.10685
1.25377
1.00762
0.851327
0.712235
0.579153
0.460668
0.363537
0.288848
0.233677
0.193728
0.164976
0.144246
0.12923
0.118298
0.110313
0.104484
0.100246
0.097181
0.0949883
0.093448
0.0923993
0.0917257
0.0913443
0.0911979
0.0912487
0.0914737
0.0918609
0.0924063
0.0931144
0.0940018
0.0951099
0.0965382
0.0985267
0.101688
0.107822
0.12425
0.21816
3.19568
1.61043
1.22706
1.0116
0.835523
0.670356
0.525227
0.407469
0.317919
0.252613
0.205969
0.17284
0.149237
0.132307
0.120076
0.111195
0.104742
0.100053
0.0966606
0.0942283
0.0925133
0.0913392
0.0905786
0.0901412
0.089965
0.0900085
0.0902485
0.090674
0.0912841
0.0920881
0.0931104
0.0944041
0.0960853
0.09842
0.102066
0.108923
0.126683
0.22556
0.233273
0.194685
0.18904
0.190104
0.192555
0.195317
0.198235
0.201362
0.204785
0.208587
0.212838
0.217588
0.222869
0.228691
0.235039
0.24187
0.24911
0.256658
0.264376
0.2721
0.279641
0.286792
0.293343
0.299095
0.303885
0.307603
0.310223
0.31183
0.31265
0.313091
0.313802
0.315748
0.320335
0.329571
0.346308
0.37459
0.420383
0.492503
0.604157
0.775245
1.03597
1.43408
2.0555
3.10428
5.28106
10.3831
0.242632
0.195077
0.185225
0.184696
0.18657
0.189269
0.192399
0.195879
0.199721
0.20396
0.208641
0.213801
0.219465
0.225638
0.232303
0.239417
0.246906
0.254661
0.262543
0.270378
0.277967
0.285091
0.29153
0.297076
0.301558
0.304874
0.307011
0.308077
0.308336
0.30824
0.308482
0.310071
0.314439
0.323597
0.340367
0.368656
0.414263
0.485782
0.596107
0.764601
1.02025
1.40723
1.99917
2.94963
4.64384
7.68075
0.252145
0.194585
0.180588
0.178396
0.179603
0.182168
0.18547
0.189292
0.193561
0.198262
0.203407
0.209016
0.215102
0.221668
0.228693
0.236133
0.243914
0.251923
0.260017
0.268014
0.275702
0.282848
0.289214
0.294576
0.298753
0.301639
0.303228
0.303652
0.303204
0.30237
0.301874
0.302734
0.306359
0.314686
0.330381
0.357114
0.400161
0.467404
0.570543
0.726864
0.9615
1.31069
1.82927
2.61594
3.87749
5.86981
0.262146
0.193545
0.175626
0.171774
0.172251
0.174607
0.178007
0.182105
0.186745
0.191859
0.197427
0.203447
0.209924
0.216852
0.224211
0.231956
0.240011
0.248263
0.256564
0.264721
0.272511
0.27968
0.285968
0.291125
0.294952
0.29733
0.298257
0.297882
0.296526
0.294704
0.293151
0.292872
0.295203
0.301935
0.315486
0.339173
0.377537
0.43744
0.528927
0.666607
0.871218
1.17143
1.60729
2.24156
3.18726
4.54361
0.272947
0.192234
0.170653
0.165189
0.164921
0.167023
0.170455
0.174747
0.179666
0.185096
0.190987
0.19732
0.204087
0.211283
0.218884
0.226847
0.235097
0.243521
0.251966
0.260232
0.268079
0.275231
0.281398
0.286299
0.289702
0.29147
0.291602
0.290262
0.287804
0.284768
0.281899
0.280161
0.280789
0.285376
0.296033
0.315636
0.347956
0.398728
0.476264
0.592532
0.764367
1.01455
1.37322
1.88192
2.60265
3.56875
0.284878
0.190929
0.165899
0.158901
0.157925
0.159764
0.163177
0.167576
0.172661
0.178275
0.184344
0.190838
0.197744
0.205053
0.212747
0.220783
0.229091
0.237559
0.246031
0.254302
0.262116
0.269175
0.275151
0.279723
0.28262
0.283677
0.282893
0.280459
0.276767
0.272398
0.268103
0.264802
0.263607
0.265894
0.273436
0.288638
0.31464
0.356102
0.419809
0.515499
0.656898
0.862536
1.15607
1.56682
2.13013
2.85356
0.298397
0.189922
0.161555
0.153129
0.151522
0.153117
0.156466
0.160877
0.165993
0.17163
0.177699
0.184166
0.191016
0.198245
0.205837
0.213756
0.221936
0.23027
0.238605
0.246731
0.254383
0.261237
0.266934
0.2711
0.273417
0.273689
0.271919
0.268342
0.263411
0.257765
0.252173
0.247511
0.244766
0.245095
0.249948
0.261275
0.281843
0.315411
0.367711
0.446938
0.564574
0.736259
0.981526
1.32211
1.77882
2.34747
0.31421
0.189545
0.157821
0.148092
0.145947
0.14731
0.150535
0.154841
0.159832
0.16531
0.171182
0.177412
0.183994
0.190925
0.198197
0.205781
0.213616
0.221606
0.2296
0.237395
0.24472
0.251238
0.256556
0.26025
0.261944
0.261411
0.258673
0.254033
0.248042
0.241416
0.234955
0.229491
0.225882
0.225082
0.228274
0.237095
0.253974
0.282263
0.327309
0.396918
0.501026
0.653254
0.870936
1.16985
1.55971
2.02828
0.333349
0.190128
0.154916
0.144007
0.141384
0.142485
0.145488
0.149546
0.154241
0.159371
0.164846
0.170636
0.176738
0.183158
0.189893
0.19692
0.204188
0.211607
0.219042
0.226296
0.233109
0.239143
0.243985
0.247164
0.248242
0.246966
0.243398
0.237953
0.231311
0.224287
0.217702
0.212323
0.208867
0.208099
0.210989
0.218963
0.23442
0.260075
0.300588
0.366451
0.469442
0.619185
0.834399
1.12477
1.48676
1.89571
0.357082
0.191857
0.153042
0.141038
0.137912
0.138653
0.141295
0.144946
0.149175
0.153783
0.158686
0.16386
0.169305
0.175032
0.181043
0.187319
0.193818
0.20046
0.207122
0.213629
0.21974
0.225139
0.229418
0.232072
0.232604
0.230745
0.226637
0.22085
0.214226
0.20766
0.201957
0.197754
0.195633
0.196065
0.199715
0.207276
0.221793
0.250492
0.293733
0.358135
0.461963
0.61379
0.836803
1.14113
1.51531
1.90714
0.386579
0.194547
0.1523
0.139199
0.135438
0.13566
0.137784
0.140878
0.144504
0.148462
0.152671
0.157109
0.161778
0.166691
0.17185
0.177241
0.182824
0.188532
0.194256
0.199843
0.205087
0.209718
0.213367
0.21552
0.215637
0.213458
0.209257
0.203804
0.198091
0.193045
0.189394
0.18745
0.18748
0.189392
0.194935
0.205978
0.222287
0.251865
0.296172
0.364371
0.471147
0.615981
0.819754
1.1114
1.48897
1.91999
0.422514
0.197913
0.152687
0.138295
0.133673
0.133202
0.134679
0.137118
0.140066
0.143317
0.146786
0.150447
0.1543
0.158358
0.162623
0.16708
0.171694
0.176402
0.181113
0.185697
0.189982
0.193764
0.196747
0.198445
0.198306
0.196148
0.192438
0.188171
0.184431
0.182054
0.181329
0.181885
0.185043
0.189309
0.19947
0.27892
0.334074
0.384393
0.443108
0.518873
0.612734
0.728157
0.883019
1.10641
1.42209
1.83107
0.465449
0.203114
0.154202
0.137972
0.132214
0.130928
0.131704
0.133476
0.135756
0.138325
0.14109
0.144017
0.147103
0.150357
0.153782
0.157363
0.161064
0.164834
0.168595
0.172233
0.175605
0.178567
0.180908
0.182189
0.181939
0.180168
0.177632
0.175574
0.174802
0.175397
0.177918
0.1814
0.196971
0.277053
0.338618
0.404314
0.460713
0.5116
0.565664
0.631202
0.712949
0.815716
0.950379
1.13681
1.3966
1.7318
0.506574
0.210846
0.156163
0.137666
0.130716
0.128605
0.128729
0.129904
0.131602
0.133586
0.135753
0.13806
0.140499
0.143081
0.145809
0.148666
0.151624
0.154641
0.157657
0.160573
0.163264
0.165638
0.167538
0.168478
0.168229
0.167219
0.166569
0.167241
0.169333
0.173415
0.182329
0.267588
0.338528
0.409636
0.471595
0.528134
0.579006
0.626601
0.678118
0.74045
0.819592
0.920129
1.04798
1.21447
1.43464
1.71306
0.525879
0.219085
0.158208
0.137148
0.129049
0.126239
0.125823
0.126516
0.127753
0.129281
0.130988
0.132825
0.134781
0.136868
0.139091
0.14144
0.143898
0.146446
0.14905
0.151632
0.154099
0.156434
0.158378
0.159197
0.159073
0.158983
0.160096
0.163464
0.168764
0.238505
0.318664
0.400852
0.47413
0.538981
0.5943
0.642375
0.686964
0.732423
0.785464
0.852858
0.940585
1.05211
1.18905
1.35489
1.55664
1.79621
0.509055
0.230267
0.161029
0.13663
0.127461
0.124133
0.123309
0.12363
0.124514
0.125701
0.127076
0.12859
0.130239
0.13203
0.133971
0.136069
0.13833
0.140752
0.143308
0.145931
0.14858
0.151294
0.153922
0.155023
0.15508
0.15593
0.159204
0.170685
0.275971
0.370666
0.456632
0.534066
0.599891
0.653555
0.696708
0.733696
0.770627
0.813894
0.870535
0.9482
1.05315
1.18825
1.35187
1.5399
1.74991
1.97875
0.477902
0.258917
0.167601
0.136638
0.126363
0.122717
0.121647
0.121724
0.122369
0.123327
0.124484
0.125801
0.127292
0.128951
0.130779
0.132819
0.135114
0.137709
0.140638
0.143908
0.147659
0.15144
0.154892
0.156361
0.156679
0.159876
0.237798
0.318019
0.416256
0.508575
0.588158
0.653238
0.703089
0.739492
0.766681
0.790904
0.819582
0.860382
0.920993
1.0101
1.13504
1.29954
1.50108
1.73082
1.98028
2.24706
0.508841
0.275323
0.17382
0.138787
0.126949
0.12291
0.121737
0.12178
0.1224
0.123217
0.124172
0.125397
0.126914
0.128752
0.130856
0.133
0.135437
0.138302
0.141843
0.147008
0.162869
0.197111
0.222402
0.244399
0.269903
0.30942
0.37754
0.465498
0.556846
0.636757
0.699236
0.743803
0.772353
0.789125
0.80014
0.812549
0.834097
0.872783
0.936934
1.03583
1.17827
1.37013
1.61048
1.89047
2.20583
2.57931
0.767212
0.406458
0.272303
0.191921
0.150907
0.134843
0.128754
0.126795
0.126545
0.127048
0.128121
0.129502
0.132859
0.137625
0.144813
0.154257
0.165994
0.179534
0.194979
0.212834
0.234842
0.264481
0.298264
0.335581
0.38092
0.440643
0.515924
0.599235
0.676112
0.735909
0.775523
0.796814
0.804053
0.803139
0.800874
0.804445
0.821227
0.85891
0.925924
1.03182
1.18666
1.39857
1.66929
1.99316
2.38184
2.92529
0.983351
0.515124
0.333434
0.222718
0.170658
0.147703
0.137984
0.134664
0.134765
0.136968
0.140681
0.145711
0.1521
0.160031
0.169866
0.182138
0.197475
0.216322
0.239089
0.266232
0.298373
0.336273
0.379717
0.429058
0.486588
0.55409
0.628057
0.699348
0.757007
0.794483
0.811517
0.812026
0.801897
0.787864
0.77676
0.775247
0.789972
0.827951
0.897185
1.00708
1.16824
1.39015
1.67647
2.02535
2.47032
3.20763
0.911708
0.476813
0.324228
0.231538
0.18278
0.158506
0.147238
0.143138
0.143329
0.146407
0.151725
0.159042
0.168379
0.179917
0.19396
0.210939
0.231401
0.25593
0.285108
0.319453
0.35933
0.404815
0.455673
0.511902
0.573697
0.639578
0.704157
0.759018
0.796441
0.813208
0.81127
0.79596
0.773932
0.752
0.736605
0.733453
0.748253
0.787268
0.857952
0.969209
1.13107
1.35258
1.63826
1.99356
2.46978
3.36263
0.744417
0.386584
0.289862
0.225019
0.186675
0.165735
0.155563
0.152161
0.153289
0.157744
0.164929
0.174609
0.186783
0.201627
0.21944
0.240627
0.265675
0.295117
0.329468
0.36911
0.414146
0.464234
0.518597
0.57625
0.635675
0.693651
0.744555
0.781732
0.800396
0.79991
0.783768
0.758034
0.72955
0.704428
0.688062
0.685301
0.700993
0.740622
0.810923
0.920137
1.07787
1.29337
1.57318
1.92628
2.41027
3.34667
0.660834
0.34309
0.262854
0.214905
0.186243
0.17025
0.162756
0.161165
0.163913
0.170102
0.179267
0.191225
0.205991
0.223733
0.244735
0.269366
0.298041
0.331173
0.369098
0.411945
0.459468
0.510888
0.564843
0.619439
0.672044
0.718808
0.754786
0.77533
0.778158
0.764555
0.739203
0.708108
0.677276
0.651974
0.636657
0.635282
0.651834
0.690947
0.758445
0.861668
1.00974
1.21276
1.48107
1.83022
2.31871
3.2016
0.647848
0.327863
0.24622
0.206341
0.184501
0.173125
0.168753
0.1695
0.17426
0.182393
0.193565
0.207655
0.224698
0.244849
0.268358
0.295531
0.326684
0.362081
0.401841
0.445802
0.493358
0.543308
0.593793
0.642311
0.68572
0.72026
0.742075
0.748418
0.739094
0.716901
0.686589
0.653617
0.623123
0.599446
0.586141
0.586313
0.603108
0.640302
0.702592
0.796351
0.930058
1.11464
1.36357
1.69596
2.15866
2.92525
0.673145
0.325612
0.237209
0.200576
0.182954
0.17514
0.173611
0.176706
0.18354
0.193619
0.206697
0.22269
0.241636
0.263668
0.288982
0.3178
0.350321
0.386641
0.426658
0.469925
0.515519
0.561894
0.60686
0.64765
0.681072
0.703934
0.71349
0.708912
0.691438
0.664345
0.63215
0.599618
0.571013
0.549791
0.538686
0.540033
0.556236
0.590099
0.645302
0.727111
0.843075
1.00417
1.22568
1.52841
1.94597
2.56815
0.720028
0.329039
0.233051
0.197361
0.182158
0.17683
0.177569
0.182708
0.191414
0.203249
0.217994
0.235574
0.256007
0.279382
0.305829
0.335473
0.36838
0.404477
0.443452
0.484611
0.526785
0.568201
0.606517
0.639055
0.662738
0.675325
0.675463
0.663378
0.641032
0.611811
0.579819
0.549097
0.523093
0.504485
0.495302
0.497219
0.511976
0.541474
0.588475
0.657077
0.753564
0.887817
1.07543
1.33792
1.70368
2.21522
0.777427
0.334352
0.23179
0.196135
0.182257
0.178558
0.180954
0.187694
0.19792
0.211185
0.227261
0.246047
0.267523
0.291717
0.318677
0.348426
0.380892
0.415839
0.452785
0.490819
0.528626
0.564369
0.59558
0.619923
0.63515
0.639712
0.633141
0.616355
0.591633
0.562221
0.531718
0.503477
0.480231
0.464005
0.456249
0.458156
0.470769
0.495366
0.533858
0.589215
0.666278
0.773115
0.923016
1.1367
1.44164
1.86937
0.837989
0.339882
0.232313
0.196427
0.183244
0.18055
0.184064
0.191944
0.203281
0.217591
0.234608
0.254189
0.27626
0.300774
0.327691
0.356932
0.388291
0.421375
0.455603
0.489865
0.522704
0.552372
0.576821
0.594058
0.60244
0.601061
0.590057
0.570729
0.545405
0.517042
0.488713
0.463152
0.442494
0.428246
0.421417
0.422778
0.432878
0.452499
0.482841
0.525891
0.585076
0.666367
0.779917
0.94203
1.17626
1.5118
0.897128
0.34513
0.234077
0.197909
0.185045
0.182913
0.187107
0.195709
0.207756
0.222717
0.24028
0.260249
0.282491
0.30687
0.333257
0.361487
0.39124
0.421929
0.452843
0.482905
0.510744
0.534749
0.553207
0.564553
0.567661
0.562129
0.548476
0.528162
0.503399
0.476785
0.450892
0.427921
0.409529
0.396817
0.390488
0.390937
0.398425
0.41334
0.436338
0.46862
0.512413
0.571743
0.653598
0.769337
0.935652
1.17389
0.952187
0.350291
0.236837
0.20034
0.187543
0.185656
0.190185
0.199154
0.211553
0.226803
0.244541
0.264518
0.286554
0.310406
0.335849
0.362606
0.390258
0.418209
0.445666
0.47159
0.494726
0.513679
0.527065
0.533721
0.532944
0.524694
0.509708
0.489455
0.465939
0.441389
0.417924
0.397304
0.380807
0.369231
0.363061
0.362427
0.367401
0.378092
0.394771
0.418065
0.449286
0.490931
0.54739
0.625756
0.736214
0.891284
1.00194
0.355835
0.240456
0.203503
0.19058
0.188702
0.193302
0.202354
0.214804
0.23003
0.24762
0.267264
0.288698
0.311642
0.335798
0.360799
0.386167
0.411276
0.435332
0.457366
0.47627
0.490881
0.500123
0.503178
0.499667
0.489794
0.47439
0.454846
0.432922
0.410494
0.389295
0.370724
0.35577
0.34502
0.338764
0.337008
0.339689
0.346736
0.358165
0.374217
0.395573
0.423652
0.46101
0.511718
0.581347
0.676087
1.04639
0.3624
0.244787
0.207161
0.193951
0.19191
0.196376
0.205273
0.217513
0.232438
0.249591
0.268613
0.289183
0.310972
0.333623
0.356715
0.379734
0.402049
0.422899
0.441408
0.456629
0.467623
0.473581
0.473963
0.468629
0.457927
0.442706
0.424228
0.404011
0.383612
0.364441
0.347613
0.333893
0.32372
0.31725
0.314422
0.315092
0.319085
0.326265
0.336633
0.350466
0.368493
0.392095
0.423455
0.465362
0.520403
1.08489
0.370192
0.249313
0.210888
0.197325
0.195024
0.199221
0.2078
0.219642
0.23406
0.250563
0.268756
0.288271
0.308742
0.32977
0.350901
0.371609
0.391277
0.409202
0.424612
0.436714
0.444772
0.448198
0.446665
0.440199
0.429223
0.414551
0.397302
0.378762
0.36022
0.342819
0.32745
0.314713
0.304937
0.298196
0.294396
0.293356
0.294847
0.298653
0.304644
0.312858
0.323609
0.337586
0.355881
0.379782
0.410126
1.11392
0.376527
0.253285
0.214277
0.200406
0.197815
0.201669
0.209822
0.221137
0.234904
0.25061
0.267831
0.286171
0.305235
0.324598
0.343796
0.362304
0.379539
0.394864
0.407612
0.417134
0.422862
0.424388
0.421542
0.414452
0.403572
0.389652
0.373667
0.3567
0.339812
0.323933
0.309779
0.297826
0.288325
0.281304
0.276659
0.274197
0.273672
0.274841
0.277507
0.281583
0.287152
0.294516
0.304184
0.316693
0.332146
1.1337
0.380948
0.256362
0.217053
0.202967
0.200095
0.20357
0.211234
0.221936
0.234958
0.249772
0.265936
0.283038
0.300666
0.318387
0.335734
0.352203
0.367253
0.380314
0.390822
0.398251
0.402172
0.402314
0.398616
0.391268
0.380719
0.367647
0.35289
0.337355
0.321919
0.30734
0.2942
0.28288
0.273577
0.266298
0.26094
0.257318
0.255194
0.254323
0.25449
0.255549
0.257469
0.260348
0.264398
0.26981
0.276442
1.14449
0.383303
0.258351
0.219028
0.204832
0.201712
0.204799
0.211938
0.221979
0.234201
0.248071
0.26314
0.278988
0.295198
0.311339
0.326957
0.341575
0.354697
0.365823
0.374477
0.380239
0.38279
0.381959
0.377757
0.370406
0.360333
0.348136
0.334534
0.320286
0.306117
0.292649
0.280361
0.269565
0.260415
0.252917
0.246977
0.242426
0.239049
0.236618
0.234923
0.233802
0.233173
0.233037
0.233466
0.234507
0.235971
1.14662
0.383536
0.259139
0.220076
0.205879
0.20255
0.205256
0.211858
0.221216
0.232614
0.245521
0.25949
0.274102
0.288945
0.3036
0.317631
0.330595
0.342042
0.351537
0.358681
0.363138
0.364675
0.363192
0.358746
0.351568
0.342051
0.33072
0.318186
0.305087
0.292024
0.279513
0.267951
0.257601
0.248587
0.24092
0.234519
0.22924
0.224895
0.221283
0.218213
0.215531
0.213138
0.210996
0.209116
0.207494
0.205967
1.14053
0.381666
0.258675
0.220124
0.206026
0.202534
0.204875
0.210942
0.219614
0.230185
0.242135
0.255024
0.268443
0.281993
0.295269
0.307864
0.319367
0.329377
0.337513
0.343442
0.346896
0.347705
0.345818
0.341318
0.334431
0.325511
0.315015
0.303463
0.29139
0.279299
0.267623
0.256695
0.246738
0.237861
0.230078
0.223329
0.217495
0.212417
0.207925
0.203854
0.200067
0.196468
0.19301
0.189682
0.186465
0.183243
1.12681
0.377787
0.256966
0.219149
0.20524
0.201626
0.203622
0.209165
0.217159
0.226918
0.237933
0.249779
0.262064
0.274404
0.286417
0.297724
0.30795
0.316735
0.32375
0.328712
0.33141
0.331717
0.329614
0.325197
0.318677
0.310369
0.300669
0.290018
0.278869
0.267644
0.256709
0.246347
0.236753
0.228024
0.220184
0.21319
0.206947
0.20133
0.196197
0.191412
0.186859
0.182455
0.178155
0.173943
0.169806
0.165663
1.10624
0.372058
0.25407
0.217173
0.203527
0.199825
0.201497
0.206532
0.213866
0.222833
0.232946
0.243798
0.255014
0.266232
0.277097
0.287257
0.29637
0.304118
0.310212
0.314415
0.316553
0.316534
0.314356
0.310118
0.304013
0.296317
0.287371
0.277552
0.267241
0.256797
0.246532
0.23669
0.227446
0.218888
0.211048
0.203901
0.19738
0.191384
0.185803
0.180527
0.175462
0.170542
0.165729
0.16101
0.156378
0.151783
1.07973
0.364689
0.250085
0.214255
0.200928
0.197167
0.198532
0.203075
0.209769
0.217973
0.227223
0.237132
0.247347
0.257532
0.267355
0.276495
0.284643
0.291513
0.296854
0.300463
0.302197
0.301984
0.299835
0.295843
0.290179
0.283085
0.274853
0.265804
0.256263
0.246536
0.23689
0.227541
0.218643
0.210285
0.202503
0.19529
0.188601
0.182363
0.176491
0.1709
0.165518
0.160293
0.155198
0.150224
0.145372
0.140611
1.04827
0.355931
0.245145
0.21049
0.197519
0.193716
0.194788
0.198855
0.20493
0.212401
0.220827
0.229846
0.239129
0.248362
0.257241
0.265474
0.272781
0.278907
0.283631
0.286778
0.288226
0.28792
0.285872
0.282167
0.276956
0.270448
0.262892
0.254562
0.245736
0.236676
0.227615
0.218743
0.2102
0.202074
0.194407
0.187207
0.18045
0.174085
0.168051
0.162286
0.156737
0.151366
0.146155
0.1411
0.136206
0.131455
1.0129
0.346061
0.23941
0.205997
0.1934
0.189561
0.190348
0.193953
0.19943
0.206197
0.213841
0.222021
0.230433
0.23879
0.246813
0.254235
0.260805
0.266296
0.270512
0.273298
0.274549
0.27422
0.272322
0.268929
0.264173
0.25823
0.251314
0.24366
0.235505
0.227076
0.218575
0.210173
0.201999
0.194141
0.186644
0.17953
0.172792
0.1664
0.160314
0.15449
0.148893
0.143497
0.13829
0.133275
0.128457
0.123826
0.974674
0.335367
0.233054
0.200912
0.188689
0.184813
0.185318
0.188471
0.193368
0.199461
0.206359
0.213749
0.221348
0.228895
0.236136
0.242831
0.248751
0.253694
0.257484
0.259985
0.261105
0.2608
0.259082
0.256012
0.251701
0.2463
0.239992
0.232976
0.225456
0.217629
0.209674
0.201742
0.193955
0.186401
0.179125
0.172163
0.165522
0.15919
0.153144
0.147358
0.141807
0.136479
0.131368
0.126477
0.121814
0.117374
0.9346
0.324132
0.226255
0.195381
0.183516
0.179593
0.179814
0.182522
0.186858
0.192302
0.198491
0.205133
0.211973
0.218769
0.225293
0.231327
0.236667
0.241129
0.244558
0.246829
0.24786
0.247611
0.246086
0.243338
0.239459
0.234576
0.228843
0.222431
0.215516
0.208269
0.200848
0.193391
0.186011
0.178794
0.171789
0.165039
0.158565
0.152368
0.146441
0.14077
0.135344
0.130157
0.125208
0.120503
0.11605
0.111844
0.893629
0.312627
0.219187
0.189548
0.178014
0.174027
0.173959
0.176228
0.180018
0.184839
0.190352
0.196288
0.202413
0.20851
0.214372
0.219802
0.224617
0.228652
0.231765
0.233845
0.234815
0.234636
0.233309
0.230874
0.227407
0.223014
0.217825
0.211986
0.20565
0.198964
0.192071
0.185093
0.178138
0.171287
0.1646
0.158116
0.151868
0.145872
0.140129
0.13464
0.1294
0.124411
0.119676
0.115202
0.110994
0.107048
0.852629
0.301097
0.212014
0.183553
0.172314
0.168243
0.167878
0.169713
0.172972
0.177194
0.182061
0.187329
0.192782
0.198226
0.203472
0.208345
0.212679
0.216326
0.219157
0.221071
0.221996
0.221893
0.220758
0.21862
0.215541
0.211609
0.206934
0.201639
0.195856
0.189716
0.183342
0.176849
0.170334
0.163878
0.157545
0.151373
0.145404
0.139662
0.13416
0.128905
0.123902
0.119156
0.114672
0.110459
0.10652
0.102849
0.812355
0.289755
0.20488
0.177524
0.16654
0.162361
0.161693
0.163098
0.165841
0.169486
0.17374
0.178374
0.183194
0.188024
0.192696
0.197051
0.20094
0.204229
0.206803
0.208566
0.209452
0.209422
0.208467
0.206606
0.20389
0.200389
0.196196
0.191417
0.186163
0.18055
0.174688
0.168681
0.162619
0.156581
0.150632
0.144811
0.139163
0.13372
0.128503
0.123525
0.118796
0.114326
0.110121
0.106189
0.102532
0.0991438
0.773427
0.278777
0.197911
0.171577
0.160801
0.156495
0.155517
0.156498
0.158741
0.161833
0.165501
0.169535
0.173759
0.178014
0.182147
0.186017
0.189491
0.192447
0.194779
0.196401
0.197248
0.197283
0.196491
0.194885
0.192503
0.189403
0.185662
0.181368
0.176619
0.171515
0.166155
0.160632
0.155031
0.149427
0.143881
0.138442
0.133149
0.12804
0.123141
0.118472
0.114046
0.109875
0.105967
0.102328
0.0989598
0.0958543
0.736318
0.2683
0.191207
0.165806
0.155197
0.150743
0.149451
0.150017
0.151776
0.15434
0.157452
0.16092
0.164582
0.168296
0.171924
0.175341
0.178424
0.181066
0.183169
0.184653
0.185459
0.185547
0.1849
0.183525
0.181448
0.178718
0.175396
0.171559
0.167289
0.162675
0.157803
0.152759
0.14762
0.142457
0.137331
0.132293
0.127377
0.122627
0.118071
0.113733
0.109629
0.105771
0.102169
0.0988285
0.095749
0.0929215
0.701355
0.258422
0.184847
0.160291
0.149809
0.145192
0.143585
0.143746
0.145039
0.1471
0.149687
0.152621
0.155757
0.158963
0.162119
0.165109
0.167826
0.170171
0.172055
0.173404
0.174163
0.174291
0.17377
0.1726
0.1708
0.168408
0.165474
0.162063
0.158246
0.154098
0.149699
0.145122
0.140442
0.135722
0.131022
0.126394
0.121871
0.117494
0.113296
0.109301
0.105528
0.101991
0.0986978
0.0956537
0.0928576
0.0902993
0.668736
0.249204
0.178887
0.15509
0.144702
0.139909
0.137991
0.137759
0.138609
0.140193
0.142285
0.14472
0.147363
0.150096
0.15281
0.155402
0.157774
0.159837
0.161511
0.162728
0.163434
0.16359
0.163175
0.162185
0.160634
0.158549
0.155972
0.152956
0.149563
0.145858
0.141909
0.137786
0.133553
0.129271
0.124996
0.120777
0.116653
0.112655
0.108821
0.105174
0.101734
0.0985163
0.0955285
0.0927745
0.0902524
0.0879513
0.638552
0.240676
0.173358
0.150245
0.139921
0.134948
0.132725
0.132117
0.132546
0.133682
0.135312
0.137281
0.139466
0.14176
0.144063
0.146283
0.148333
0.150131
0.151604
0.15269
0.153337
0.153509
0.153182
0.15235
0.151019
0.149211
0.14696
0.144309
0.141309
0.13802
0.134499
0.130809
0.127008
0.123152
0.119293
0.115478
0.111746
0.108127
0.104653
0.10135
0.0982396
0.095334
0.0926423
0.0901673
0.0879064
0.0858479
0.610812
0.232845
0.168277
0.145778
0.135498
0.130343
0.127827
0.126862
0.126896
0.127613
0.128814
0.130352
0.132114
0.134002
0.135926
0.137802
0.139551
0.141101
0.142383
0.143341
0.143927
0.144104
0.143849
0.143152
0.142016
0.140456
0.1385
0.136182
0.133546
0.130642
0.127523
0.124242
0.120852
0.117405
0.113947
0.110523
0.107171
0.103919
0.100797
0.0978296
0.0950367
0.0924318
0.0900229
0.0878124
0.0857969
0.0839647
0.585463
0.225694
0.163642
0.141698
0.131447
0.126115
0.12332
0.12202
0.121687
0.122017
0.122822
0.123964
0.125339
0.126855
0.12843
0.12999
0.131463
0.132781
0.133884
0.134718
0.13524
0.135414
0.135216
0.134635
0.133669
0.13233
0.130638
0.128623
0.12632
0.123772
0.121025
0.118126
0.115123
0.112061
0.108984
0.105932
0.102942
0.100042
0.0972561
0.0946085
0.0921181
0.0897979
0.0876551
0.0856918
0.0839042
0.0822806
0.56241
0.219196
0.159442
0.138001
0.127772
0.122271
0.119216
0.117606
0.116933
0.116909
0.117352
0.118134
0.119156
0.120334
0.121593
0.122864
0.124083
0.125188
0.126123
0.126841
0.127298
0.127462
0.127309
0.126825
0.126008
0.124864
0.123408
0.121664
0.119663
0.11744
0.115035
0.112489
0.109844
0.107142
0.104421
0.101719
0.099068
0.0964977
0.0940284
0.0916813
0.0894744
0.0874198
0.0855243
0.0837893
0.0822108
0.0807775
0.541526
0.213316
0.155658
0.134676
0.124465
0.118808
0.115514
0.113619
0.112638
0.112291
0.112407
0.112863
0.113567
0.11444
0.115413
0.116424
0.117412
0.118323
0.119104
0.119711
0.120105
0.120254
0.120135
0.119734
0.119045
0.118071
0.116825
0.115324
0.113593
0.111664
0.109569
0.107345
0.105029
0.102657
0.100265
0.0978862
0.0955501
0.0932834
0.0911079
0.089039
0.0870941
0.0852842
0.0836155
0.0820888
0.0807002
0.0794389
0.522666
0.208014
0.152266
0.131706
0.121513
0.115714
0.112203
0.110051
0.10879
0.108154
0.107976
0.108141
0.10856
0.109161
0.109879
0.110656
0.111438
0.112172
0.112813
0.113318
0.113651
0.113782
0.113689
0.113356
0.112777
0.111951
0.110888
0.109602
0.108112
0.106446
0.10463
0.102697
0.100678
0.0986072
0.0965147
0.0944305
0.0923819
0.0903929
0.0884845
0.0866699
0.0849637
0.0833764
0.0819133
0.080575
0.0793572
0.0782497
0.505681
0.203252
0.149241
0.129071
0.118897
0.112973
0.109267
0.106885
0.105374
0.10448
0.104041
0.103946
0.104113
0.104473
0.104965
0.105535
0.106133
0.10671
0.107225
0.107637
0.107912
0.108024
0.107949
0.107673
0.107186
0.106489
0.105585
0.104487
0.10321
0.101776
0.100209
0.0985355
0.0967839
0.0949825
0.0931593
0.0913409
0.0895516
0.0878132
0.0861443
0.0845592
0.0830681
0.0816808
0.0804022
0.0792323
0.0781667
0.0771959
0.49043
0.198994
0.146561
0.126749
0.116597
0.110563
0.106684
0.104097
0.102366
0.101243
0.100574
0.100252
0.100198
0.100346
0.10064
0.101028
0.101463
0.101902
0.102303
0.102631
0.102854
0.102945
0.102883
0.102653
0.102245
0.101657
0.100891
0.0999566
0.0988656
0.0976356
0.0962871
0.0948431
0.0933277
0.091766
0.0901824
0.0886006
0.0870424
0.0855273
0.0840721
0.0826906
0.0813909
0.0801815
0.0790665
0.0780458
0.0771148
0.0762643
0.476791
0.195215
0.144207
0.124721
0.114593
0.108462
0.104431
0.101664
0.0997392
0.0984162
0.0975461
0.0970263
0.0967797
0.096744
0.0968652
0.0970948
0.0973884
0.097705
0.0980069
0.0982601
0.0984347
0.0985053
0.0984516
0.0982586
0.0979164
0.097421
0.0967732
0.095979
0.0950485
0.0939958
0.092838
0.0915946
0.0902864
0.0889351
0.0875623
0.086189
0.0848344
0.0835161
0.0822493
0.0810464
0.0799153
0.0788622
0.077891
0.0770012
0.0761882
0.075443
0.464677
0.191897
0.142165
0.122973
0.112866
0.10665
0.102485
0.0995597
0.0974647
0.0959677
0.0949236
0.0942326
0.0938202
0.0936261
0.0935986
0.0936915
0.0938626
0.0940734
0.0942883
0.0944754
0.0946064
0.0946573
0.0946084
0.094445
0.0941571
0.0937393
0.0931913
0.0925169
0.0917239
0.0908237
0.0898304
0.0887605
0.087632
0.0864637
0.0852744
0.0840826
0.0829055
0.0817589
0.0806562
0.0796086
0.0786241
0.0777071
0.0768609
0.0760848
0.0753743
0.0747206
0.454045
0.189039
0.140431
0.121494
0.111402
0.105108
0.100823
0.0977581
0.0955151
0.0938675
0.0926735
0.0918358
0.0912816
0.0909523
0.0907978
0.0907738
0.09084
0.0909597
0.0910992
0.0912283
0.0913203
0.0913523
0.0913055
0.0911653
0.0909215
0.0905682
0.0901037
0.0895303
0.0888538
0.0880832
0.0872304
0.0863091
0.0853348
0.0843236
0.0832923
0.082257
0.081233
0.0802344
0.0792733
0.0783597
0.0775012
0.0767012
0.0759625
0.0752843
0.074662
0.074087
0.444901
0.186652
0.139009
0.120281
0.110191
0.103821
0.0994259
0.0962372
0.0938647
0.0920868
0.0907644
0.0898017
0.0891272
0.0886834
0.0884214
0.0882982
0.0882751
0.0883168
0.0883914
0.08847
0.0885273
0.0885414
0.0884943
0.0883717
0.0881633
0.0878628
0.0874674
0.0869781
0.0863992
0.0857377
0.0850034
0.0842079
0.0833644
0.0824869
0.0815901
0.0806881
0.0797947
0.0789223
0.0780819
0.0772824
0.0765308
0.0758306
0.0751833
0.0745882
0.0740409
0.0735331
0.437309
0.184771
0.137916
0.119338
0.10923
0.10278
0.0982807
0.0949788
0.0924914
0.0906002
0.0891676
0.0880989
0.0873229
0.0867827
0.0864303
0.0862236
0.086125
0.0861005
0.0861193
0.0861542
0.0861807
0.086178
0.0861287
0.0860188
0.0858382
0.08558
0.0852409
0.0848208
0.0843226
0.0837518
0.0831163
0.082426
0.0816921
0.0809269
0.080143
0.0793532
0.0785697
0.0778036
0.0770648
0.0763614
0.0756994
0.0750828
0.0745122
0.0739867
0.0735023
0.0730508
0.431382
0.183448
0.13718
0.118683
0.108525
0.101983
0.0973782
0.0939691
0.0913772
0.0893861
0.0878585
0.0866996
0.0858381
0.0852173
0.0847892
0.0845126
0.0843505
0.0842699
0.0842413
0.0842381
0.0842373
0.0842187
0.0841655
0.0840643
0.0839048
0.08368
0.083386
0.0830219
0.0825894
0.0820929
0.0815387
0.0809351
0.0802918
0.0796194
0.0789292
0.0782324
0.0775399
0.0768618
0.0762071
0.0755831
0.0749953
0.0744474
0.0739398
0.0734715
0.0730386
0.0726334
0.427279
0.182756
0.136847
0.11834
0.108089
0.101435
0.096716
0.0931997
0.0905091
0.0884274
0.0868165
0.0855803
0.0846468
0.0839584
0.0834674
0.0831324
0.0829171
0.0827892
0.08272
0.082684
0.0826588
0.0826252
0.0825668
0.0824707
0.0823265
0.0821273
0.0818686
0.081549
0.0811691
0.0807324
0.0802439
0.0797106
0.0791409
0.078544
0.0779299
0.0773086
0.0766901
0.0760834
0.0754967
0.0749368
0.0744086
0.0739156
0.0734584
0.0730356
0.0726437
0.0722753
0.425194
0.182791
0.136978
0.118351
0.107948
0.101146
0.0962971
0.0926671
0.0898783
0.0877113
0.0860253
0.0847218
0.083727
0.0829822
0.0824387
0.0820552
0.0817955
0.0816277
0.081524
0.0814594
0.0814124
0.0813644
0.0812997
0.0812055
0.0810719
0.0808915
0.0806598
0.0803746
0.080036
0.0796464
0.07921
0.0787325
0.0782213
0.0776843
0.0771306
0.0765691
0.0760088
0.0754582
0.0749247
0.0744145
0.0739324
0.0734814
0.0730625
0.0726741
0.072313
0.0719722
0.425346
0.18367
0.13765
0.118765
0.108131
0.101137
0.0961291
0.0923714
0.0894794
0.0872282
0.0854721
0.0841086
0.0830611
0.0822687
0.0816817
0.0812579
0.0809611
0.0807599
0.0806266
0.0805372
0.0804707
0.080409
0.0803371
0.0802424
0.0801151
0.0799479
0.079736
0.0794767
0.0791696
0.0788163
0.07842
0.0779857
0.0775196
0.0770288
0.0765212
0.0760052
0.0754889
0.07498
0.0744856
0.0740116
0.0735625
0.0731411
0.0727487
0.0723839
0.0720435
0.0717212
0.427979
0.185535
0.138956
0.119643
0.108678
0.101427
0.0962224
0.092315
0.0893094
0.0869711
0.0851468
0.0837285
0.0826349
0.0818023
0.0811791
0.080722
0.0803946
0.0801654
0.0800071
0.0798961
0.079812
0.0797374
0.0796576
0.0795603
0.079436
0.0792773
0.0790792
0.0788387
0.0785549
0.0782285
0.0778623
0.0774602
0.0770275
0.0765706
0.0760965
0.0756128
0.0751271
0.0746467
0.0741781
0.0737271
0.0732981
0.072894
0.0725163
0.0721639
0.0718339
0.0715208
0.433382
0.18855
0.141004
0.121055
0.109628
0.102038
0.0965868
0.0925
0.0893652
0.0869336
0.0850411
0.0835712
0.0824368
0.0815703
0.0809174
0.0804333
0.0800809
0.0798286
0.0796492
0.0795196
0.07942
0.0793333
0.0792452
0.0791439
0.07902
0.0788661
0.078677
0.0784494
0.078182
0.077875
0.0775302
0.0771509
0.0767416
0.0763079
0.075856
0.0753928
0.0749253
0.0744605
0.0740047
0.0735636
0.0731417
0.0727422
0.0723667
0.0720151
0.0716847
0.0713708
0.44191
0.192917
0.143917
0.123069
0.11102
0.102989
0.0972272
0.0929244
0.0896412
0.0871083
0.0851462
0.0836275
0.0824574
0.0815628
0.0808863
0.0803811
0.080009
0.0797381
0.0795415
0.0793963
0.079283
0.0791852
0.079089
0.0789828
0.0788574
0.0787055
0.0785217
0.0783026
0.0780462
0.0777523
0.0774221
0.077058
0.0766637
0.0762439
0.0758042
0.0753507
0.07489
0.0744285
0.0739726
0.073528
0.0730995
0.0726909
0.0723044
0.0719407
0.071598
0.0712724
0.454051
0.198881
0.147828
0.125755
0.112881
0.104285
0.0981386
0.0935787
0.0901265
0.0874843
0.0854523
0.0838884
0.0826881
0.0817718
0.081078
0.0805576
0.0801712
0.0798865
0.0796765
0.0795186
0.0793939
0.0792864
0.0791825
0.0790711
0.0789432
0.0787914
0.0786105
0.0783965
0.0781472
0.0778618
0.0775408
0.0771859
0.0767999
0.0763866
0.0759506
0.0754973
0.0750325
0.0745625
0.0740934
0.0736313
0.0731816
0.0727489
0.0723365
0.0719462
0.0715777
0.071228
0.470504
0.206744
0.152876
0.129161
0.115216
0.10591
0.0992988
0.0944407
0.0908018
0.0880461
0.0859468
0.084344
0.0831209
0.0821907
0.0814869
0.080958
0.0805631
0.0802694
0.0800501
0.0798829
0.0797493
0.0796338
0.0795234
0.0794072
0.0792764
0.0791239
0.0789442
0.0787334
0.0784887
0.0782089
0.0778936
0.0775438
0.0771611
0.0767485
0.0763094
0.0758481
0.0753696
0.0748796
0.0743841
0.0738896
0.0734024
0.0729284
0.0724728
0.0720392
0.0716289
0.0712409
0.492311
0.216891
0.159198
0.133306
0.117992
0.107817
0.100662
0.0954715
0.0916371
0.0887713
0.0866139
0.084983
0.0837483
0.0828143
0.0821095
0.0815797
0.0811829
0.0808858
0.0806617
0.0804889
0.0803494
0.0802281
0.0801127
0.0799927
0.0798596
0.0797064
0.0795277
0.0793193
0.0790782
0.0788025
0.0784912
0.0781443
0.0777623
0.0773468
0.0768998
0.0764242
0.0759236
0.0754027
0.0748673
0.074324
0.0737807
0.0732455
0.0727261
0.0722289
0.0717581
0.0713149
0.521057
0.229812
0.166905
0.138147
0.121117
0.109911
0.102148
0.0966114
0.0925896
0.0896308
0.0874344
0.0857936
0.0845632
0.0836388
0.0829442
0.0824228
0.0820316
0.0817373
0.0815136
0.0813393
0.0811972
0.0810729
0.0809547
0.0808326
0.0806985
0.0805456
0.0803686
0.0801632
0.0799261
0.0796549
0.0793479
0.0790038
0.0786223
0.0782029
0.0777459
0.077252
0.076723
0.0761615
0.0755723
0.0749626
0.0743416
0.0737209
0.0731122
0.0725265
0.0719722
0.0714537
0.559201
0.246138
0.176044
0.143536
0.12441
0.112035
0.103639
0.097777
0.0936042
0.0905899
0.0883876
0.0867645
0.0855603
0.084663
0.0839924
0.0834902
0.0831133
0.0828287
0.082611
0.0824399
0.082299
0.082175
0.0820566
0.0819348
0.0818017
0.0816511
0.0814776
0.081277
0.0810458
0.0807812
0.0804806
0.080142
0.0797632
0.079342
0.0788763
0.0783638
0.077803
0.0771935
0.0765378
0.0758423
0.0751183
0.0743816
0.0736508
0.0729447
0.0722782
0.0716601
0.61066
0.266669
0.186511
0.149147
0.127557
0.113951
0.104971
0.0988637
0.0946169
0.0916116
0.089454
0.0878869
0.0867378
0.085889
0.0852586
0.0847881
0.084435
0.0841678
0.0839621
0.0837992
0.0836638
0.0835436
0.0834284
0.0833097
0.0831805
0.0830348
0.0828677
0.082675
0.0824531
0.0821988
0.0819091
0.0815808
0.0812103
0.0807933
0.0803245
0.0797979
0.0792071
0.0785468
0.0778147
0.0770141
0.0761571
0.0752653
0.0743685
0.0734986
0.0726822
0.0719347
0.682134
0.292392
0.197873
0.154354
0.130061
0.115326
0.105941
0.0997533
0.0955632
0.0926634
0.0906201
0.0891582
0.0880992
0.0873241
0.086752
0.0863265
0.0860075
0.0857655
0.0855783
0.0854287
0.0853033
0.0851909
0.0850824
0.0849704
0.0848485
0.0847114
0.0845545
0.0843738
0.084166
0.0839276
0.0836552
0.0833447
0.0829913
0.0825885
0.0821277
0.0815983
0.0809876
0.0802823
0.0794712
0.07855
0.077527
0.0764294
0.0753036
0.0742076
0.0731895
0.0722747
0.786509
0.324346
0.208982
0.158048
0.131197
0.115745
0.106326
0.100334
0.096392
0.0937273
0.0918846
0.090586
0.0896562
0.0889816
0.0884866
0.0881198
0.0878449
0.0876358
0.0874733
0.0873424
0.0872315
0.087131
0.0870334
0.086932
0.0868215
0.0866973
0.0865552
0.086392
0.0862042
0.0859887
0.0857419
0.0854593
0.085135
0.084761
0.0843257
0.0838137
0.0832049
0.0824752
0.081599
0.080555
0.0793367
0.0779682
0.0765197
0.0750991
0.0738033
0.0726719
0.951315
0.362746
0.217159
0.158407
0.130016
0.114761
0.105933
0.100534
0.0970878
0.0948116
0.0932656
0.0921911
0.0914298
0.0908817
0.0904816
0.0901858
0.0899642
0.0897952
0.0896631
0.0895558
0.0894639
0.0893798
0.0892972
0.0892108
0.0891164
0.08901
0.0888885
0.0887489
0.0885884
0.0884041
0.0881927
0.08795
0.0876697
0.0873432
0.0869571
0.0864927
0.0859232
0.0852127
0.0843156
0.0831802
0.0817613
0.0800528
0.0781392
0.0762188
0.0745234
0.0731097
1.24174
0.403086
0.216604
0.15276
0.125502
0.112041
0.10469
0.100373
0.0976957
0.095964
0.0948059
0.09401
0.0934509
0.0930506
0.0927596
0.0925447
0.0923837
0.0922606
0.0921638
0.0920845
0.0920158
0.0919522
0.091889
0.0918224
0.0917492
0.0916664
0.0915718
0.0914629
0.0913378
0.0911942
0.0910294
0.0908398
0.0906202
0.0903625
0.0900543
0.0896764
0.0891997
0.0885804
0.0877539
0.0866278
0.0850843
0.0830196
0.0804517
0.0776547
0.0753412
0.0735567
1.84786
0.420916
0.196184
0.138142
0.117095
0.107644
0.102773
0.100014
0.0983427
0.0972781
0.0965736
0.096093
0.0957571
0.0955176
0.0953438
0.0952158
0.0951198
0.0950463
0.0949883
0.0949405
0.0948987
0.0948595
0.0948201
0.0947781
0.0947315
0.0946785
0.0946176
0.0945475
0.0944667
0.0943739
0.0942673
0.0941448
0.0940027
0.0938356
0.0936346
0.0933852
0.093064
0.0926321
0.0920226
0.0911194
0.0897264
0.0875516
0.08425
0.0795609
0.0762164
0.0739566
3.57475
0.315346
0.142035
0.114045
0.105758
0.102383
0.100719
0.0997938
0.099238
0.0988856
0.098653
0.098495
0.098385
0.0983071
0.098251
0.0982101
0.0981799
0.0981573
0.0981397
0.0981256
0.0981133
0.0981018
0.0980901
0.0980773
0.0980627
0.0980458
0.0980259
0.0980026
0.0979754
0.0979439
0.0979075
0.0978655
0.0978167
0.0977593
0.0976902
0.0976044
0.0974931
0.0973404
0.0971152
0.0967513
0.0960984
0.0947857
0.0916842
0.0818537
0.0769558
0.0742139
18.3314
15.2189
19.0853
9.26168
8.60855
9.13905
8.51165
7.95033
10.5054
11.6837
11.9094
11.6328
11.0235
13.5459
9.59088
6.78524
7.26244
8.26864
8.93909
9.23782
9.35163
9.10243
9.1067
10.8125
5.44298
6.18263
6.8017
7.2838
7.56975
7.67101
7.75631
7.60921
4.21829
4.78764
5.31668
5.77843
6.15121
6.41268
6.505
6.53706
3.35136
3.79882
4.24531
4.66385
5.0339
5.34064
5.55345
5.65095
2.74515
3.10356
3.47515
3.84231
4.18641
4.49178
4.74126
4.91309
2.35611
2.64836
2.95561
3.26795
3.57236
3.85482
4.10138
4.29636
2.16479
2.40127
2.65126
2.90901
3.16569
3.41074
3.6328
3.82002
2.1386
2.337
2.53268
2.73424
2.93713
3.13466
3.318
3.47858
2.17849
2.37355
2.55499
2.72296
2.86593
3.0013
3.13226
3.25187
2.09737
2.33081
2.56663
2.76731
2.90238
2.97966
3.04391
3.11123
1.97201
2.20629
2.46004
2.72192
2.92403
2.99408
3.00049
3.01566
1.92437
2.12547
2.36193
2.64569
2.9044
2.97102
2.94284
2.91967
1.97996
2.1623
2.38668
2.65391
2.91764
2.88925
2.83323
2.79267
2.15098
2.32924
2.5535
2.80851
2.99517
2.69964
2.6429
2.62314
2.45307
2.66842
2.91729
3.12422
3.03344
2.46969
2.43689
2.44113
2.90816
3.24495
3.56588
3.63939
2.94271
2.2404
2.23866
2.2627
3.50487
4.086
4.55834
4.33249
2.4806
2.04158
2.06455
2.09258
4.18409
5.15213
5.93692
5.29453
2.09394
1.89952
1.9151
1.93314
4.82187
6.23881
7.51017
6.8334
1.98262
1.79685
1.78799
1.78949
5.14103
6.85581
8.71172
9.19621
2.05472
1.73003
1.69198
1.67165
4.92226
6.61965
8.89003
10.9181
4.74465
1.71752
1.64483
1.5982
4.3153
5.72499
7.73102
10.0336
9.84809
1.81412
1.65884
1.5837
3.53326
4.47838
5.89419
7.73929
9.13155
5.7218
1.78245
1.65742
2.87163
3.42821
4.21344
5.32722
6.67415
7.08486
5.81459
2.65152
2.37406
2.7526
3.2107
3.79597
4.55773
5.33418
5.62423
4.45864
1.90863
2.20285
2.53858
2.9172
3.33976
3.79304
4.18652
4.36539
1.4541
1.66445
1.90794
2.18417
2.48644
2.80076
3.10212
3.35966
1.06797
1.19985
1.35303
1.52883
1.72512
1.93577
2.1503
2.35237
0.778857
0.854081
0.940387
1.03883
1.14878
1.26762
1.39057
1.51012
0.576773
0.616948
0.662084
0.7127
0.768483
0.828146
0.889392
0.948869
0.43938
0.45961
0.481782
0.506119
0.532422
0.560029
0.58783
0.614324
0.346143
0.355498
0.365486
0.376209
0.387551
0.399178
0.410551
0.420997
0.282015
0.285562
0.289234
0.29309
0.297074
0.301019
0.304664
0.307703
0.236946
0.237428
0.237868
0.23831
0.23873
0.239048
0.239137
0.238855
0.204466
0.203356
0.202171
0.200946
0.199676
0.198322
0.196822
0.195109
0.180446
0.178536
0.176566
0.174564
0.172533
0.170456
0.168299
0.166032
0.162231
0.159953
0.157642
0.155321
0.152995
0.150657
0.148288
0.145875
0.148091
0.145681
0.143265
0.140861
0.138476
0.136104
0.133737
0.131367
0.136872
0.134462
0.132068
0.129705
0.127377
0.125083
0.122817
0.120574
0.127793
0.125456
0.123151
0.120891
0.118679
0.116514
0.114393
0.112311
0.120313
0.118088
0.115907
0.11378
0.111711
0.109697
0.107736
0.105824
0.11405
0.111957
0.109917
0.107938
0.106021
0.104164
0.102365
0.100622
0.10873
0.10678
0.104888
0.10306
0.101296
0.0995953
0.0979538
0.0963698
0.104156
0.102352
0.100609
0.0989306
0.0973168
0.0957657
0.0942738
0.0928393
0.100181
0.0985239
0.096927
0.0953938
0.0939238
0.0925149
0.0911635
0.0898675
0.096699
0.0951844
0.0937291
0.092335
0.0910015
0.0897261
0.0885054
0.0873372
0.0936273
0.0922508
0.0909308
0.0896687
0.0884635
0.0873127
0.0862129
0.085162
0.0909044
0.0896598
0.088468
0.08733
0.0862446
0.0852094
0.084221
0.0832774
0.0884823
0.0873623
0.086291
0.0852689
0.0842946
0.0833659
0.0824797
0.0816339
0.0863227
0.0853196
0.0843606
0.0834459
0.0825741
0.0817432
0.0809501
0.0801932
0.0843951
0.0835005
0.0826453
0.0818294
0.0810517
0.0803099
0.0796016
0.078925
0.0826741
0.0818794
0.0811193
0.0803938
0.0797017
0.079041
0.0784094
0.0778052
0.0811385
0.0804348
0.0797612
0.0791177
0.0785031
0.0779155
0.077353
0.0768139
0.0797699
0.0791484
0.0785529
0.0779832
0.0774382
0.0769164
0.0764157
0.0759349
0.078552
0.0780042
0.0774785
0.0769748
0.076492
0.0760287
0.0755832
0.0751543
0.0774702
0.076988
0.0765243
0.0760791
0.0756515
0.0752401
0.0748435
0.0744606
0.0765113
0.0760869
0.075678
0.0752843
0.0749052
0.0745396
0.0741861
0.0738437
0.0756631
0.0752894
0.0749284
0.0745799
0.0742433
0.0739176
0.0736019
0.073295
0.0749143
0.0745848
0.0742655
0.0739562
0.0736566
0.0733658
0.0730827
0.0728068
0.0742548
0.0739635
0.0736802
0.0734049
0.0731372
0.0728764
0.0726217
0.0723724
0.0736752
0.0734168
0.0731644
0.0729182
0.0726778
0.0724428
0.0722123
0.0719859
0.0731672
0.0729367
0.0727106
0.0724891
0.072272
0.0720589
0.0718491
0.0716422
0.0727236
0.0725164
0.0723124
0.0721117
0.0719143
0.0717196
0.0715272
0.0713367
0.0723379
0.07215
0.0719643
0.0717808
0.0715995
0.0714202
0.0712422
0.0710654
0.0720051
0.0718327
0.0716615
0.0714919
0.0713238
0.0711568
0.0709906
0.0708249
0.0717212
0.0715605
0.0714005
0.0712416
0.0710835
0.0709262
0.0707691
0.0706121
0.0714833
0.0713307
0.0711785
0.071027
0.0708761
0.0707256
0.0705752
0.0704247
0.0712897
0.0711414
0.0709935
0.0708463
0.0706996
0.0705532
0.0704068
0.0702603
0.0711399
0.070992
0.0708447
0.0706982
0.0705524
0.0704072
0.0702623
0.0701174
0.0710345
0.0708825
0.0707317
0.0705822
0.070434
0.0702867
0.0701403
0.0699943
0.0709748
0.070814
0.0706551
0.0704984
0.0703438
0.070191
0.0700399
0.06989
0.0709631
0.0707877
0.0706157
0.0704471
0.0702818
0.0701196
0.0699603
0.0698035
0.0710017
0.0708055
0.0706144
0.0704286
0.0702479
0.0700721
0.0699008
0.0697337
0.0710927
0.0708684
0.0706517
0.0704428
0.0702416
0.0700476
0.0698604
0.0696795
0.0712369
0.0709763
0.0707269
0.0704887
0.0702614
0.0700445
0.0698374
0.0696393
0.0714329
0.0711269
0.0708371
0.070563
0.0703042
0.0700599
0.0698291
0.0696107
0.0716755
0.0713144
0.0709762
0.07066
0.0703648
0.0700892
0.0698316
0.0695905
0.0719543
0.0715279
0.071134
0.0707704
0.070435
0.0701255
0.0698393
0.0695744
0.0722512
0.0717503
0.0712951
0.070881
0.070504
0.0701601
0.0698457
0.0695576
0.0725375
0.0719566
0.0714387
0.0709753
0.0705591
0.0701838
0.0698442
0.0695358
0.0727704
0.0721138
0.071541
0.0710368
0.0705895
0.0701902
0.0698318
0.0695085
0.0728997
0.0721914
0.0715847
0.071057
0.0705928
0.0701809
0.0698128
0.0694822
3.10985
2.01676
1.55546
1.27151
1.03502
0.817225
0.629323
0.478601
0.365174
0.283485
0.225982
0.185755
0.157502
0.137487
0.12317
0.112872
0.10542
0.100013
0.0960983
0.0932828
0.0912868
0.0899087
0.0890042
0.0884712
0.0882401
0.0882653
0.0885216
0.0889987
0.0896992
0.090639
0.0918531
0.0934104
0.0954504
0.0982759
0.10261
0.110505
0.130212
0.236544
3.80414
2.35
1.89135
1.60027
1.31061
1.03338
0.788973
0.590349
0.440188
0.332549
0.257685
0.206155
0.170581
0.14579
0.128359
0.115941
0.107013
0.100561
0.0958934
0.0925304
0.0901344
0.0884658
0.0873544
0.0866812
0.0863647
0.086353
0.0866174
0.0871464
0.0879451
0.0890355
0.0904629
0.0923123
0.0947481
0.0981131
0.103206
0.112258
0.134193
0.249401
6.79641
3.45548
2.40715
1.96432
1.60007
1.26257
0.962648
0.714782
0.524894
0.388191
0.293554
0.229112
0.185288
0.155281
0.134397
0.11966
0.109144
0.101582
0.0961253
0.0921932
0.0893836
0.0874147
0.0860885
0.0852671
0.0848566
0.0847975
0.0850564
0.0856201
0.0864947
0.0877062
0.0893076
0.0913962
0.0941564
0.0979643
0.103683
0.113708
0.137574
0.260778
8.55015
6.91645
3.60029
2.51496
1.94735
1.51511
1.15133
0.85136
0.618913
0.450197
0.333375
0.254589
0.201752
0.165887
0.141186
0.123925
0.111708
0.102975
0.0966964
0.0921781
0.0889459
0.0866713
0.0851259
0.0841518
0.0836417
0.083528
0.0837713
0.0843562
0.0852887
0.0865974
0.0883407
0.0906255
0.093652
0.0978242
0.104062
0.114904
0.140437
0.270783
6.54175
7.69452
6.7289
3.60217
2.44589
1.8168
1.36099
1.0011
0.722353
0.518514
0.377659
0.283179
0.220055
0.177597
0.148668
0.128659
0.11462
0.104656
0.097526
0.0924089
0.0887494
0.0861679
0.084403
0.0832753
0.0826634
0.0824906
0.0827116
0.0833077
0.0842841
0.0856707
0.0875298
0.0899757
0.0932211
0.0976932
0.10436
0.115885
0.142846
0.279507
5.67607
5.89556
8.18827
5.99364
3.30587
2.22724
1.60731
1.16743
0.835576
0.595026
0.427882
0.315275
0.24038
0.190465
0.156826
0.133809
0.117817
0.106556
0.0985475
0.0928223
0.0887351
0.0858496
0.0838687
0.0825898
0.081877
0.0816436
0.081838
0.0824382
0.0834476
0.0848968
0.0868507
0.089429
0.0928543
0.0975728
0.104592
0.116685
0.144855
0.287034
5.04061
5.12619
6.10838
8.70805
4.9026
2.87269
1.92802
1.36063
0.965673
0.682404
0.484741
0.351329
0.262962
0.204581
0.165666
0.139343
0.121247
0.10862
0.0997053
0.0933658
0.0888542
0.0856715
0.0834814
0.0820567
0.0812466
0.0809534
0.0811196
0.0817189
0.0827533
0.084253
0.0862845
0.0889714
0.0925444
0.0974643
0.104772
0.117331
0.146513
0.293476
4.49682
4.54706
4.92154
7.93577
6.89269
3.88696
2.39513
1.60676
1.1169
0.781182
0.548692
0.391702
0.288011
0.220026
0.175195
0.145228
0.124863
0.110797
0.100951
0.0939947
0.0890658
0.085596
0.0832067
0.0816446
0.0807426
0.0803926
0.0805306
0.0811264
0.0821797
0.0837201
0.0858152
0.0885914
0.0922849
0.0973687
0.10491
0.117848
0.147869
0.298954
4.05935
4.14393
4.29773
6.028
8.33965
5.1529
3.02293
1.91468
1.29113
0.891374
0.619746
0.436503
0.315604
0.236814
0.185382
0.151415
0.128612
0.113038
0.10224
0.0946688
0.0893342
0.0855911
0.0830154
0.0813265
0.0803401
0.079938
0.0800494
0.0806403
0.0817082
0.0832819
0.0854291
0.0882782
0.0920698
0.0972856
0.105015
0.118256
0.148966
0.303588
3.7071
3.81443
3.88916
4.83479
8.78039
6.40984
3.77419
2.28443
1.48831
1.01204
0.697259
0.485427
0.34558
0.254827
0.196128
0.157821
0.132426
0.115287
0.103526
0.0953508
0.0896274
0.0856288
0.0828823
0.0810792
0.0800177
0.0795693
0.079657
0.0802431
0.0813228
0.0829236
0.0851136
0.0880222
0.0918928
0.0972141
0.105091
0.118574
0.149844
0.307489
3.43475
3.53757
3.59649
4.1987
8.5361
7.45292
4.57663
2.69956
1.70348
1.14057
0.779694
0.53762
0.377454
0.273766
0.207235
0.164313
0.136213
0.117479
0.104763
0.0960036
0.0899154
0.0856835
0.082785
0.0808821
0.0797562
0.0792687
0.0793367
0.0799189
0.0810084
0.0826319
0.084857
0.0878138
0.0917478
0.0971522
0.105145
0.118817
0.150539
0.310762
3.22746
3.30539
3.35453
3.72295
8.1755
8.1964
5.35069
3.12579
1.92474
1.2721
0.864529
0.591643
0.410383
0.293128
0.218398
0.170699
0.139853
0.119536
0.105897
0.0965896
0.0901695
0.0857315
0.0827028
0.0807168
0.0795385
0.07902
0.079073
0.0796531
0.0807517
0.0823944
0.0846485
0.0876443
0.0916285
0.0970977
0.105179
0.118996
0.151079
0.313496
3.06242
3.11014
3.1571
3.41878
8.15259
8.80947
6.02154
3.51549
2.13423
1.4
0.94852
0.645584
0.443201
0.312207
0.229195
0.176731
0.143198
0.121368
0.106871
0.0970705
0.0903611
0.0857506
0.0826171
0.0805666
0.0793491
0.0788086
0.0788521
0.0794327
0.0805402
0.0821996
0.0844778
0.0875051
0.0915289
0.0970478
0.105196
0.119122
0.151491
0.315771
2.91433
2.93622
2.98244
3.22964
8.49375
9.32653
6.50076
3.81639
2.31282
1.51749
1.02831
0.697293
0.474508
0.330137
0.239112
0.182111
0.146075
0.122875
0.107624
0.0974062
0.0904633
0.0857206
0.0825111
0.0804166
0.0791744
0.0786215
0.0786614
0.0792455
0.0803626
0.0820372
0.0843358
0.0873887
0.0914434
0.0969999
0.105197
0.119203
0.151795
0.317653
2.76413
2.77445
2.82706
3.11995
8.99844
9.70308
6.75109
3.99403
2.44903
1.62003
1.10102
0.744577
0.502746
0.345925
0.247562
0.186504
0.148298
0.123949
0.108094
0.097559
0.0904513
0.0856233
0.0823701
0.0802539
0.0790022
0.078447
0.0784898
0.079081
0.0802089
0.0818977
0.0842141
0.087288
0.0913669
0.0969513
0.105183
0.119246
0.152008
0.319198
2.60604
2.62141
2.69065
3.03491
9.66233
9.83982
6.75224
4.05317
2.54275
1.70583
1.16427
0.785185
0.52623
0.358488
0.253911
0.189559
0.14967
0.124483
0.108221
0.0974955
0.090304
0.0854437
0.0821819
0.0800676
0.0788221
0.0782752
0.0783276
0.0789297
0.08007
0.0817731
0.0841054
0.087197
0.091295
0.0968998
0.105155
0.119256
0.152144
0.320451
2.44727
2.47929
2.58297
3.08773
10.1526
9.59911
6.52255
4.01822
2.60049
1.77438
1.21552
0.816588
0.543106
0.366679
0.257512
0.190924
0.150012
0.124388
0.10796
0.0971902
0.0900058
0.0851704
0.081937
0.0798488
0.0786256
0.0780976
0.0781665
0.0787837
0.0799386
0.0816563
0.0840036
0.0871105
0.0912238
0.0968434
0.105113
0.119237
0.152216
0.321449
2.29457
2.35001
2.54124
3.99224
9.82038
8.96151
6.12813
3.92184
2.63033
1.82427
1.25126
0.835722
0.55133
0.369311
0.257755
0.190316
0.149196
0.123603
0.107281
0.0966285
0.0895477
0.0847968
0.0816293
0.0795913
0.0784063
0.0779077
0.0779999
0.0786364
0.0798083
0.0815416
0.0839036
0.0870245
0.0911505
0.0967808
0.105059
0.119193
0.152232
0.322222
2.14606
2.22498
2.58421
5.7174
9.06976
8.07713
5.65458
3.79351
2.63568
1.85064
1.26615
0.838823
0.548827
0.365461
0.254273
0.187594
0.14717
0.122112
0.106181
0.095809
0.0889288
0.0843212
0.081256
0.0792915
0.0781598
0.0777005
0.0778227
0.0784829
0.0796744
0.0814246
0.0838017
0.0869357
0.0910728
0.0967108
0.104992
0.119128
0.152201
0.322793
1.98676
2.10653
2.79952
6.1496
8.02587
7.09998
5.17508
3.6512
2.61352
1.84577
1.25411
0.822805
0.534468
0.354818
0.247028
0.182791
0.143971
0.119944
0.104679
0.0947446
0.0881565
0.0837468
0.0808177
0.078948
0.0778835
0.0774729
0.0776313
0.0783195
0.0795334
0.0813022
0.0836949
0.0868422
0.0909894
0.0966332
0.104914
0.119043
0.152128
0.323181
1.80744
1.97664
2.964
5.50351
6.80067
6.15712
4.73283
3.50114
2.5585
1.80363
1.21202
0.78693
0.508511
0.337821
0.236362
0.176123
0.13973
0.117176
0.102821
0.0934617
0.0872458
0.083082
0.0803183
0.0785621
0.0775771
0.0772235
0.0774239
0.0781439
0.079383
0.0811722
0.0835817
0.0867425
0.0908995
0.096548
0.104826
0.118941
0.152018
0.323401
1.62344
1.712
2.41535
4.34915
5.54115
5.31636
4.34542
3.34414
2.46662
1.72173
1.14019
0.732839
0.472574
0.315588
0.22294
0.167964
0.134653
0.113923
0.100671
0.0919976
0.0862182
0.0823387
0.0797643
0.078137
0.0772417
0.0769522
0.0771997
0.0779554
0.0792223
0.0810338
0.0834614
0.0866364
0.0908033
0.0964557
0.104728
0.118826
0.151877
0.323467
1.50557
1.48204
1.65659
2.82065
4.38661
4.64486
4.03163
3.17934
2.33298
1.59917
1.04128
0.663944
0.429241
0.289693
0.207629
0.158777
0.128989
0.110321
0.0983075
0.0903968
0.0850996
0.0815321
0.0791646
0.0776778
0.0768803
0.0766607
0.0769596
0.0777542
0.0790513
0.080887
0.083334
0.086524
0.0907012
0.0963571
0.104623
0.118698
0.151708
0.323389
1.46023
1.44246
1.62416
1.93634
3.60009
4.23902
3.80963
2.99788
2.15093
1.43762
0.920742
0.585179
0.381701
0.261911
0.191368
0.149056
0.123005
0.106518
0.0958128
0.0887073
0.0839181
0.0806793
0.0785296
0.0771909
0.076497
0.0763516
0.0767053
0.0775416
0.0788712
0.0807327
0.0832004
0.0864065
0.0905943
0.0962537
0.104512
0.11856
0.151514
0.323178
1.46774
1.44949
1.69779
2.38704
3.45292
4.12409
3.63786
2.7662
1.91258
1.24344
0.787082
0.502531
0.333314
0.233978
0.175044
0.139268
0.116953
0.102656
0.0932684
0.0869766
0.0827025
0.0797977
0.0778704
0.0766838
0.0760967
0.0760286
0.0764397
0.0773197
0.0786837
0.0805726
0.0830622
0.0862851
0.0904841
0.0961469
0.104396
0.118414
0.151299
0.322841
1.57264
1.50454
1.79887
2.57675
3.79364
4.11755
3.40124
2.4444
1.62053
1.0304
0.651199
0.42211
0.287102
0.207367
0.159403
0.129808
0.111052
0.0988588
0.0907475
0.0852489
0.0814797
0.0789047
0.0771985
0.0761643
0.0756852
0.0756959
0.0761659
0.0770914
0.0784911
0.0804087
0.0829212
0.0861617
0.0903723
0.0960384
0.104278
0.118262
0.151066
0.322387
2.72518
2.19152
2.34473
3.04132
4.05037
3.94052
2.98327
2.02106
1.29693
0.818433
0.524107
0.348984
0.245321
0.183141
0.144991
0.120977
0.105475
0.0952292
0.0883116
0.0835619
0.0802739
0.0780161
0.0765248
0.0756403
0.0752685
0.0753581
0.0758879
0.0768597
0.0782962
0.0802434
0.0827796
0.0860383
0.0902607
0.09593
0.104159
0.118106
0.150816
0.321826
4.33685
3.80999
3.97803
4.0817
4.13791
3.37377
2.36328
1.54271
0.981327
0.627926
0.414169
0.286324
0.209253
0.161908
0.13214
0.112971
0.100343
0.0918417
0.0860075
0.0819457
0.0791051
0.0771458
0.0758593
0.0751194
0.0748523
0.0750201
0.0756096
0.0766281
0.078102
0.0800793
0.0826398
0.085917
0.0901515
0.0958236
0.10404
0.117948
0.150554
0.321165
3.63606
3.80395
3.91834
3.78424
3.28124
2.46968
1.68364
1.09843
0.712941
0.472442
0.325317
0.235207
0.179271
0.143872
0.120992
0.105894
0.0957253
0.0887435
0.0838671
0.0804223
0.0779888
0.0763053
0.0752109
0.0746084
0.0744425
0.0746864
0.0753349
0.0764001
0.0779114
0.0799192
0.0825041
0.0858
0.0900464
0.0957209
0.103924
0.117789
0.150281
0.320412
2.59236
2.79646
2.83059
2.64037
2.19067
1.61865
1.11744
0.752189
0.509778
0.354991
0.257171
0.195045
0.155073
0.128933
0.111541
0.0997644
0.0916479
0.0859569
0.0819082
0.0790057
0.0769362
0.0755037
0.0745869
0.0741136
0.074044
0.0743616
0.0750677
0.0761788
0.0777273
0.0797655
0.0823749
0.0856894
0.0899473
0.0956236
0.103813
0.117632
0.149999
0.319577
1.66261
1.78798
1.7818
1.63168
1.34789
1.01151
0.725037
0.513244
0.367686
0.270731
0.206709
0.164305
0.135966
0.116802
0.103672
0.0945446
0.0881008
0.0834834
0.0801367
0.077703
0.0759545
0.0747474
0.0739931
0.0736399
0.0736614
0.0740495
0.0748113
0.0759673
0.0775525
0.0796206
0.0822541
0.0855869
0.089856
0.0955333
0.103707
0.117478
0.149712
0.318666
1.02735
1.0868
1.06965
0.97447
0.816396
0.636446
0.47893
0.358866
0.272423
0.211938
0.170084
0.141166
0.121108
0.107095
0.0972108
0.0901541
0.0850488
0.0813094
0.0785492
0.0765159
0.0750473
0.0740408
0.073434
0.0731917
0.0732983
0.0737534
0.0745687
0.0757682
0.0773891
0.0794866
0.0821437
0.0854942
0.0897738
0.0954513
0.103608
0.117328
0.14942
0.31769
0.649368
0.671355
0.653696
0.597269
0.511984
0.416903
0.330563
0.261531
0.209513
0.171348
0.143748
0.123913
0.109669
0.0994048
0.0919542
0.0864918
0.0824421
0.0794117
0.0771364
0.0754419
0.0742156
0.0733865
0.0729125
0.0727719
0.0729579
0.073476
0.0743423
0.0755837
0.0772391
0.0793651
0.0820452
0.0854127
0.089702
0.0953786
0.103516
0.117183
0.149126
0.316655
0.434334
0.438681
0.423276
0.389214
0.341817
0.28971
0.241042
0.200116
0.167917
0.143327
0.124851
0.111101
0.100909
0.0933446
0.087699
0.0834504
0.0802249
0.0777622
0.0758852
0.074476
0.0734584
0.0727854
0.0724306
0.0723826
0.0726421
0.0732195
0.0741342
0.0754155
0.0771042
0.0792576
0.0819598
0.0853434
0.0896414
0.095316
0.103434
0.117044
0.148831
0.315571
0.310961
0.307918
0.295041
0.273208
0.24513
0.214782
0.185911
0.160783
0.14015
0.123871
0.111258
0.101585
0.0942056
0.0885741
0.0842575
0.0809269
0.0783417
0.0763319
0.074781
0.0736113
0.0727731
0.0722371
0.0719889
0.0720253
0.0723525
0.0729851
0.0739455
0.0752648
0.0769853
0.0791651
0.0818882
0.0852869
0.0895927
0.0952641
0.10336
0.116912
0.148537
0.314445
0.237639
0.231872
0.22116
0.206137
0.188202
0.169259
0.151117
0.134975
0.121346
0.11024
0.101419
0.0944858
0.0890578
0.0848074
0.081467
0.0788294
0.0767411
0.0750927
0.0738089
0.0728403
0.0721562
0.0717404
0.0715873
0.0717002
0.0720899
0.0727739
0.0737771
0.0751325
0.0768832
0.079088
0.0818309
0.0852438
0.0895562
0.0952232
0.103296
0.116787
0.148245
0.313285
0.192026
0.185541
0.176565
0.16555
0.153244
0.140602
0.128533
0.117676
0.108339
0.100567
0.0942338
0.0891473
0.0850767
0.0818147
0.0791927
0.0770797
0.0753783
0.074019
0.0729547
0.0721552
0.0716037
0.0712933
0.0712251
0.0714073
0.0718542
0.072586
0.0736294
0.0750187
0.0767981
0.0790265
0.0817882
0.0852141
0.089532
0.0951934
0.103242
0.11667
0.147957
0.312098
0.162284
0.155911
0.148317
0.139826
0.130856
0.121906
0.113445
0.105813
0.0991783
0.0935687
0.0889131
0.0850903
0.0819677
0.0794168
0.0773267
0.0756133
0.0742149
0.0730882
0.0722049
0.0715484
0.0711111
0.0708932
0.0709008
0.0711458
0.0716452
0.0724212
0.0735023
0.0749235
0.0767298
0.0789806
0.0817598
0.0851976
0.0895199
0.0951744
0.103197
0.116561
0.147672
0.310891
0.142015
0.136074
0.129591
0.122799
0.115941
0.109283
0.103072
0.0974804
0.0925936
0.0884163
0.0848982
0.0819598
0.0795137
0.0774775
0.0757844
0.074378
0.0732188
0.0722806
0.0715476
0.0710122
0.0706738
0.0705373
0.0706127
0.0709145
0.071462
0.072279
0.0733951
0.0748463
0.0766781
0.0789499
0.0817454
0.0851939
0.0895194
0.095166
0.103162
0.11646
0.147392
0.30967
0.127643
0.122235
0.116655
0.111073
0.105633
0.100477
0.095732
0.0914808
0.0877568
0.0845494
0.081817
0.0795028
0.0775471
0.075895
0.0745012
0.0733325
0.0723638
0.0715795
0.0709719
0.0705398
0.0702871
0.0702225
0.0703585
0.0707119
0.0713034
0.0721584
0.0733072
0.0747865
0.0766421
0.0789336
0.0817442
0.0852023
0.0895301
0.0951677
0.103135
0.116366
0.147117
0.30844
0.117091
0.11222
0.107384
0.102704
0.0982649
0.0941408
0.0903918
0.0870514
0.084124
0.0815892
0.0794109
0.0775456
0.0759502
0.0745871
0.0734257
0.0724443
0.0716281
0.0709703
0.0704682
0.0701245
0.0699466
0.0699455
0.0701359
0.0705361
0.0711681
0.0720582
0.0732374
0.074743
0.0766209
0.0789308
0.0817555
0.0852222
0.0895513
0.095179
0.103118
0.11628
0.146849
0.307204
0.109105
0.104738
0.10052
0.0965355
0.0928334
0.0894477
0.0864016
0.0837012
0.0813352
0.0792791
0.0775003
0.0759642
0.0746386
0.0734962
0.0725165
0.0716851
0.0709943
0.0704412
0.0700279
0.0697604
0.0696478
0.0697031
0.0699424
0.0703852
0.0710544
0.0719769
0.0731845
0.0747146
0.0766135
0.0789406
0.0817782
0.0852526
0.0895821
0.0951992
0.103108
0.116202
0.146586
0.305964
0.102898
0.0989913
0.0952911
0.0918581
0.088717
0.0858785
0.0833454
0.0811089
0.0791502
0.0774434
0.0759594
0.0746699
0.0735498
0.0725791
0.0717432
0.0710334
0.0704458
0.069981
0.0696437
0.0694419
0.0693867
0.0694922
0.0697756
0.0702571
0.0709605
0.0719131
0.073147
0.0747001
0.0766186
0.0789617
0.0818112
0.0852924
0.0896216
0.0952276
0.103107
0.116132
0.146332
0.304723
0.0979645
0.0944692
0.0912079
0.0882215
0.0855194
0.0830991
0.0809518
0.0790615
0.0774062
0.0759606
0.0746992
0.0735981
0.0726376
0.0718023
0.0710822
0.0704718
0.0699702
0.0695803
0.0693084
0.069164
0.0691594
0.0693097
0.0696329
0.0701497
0.0708845
0.071865
0.0731235
0.0746981
0.0766349
0.0789929
0.0818534
0.0853406
0.089669
0.0952636
0.103113
0.11607
0.146087
0.303487
0.0939644
0.0908364
0.0879501
0.0853319
0.0829816
0.0808891
0.0790398
0.0774146
0.0759909
0.0747454
0.0736555
0.0727013
0.0718667
0.0711401
0.0705143
0.0699863
0.0695571
0.0692311
0.0690159
0.0689219
0.0689622
0.0691526
0.0695117
0.0700608
0.0708246
0.0718309
0.0731123
0.074707
0.0766609
0.0790327
0.0819034
0.085396
0.0897231
0.0953062
0.103127
0.116017
0.145853
0.302267
0.0906663
0.0878657
0.0853022
0.0829922
0.0809294
0.0790997
0.0774859
0.0760684
0.0748257
0.0737367
0.0727817
0.071944
0.0712106
0.0705723
0.0700243
0.0695653
0.0691976
0.0689266
0.0687609
0.0687114
0.0687918
0.0690184
0.06941
0.0699886
0.0707788
0.0718089
0.0731117
0.0747251
0.076695
0.0790799
0.0819599
0.0854573
0.0897827
0.0953544
0.103146
0.115972
0.14563
0.30107
0.0879078
0.085399
0.0831158
0.081067
0.0792429
0.0776276
0.0762039
0.0749525
0.0738542
0.0728899
0.072043
0.0712993
0.0706483
0.0700829
0.0695998
0.0691992
0.0688842
0.068661
0.0685387
0.0685286
0.0686449
0.0689042
0.0693256
0.0699311
0.0707457
0.071798
0.0731204
0.074751
0.0767358
0.0791327
0.0820213
0.0855229
0.0898465
0.0954069
0.103171
0.115933
0.14542
0.299907
0.0855723
0.0833241
0.0812856
0.0794605
0.0778373
0.0764001
0.0751322
0.0740163
0.0730349
0.072172
0.071413
0.0707463
0.0701635
0.069659
0.0692308
0.06888
0.0686105
0.0684291
0.068345
0.0683701
0.0685187
0.0688075
0.0692561
0.0698864
0.0707236
0.0717963
0.073137
0.0747838
0.0767823
0.0791902
0.0820867
0.085592
0.0899133
0.0954627
0.1032
0.115904
0.145235
0.298825
0.0835748
0.0815594
0.0797357
0.0781038
0.0766516
0.0753641
0.0742261
0.0732222
0.0723374
0.0715579
0.0708716
0.070269
0.0697432
0.0692902
0.0689089
0.068601
0.0683712
0.0682264
0.0681762
0.0682328
0.0684104
0.0687262
0.0691995
0.0698526
0.0707107
0.0718023
0.07316
0.0748218
0.076833
0.0792512
0.0821548
0.0856632
0.0899823
0.0955209
0.103233
0.115882
0.145069
0.297821
0.0818517
0.0800445
0.0784101
0.076946
0.0756409
0.0744807
0.0734523
0.0725424
0.0717383
0.0710286
0.0704033
0.0698546
0.0693771
0.068968
0.068627
0.0683565
0.0681614
0.068049
0.0680291
0.0681138
0.0683178
0.068658
0.0691539
0.069828
0.0707053
0.0718144
0.0731879
0.0748636
0.0768867
0.0793143
0.0822244
0.0857355
0.090052
0.0955801
0.103269
0.115865
0.144919
0.296882
0.0803546
0.0787338
0.0772665
0.0759493
0.0747714
0.0737206
0.0727857
0.0719555
0.0712198
0.0705691
0.0699955
0.0694927
0.0690567
0.0686855
0.0683796
0.0681417
0.0679772
0.0678936
0.0679007
0.0680108
0.0682386
0.068601
0.0691177
0.069811
0.070706
0.0718313
0.0732195
0.074908
0.076942
0.0793782
0.0822942
0.0858075
0.0901213
0.0956393
0.103305
0.115854
0.144784
0.296003
0.0790464
0.0775922
0.0762729
0.0750846
0.0740175
0.0730614
0.0722069
0.0714452
0.070768
0.0701679
0.0696386
0.0691753
0.0687751
0.0684368
0.0681616
0.0679525
0.0678152
0.0677571
0.0677885
0.0679215
0.0681708
0.0685535
0.0690891
0.0698001
0.0707115
0.0718518
0.0732534
0.0749538
0.0769978
0.0794419
0.0823631
0.0858783
0.0901892
0.0956974
0.103342
0.115846
0.144663
0.295185
0.0778978
0.0765924
0.0754043
0.0743294
0.0733594
0.0724857
0.0717009
0.0709984
0.0703718
0.0698154
0.0693245
0.0688956
0.0685266
0.0682172
0.067969
0.0677854
0.0676722
0.0676371
0.0676902
0.0678439
0.0681127
0.0685139
0.0690669
0.069794
0.0707204
0.0718745
0.0732885
0.0749998
0.0770531
0.0795044
0.0824302
0.0859468
0.0902547
0.0957535
0.103378
0.115842
0.144556
0.294432
0.0768855
0.0757129
0.0746412
0.0736663
0.0727814
0.0719798
0.071256
0.0706051
0.0700225
0.0695042
0.0690468
0.068648
0.0683065
0.0680226
0.0677983
0.0676373
0.0675457
0.0675311
0.0676039
0.0677762
0.0680628
0.0684807
0.0690496
0.0697915
0.0707317
0.0718984
0.0733239
0.0750452
0.0771068
0.0795646
0.0824945
0.0860121
0.090317
0.0958067
0.103413
0.115839
0.144457
0.293734
0.0759907
0.0749364
0.0739677
0.0730813
0.0722714
0.0715331
0.0708626
0.0702569
0.0697129
0.0692281
0.0688003
0.068428
0.0681108
0.0678495
0.0676465
0.0675058
0.0674334
0.0674373
0.0675277
0.0677169
0.0680196
0.0684528
0.0690361
0.0697916
0.0707444
0.0719227
0.0733585
0.075089
0.0771583
0.0796219
0.0825554
0.0860736
0.0903752
0.0958562
0.103444
0.115835
0.144363
0.293078
0.0751978
0.0742487
0.0733715
0.072563
0.0718192
0.0711366
0.0705131
0.0699472
0.0694373
0.0689821
0.0685805
0.0682318
0.0679362
0.0676951
0.0675111
0.0673885
0.0673334
0.067354
0.0674603
0.0676647
0.067982
0.068429
0.0690254
0.0697933
0.0707576
0.0719464
0.0733918
0.0751305
0.0772067
0.0796754
0.082612
0.0861306
0.0904288
0.0959011
0.103472
0.115829
0.144271
0.292457
0.074494
0.0736383
0.0728418
0.0721023
0.0714167
0.0707832
0.0702013
0.0696706
0.069191
0.0687621
0.0683838
0.0680561
0.0677799
0.0675568
0.0673899
0.0672835
0.067244
0.0672795
0.0674002
0.0676184
0.0679488
0.0684084
0.0690167
0.0697957
0.0707704
0.0719689
0.0734228
0.0751691
0.0772514
0.0797247
0.0826638
0.0861824
0.0904772
0.0959411
0.103496
0.11582
0.14418
0.291869
0.0738684
0.0730953
0.0723702
0.0716913
0.0710571
0.0704671
0.0699219
0.0694226
0.0689699
0.0685645
0.0682071
0.0678983
0.0676395
0.0674326
0.067281
0.0671893
0.0671638
0.0672127
0.0673463
0.0675769
0.0679192
0.0683901
0.0690092
0.0697983
0.0707824
0.0719895
0.0734512
0.0752042
0.077292
0.0797692
0.0827105
0.0862288
0.09052
0.0959757
0.103515
0.115809
0.144091
0.291314
0.0733117
0.0726114
0.071949
0.0713237
0.0707349
0.0701833
0.0696708
0.0691993
0.0687708
0.0683865
0.0680478
0.0677561
0.0675129
0.0673206
0.0671828
0.0671043
0.0670914
0.0671524
0.0672976
0.0675394
0.0678924
0.0683735
0.0690022
0.0698004
0.070793
0.0720078
0.0734764
0.0752354
0.077328
0.0798087
0.0827516
0.0862693
0.090557
0.0960047
0.103529
0.115794
0.144003
0.290792
0.0728157
0.0721794
0.0715722
0.0709939
0.0704452
0.0699277
0.0694442
0.0689977
0.0685908
0.0682255
0.0679038
0.0676274
0.0673984
0.0672193
0.067094
0.0670273
0.0670257
0.0670977
0.0672533
0.0675051
0.0678676
0.0683579
0.0689952
0.0698016
0.0708017
0.0720234
0.0734982
0.0752624
0.0773592
0.0798428
0.082787
0.0863039
0.090588
0.0960282
0.103538
0.115776
0.143918
0.290306
0.0723734
0.0717931
0.0712342
0.0706973
0.0701839
0.0696966
0.0692391
0.068815
0.0684276
0.0680795
0.0677731
0.0675106
0.0672944
0.0671274
0.0670133
0.0669573
0.066966
0.0670476
0.0672126
0.0674734
0.0678445
0.0683429
0.0689879
0.0698015
0.0708083
0.072036
0.0735162
0.075285
0.0773854
0.0798714
0.0828165
0.0863325
0.090613
0.096046
0.103543
0.115756
0.143834
0.289854
0.0719789
0.0714472
0.0709304
0.0704299
0.0699477
0.0694873
0.069053
0.068649
0.0682791
0.0679466
0.0676541
0.0674043
0.0671998
0.0670435
0.0669397
0.0668933
0.0669112
0.0670016
0.067175
0.0674437
0.0678224
0.068328
0.0689799
0.0697998
0.0708125
0.0720455
0.0735304
0.0753031
0.0774065
0.0798944
0.0828402
0.086355
0.0906321
0.0960584
0.103543
0.115734
0.143754
0.289439
0.0716266
0.071137
0.070657
0.0701882
0.0697336
0.0692971
0.0688835
0.0684976
0.0681436
0.0678252
0.0675455
0.0673072
0.0671132
0.0669668
0.0668722
0.0668346
0.0668607
0.0669589
0.0671398
0.0674156
0.067801
0.068313
0.0689708
0.0697963
0.0708141
0.0720518
0.0735406
0.0753166
0.0774225
0.079912
0.082858
0.0863716
0.0906454
0.0960653
0.103539
0.115709
0.143677
0.28906
0.0713121
0.0708586
0.0704104
0.0699694
0.069539
0.0691236
0.0687286
0.0683591
0.0680195
0.067714
0.0674458
0.0672181
0.0670338
0.0668964
0.0668101
0.0667803
0.0668138
0.0669191
0.0671066
0.0673887
0.0677801
0.0682976
0.0689606
0.0697909
0.0708131
0.0720547
0.0735469
0.0753256
0.0774336
0.0799241
0.0828702
0.0863824
0.090653
0.0960671
0.103531
0.115682
0.143603
0.288718
0.0710313
0.0706085
0.0701876
0.0697707
0.0693616
0.0689651
0.0685867
0.0682318
0.0679054
0.0676116
0.067354
0.0671359
0.0669605
0.0668312
0.0667526
0.0667299
0.0667701
0.0668816
0.067075
0.0673626
0.0677592
0.0682816
0.0689491
0.0697835
0.0708094
0.0720542
0.0735492
0.0753302
0.0774397
0.079931
0.0828768
0.0863875
0.0906551
0.0960639
0.103519
0.115654
0.143534
0.288413
0.0707806
0.0703837
0.0699859
0.0695899
0.0691994
0.0688195
0.068456
0.0681144
0.0678
0.0675169
0.0672691
0.0670598
0.0668925
0.0667708
0.066699
0.0666828
0.0667289
0.0668461
0.0670447
0.0673372
0.0677382
0.0682648
0.0689361
0.069774
0.070803
0.0720505
0.0735477
0.0753304
0.077441
0.0799327
0.0828781
0.0863873
0.090652
0.0960561
0.103503
0.115624
0.143469
0.288145
0.0705568
0.0701812
0.069803
0.0694247
0.0690503
0.0686852
0.068335
0.0680055
0.067702
0.0674288
0.06719
0.0669889
0.066829
0.0667142
0.0666488
0.0666384
0.0666899
0.0668121
0.0670153
0.067312
0.067717
0.0682471
0.0689217
0.0697625
0.0707939
0.0720436
0.0735425
0.0753265
0.0774378
0.0799296
0.0828743
0.086382
0.090644
0.0960438
0.103484
0.115593
0.143408
0.287914
0.0703572
0.0699987
0.0696365
0.0692732
0.0689127
0.0685605
0.0682222
0.0679037
0.0676102
0.0673462
0.0671157
0.0669222
0.0667693
0.0666608
0.0666013
0.0665962
0.0666527
0.0667793
0.0669865
0.067287
0.0676953
0.0682285
0.0689057
0.0697488
0.0707823
0.0720336
0.0735338
0.0753185
0.0774302
0.0799218
0.0828657
0.0863719
0.0906314
0.0960275
0.103462
0.115562
0.143352
0.287718
0.0701795
0.0698339
0.0694844
0.0691333
0.0687848
0.0684438
0.0681162
0.0678077
0.0675234
0.0672679
0.0670453
0.066859
0.0667126
0.0666101
0.0665559
0.0665558
0.0666167
0.0667473
0.0669582
0.0672619
0.0676731
0.0682088
0.0688882
0.0697332
0.0707682
0.0720207
0.0735217
0.0753069
0.0774185
0.0799097
0.0828527
0.0863573
0.0906146
0.0960075
0.103438
0.11553
0.143301
0.287557
0.0700213
0.0696847
0.0693446
0.0690033
0.0686646
0.0683335
0.0680155
0.0677161
0.0674405
0.067193
0.0669778
0.0667983
0.0666582
0.0665613
0.0665122
0.0665166
0.0665816
0.0667159
0.06693
0.0672365
0.0676502
0.068188
0.0688692
0.0697156
0.0707517
0.072005
0.0735064
0.0752917
0.0774031
0.0798936
0.0828355
0.0863386
0.0905938
0.0959842
0.103411
0.115497
0.143255
0.28743
0.0698808
0.069549
0.0692152
0.0688812
0.0685506
0.068228
0.0679186
0.0676277
0.0673602
0.0671204
0.0669123
0.0667394
0.0666052
0.0665137
0.0664695
0.0664783
0.0665471
0.0666847
0.0669017
0.0672108
0.0676265
0.0681661
0.0688486
0.0696961
0.070733
0.0719867
0.0734882
0.0752733
0.0773841
0.0798738
0.0828145
0.0863161
0.0905695
0.0959578
0.103382
0.115465
0.143214
0.287335
0.0697564
0.0694252
0.0690943
0.0687653
0.068441
0.0681257
0.0678241
0.0675411
0.0672813
0.067049
0.0668479
0.0666814
0.0665531
0.0664669
0.0664274
0.0664403
0.0665127
0.0666535
0.0668732
0.0671844
0.067602
0.068143
0.0688267
0.0696749
0.0707122
0.071966
0.0734673
0.0752519
0.077362
0.0798506
0.0827901
0.0862902
0.0905421
0.0959288
0.103352
0.115433
0.143177
0.28727
0.0696466
0.0693114
0.0689802
0.0686537
0.0683342
0.0680251
0.0677306
0.0674551
0.0672029
0.066978
0.0667837
0.0666237
0.0665012
0.0664202
0.0663853
0.0664023
0.0664782
0.066622
0.0668442
0.0671574
0.0675766
0.0681188
0.0688033
0.069652
0.0706894
0.071943
0.073444
0.0752278
0.0773369
0.0798245
0.0827626
0.0862614
0.0905119
0.0958975
0.10332
0.115402
0.143146
0.287233
0.0695499
0.0692062
0.0688713
0.0685451
0.0682288
0.067925
0.067637
0.0673688
0.067124
0.0669064
0.0667191
0.0665655
0.0664489
0.0663732
0.0663429
0.0663639
0.0664433
0.06659
0.0668145
0.0671297
0.0675503
0.0680935
0.0687786
0.0696276
0.070665
0.0719182
0.0734185
0.0752014
0.0773095
0.0797957
0.0827325
0.0862299
0.0904794
0.0958644
0.103287
0.115372
0.14312
0.287219
0.0694652
0.0691081
0.0687662
0.0684381
0.0681236
0.0678242
0.0675424
0.0672812
0.0670439
0.0668336
0.0666535
0.0665065
0.0663959
0.0663255
0.0663
0.066325
0.0664079
0.0665574
0.0667842
0.0671012
0.0675231
0.0680672
0.0687528
0.0696019
0.070639
0.0718918
0.0733912
0.0751731
0.0772799
0.0797648
0.0827002
0.0861964
0.090445
0.0958298
0.103254
0.115342
0.143098
0.287224
0.0693911
0.0690158
0.0686638
0.0683317
0.0680178
0.0677222
0.0674463
0.0671921
0.0669623
0.0667596
0.0665867
0.0664464
0.066342
0.0662771
0.0662563
0.0662855
0.0663719
0.0665242
0.0667533
0.0670721
0.0674953
0.0680401
0.0687261
0.0695752
0.070612
0.071864
0.0733625
0.0751433
0.0772488
0.0797323
0.0826663
0.0861613
0.0904092
0.0957942
0.10322
0.115313
0.14308
0.287242
0.0693262
0.0689283
0.0685632
0.0682254
0.0679112
0.0676189
0.0673486
0.0671015
0.0668793
0.0666843
0.0665188
0.0663855
0.0662873
0.066228
0.0662122
0.0662456
0.0663354
0.0664906
0.0667221
0.0670425
0.0674669
0.0680125
0.0686988
0.0695478
0.0705842
0.0718355
0.073333
0.0751125
0.0772166
0.0796987
0.0826313
0.0861252
0.0903725
0.0957581
0.103186
0.115285
0.143065
0.287264
0.0692687
0.0688445
0.0684642
0.0681194
0.0678041
0.0675149
0.0672502
0.0670101
0.0667956
0.0666084
0.0664505
0.0663242
0.0662325
0.0661789
0.066168
0.0662056
0.066299
0.0664571
0.0666908
0.0670129
0.0674385
0.0679848
0.0686714
0.0695203
0.0705562
0.0718068
0.0733032
0.0750815
0.0771842
0.0796648
0.082596
0.0860889
0.0903357
0.095722
0.103153
0.115259
0.143052
0.28728
0.0692166
0.0687636
0.0683668
0.0680144
0.0676978
0.0674114
0.0671523
0.0669193
0.0667126
0.0665332
0.0663829
0.0662636
0.0661783
0.0661303
0.0661244
0.0661662
0.0662631
0.066424
0.06666
0.0669838
0.0674106
0.0679576
0.0686445
0.0694933
0.0705287
0.0717785
0.073274
0.075051
0.0771523
0.0796314
0.0825613
0.0860531
0.0902996
0.0956868
0.103121
0.115234
0.143042
0.287275
0.0691672
0.0686851
0.0682718
0.067912
0.0675941
0.0673107
0.0670571
0.0668311
0.066632
0.0664604
0.0663174
0.066205
0.0661259
0.0660835
0.0660823
0.0661282
0.0662285
0.0663923
0.0666304
0.0669559
0.0673839
0.0679316
0.0686188
0.0694675
0.0705025
0.0717516
0.073246
0.0750218
0.0771218
0.0795996
0.0825282
0.086019
0.0902652
0.0956535
0.103091
0.115212
0.143033
0.287231
0.0691185
0.0686091
0.0681808
0.0678145
0.067496
0.0672157
0.0669675
0.0667482
0.0665565
0.0663921
0.0662562
0.0661503
0.066077
0.0660398
0.0660432
0.0660929
0.0661964
0.0663628
0.066603
0.0669301
0.0673592
0.0679076
0.0685951
0.0694438
0.0704784
0.0717269
0.0732204
0.0749952
0.077094
0.0795705
0.082498
0.0859879
0.0902339
0.0956233
0.103065
0.115193
0.143025
0.287123
0.0690693
0.0685372
0.0680969
0.0677258
0.0674074
0.0671304
0.0668874
0.0666743
0.0664892
0.0663314
0.0662017
0.0661016
0.0660336
0.066001
0.0660084
0.0660616
0.066168
0.0663368
0.0665789
0.0669074
0.0673375
0.0678866
0.0685744
0.0694231
0.0704575
0.0717055
0.0731984
0.0749723
0.0770701
0.0795456
0.0824721
0.0859614
0.0902074
0.095598
0.103044
0.11518
0.143023
0.286919
0.0690221
0.0684741
0.0680258
0.0676521
0.0673346
0.0670608
0.0668223
0.0666144
0.0664346
0.0662822
0.0661576
0.0660622
0.0659984
0.0659695
0.0659802
0.0660361
0.0661449
0.0663156
0.0665593
0.066889
0.06732
0.0678697
0.0685579
0.0694067
0.070441
0.0716886
0.0731811
0.0749544
0.0770515
0.0795263
0.0824522
0.0859411
0.0901872
0.0955794
0.103029
0.115177
0.143037
0.286596
0.0689861
0.0684308
0.0679792
0.0676048
0.0672884
0.0670167
0.0667811
0.0665764
0.0664
0.0662508
0.0661293
0.0660367
0.0659755
0.065949
0.0659616
0.0660194
0.0661296
0.0663016
0.0665463
0.0668768
0.0673084
0.0678586
0.068547
0.069396
0.0704303
0.0716778
0.07317
0.074943
0.0770397
0.0795141
0.0824396
0.0859283
0.0901746
0.0955679
0.103021
0.115176
0.143045
0.286077
)
;

boundaryField
{
    leftWall
    {
        type            epsilonWallFunction;
        value           nonuniform List<scalar> 
100
(
0.0343487
0.0440253
0.064274
0.0864758
0.107773
0.127067
0.144058
0.159215
0.172488
0.183943
0.193766
0.20221
0.209551
0.216058
0.221983
0.22755
0.233273
0.242632
0.252145
0.262146
0.272947
0.284878
0.298397
0.31421
0.333349
0.357082
0.386579
0.422514
0.465449
0.506574
0.525879
0.509055
0.477902
0.508841
0.767212
0.983351
0.911708
0.744417
0.660834
0.647848
0.673145
0.720028
0.777427
0.837989
0.897128
0.952187
1.00194
1.04639
1.08489
1.11392
1.1337
1.14449
1.14662
1.14053
1.12681
1.10624
1.07973
1.04827
1.0129
0.974674
0.9346
0.893629
0.852629
0.812355
0.773427
0.736318
0.701355
0.668736
0.638552
0.610812
0.585463
0.56241
0.541526
0.522666
0.505681
0.49043
0.476791
0.464677
0.454045
0.444901
0.437309
0.431382
0.427279
0.425194
0.425346
0.427979
0.433382
0.44191
0.454051
0.470504
0.492311
0.521057
0.559201
0.61066
0.682134
0.786509
0.951315
1.24174
1.84786
3.57475
)
;
    }
    rightWall
    {
        type            epsilonWallFunction;
        value           nonuniform List<scalar> 
100
(
0.0477815
0.0179804
0.018563
0.0894996
0.106557
0.122286
0.136749
0.15
0.162143
0.173296
0.183586
0.193127
0.202016
0.210334
0.21816
0.22556
0.236544
0.249401
0.260778
0.270783
0.279507
0.287034
0.293476
0.298954
0.303588
0.307489
0.310762
0.313496
0.315771
0.317653
0.319198
0.320451
0.321449
0.322222
0.322793
0.323181
0.323401
0.323467
0.323389
0.323178
0.322841
0.322387
0.321826
0.321165
0.320412
0.319577
0.318666
0.31769
0.316655
0.315571
0.314445
0.313285
0.312098
0.310891
0.30967
0.30844
0.307204
0.305964
0.304723
0.303487
0.302267
0.30107
0.299907
0.298825
0.297821
0.296882
0.296003
0.295185
0.294432
0.293734
0.293078
0.292457
0.291869
0.291314
0.290792
0.290306
0.289854
0.289439
0.28906
0.288718
0.288413
0.288145
0.287914
0.287718
0.287557
0.28743
0.287335
0.28727
0.287233
0.287219
0.287224
0.287242
0.287264
0.28728
0.287275
0.287231
0.287123
0.286919
0.286596
0.286077
)
;
    }
    lowerWall
    {
        type            epsilonWallFunction;
        value           nonuniform List<scalar> 
124
(
0.0343487
0.135436
0.261844
0.380951
0.486303
0.582803
0.67324
0.759991
0.844984
0.929786
1.01566
1.10365
1.19459
1.28917
1.3879
1.49108
1.59881
1.71094
1.82702
1.94629
2.06763
2.18958
2.31032
2.4277
2.53929
2.64243
2.73431
2.81207
2.87288
2.91404
2.93302
2.92735
2.89389
2.83914
2.76291
2.6599
2.52633
2.3584
2.15202
1.90469
1.61987
1.3164
1.09122
1.11655
1.03731
1.02698
1.02698
0.982008
1.39569
1.95888
2.56658
3.25194
3.96789
4.66816
5.4144
6.23068
7.15503
8.21925
9.47191
10.9849
12.8526
15.2651
18.3314
15.2189
19.0853
9.26168
8.60855
9.13905
8.51165
7.95033
0.0825745
0.0988777
0.136629
0.173778
0.21193
0.25304
0.299607
0.355207
0.42529
0.518387
0.647881
0.834263
1.10748
1.50904
2.10685
3.19568
0.0825745
0.184484
0.254667
0.303585
0.338485
0.363288
0.380798
0.391449
0.396719
0.398024
0.39656
0.393264
0.388875
0.383961
0.378936
0.374087
0.369567
0.365443
0.361723
0.35836
0.355292
0.352434
0.349686
0.34692
0.343988
0.340735
0.336886
0.332114
0.32601
0.318062
0.307604
0.293786
0.275514
0.251357
0.21939
0.177167
0.121933
0.0477815
)
;
    }
    atmosphere
    {
        type            inletOutlet;
        inletValue      uniform 0.1;
        value           nonuniform List<scalar> 
92
(
0.1
0.1
0.1
0.1
0.1
0.1
0.1
0.1
0.1
0.1
0.1
0.1
0.1
0.1
0.1
0.1
0.1
0.1
0.1
0.1
0.1
0.1
0.1
0.1
0.1
0.1
0.1
0.1
0.1
0.1
0.1
0.1
0.1
0.1
0.1
0.1
0.1
0.1
0.1
0.1
0.1
0.1
0.1
0.0818537
0.0769558
0.0742139
0.0728997
0.0721914
0.0715847
0.071057
0.0705928
0.0701809
0.0698128
0.0694822
0.0689861
0.0684308
0.0679792
0.0676048
0.0672884
0.0670167
0.0667811
0.0665764
0.0664
0.0662508
0.0661293
0.0660367
0.0659755
0.065949
0.0659616
0.0660194
0.0661296
0.0663016
0.0665463
0.0668768
0.0673084
0.0678586
0.068547
0.069396
0.0704303
0.0716778
0.07317
0.074943
0.0770397
0.0795141
0.0824396
0.0859283
0.0901746
0.0955679
0.103021
0.115176
0.143045
0.286077
)
;
    }
    defaultFaces
    {
        type            empty;
    }
}


// ************************************************************************* //
