/*--------------------------------*- C++ -*----------------------------------*\
  =========                 |
  \\      /  F ield         | OpenFOAM: The Open Source CFD Toolbox
   \\    /   O peration     | Website:  https://openfoam.org
    \\  /    A nd           | Version:  7
     \\/     M anipulation  |
\*---------------------------------------------------------------------------*/
FoamFile
{
    version     2.0;
    format      ascii;
    class       volScalarField;
    location    "0.25";
    object      k;
}
// * * * * * * * * * * * * * * * * * * * * * * * * * * * * * * * * * * * * * //

dimensions      [0 2 -2 0 0 0 0];

internalField   nonuniform List<scalar> 
9072
(
0.0031212
0.0063488
0.00985361
0.0126553
0.0148939
0.016805
0.0185019
0.0200593
0.0215288
0.0229469
0.0243399
0.0257274
0.0271235
0.0285385
0.0299793
0.031449
0.0329477
0.0344721
0.0360152
0.0375665
0.0391121
0.0406345
0.0421135
0.0435259
0.0448466
0.0460489
0.0471055
0.0479888
0.0486719
0.0491288
0.0493346
0.0492633
0.0488785
0.0482551
0.0473808
0.0461887
0.0446221
0.0426158
0.0400874
0.0369529
0.0331757
0.0289053
0.0255615
0.0259223
0.0246724
0.0245102
0.00494773
0.0136446
0.0205122
0.0258594
0.0301878
0.0338221
0.0369913
0.0398564
0.0425281
0.0450833
0.047576
0.050045
0.0525178
0.0550131
0.0575422
0.0601092
0.0627118
0.0653407
0.0679801
0.0706077
0.073195
0.0757083
0.0781089
0.0803552
0.0824034
0.0842095
0.0857313
0.0869302
0.0877736
0.0882368
0.0883058
0.087979
0.0872647
0.0861235
0.0846408
0.0828828
0.0809441
0.0789487
0.0770797
0.0756411
0.0750726
0.0755439
0.0743822
0.0691587
0.0538966
0.0391628
0.00635999
0.0173874
0.0255438
0.0320802
0.0374454
0.0419757
0.04593
0.0495002
0.052823
0.055995
0.0590846
0.0621408
0.0651976
0.0682779
0.0713946
0.0745518
0.0777449
0.0809611
0.0841794
0.087371
0.0905
0.0935242
0.0963964
0.0990661
0.101481
0.103592
0.10535
0.106715
0.107657
0.108159
0.10822
0.107862
0.10713
0.106068
0.104782
0.103386
0.102
0.100699
0.0994724
0.098293
0.0974223
0.097636
0.0976999
0.0948005
0.0806952
0.04951
0.00775054
0.0201715
0.0291353
0.0363696
0.0423788
0.0474946
0.0519793
0.0560349
0.05981
0.0634121
0.0669183
0.0703837
0.0738467
0.0773322
0.080854
0.0844152
0.0880094
0.0916206
0.0952237
0.098785
0.102263
0.10561
0.108773
0.111695
0.114321
0.116596
0.118472
0.119909
0.120882
0.121384
0.12143
0.121067
0.120375
0.119466
0.118513
0.117707
0.117231
0.117172
0.117385
0.117427
0.116791
0.115617
0.114129
0.112204
0.102875
0.0620958
0.00897635
0.0225994
0.0321187
0.0397992
0.0462427
0.0517801
0.0566663
0.0611017
0.065238
0.0691874
0.0730315
0.0768292
0.0806213
0.084434
0.088281
0.0921644
0.0960756
0.0999959
0.103897
0.10774
0.11148
0.115063
0.118434
0.12153
0.124294
0.126669
0.128608
0.130073
0.131047
0.131533
0.131563
0.131209
0.130587
0.129863
0.129278
0.129098
0.129577
0.130836
0.132673
0.134392
0.134915
0.133575
0.131011
0.129652
0.124201
0.0743885
0.0100213
0.0247561
0.0347181
0.0427097
0.0494596
0.0553122
0.0605154
0.0652634
0.0697055
0.0739539
0.0780918
0.0821794
0.0862586
0.0903559
0.0944843
0.0986448
0.102827
0.107009
0.111158
0.115235
0.119187
0.122961
0.126493
0.129721
0.132584
0.135026
0.137
0.138474
0.139437
0.139905
0.139928
0.139602
0.139079
0.138573
0.138384
0.138848
0.140284
0.142853
0.14634
0.149934
0.152245
0.152049
0.149833
0.149117
0.145534
0.0870766
0.0108969
0.0266406
0.0369913
0.0452299
0.0522127
0.0583111
0.0637725
0.0687851
0.0734935
0.0780076
0.0824094
0.0867591
0.0910981
0.0954526
0.0998346
0.104244
0.108667
0.11308
0.117448
0.121726
0.125861
0.129794
0.13346
0.136794
0.139734
0.142223
0.144219
0.145693
0.146644
0.147099
0.147128
0.146852
0.146455
0.146198
0.146433
0.147559
0.149949
0.153811
0.15895
0.164526
0.169029
0.170899
0.170227
0.170349
0.166809
0.0995088
0.0116493
0.0282494
0.0389494
0.0474087
0.0545874
0.0608901
0.0665704
0.0718133
0.0767589
0.0815135
0.0861571
0.0907482
0.0953273
0.0999192
0.104535
0.109172
0.113815
0.118438
0.123002
0.127461
0.131758
0.13583
0.139611
0.143033
0.146035
0.148561
0.150571
0.152043
0.152984
0.153435
0.153484
0.153278
0.153034
0.153052
0.153736
0.155536
0.15888
0.164021
0.17081
0.178449
0.185417
0.189962
0.191658
0.192827
0.188018
0.110907
0.0122886
0.0295906
0.0405996
0.0492681
0.0566275
0.063113
0.068988
0.0744377
0.0795991
0.0845751
0.089443
0.0942593
0.0990629
0.103877
0.108711
0.113559
0.118407
0.123223
0.127968
0.132591
0.137033
0.14123
0.145112
0.148611
0.151665
0.15422
0.15624
0.157709
0.158644
0.159099
0.159182
0.159064
0.158994
0.159311
0.160462
0.162944
0.167235
0.17364
0.182078
0.191838
0.201468
0.209106
0.213752
0.216245
0.209439
0.122431
0.0128272
0.0306839
0.0419567
0.0508258
0.0583609
0.0650196
0.0710759
0.0767175
0.0820796
0.0872626
0.0923411
0.0973695
0.102385
0.107408
0.112447
0.117495
0.122533
0.127529
0.132441
0.137216
0.141792
0.146101
0.150073
0.15364
0.156739
0.159318
0.161345
0.162812
0.163744
0.164212
0.164339
0.164323
0.164443
0.165074
0.166701
0.169865
0.17509
0.182739
0.192814
0.20473
0.217155
0.228186
0.236241
0.240452
0.231481
0.134426
0.0132801
0.0315556
0.043044
0.0521025
0.0598108
0.0666393
0.0728705
0.078695
0.0842475
0.0896266
0.0949049
0.100135
0.10535
0.110572
0.115805
0.121041
0.126258
0.131424
0.136492
0.141408
0.146106
0.150519
0.154573
0.1582
0.161337
0.163936
0.165968
0.167432
0.168364
0.168849
0.169029
0.169124
0.169444
0.170397
0.172499
0.176335
0.182471
0.191329
0.203012
0.217083
0.232379
0.247011
0.258879
0.265341
0.254623
0.14737
0.0136632
0.0322352
0.04389
0.0531229
0.0610009
0.0679976
0.0744005
0.0804025
0.0861385
0.0917058
0.0971752
0.102597
0.108004
0.113414
0.118832
0.124245
0.129633
0.134957
0.140172
0.145219
0.150032
0.154539
0.158668
0.162348
0.165519
0.168133
0.170167
0.171627
0.17256
0.173064
0.1733
0.173511
0.174033
0.175308
0.177877
0.182362
0.189371
0.199388
0.212621
0.228803
0.246973
0.265329
0.28137
0.290771
0.279404
0.161615
0.0139918
0.0327518
0.0445258
0.053915
0.0619565
0.069119
0.0756912
0.0818671
0.0877815
0.0935307
0.099184
0.10479
0.11038
0.115971
0.121563
0.127146
0.132694
0.138169
0.143521
0.148691
0.15361
0.158205
0.162402
0.166129
0.169327
0.171952
0.173984
0.175438
0.176371
0.176893
0.177185
0.177511
0.178233
0.179819
0.182835
0.187936
0.195766
0.206868
0.221561
0.239755
0.260719
0.282815
0.30332
0.316498
0.306476
0.177612
0.0142798
0.0331334
0.0449829
0.0545086
0.0627042
0.0700279
0.0767661
0.0831124
0.0892007
0.0951264
0.100957
0.106741
0.112507
0.118269
0.124029
0.129772
0.135472
0.141089
0.146571
0.151856
0.156874
0.16155
0.165808
0.169577
0.172797
0.175428
0.177454
0.178898
0.179826
0.180364
0.180708
0.181144
0.182055
0.183934
0.187369
0.193041
0.201622
0.213714
0.229739
0.249783
0.27336
0.299068
0.324177
0.342077
0.336571
0.196022
0.0145395
0.0334068
0.0452915
0.0549333
0.0632712
0.0707488
0.0776481
0.0841602
0.0904178
0.0965146
0.102517
0.108471
0.114405
0.120332
0.126251
0.132146
0.13799
0.143741
0.149345
0.154739
0.159849
0.164599
0.168912
0.172717
0.175954
0.178585
0.1806
0.182029
0.182947
0.183495
0.183884
0.184419
0.185504
0.187652
0.19147
0.197657
0.206908
0.219871
0.237062
0.258728
0.28462
0.313619
0.343187
0.36668
0.369605
0.217626
0.0147813
0.0335957
0.0454791
0.0552174
0.063684
0.0713061
0.0783593
0.0850315
0.0914527
0.0977148
0.103883
0.11
0.116095
0.122178
0.128248
0.134288
0.140267
0.146144
0.151863
0.157358
0.162554
0.167373
0.171735
0.17557
0.178819
0.181444
0.183442
0.184849
0.185751
0.1863
0.186725
0.187346
0.188586
0.190972
0.19513
0.201767
0.211592
0.225289
0.243447
0.266445
0.294236
0.325973
0.359416
0.38884
0.403474
0.244055
0.00625548
0.013998
0.0193274
0.0230424
0.0256941
0.0275805
0.0289147
0.0297281
0.0301323
0.0302344
0.030125
0.0298753
0.0295413
0.0291665
0.0287825
0.0284112
0.0280648
0.0277485
0.0274631
0.027205
0.0269695
0.0267502
0.0265394
0.0263274
0.0261029
0.0258542
0.0255602
0.025196
0.0247306
0.024125
0.023329
0.0222779
0.0208891
0.0190542
0.0166274
0.013423
0.00923442
0.00614335
0.00909563
0.0194113
0.0255112
0.0297308
0.0327787
0.0349865
0.0365427
0.0375177
0.0380301
0.0381912
0.0380979
0.0378289
0.0374479
0.0370058
0.0365413
0.0360829
0.0356484
0.035247
0.034883
0.0345537
0.0342536
0.0339749
0.0337076
0.0334397
0.0331567
0.0328425
0.0324747
0.0320252
0.0314592
0.0307333
0.0297932
0.0285688
0.0269692
0.0248742
0.0221165
0.0184431
0.0133371
0.00754824
0.0112913
0.0237815
0.030616
0.0352694
0.0385831
0.040958
0.0426077
0.0436356
0.0441671
0.0443203
0.0441978
0.0438835
0.0434453
0.0429375
0.0424027
0.0418723
0.0413674
0.0408992
0.0404737
0.0400891
0.0397391
0.0394147
0.0391043
0.0387939
0.0384663
0.0381025
0.037678
0.0371619
0.0365166
0.0356949
0.0346382
0.0332712
0.0314963
0.0291835
0.0261504
0.0221125
0.0164508
0.0078257
0.0132595
0.0276679
0.0352113
0.0402324
0.0437128
0.0461455
0.0477919
0.0487855
0.0492648
0.0493562
0.0491667
0.0487827
0.0482737
0.047695
0.0470899
0.0464913
0.0459215
0.0453928
0.0449122
0.0444783
0.0440842
0.0437197
0.0433718
0.0430246
0.0426594
0.0422542
0.0417831
0.0412129
0.0405036
0.0396055
0.0384567
0.0369784
0.0350684
0.03259
0.0293513
0.0250481
0.0190212
0.00850287
0.0151381
0.031425
0.039705
0.0450576
0.0486292
0.0510283
0.0525807
0.0534572
0.0538158
0.0537921
0.0534963
0.0530151
0.0524169
0.0517556
0.0510736
0.0504034
0.0497674
0.0491782
0.0486429
0.0481604
0.0477231
0.0473198
0.0469359
0.0465541
0.0461539
0.0457113
0.0451988
0.0445815
0.0438176
0.0428556
0.0416312
0.0400631
0.038046
0.035439
0.0320424
0.0275322
0.0211681
0.00955582
0.0170392
0.0353123
0.0443885
0.0500427
0.0536245
0.0558905
0.0572485
0.0579179
0.0580819
0.0578857
0.0574408
0.0568313
0.0561218
0.0553627
0.0545936
0.0538449
0.053138
0.0524853
0.0518931
0.0513605
0.0508789
0.050436
0.050016
0.0495998
0.0491657
0.0486877
0.0481367
0.0474768
0.0466646
0.045647
0.0443584
0.0427157
0.0406113
0.037901
0.0343782
0.0296969
0.0230267
0.0104758
0.0190719
0.0395762
0.0495171
0.0554291
0.0589166
0.0609286
0.0619736
0.0623329
0.0622195
0.0617875
0.0611464
0.0603744
0.0595288
0.0586542
0.0577855
0.0569494
0.0561654
0.0554444
0.054792
0.0542065
0.0536785
0.0531945
0.0527372
0.0522862
0.0518181
0.0513057
0.0507184
0.0500188
0.0491626
0.0480958
0.0467513
0.0450449
0.0428675
0.0400719
0.036444
0.0316147
0.0246649
0.0112872
0.0213651
0.0444883
0.055347
0.0614397
0.0646908
0.0662975
0.066887
0.0668166
0.0663325
0.0655947
0.0647062
0.0637343
0.0627259
0.0617165
0.060734
0.0598006
0.058932
0.0581371
0.0574203
0.0567786
0.0562015
0.0556742
0.0551781
0.0546914
0.0541891
0.0536427
0.0530201
0.0522831
0.0513863
0.0502749
0.0488809
0.0471192
0.0448793
0.0420112
0.0382931
0.0333319
0.0261246
0.0120061
0.0240908
0.0503705
0.0621518
0.0682915
0.0711149
0.0721283
0.0720924
0.0714549
0.0704954
0.0693753
0.068184
0.0669724
0.0657724
0.0646075
0.0634964
0.0624546
0.0614933
0.0606183
0.0598325
0.0591309
0.0585017
0.0579289
0.0573922
0.0568685
0.0563313
0.0557509
0.0550939
0.0543211
0.0533863
0.052234
0.0507955
0.0489849
0.0466906
0.0437594
0.0399616
0.0348804
0.0274349
0.0126465
0.0274878
0.0576128
0.070224
0.0761941
0.07834
0.0785329
0.0776744
0.0763145
0.0747647
0.0731792
0.071626
0.0701326
0.068711
0.0673688
0.0661133
0.0649515
0.063889
0.0629274
0.0620676
0.0613022
0.0606178
0.0599968
0.0594177
0.0588555
0.0582827
0.0576681
0.0569772
0.0561698
0.0551991
0.0540088
0.0525298
0.0506754
0.0483327
0.0453456
0.0414759
0.0362841
0.0286181
0.0132208
0.0318874
0.0666849
0.0798625
0.0853341
0.0864921
0.0856011
0.0836994
0.0814477
0.0791836
0.0770444
0.0750671
0.073248
0.0715734
0.0700314
0.0686151
0.0673213
0.0661483
0.0650936
0.0641548
0.0633215
0.0625786
0.0619068
0.0612831
0.060681
0.0600716
0.0594225
0.058698
0.057857
0.056852
0.0556261
0.0541097
0.0522156
0.0498292
0.0467916
0.0428562
0.0375618
0.0296915
0.0137399
0.0377283
0.0781372
0.0913458
0.0958491
0.0956584
0.093393
0.0902137
0.0868928
0.0837851
0.0810003
0.0785342
0.0763438
0.0743839
0.0726188
0.0710248
0.0695866
0.0682937
0.0671393
0.0661163
0.065211
0.0644063
0.063681
0.0630106
0.0623672
0.0617202
0.0610361
0.0602781
0.0594043
0.0583663
0.0571068
0.0555557
0.0536249
0.0511987
0.0481148
0.0441187
0.0387288
0.0306694
0.0142127
0.0455471
0.0925692
0.104887
0.107794
0.105872
0.101931
0.0972413
0.0926748
0.0885932
0.0850692
0.082048
0.0794397
0.0771612
0.0751494
0.0733604
0.071765
0.0703429
0.0690822
0.0679696
0.0669881
0.0661183
0.065337
0.0646179
0.0639315
0.0632459
0.0625264
0.061735
0.0608289
0.059759
0.0584675
0.0568838
0.0549189
0.052456
0.0493292
0.0452765
0.0397976
0.0315635
0.0146464
0.0559466
0.110497
0.120559
0.121098
0.117101
0.111191
0.104781
0.0988057
0.0936241
0.0892678
0.0856246
0.0825508
0.0799201
0.0776372
0.0756357
0.0738699
0.0723098
0.070936
0.0697285
0.0686668
0.0677286
0.0668887
0.0661188
0.0653879
0.0646627
0.0639073
0.0630826
0.0621448
0.061044
0.0597219
0.0581072
0.0561105
0.0536132
0.0504464
0.0463409
0.040779
0.0323837
0.0150465
0.0698457
0.131945
0.138133
0.135521
0.129214
0.121098
0.112809
0.105285
0.0988871
0.0936081
0.0892762
0.0856889
0.0826716
0.0800931
0.077861
0.0759118
0.0742052
0.0727113
0.0714037
0.0702577
0.069248
0.0683471
0.0675245
0.0667478
0.0659821
0.0651905
0.0643326
0.0633635
0.0622327
0.0608811
0.0592371
0.0572103
0.0546806
0.0514763
0.0473212
0.041682
0.0331383
0.0154181
0.0921627
0.15627
0.15674
0.150602
0.14187
0.13153
0.121277
0.112101
0.104385
0.0980978
0.0930114
0.0888624
0.0854239
0.0825247
0.0800438
0.0778992
0.0760373
0.0744164
0.0730035
0.0717694
0.0706853
0.069721
0.0688442
0.0680204
0.0672134
0.0663854
0.0654944
0.0644946
0.0633346
0.0619547
0.0602827
0.0582273
0.0556671
0.0524274
0.0482258
0.0425148
0.0338345
0.0157656
0.015028
0.0337395
0.0455937
0.0554388
0.0640647
0.0718782
0.0791444
0.0860436
0.0927006
0.0992027
0.105611
0.111967
0.118296
0.124606
0.130894
0.137142
0.143319
0.149378
0.155262
0.160902
0.166222
0.171139
0.175573
0.179449
0.182712
0.185326
0.187296
0.188666
0.18954
0.190088
0.190563
0.191309
0.192774
0.195505
0.200131
0.207362
0.217921
0.232526
0.251845
0.276402
0.306371
0.341197
0.378977
0.415358
0.439808
0.314826
0.0154269
0.0338291
0.0455803
0.055496
0.0642655
0.0722744
0.0797745
0.0869343
0.0938683
0.100656
0.107351
0.113991
0.120597
0.127175
0.13372
0.140211
0.146615
0.152884
0.158957
0.164763
0.170219
0.175239
0.179738
0.183639
0.186882
0.189439
0.191317
0.192578
0.193343
0.193805
0.194241
0.195021
0.196613
0.199568
0.204502
0.212073
0.222977
0.237907
0.257516
0.282323
0.312486
0.347383
0.384931
0.420655
0.442279
0.376269
0.0158275
0.0338518
0.0454879
0.0554202
0.0642684
0.0724098
0.0800862
0.0874537
0.094615
0.101639
0.108574
0.11545
0.122284
0.129082
0.135835
0.142523
0.14911
0.155546
0.161769
0.167703
0.17326
0.178348
0.182875
0.186758
0.189934
0.192373
0.19409
0.195156
0.195708
0.195958
0.196205
0.196831
0.198308
0.20118
0.206035
0.213466
0.224098
0.238554
0.257408
0.281091
0.309658
0.342357
0.377005
0.409229
0.429582
0.404055
0.0162439
0.033876
0.0454107
0.055317
0.0641865
0.0724017
0.0801968
0.0877151
0.0950467
0.10225
0.109365
0.116417
0.123421
0.130378
0.13728
0.144107
0.150821
0.157374
0.163698
0.169715
0.175331
0.180445
0.184958
0.188775
0.191828
0.194082
0.195554
0.196324
0.196545
0.196444
0.196333
0.1966
0.197709
0.200178
0.204556
0.211378
0.22116
0.234441
0.251702
0.273289
0.299207
0.328751
0.359997
0.389244
0.409968
0.405857
0.0166885
0.0339571
0.0454211
0.0552698
0.0641144
0.0723527
0.080212
0.0878222
0.0952605
0.102576
0.1098
0.116954
0.124051
0.131093
0.138071
0.144964
0.151738
0.158342
0.164708
0.170753
0.176378
0.181472
0.185923
0.189625
0.192495
0.194493
0.195636
0.196012
0.195786
0.195206
0.194589
0.194326
0.194859
0.196672
0.20026
0.206105
0.214617
0.226249
0.241405
0.260375
0.283197
0.309356
0.337368
0.364347
0.385657
0.392734
0.017174
0.0341473
0.0455804
0.0553513
0.0641374
0.0723568
0.0802286
0.087869
0.0953432
0.102691
0.109941
0.11711
0.124211
0.131247
0.138211
0.145085
0.151835
0.158411
0.164746
0.170754
0.176328
0.181348
0.185688
0.189224
0.191857
0.193534
0.194273
0.194172
0.193416
0.192268
0.191059
0.190172
0.190029
0.191066
0.193719
0.198413
0.205492
0.215329
0.228273
0.244596
0.264401
0.287409
0.312581
0.337755
0.359494
0.372617
0.0177174
0.0345007
0.0459473
0.05563
0.0643342
0.0724976
0.0803298
0.0879337
0.0953648
0.102658
0.109837
0.116922
0.123926
0.130853
0.137701
0.144455
0.151084
0.157541
0.16376
0.169651
0.175106
0.179994
0.184172
0.187496
0.189846
0.191155
0.19144
0.190817
0.189496
0.187767
0.185976
0.184502
0.183735
0.184066
0.18587
0.189508
0.195319
0.203601
0.214695
0.228884
0.246318
0.266895
0.289928
0.313756
0.33567
0.35193
0.0183447
0.0350835
0.0465851
0.0561729
0.0647732
0.0728411
0.0805754
0.0880683
0.0953693
0.102511
0.109518
0.116413
0.12321
0.129921
0.136545
0.143071
0.149473
0.155709
0.161714
0.167402
0.17266
0.177353
0.181321
0.184397
0.186436
0.187354
0.187175
0.18604
0.184201
0.181985
0.179756
0.177887
0.176737
0.176644
0.177932
0.180919
0.185938
0.193277
0.203332
0.216475
0.232765
0.252097
0.273977
0.29692
0.318507
0.335755
0.0190917
0.035983
0.0475607
0.0570357
0.0654988
0.0734195
0.0809871
0.0882869
0.095366
0.102258
0.108992
0.115592
0.122079
0.128466
0.134759
0.140951
0.147021
0.15293
0.15862
0.164009
0.168989
0.17342
0.177134
0.179941
0.181664
0.182206
0.181605
0.180047
0.177843
0.175365
0.172996
0.171092
0.169967
0.169907
0.171189
0.174103
0.179046
0.186166
0.195744
0.208772
0.225571
0.245256
0.26746
0.290324
0.311199
0.327513
0.0199994
0.0372991
0.0489207
0.0582346
0.0665049
0.0742113
0.0815349
0.0885572
0.0953265
0.10188
0.10825
0.114466
0.120552
0.126525
0.132394
0.138158
0.143798
0.149283
0.154561
0.159558
0.164175
0.16828
0.171702
0.174233
0.175666
0.175892
0.174978
0.173183
0.170891
0.168518
0.166448
0.164989
0.164406
0.164879
0.166587
0.169601
0.174609
0.183082
0.193811
0.206936
0.224238
0.244466
0.267481
0.291042
0.311792
0.326538
0.0210986
0.0390887
0.0506379
0.0597049
0.0677081
0.0751265
0.0821316
0.088803
0.0951916
0.101339
0.10728
0.113048
0.118669
0.124164
0.129544
0.134811
0.139951
0.144936
0.149724
0.15425
0.158429
0.162148
0.16525
0.167516
0.168711
0.168726
0.167686
0.165944
0.163962
0.16218
0.160955
0.16045
0.160779
0.161901
0.164456
0.169039
0.174686
0.183287
0.194178
0.207892
0.22559
0.245093
0.266474
0.289412
0.310712
0.326953
0.0223963
0.0412551
0.0525484
0.0612716
0.0689414
0.0760145
0.0826486
0.0889229
0.094891
0.100597
0.10608
0.111372
0.116503
0.121494
0.12636
0.131101
0.135709
0.140161
0.14442
0.148434
0.15213
0.155424
0.15819
0.16021
0.161236
0.161185
0.160274
0.158975
0.157806
0.157171
0.157214
0.157798
0.159466
0.16174
0.165241
0.18197
0.193918
0.204994
0.216976
0.2305
0.244556
0.258291
0.272536
0.288492
0.305971
0.323415
0.0238922
0.0434431
0.0543457
0.0626742
0.0699922
0.0767084
0.0829592
0.08883
0.094378
0.0996499
0.104685
0.109516
0.114173
0.118679
0.123051
0.127289
0.131388
0.13533
0.139085
0.142607
0.145837
0.148717
0.151157
0.15295
0.153868
0.153913
0.153448
0.153087
0.153225
0.153904
0.155386
0.157358
0.16143
0.176781
0.188595
0.201337
0.212394
0.22222
0.2319
0.242313
0.25334
0.264458
0.275681
0.287685
0.300831
0.314371
0.0252461
0.0451032
0.0557639
0.0637575
0.0707088
0.0770996
0.0829973
0.0884983
0.0936648
0.0985455
0.103181
0.107603
0.111841
0.115924
0.119867
0.123674
0.127341
0.130857
0.134202
0.137334
0.140202
0.142773
0.144987
0.146598
0.147461
0.147775
0.148101
0.148931
0.150372
0.152678
0.156019
0.172352
0.185543
0.198574
0.210014
0.22057
0.22992
0.238217
0.246217
0.254541
0.263402
0.27247
0.281335
0.29004
0.298865
0.307755
0.0258179
0.0458857
0.0566221
0.0644256
0.0711038
0.0771955
0.0827892
0.0879754
0.0928201
0.0973741
0.101679
0.105766
0.109668
0.113414
0.117024
0.120503
0.123857
0.127085
0.130179
0.133107
0.135827
0.138348
0.140583
0.14215
0.143029
0.143684
0.14475
0.146768
0.149596
0.164075
0.179557
0.195065
0.209046
0.22155
0.232164
0.241067
0.248653
0.255392
0.261957
0.268859
0.276313
0.283947
0.291009
0.296967
0.301794
0.305666
0.0251903
0.045467
0.0569764
0.0647933
0.0713032
0.077148
0.082484
0.0874087
0.0919914
0.0962843
0.10033
0.104162
0.107819
0.111333
0.114723
0.118005
0.121194
0.1243
0.127318
0.130216
0.132968
0.135637
0.138272
0.140096
0.14104
0.142055
0.144084
0.147981
0.169026
0.187451
0.204385
0.219997
0.233526
0.244599
0.253206
0.259823
0.265214
0.270117
0.275196
0.280988
0.287625
0.294591
0.300778
0.305028
0.306815
0.306477
0.0241623
0.0434441
0.0570065
0.06517
0.0715846
0.0772399
0.0823693
0.0870822
0.0914566
0.0955479
0.0993987
0.103038
0.106523
0.109891
0.113151
0.116339
0.119492
0.122648
0.125831
0.129034
0.132342
0.135569
0.138464
0.140334
0.141325
0.142793
0.159602
0.175703
0.195348
0.214186
0.230884
0.244982
0.256095
0.264232
0.269803
0.273567
0.276451
0.279315
0.28282
0.287517
0.293482
0.300095
0.306004
0.309562
0.309891
0.307867
0.0254981
0.044403
0.0575996
0.0653761
0.071628
0.0772558
0.082385
0.0870998
0.0914741
0.0955387
0.0993358
0.102905
0.106354
0.10979
0.113172
0.116407
0.119606
0.122839
0.126186
0.129875
0.136341
0.146761
0.15385
0.159475
0.165177
0.173475
0.187733
0.205743
0.224709
0.241765
0.25571
0.266308
0.273618
0.278036
0.280239
0.281099
0.281545
0.282422
0.284389
0.287941
0.293134
0.299348
0.30515
0.308681
0.309232
0.309339
0.0337351
0.0550979
0.0685638
0.0718778
0.0744154
0.078902
0.0839609
0.0889172
0.0934794
0.097594
0.101438
0.104993
0.109293
0.113948
0.119307
0.125049
0.13101
0.136927
0.14281
0.148799
0.155384
0.163435
0.171843
0.180464
0.190289
0.202763
0.218343
0.235623
0.251945
0.265314
0.275083
0.281371
0.284593
0.285384
0.284534
0.282903
0.281337
0.28059
0.28128
0.283844
0.288358
0.294282
0.300223
0.304281
0.30635
0.312027
0.0393935
0.0682783
0.0755335
0.0745887
0.0765999
0.080898
0.0861206
0.0915952
0.0970494
0.102411
0.107691
0.112936
0.118243
0.123695
0.129415
0.135525
0.142125
0.149209
0.156775
0.164854
0.173553
0.183029
0.193149
0.203995
0.216132
0.230057
0.24523
0.260064
0.272636
0.281751
0.287223
0.289457
0.289099
0.286917
0.283719
0.28029
0.277364
0.275591
0.275526
0.277575
0.281868
0.287996
0.294648
0.299888
0.304213
0.317191
0.0371171
0.0646799
0.0725267
0.0747397
0.0784092
0.0834291
0.0891429
0.0951444
0.101242
0.107372
0.113541
0.119791
0.126192
0.132822
0.139764
0.147107
0.154943
0.163339
0.17234
0.181975
0.192243
0.203103
0.214477
0.226419
0.239103
0.252413
0.265507
0.277001
0.285595
0.290671
0.292369
0.291288
0.288203
0.283916
0.27922
0.274794
0.271249
0.269142
0.268981
0.271172
0.275907
0.282895
0.29095
0.298236
0.305413
0.325193
0.0324318
0.0564231
0.0676809
0.0741073
0.0801508
0.0864543
0.0930011
0.0997088
0.106529
0.113453
0.120503
0.127719
0.135155
0.142875
0.150947
0.15944
0.168419
0.177941
0.188043
0.198719
0.20991
0.221485
0.233284
0.245192
0.257082
0.268553
0.278773
0.286709
0.29157
0.293148
0.291815
0.288282
0.28339
0.27791
0.27252
0.267805
0.264281
0.262439
0.262758
0.265665
0.271433
0.279888
0.290002
0.300041
0.310536
0.334242
0.0300674
0.0517803
0.0649722
0.0742689
0.0823518
0.0900021
0.0975153
0.105026
0.112607
0.120307
0.128171
0.136243
0.144573
0.15321
0.16221
0.171619
0.181477
0.191807
0.202602
0.213806
0.2253
0.236886
0.248317
0.259331
0.269615
0.278679
0.28584
0.290415
0.292026
0.290769
0.287202
0.282087
0.276204
0.270243
0.264788
0.260324
0.257289
0.256115
0.257251
0.261136
0.268127
0.278214
0.290621
0.303825
0.317964
0.342899
0.0297446
0.0501333
0.0645218
0.0755887
0.0851243
0.0938989
0.102321
0.110627
0.118952
0.127383
0.135979
0.144788
0.15385
0.163206
0.17289
0.182932
0.193341
0.204105
0.215171
0.226434
0.237716
0.248762
0.259256
0.268847
0.277138
0.283664
0.287929
0.289569
0.288533
0.285179
0.280131
0.274124
0.267861
0.26194
0.256844
0.252967
0.250668
0.25032
0.252313
0.257092
0.265084
0.276483
0.290891
0.30713
0.32458
0.348997
0.0305599
0.0505898
0.0657837
0.0778628
0.0883086
0.097897
0.107064
0.116069
0.125065
0.134146
0.143373
0.152788
0.162422
0.172301
0.182443
0.192852
0.203514
0.214382
0.225365
0.23631
0.246996
0.257124
0.266337
0.274247
0.280449
0.28457
0.286293
0.285554
0.282553
0.277767
0.27184
0.265459
0.259241
0.253685
0.249176
0.246022
0.244505
0.244913
0.24758
0.252926
0.261422
0.273477
0.289158
0.307847
0.328462
0.352349
0.0319884
0.0523765
0.0681429
0.0807361
0.0916897
0.101811
0.111531
0.121094
0.130644
0.140263
0.15
0.159885
0.169935
0.18016
0.190558
0.201114
0.211786
0.222498
0.233126
0.243482
0.253314
0.262297
0.270061
0.276235
0.280434
0.282425
0.282106
0.279592
0.275228
0.269556
0.26321
0.256814
0.250896
0.245861
0.242006
0.239553
0.23871
0.239674
0.242716
0.248205
0.256619
0.268523
0.284436
0.304464
0.327922
0.353708
0.0336783
0.0548949
0.0710838
0.0839
0.0951051
0.105547
0.115644
0.125616
0.135582
0.145607
0.15572
0.165936
0.176254
0.186666
0.197151
0.207671
0.218162
0.228522
0.238603
0.248189
0.257012
0.264751
0.271021
0.27551
0.277955
0.278227
0.276363
0.272602
0.267374
0.261239
0.254799
0.248608
0.243112
0.23863
0.235378
0.233512
0.233149
0.23442
0.237524
0.242758
0.250567
0.261568
0.276538
0.296247
0.320947
0.349778
0.0354087
0.0577467
0.0742498
0.0871435
0.0984579
0.109078
0.119408
0.129648
0.139893
0.150187
0.160541
0.17095
0.181398
0.191854
0.202279
0.212617
0.222782
0.232646
0.242054
0.250763
0.258491
0.264944
0.269811
0.27283
0.273831
0.272778
0.269808
0.265237
0.25953
0.253237
0.246914
0.241043
0.235994
0.232013
0.229249
0.227799
0.227708
0.229047
0.231945
0.236623
0.243452
0.253011
0.266124
0.283812
0.306999
0.335923
0.0370544
0.0606813
0.0774224
0.0903399
0.101696
0.112403
0.122858
0.133245
0.143642
0.154076
0.16454
0.175014
0.185464
0.195838
0.206079
0.216119
0.225851
0.235114
0.243742
0.25151
0.258161
0.263427
0.267053
0.268843
0.268703
0.266676
0.262965
0.257923
0.252021
0.245776
0.239687
0.234171
0.229531
0.225954
0.22354
0.222327
0.222315
0.223524
0.226019
0.22995
0.235599
0.243445
0.254214
0.268874
0.288443
0.313569
0.0385518
0.0635305
0.0804732
0.0934145
0.104789
0.115526
0.126025
0.136461
0.146901
0.157359
0.167817
0.178238
0.188581
0.198766
0.208718
0.218348
0.22754
0.236142
0.243976
0.250832
0.256479
0.260687
0.263257
0.264055
0.263052
0.260347
0.256182
0.250921
0.245015
0.23894
0.233136
0.22796
0.223658
0.220371
0.218165
0.21703
0.216938
0.217869
0.219837
0.222928
0.227338
0.23343
0.24177
0.253126
0.26831
0.287827
0.0398786
0.0661824
0.0833264
0.0963179
0.107707
0.118441
0.128925
0.139332
0.149726
0.160112
0.170462
0.180727
0.190846
0.200739
0.210317
0.219477
0.228094
0.23602
0.24308
0.249082
0.253825
0.257121
0.258821
0.258846
0.257216
0.254071
0.249666
0.244361
0.238573
0.23273
0.227217
0.222335
0.218289
0.215184
0.213055
0.21187
0.211578
0.21213
0.213504
0.215734
0.218944
0.223387
0.229471
0.237746
0.248758
0.26275
0.0410444
0.0685645
0.085934
0.099008
0.110415
0.121122
0.131542
0.141854
0.152125
0.162356
0.172513
0.182539
0.192363
0.201899
0.211049
0.219703
0.227734
0.234995
0.241324
0.246551
0.250503
0.253033
0.254037
0.25348
0.251419
0.248014
0.243525
0.238289
0.232687
0.227097
0.221853
0.21721
0.213337
0.210317
0.208161
0.206827
0.206251
0.206364
0.207121
0.208516
0.210618
0.21359
0.217709
0.223342
0.230822
0.240192
0.0420383
0.0705781
0.0882378
0.101422
0.11285
0.123514
0.133839
0.144014
0.154108
0.164124
0.174026
0.183754
0.19323
0.202364
0.211056
0.21919
0.22664
0.233269
0.238927
0.243465
0.246741
0.248644
0.249106
0.248126
0.245787
0.242258
0.23779
0.232693
0.227309
0.221967
0.216957
0.212496
0.208725
0.20571
0.20345
0.201898
0.200983
0.200629
0.200774
0.201388
0.202496
0.204197
0.206669
0.210144
0.214811
0.220604
0.0427783
0.0722635
0.0902108
0.103511
0.114959
0.12557
0.135781
0.145789
0.155669
0.165429
0.175034
0.184424
0.193519
0.202227
0.210446
0.218063
0.224957
0.230997
0.236051
0.23999
0.2427
0.2441
0.244152
0.24288
0.240381
0.236824
0.232445
0.227525
0.222366
0.217255
0.212441
0.208112
0.204385
0.201316
0.198898
0.197084
0.195803
0.194977
0.194536
0.194434
0.19467
0.195295
0.196416
0.198177
0.200675
0.203806
0.0432767
0.073608
0.0918192
0.105229
0.116694
0.127244
0.137328
0.14715
0.156794
0.166273
0.175555
0.184583
0.193278
0.201551
0.209301
0.216418
0.222788
0.228291
0.23281
0.236238
0.238483
0.239489
0.239241
0.23778
0.235208
0.23169
0.227442
0.222717
0.217778
0.212875
0.208223
0.203984
0.200259
0.197096
0.194488
0.19239
0.190736
0.18945
0.188461
0.187717
0.187196
0.186921
0.186952
0.187373
0.188232
0.189422
0.0435448
0.0745972
0.093034
0.10654
0.118013
0.128495
0.138443
0.148069
0.157464
0.166647
0.175594
0.18425
0.192542
0.200383
0.207677
0.21432
0.220205
0.225226
0.229281
0.232277
0.234147
0.234852
0.234393
0.232822
0.230243
0.226809
0.222718
0.218192
0.213462
0.208745
0.204226
0.200047
0.196297
0.193017
0.190203
0.187817
0.185799
0.184079
0.18259
0.181276
0.180108
0.179088
0.178248
0.177636
0.177272
0.177064
0.043593
0.0752225
0.0938354
0.107415
0.118884
0.12929
0.139095
0.148519
0.15766
0.166543
0.175151
0.183436
0.19133
0.198751
0.20561
0.211811
0.217257
0.221851
0.225505
0.228144
0.229716
0.230196
0.229599
0.227979
0.225439
0.222119
0.218197
0.213869
0.209336
0.204785
0.200379
0.19624
0.19245
0.189046
0.186028
0.183364
0.181004
0.178886
0.176948
0.175138
0.173423
0.171794
0.170265
0.168864
0.167599
0.166395
0.0434329
0.075484
0.0942145
0.107839
0.119287
0.129608
0.139265
0.148484
0.157369
0.165953
0.174226
0.182146
0.189655
0.196676
0.203127
0.208921
0.21397
0.218189
0.221502
0.223849
0.225189
0.225508
0.224829
0.223207
0.220738
0.217553
0.213806
0.209671
0.205323
0.200924
0.196617
0.19251
0.188677
0.185153
0.181942
0.179023
0.176352
0.173878
0.171548
0.169314
0.167143
0.165023
0.162958
0.160965
0.159045
0.157144
0.0430788
0.0753903
0.0941737
0.107807
0.119216
0.129438
0.138941
0.147953
0.156584
0.164874
0.17282
0.180388
0.187528
0.19417
0.200243
0.205665
0.21036
0.214253
0.21728
0.219389
0.220552
0.220762
0.220044
0.218454
0.216081
0.213042
0.209473
0.205526
0.201354
0.197098
0.192883
0.188807
0.184936
0.181306
0.177926
0.17478
0.171838
0.169057
0.166391
0.163803
0.161261
0.158753
0.15628
0.15385
0.151467
0.149092
0.042548
0.0749589
0.0937264
0.107331
0.118674
0.128785
0.138127
0.14693
0.155309
0.163311
0.17094
0.178171
0.18496
0.191249
0.196971
0.202057
0.206437
0.210048
0.212833
0.214753
0.215783
0.215924
0.215203
0.213671
0.21141
0.208523
0.205133
0.20137
0.197367
0.19325
0.189127
0.185087
0.181192
0.177477
0.173955
0.17062
0.16745
0.164412
0.161471
0.158595
0.15576
0.152955
0.150179
0.147441
0.144743
0.14206
0.0418608
0.0742146
0.0928962
0.10643
0.117681
0.127664
0.136835
0.145426
0.153556
0.161277
0.1686
0.175509
0.181968
0.187926
0.193326
0.198107
0.202208
0.205575
0.208159
0.209927
0.210861
0.210966
0.210266
0.208811
0.206673
0.203944
0.20073
0.197147
0.193311
0.189332
0.185306
0.181312
0.177411
0.173637
0.170007
0.166523
0.163171
0.159929
0.156771
0.153672
0.150616
0.147594
0.144607
0.141662
0.138765
0.1359
0.0410392
0.0731888
0.0917157
0.105135
0.116266
0.126101
0.135092
0.143467
0.151349
0.158795
0.165823
0.172425
0.178571
0.184221
0.189324
0.193829
0.197683
0.200837
0.203253
0.204901
0.205769
0.20586
0.205201
0.203836
0.201828
0.199259
0.196221
0.192816
0.189146
0.185306
0.181384
0.177453
0.173567
0.169763
0.166061
0.16247
0.158984
0.155591
0.152272
0.149013
0.145801
0.142633
0.13951
0.136443
0.133438
0.130486
0.0401068
0.0719183
0.0902248
0.103487
0.114468
0.124136
0.132933
0.141087
0.148721
0.155897
0.16264
0.168948
0.174798
0.180159
0.184989
0.189243
0.192875
0.195845
0.198118
0.199671
0.200494
0.200591
0.199986
0.198718
0.196845
0.194436
0.191574
0.188346
0.184842
0.181147
0.17734
0.173486
0.169639
0.165837
0.1621
0.158445
0.154873
0.151379
0.147955
0.144592
0.141284
0.138031
0.13484
0.131719
0.128676
0.125709
0.0390873
0.0704432
0.088469
0.101533
0.112333
0.121813
0.130403
0.138329
0.145714
0.152625
0.15909
0.165115
0.170685
0.175774
0.18035
0.184373
0.187805
0.190612
0.192764
0.194241
0.195035
0.19515
0.194609
0.193444
0.191707
0.189458
0.18677
0.183718
0.180382
0.176839
0.173157
0.169399
0.165616
0.161846
0.158112
0.154434
0.150822
0.147277
0.143799
0.140385
0.137035
0.133753
0.130548
0.127428
0.124405
0.121476
0.0380046
0.068806
0.0864976
0.0993253
0.109915
0.119185
0.127555
0.135244
0.142378
0.149025
0.155219
0.160971
0.166272
0.171105
0.175442
0.179252
0.182502
0.185163
0.187209
0.188624
0.1894
0.189542
0.189069
0.18801
0.186409
0.184319
0.181803
0.178928
0.175763
0.172377
0.168834
0.16519
0.161495
0.157787
0.154091
0.150431
0.146822
0.143272
0.139787
0.13637
0.133027
0.129763
0.12659
0.123518
0.120557
0.117708
0.036882
0.0670499
0.0843615
0.0969175
0.10727
0.11631
0.124444
0.131889
0.138768
0.145152
0.15108
0.156566
0.16161
0.166198
0.17031
0.173919
0.177001
0.179528
0.18148
0.182842
0.183608
0.183782
0.18338
0.182426
0.18096
0.179027
0.176681
0.173982
0.170991
0.167771
0.164377
0.160865
0.15728
0.153662
0.150039
0.146435
0.142869
0.139356
0.135908
0.132531
0.129236
0.126031
0.122929
0.119941
0.117076
0.114337
0.0357416
0.0652172
0.0821115
0.0943652
0.104456
0.113246
0.121131
0.128323
0.134943
0.141064
0.146729
0.151956
0.15675
0.161103
0.165
0.168421
0.171344
0.173747
0.175613
0.176928
0.177689
0.177896
0.177564
0.176714
0.17538
0.1736
0.171423
0.1689
0.166086
0.163037
0.159805
0.156441
0.152988
0.149486
0.145966
0.14245
0.138964
0.135527
0.132153
0.128854
0.125643
0.122532
0.119533
0.116657
0.113915
0.111308
0.0346037
0.0633481
0.0797963
0.0917225
0.10153
0.110053
0.117677
0.124607
0.130964
0.136823
0.142228
0.147201
0.151752
0.155878
0.159568
0.162808
0.16558
0.167866
0.16965
0.170923
0.171678
0.171919
0.171655
0.170906
0.1697
0.16807
0.166058
0.163711
0.161076
0.158204
0.155144
0.151941
0.148639
0.145276
0.141886
0.13849
0.135116
0.131787
0.12852
0.125331
0.122235
0.119245
0.116375
0.113635
0.111034
0.108574
0.033486
0.061479
0.0774616
0.0890407
0.0985466
0.106789
0.114141
0.120802
0.126894
0.13249
0.137636
0.14236
0.146674
0.150579
0.154069
0.157135
0.159761
0.161934
0.163641
0.164872
0.165622
0.165894
0.165696
0.165043
0.163959
0.162475
0.160625
0.158452
0.155997
0.153307
0.150427
0.147398
0.144263
0.141059
0.137819
0.13457
0.131336
0.128143
0.125011
0.121959
0.119003
0.116157
0.113435
0.110847
0.108401
0.106098
0.0324032
0.0596418
0.0751487
0.0863672
0.0955588
0.103509
0.11058
0.116969
0.122792
0.128125
0.133016
0.137494
0.141576
0.145266
0.148562
0.151459
0.153944
0.156007
0.157638
0.158827
0.159571
0.15987
0.159732
0.15917
0.158204
0.15686
0.155169
0.153168
0.150894
0.148389
0.145693
0.142849
0.139894
0.136865
0.133794
0.130712
0.12764
0.124606
0.121632
0.118738
0.115941
0.113256
0.110696
0.108272
0.10599
0.10385
0.0313663
0.0578633
0.072893
0.083744
0.0926131
0.100264
0.10705
0.113161
0.118715
0.123787
0.128425
0.132662
0.136517
0.139997
0.143105
0.145836
0.148184
0.15014
0.151694
0.152841
0.153576
0.153899
0.153817
0.15334
0.152486
0.151276
0.149739
0.147906
0.145811
0.143492
0.140987
0.138333
0.135568
0.132726
0.129839
0.126939
0.124047
0.121189
0.11839
0.11567
0.113047
0.110535
0.108148
0.105894
0.10378
0.101805
0.0303834
0.0561642
0.070724
0.081207
0.0897506
0.0970992
0.103596
0.10943
0.114716
0.119528
0.123918
0.127919
0.131552
0.134828
0.137752
0.140323
0.142537
0.144387
0.145866
0.146968
0.147691
0.148034
0.148002
0.147605
0.146855
0.145774
0.144385
0.142716
0.140798
0.138665
0.136351
0.133892
0.131323
0.128676
0.125984
0.123276
0.120576
0.117908
0.115296
0.112761
0.11032
0.107989
0.10578
0.1037
0.101755
0.0999429
0.0294597
0.0545602
0.0686648
0.0787854
0.0870056
0.0940524
0.100262
0.105821
0.110841
0.115399
0.119545
0.123315
0.126732
0.12981
0.132556
0.134971
0.137054
0.138799
0.140203
0.141261
0.141969
0.142327
0.14234
0.142015
0.141364
0.140405
0.139158
0.137647
0.135902
0.133952
0.131829
0.129566
0.127196
0.124749
0.122257
0.119748
0.117249
0.114778
0.11236
0.110015
0.107762
0.105615
0.103585
0.101679
0.0999008
0.0982479
0.0285979
0.0530615
0.066732
0.0765013
0.0844049
0.0911551
0.0970825
0.10237
0.10713
0.111439
0.115348
0.118895
0.122103
0.124989
0.127562
0.129826
0.131782
0.133426
0.134755
0.135766
0.136456
0.136826
0.136879
0.13662
0.136061
0.135216
0.134104
0.132746
0.131168
0.129397
0.127462
0.125394
0.123222
0.120977
0.118687
0.11638
0.114081
0.111811
0.10959
0.107439
0.105374
0.10341
0.101557
0.0998211
0.0982054
0.0967062
0.0277992
0.0516739
0.0649362
0.0743703
0.0819687
0.0884312
0.0940841
0.0991082
0.103616
0.107684
0.111364
0.114695
0.117702
0.120404
0.122811
0.12493
0.126762
0.128307
0.129563
0.130527
0.131197
0.131575
0.131661
0.131463
0.130989
0.130251
0.129266
0.128054
0.126636
0.125038
0.123286
0.121408
0.119431
0.117385
0.115296
0.11319
0.11109
0.10902
0.106995
0.105035
0.103156
0.101372
0.099691
0.0981195
0.0966591
0.0953059
0.0270628
0.0503995
0.0632831
0.0724019
0.0797103
0.0858978
0.0912873
0.0960585
0.100324
0.104161
0.107622
0.110746
0.113561
0.116087
0.118336
0.120315
0.122029
0.123478
0.124662
0.125579
0.126228
0.12661
0.126726
0.126582
0.126185
0.125547
0.124681
0.123606
0.12234
0.120907
0.119331
0.117637
0.115851
0.113998
0.112105
0.110195
0.108291
0.106414
0.104581
0.102807
0.101109
0.0994974
0.0979817
0.0965666
0.0952531
0.094037
0.0263871
0.0492373
0.0617739
0.0706003
0.0776372
0.0835654
0.0887054
0.0932367
0.0972723
0.100889
0.104142
0.107071
0.109704
0.112063
0.114161
0.116008
0.11761
0.118967
0.120081
0.120952
0.121578
0.12196
0.122101
0.122006
0.121679
0.121133
0.120378
0.119431
0.118309
0.117033
0.115624
0.114105
0.1125
0.110834
0.109129
0.107408
0.105692
0.104001
0.102351
0.100756
0.0992294
0.0977826
0.0964232
0.0951551
0.0939789
0.0928902
0.0257696
0.0481844
0.0604068
0.0689655
0.0757517
0.0814387
0.0863456
0.0906519
0.0944714
0.0978819
0.100939
0.103684
0.106146
0.108348
0.110305
0.112028
0.113523
0.114793
0.11584
0.116665
0.117267
0.117648
0.11781
0.117757
0.117495
0.117032
0.116379
0.115551
0.114563
0.113433
0.112181
0.110827
0.109394
0.107904
0.106378
0.104836
0.103298
0.101783
0.100307
0.0988797
0.0975151
0.0962227
0.0950092
0.0938778
0.0928285
0.0918569
0.0252072
0.0472364
0.0591777
0.0674948
0.0740525
0.0795182
0.0842099
0.0883078
0.0919266
0.0951452
0.0980203
0.100594
0.102897
0.104953
0.106779
0.108385
0.10978
0.110967
0.111951
0.112732
0.11331
0.113688
0.113867
0.113851
0.113646
0.113259
0.112699
0.11198
0.111115
0.11012
0.109014
0.107815
0.106542
0.105216
0.103857
0.102483
0.101112
0.0997615
0.0984452
0.0971754
0.0959612
0.0948118
0.0937329
0.0927271
0.091794
0.090929
0.024697
0.0463887
0.0580816
0.0661833
0.0725355
0.0778006
0.0822961
0.0862032
0.0896377
0.0926797
0.0953872
0.0978031
0.0999596
0.101881
0.103584
0.105083
0.106385
0.107496
0.10842
0.109158
0.109713
0.110085
0.110278
0.110295
0.11014
0.10982
0.109345
0.108725
0.107972
0.107102
0.106129
0.105072
0.103947
0.102773
0.101568
0.100349
0.0991319
0.0979327
0.0967643
0.0956382
0.0945618
0.093543
0.0925868
0.0916953
0.0908675
0.0900987
0.0242364
0.0456373
0.0571135
0.0650256
0.0711951
0.0762804
0.080599
0.0843333
0.0876004
0.0904817
0.0930363
0.0953082
0.0973306
0.0991284
0.10072
0.10212
0.103336
0.104376
0.105244
0.105942
0.106474
0.10684
0.107043
0.107087
0.106977
0.106717
0.106317
0.105786
0.105135
0.104377
0.103526
0.102597
0.101607
0.100571
0.0995069
0.0984291
0.0973527
0.0962915
0.0952575
0.0942611
0.0933096
0.0924088
0.0915633
0.0907746
0.0900411
0.0893584
0.0238238
0.0449792
0.0562691
0.0640164
0.0700252
0.0749511
0.0791118
0.082691
0.0858075
0.0885438
0.0909603
0.0931019
0.0950028
0.0966887
0.098179
0.0994881
0.100626
0.101601
0.102417
0.103078
0.103587
0.103945
0.104156
0.104224
0.104151
0.103945
0.103611
0.103159
0.102598
0.10194
0.101198
0.100386
0.0995166
0.0986059
0.0976682
0.0967176
0.0957675
0.0948304
0.093917
0.0930367
0.0921967
0.0914014
0.0906544
0.089957
0.0893075
0.0887011
0.0234588
0.0444135
0.055546
0.0631517
0.0690207
0.0738063
0.0778272
0.0812684
0.0842503
0.0868569
0.0891495
0.0911741
0.0929656
0.0945507
0.0959494
0.0971767
0.0982438
0.0991587
0.099927
0.100553
0.10104
0.10139
0.101606
0.101693
0.101653
0.101492
0.101216
0.100833
0.100352
0.0997834
0.0991381
0.0984284
0.0976671
0.0968674
0.0960425
0.0952051
0.0943674
0.0935405
0.0927341
0.0919567
0.0912149
0.0905124
0.0898523
0.0892352
0.0886594
0.08812
0.023143
0.0439416
0.0549441
0.0624296
0.0681777
0.0728407
0.0767384
0.0800574
0.0829198
0.0854108
0.0875928
0.0895129
0.0912066
0.0927012
0.0940175
0.0951711
0.0961738
0.0970343
0.0977587
0.098352
0.0988176
0.0991587
0.0993783
0.0994797
0.099467
0.0993448
0.0991189
0.0987963
0.0983849
0.0978938
0.0973331
0.0967137
0.0960471
0.095345
0.0946192
0.0938813
0.0931422
0.0924119
0.0916993
0.0910118
0.0903555
0.0897339
0.0891492
0.0886018
0.0880899
0.0876086
0.0228794
0.0435675
0.0544661
0.061851
0.0674952
0.0720512
0.0758404
0.0790513
0.0818075
0.0841956
0.0862792
0.0881058
0.089712
0.0911256
0.0923678
0.093455
0.0943995
0.0952104
0.0958945
0.0964572
0.0969025
0.0972338
0.0974543
0.0975674
0.0975769
0.0974873
0.0973038
0.0970326
0.096681
0.0962569
0.0957695
0.0952283
0.0946437
0.0940263
0.0933866
0.092735
0.0920813
0.0914347
0.090803
0.0901931
0.0896102
0.0890581
0.0885379
0.0880502
0.0875928
0.0871612
0.0226729
0.0432983
0.0541177
0.0614198
0.066975
0.0714374
0.0751306
0.0782453
0.0809067
0.0832028
0.085198
0.0869409
0.0884685
0.0898091
0.0909846
0.0920117
0.0929032
0.0936687
0.0943156
0.0948496
0.0952751
0.0955959
0.0958153
0.0959368
0.095964
0.0959011
0.095753
0.0955253
0.0952243
0.0948573
0.0944324
0.0939581
0.0934438
0.0928988
0.0923327
0.0917549
0.0911742
0.0905989
0.0900361
0.089492
0.0889714
0.0884776
0.0880118
0.087574
0.0871624
0.0867724
0.0225299
0.0431435
0.0539082
0.0611434
0.0666222
0.0710019
0.0746091
0.077637
0.0802126
0.0824253
0.0843404
0.0860073
0.0874634
0.0887376
0.0898522
0.0908243
0.0916671
0.0923907
0.0930029
0.0935096
0.0939158
0.0942253
0.0944417
0.0945685
0.0946093
0.0945679
0.0944488
0.094257
0.0939984
0.0936793
0.093307
0.0928892
0.0924341
0.0919502
0.0914462
0.0909304
0.090411
0.0898953
0.0893901
0.0889008
0.0884317
0.0879861
0.0875649
0.0871681
0.0867938
0.0864377
0.0224577
0.0431158
0.0538502
0.061033
0.0664456
0.0707508
0.0742792
0.0772269
0.0797229
0.0818582
0.083699
0.0852954
0.0866853
0.087898
0.0889561
0.0898771
0.0906744
0.0913586
0.0919378
0.0924183
0.0928052
0.0931026
0.0933143
0.0934436
0.0934941
0.0934693
0.0933735
0.0932111
0.0929873
0.0927079
0.0923793
0.0920084
0.0916025
0.0911693
0.0907165
0.0902519
0.0897829
0.0893161
0.0888577
0.0884127
0.0879852
0.0875779
0.0871922
0.0868277
0.0864826
0.086153
0.0224642
0.04323
0.0539594
0.0611029
0.0664572
0.0706931
0.0741468
0.0770178
0.0794377
0.0814988
0.0832686
0.0847977
0.0861245
0.0872787
0.088283
0.0891553
0.0899093
0.0905558
0.0911031
0.0915578
0.0919251
0.0922095
0.0924147
0.092544
0.0926008
0.0925885
0.0925108
0.0923719
0.0921763
0.0919292
0.0916363
0.0913036
0.0909379
0.0905459
0.0901348
0.0897114
0.0892826
0.0888546
0.088433
0.0880226
0.087627
0.0872489
0.0868897
0.0865491
0.0862255
0.0859152
0.0225582
0.0435035
0.0542547
0.0613709
0.0666722
0.070841
0.0742205
0.0770149
0.0793587
0.081346
0.0830453
0.084508
0.0857727
0.0868694
0.0878212
0.0886459
0.0893575
0.0899669
0.0904827
0.0909116
0.091259
0.0915294
0.0917263
0.0918532
0.0919133
0.0919097
0.0918458
0.0917252
0.0915521
0.0913309
0.0910667
0.0907648
0.0904312
0.0900721
0.0896938
0.0893026
0.0889048
0.0885062
0.088112
0.0877266
0.0873538
0.086996
0.0866547
0.0863297
0.0860198
0.0857217
0.0227488
0.0439566
0.0547584
0.0618579
0.0671084
0.0712085
0.0745108
0.0772251
0.0794895
0.0814002
0.0830269
0.0844214
0.085623
0.0866615
0.0875603
0.0883372
0.0890063
0.0895786
0.0900626
0.0904653
0.090792
0.0910471
0.0912343
0.0913568
0.0914175
0.0914194
0.0913655
0.091259
0.0911034
0.0909027
0.0906612
0.0903837
0.0900753
0.0897416
0.0893883
0.0890212
0.0886459
0.0882679
0.0878921
0.0875229
0.0871638
0.0868174
0.0864853
0.0861678
0.0858639
0.0855707
0.0230475
0.0446128
0.0554961
0.0625873
0.0677857
0.0718113
0.075029
0.0776558
0.0798341
0.0816623
0.0832114
0.084534
0.0856692
0.0866473
0.0874912
0.088219
0.0888445
0.0893788
0.0898304
0.090206
0.090511
0.0907497
0.0909257
0.0910419
0.0911011
0.0911058
0.0910588
0.0909628
0.0908207
0.090636
0.0904124
0.0901539
0.089865
0.0895505
0.0892155
0.0888651
0.0885046
0.088139
0.0877732
0.0874113
0.0870569
0.086713
0.0863814
0.0860628
0.0857567
0.085461
0.0234688
0.0455009
0.0564975
0.0635858
0.0687257
0.0726658
0.0757867
0.0783144
0.0803961
0.082133
0.0835973
0.0848418
0.0859059
0.0868197
0.0876059
0.0882822
0.0888625
0.0893573
0.0897752
0.0901227
0.090405
0.0906262
0.0907895
0.0908979
0.0909537
0.0909593
0.0909167
0.0908284
0.0906968
0.0905246
0.090315
0.0900713
0.0897972
0.0894968
0.0891744
0.0888345
0.0884819
0.0881212
0.087757
0.0873936
0.0870349
0.0866841
0.0863436
0.0860149
0.0856981
0.0853919
0.0240334
0.0466565
0.0577978
0.0648828
0.069951
0.0737882
0.0767947
0.0792071
0.0811783
0.0828122
0.0841819
0.0853407
0.0863276
0.0871721
0.0878968
0.0885188
0.0890515
0.0895052
0.0898881
0.0902062
0.0904647
0.0906672
0.0908169
0.0909162
0.0909672
0.0909719
0.090932
0.0908493
0.0907259
0.0905639
0.0903656
0.0901336
0.0898709
0.0895807
0.0892664
0.0889319
0.0885811
0.0882183
0.0878478
0.0874741
0.0871015
0.0867338
0.0863743
0.0860255
0.0856886
0.0853632
0.0247713
0.0481257
0.0594391
0.066511
0.0714848
0.0751935
0.0780614
0.0803377
0.082181
0.0836976
0.0849615
0.0860254
0.086928
0.087698
0.0883569
0.0889214
0.0894041
0.0898148
0.0901611
0.0904488
0.0906824
0.0908654
0.0910004
0.0910897
0.0911349
0.0911376
0.0910992
0.091021
0.0909044
0.090751
0.0905624
0.0903404
0.0900871
0.0898046
0.0894954
0.0891623
0.0888084
0.0884372
0.0880527
0.0876596
0.0872628
0.086867
0.0864771
0.0860968
0.0857291
0.0853748
0.0257273
0.04997
0.0614731
0.0685072
0.07335
0.076894
0.0795919
0.0817062
0.083401
0.0847843
0.0859299
0.0868895
0.0877005
0.0883903
0.0889794
0.0894832
0.0899136
0.0902796
0.0905881
0.0908443
0.0910522
0.0912149
0.0913347
0.0914133
0.0914521
0.0914522
0.0914146
0.0913403
0.09123
0.0910847
0.0909053
0.0906928
0.0904482
0.0901726
0.0898671
0.0895332
0.0891726
0.0887879
0.0883824
0.0879605
0.0875281
0.0870914
0.0866574
0.0862322
0.085821
0.0854267
0.0269689
0.0522736
0.063964
0.0709112
0.0755673
0.0788972
0.0813855
0.0833074
0.0848309
0.086064
0.0870787
0.0879247
0.0886373
0.0892419
0.0897575
0.0901981
0.0905743
0.0908941
0.0911638
0.0913877
0.0915694
0.0917114
0.0918156
0.0918832
0.0919153
0.0919127
0.091876
0.0918055
0.0917017
0.091565
0.0913955
0.0911933
0.0909585
0.0906906
0.0903895
0.0900547
0.0896862
0.0892846
0.0888519
0.0883921
0.0879114
0.0874184
0.0869233
0.0864363
0.085966
0.0855184
0.0286002
0.0551545
0.0669914
0.0737647
0.0781514
0.0812022
0.0834333
0.085129
0.0864576
0.0875239
0.0883963
0.0891208
0.0897294
0.0902452
0.0906846
0.0910602
0.091381
0.091654
0.0918843
0.0920756
0.0922309
0.0923521
0.0924405
0.0924972
0.0925228
0.0925177
0.0924822
0.0924163
0.0923199
0.092193
0.0920351
0.0918455
0.0916231
0.0913661
0.0910726
0.0907398
0.0903651
0.0899463
0.0894828
0.0889766
0.088434
0.0878658
0.0872874
0.0867159
0.0861665
0.0856492
0.0307922
0.0587834
0.0706521
0.0771042
0.0811043
0.0837945
0.0857147
0.0871496
0.0882613
0.089147
0.0898683
0.0904659
0.0909674
0.0913923
0.0917545
0.0920645
0.0923297
0.0925558
0.0927467
0.0929057
0.0930347
0.0931352
0.0932082
0.0932543
0.0932738
0.0932668
0.0932333
0.093173
0.0930857
0.0929707
0.0928271
0.0926535
0.0924478
0.0922071
0.0919273
0.0916032
0.0912289
0.0907979
0.0903049
0.0897473
0.0891287
0.0884619
0.0877696
0.0870813
0.0864249
0.085817
0.0338617
0.0634134
0.0750531
0.0809467
0.0844022
0.0866373
0.0881925
0.0893367
0.0902151
0.0909117
0.0914779
0.0919469
0.092341
0.0926754
0.0929613
0.0932065
0.093417
0.0935969
0.0937493
0.0938764
0.0939797
0.0940601
0.0941182
0.0941543
0.0941684
0.0941604
0.09413
0.094077
0.0940006
0.0939002
0.0937744
0.0936213
0.0934383
0.0932213
0.0929646
0.0926607
0.0922996
0.0918695
0.0913574
0.0907517
0.0900474
0.0892541
0.0884037
0.0875485
0.0867438
0.0860177
0.0384485
0.0694138
0.0802826
0.0852562
0.0879754
0.0896623
0.0908101
0.0916459
0.0922854
0.0927928
0.0932063
0.0935499
0.0938399
0.0940871
0.0942993
0.0944823
0.09464
0.0947755
0.0948907
0.094987
0.0950655
0.0951266
0.0951706
0.0951975
0.0952071
0.0951992
0.0951734
0.0951294
0.0950663
0.0949834
0.0948793
0.0947521
0.0945987
0.0944147
0.0941936
0.0939259
0.0935985
0.0931938
0.0926886
0.0920562
0.0912717
0.0903275
0.0892563
0.0881451
0.0871255
0.0862433
0.045937
0.07727
0.0863183
0.0898847
0.0916836
0.0927629
0.0934914
0.0940238
0.0944345
0.0947635
0.0950341
0.095261
0.0954541
0.0956199
0.0957634
0.0958879
0.095996
0.0960894
0.0961693
0.0962365
0.0962914
0.0963342
0.0963651
0.0963837
0.0963899
0.0963833
0.0963637
0.0963305
0.0962832
0.096221
0.0961427
0.0960467
0.0959302
0.0957892
0.0956176
0.0954058
0.0951397
0.094798
0.0943485
0.0937453
0.0929297
0.0918455
0.0904785
0.0889226
0.0875685
0.0864782
0.0598896
0.0873694
0.0927769
0.0944836
0.0953
0.0957989
0.0961487
0.0964141
0.096625
0.0967982
0.0969434
0.0970671
0.0971738
0.0972666
0.0973477
0.0974189
0.0974812
0.0975355
0.0975825
0.0976222
0.097655
0.0976807
0.0976994
0.0977107
0.0977146
0.0977106
0.0976986
0.0976782
0.0976489
0.0976104
0.0975617
0.0975018
0.0974289
0.0973402
0.0972313
0.0970952
0.0969206
0.0966887
0.0963675
0.0959019
0.0952002
0.094119
0.0924481
0.089956
0.0880512
0.0866923
0.0928953
0.0982732
0.0983884
0.0984652
0.0985476
0.0986298
0.0987042
0.0987693
0.0988257
0.0988747
0.0989174
0.098955
0.0989882
0.0990177
0.099044
0.0990676
0.0990886
0.0991072
0.0991236
0.0991378
0.0991497
0.0991594
0.0991668
0.0991716
0.099174
0.0991736
0.0991704
0.0991643
0.0991551
0.0991427
0.0991267
0.0991069
0.0990826
0.0990529
0.0990164
0.0989705
0.0989112
0.0988309
0.0987153
0.0985346
0.0982227
0.0976049
0.0960973
0.0911537
0.0884556
0.0868308
0.276769
0.24398
0.284161
0.177857
0.166953
0.172987
0.166254
0.158585
0.340156
0.340388
0.351714
0.355395
0.367078
0.442529
0.384499
0.327561
0.376383
0.360145
0.357279
0.365075
0.371349
0.370904
0.37956
0.431768
0.391657
0.37662
0.365025
0.360634
0.361615
0.365286
0.369445
0.368385
0.388241
0.380195
0.370166
0.361417
0.356102
0.354416
0.35468
0.356089
0.37435
0.372215
0.366985
0.359996
0.353092
0.347843
0.344631
0.342822
0.357359
0.359007
0.357794
0.354054
0.348638
0.342773
0.337579
0.333651
0.342904
0.346456
0.347569
0.346216
0.342674
0.337581
0.331858
0.326422
0.334306
0.337987
0.339741
0.339381
0.336875
0.33247
0.326721
0.320378
0.331798
0.334428
0.335344
0.334552
0.331982
0.327645
0.321741
0.314728
0.332434
0.334183
0.333713
0.33132
0.327489
0.322409
0.316046
0.308457
0.330783
0.333815
0.333226
0.329354
0.322384
0.315129
0.308192
0.300302
0.321747
0.327238
0.330584
0.32956
0.31586
0.305304
0.296913
0.289166
0.313016
0.316881
0.320354
0.322808
0.315106
0.293232
0.281647
0.274417
0.307927
0.309816
0.311868
0.313032
0.308637
0.272992
0.262261
0.256429
0.306152
0.306404
0.307085
0.30599
0.29569
0.244111
0.237727
0.236121
0.307417
0.308105
0.308588
0.303516
0.277409
0.218161
0.215451
0.216758
0.313058
0.317734
0.319624
0.306833
0.249684
0.19528
0.195863
0.199147
0.324465
0.336731
0.341532
0.3148
0.201626
0.175975
0.179497
0.18302
0.342256
0.365212
0.376102
0.333291
0.171787
0.162993
0.165726
0.168115
0.364954
0.399761
0.420909
0.373976
0.160802
0.153529
0.153959
0.154635
0.385259
0.429163
0.464722
0.442732
0.158716
0.146832
0.144813
0.143358
0.394165
0.441045
0.49163
0.510067
0.26435
0.144258
0.139685
0.135863
0.392638
0.434746
0.487588
0.531012
0.471732
0.146655
0.13896
0.133135
0.384359
0.41461
0.456929
0.503075
0.513186
0.333975
0.143785
0.136572
0.378624
0.397404
0.42201
0.454303
0.485437
0.461629
0.372861
0.193943
0.37576
0.392037
0.408269
0.425687
0.444996
0.455906
0.437218
0.343117
0.36385
0.382136
0.400122
0.41709
0.432433
0.445314
0.453267
0.451029
0.338724
0.356078
0.374431
0.393318
0.411839
0.428876
0.443188
0.452855
0.307204
0.320734
0.335446
0.351276
0.367803
0.384332
0.399936
0.413209
0.276204
0.285505
0.295618
0.306599
0.318272
0.330248
0.341966
0.352638
0.24883
0.254682
0.260961
0.267731
0.274908
0.282267
0.289473
0.296093
0.225704
0.229067
0.232605
0.236366
0.240307
0.244296
0.248136
0.251586
0.206422
0.208082
0.20978
0.211555
0.213382
0.215185
0.216848
0.218237
0.190325
0.190841
0.191335
0.191835
0.192329
0.192774
0.193099
0.193231
0.176796
0.17655
0.176261
0.17595
0.175613
0.175224
0.174742
0.174125
0.165334
0.164584
0.163789
0.162967
0.162116
0.161222
0.16026
0.159206
0.155555
0.154477
0.153363
0.152225
0.151064
0.149873
0.148636
0.147339
0.147162
0.145881
0.144572
0.143249
0.141913
0.140559
0.139178
0.137762
0.139925
0.138526
0.137112
0.135693
0.134271
0.132843
0.131403
0.129948
0.133658
0.132204
0.130746
0.129291
0.127843
0.1264
0.124958
0.123515
0.128209
0.126743
0.125283
0.123836
0.122403
0.120984
0.119576
0.118178
0.123448
0.122003
0.120572
0.119159
0.117769
0.116399
0.115048
0.113715
0.11927
0.117867
0.116485
0.115127
0.113796
0.112491
0.11121
0.109954
0.115583
0.114238
0.112918
0.111627
0.110367
0.109136
0.107934
0.10676
0.112311
0.111035
0.109787
0.10857
0.107387
0.106235
0.105114
0.104024
0.109394
0.108193
0.107022
0.105884
0.10478
0.103709
0.10267
0.101663
0.106781
0.105658
0.104567
0.103509
0.102486
0.101495
0.100537
0.0996104
0.104429
0.103387
0.102376
0.101399
0.100455
0.0995435
0.0986634
0.0978139
0.102307
0.101345
0.100414
0.0995157
0.0986491
0.0978138
0.0970085
0.0962323
0.100387
0.0995046
0.0986516
0.0978292
0.0970371
0.0962745
0.0955401
0.094833
0.0986474
0.097842
0.0970642
0.0963148
0.0955937
0.0948999
0.0942322
0.0935898
0.0970703
0.0963386
0.0956325
0.0949526
0.0942985
0.0936694
0.093064
0.0924817
0.0956406
0.0949789
0.0943405
0.0937259
0.0931346
0.0925658
0.0920184
0.0914917
0.094346
0.0937499
0.0931748
0.092621
0.092088
0.0915751
0.0910813
0.0906056
0.0931754
0.0926404
0.0921239
0.0916262
0.091147
0.0906855
0.0902407
0.0898119
0.0921193
0.0916403
0.0911777
0.0907315
0.0903015
0.0898869
0.0894868
0.0891005
0.0911689
0.090741
0.0903273
0.089928
0.0895425
0.0891704
0.0888108
0.088463
0.0903161
0.0899344
0.0895649
0.0892077
0.0888624
0.0885285
0.0882052
0.087892
0.0895531
0.0892129
0.088883
0.0885634
0.088254
0.0879542
0.0876634
0.087381
0.0888729
0.0885696
0.0882748
0.0879886
0.087711
0.0874414
0.0871793
0.0869242
0.0882686
0.0879978
0.0877339
0.0874772
0.0872275
0.0869844
0.0867475
0.0865163
0.0877339
0.0874914
0.0872546
0.0870235
0.0867981
0.0865782
0.0863632
0.0861528
0.0872626
0.0870447
0.0868312
0.0866223
0.0864179
0.0862179
0.0860218
0.0858293
0.0868494
0.0866524
0.0864588
0.0862688
0.0860823
0.0858993
0.0857192
0.0855421
0.0864893
0.0863099
0.0861329
0.0859587
0.0857873
0.0856185
0.085452
0.0852877
0.086178
0.0860128
0.0858495
0.0856883
0.0855292
0.0853721
0.0852167
0.085063
0.0859117
0.0857578
0.0856052
0.0854543
0.0853049
0.0851571
0.0850106
0.0848653
0.0856873
0.0855417
0.0853971
0.0852537
0.0851116
0.0849708
0.084831
0.0846921
0.0855024
0.0853621
0.0852227
0.0850843
0.084947
0.0848109
0.0846756
0.0845411
0.0853551
0.0852172
0.0850801
0.0849441
0.0848092
0.0846753
0.0845425
0.0844104
0.085244
0.0851054
0.0849678
0.0848314
0.0846963
0.0845625
0.0844298
0.0842982
0.0851682
0.0850257
0.0848845
0.0847449
0.084607
0.0844708
0.0843361
0.0842028
0.0851271
0.0849771
0.0848291
0.0846833
0.0845398
0.0843986
0.0842596
0.0841227
0.0851199
0.0849588
0.0848005
0.0846453
0.0844934
0.0843446
0.0841989
0.0840562
0.085146
0.0849696
0.0847973
0.0846294
0.084466
0.084307
0.0841523
0.0840016
0.085204
0.0850078
0.0848176
0.0846335
0.0844555
0.0842837
0.0841177
0.0839573
0.0852921
0.0850711
0.0848586
0.0846547
0.0844593
0.0842722
0.0840928
0.0839209
0.0854066
0.0851553
0.0849162
0.0846891
0.0844736
0.084269
0.0840748
0.0838902
0.085542
0.0852546
0.0849847
0.0847313
0.0844935
0.0842702
0.0840602
0.0838624
0.085689
0.08536
0.0850558
0.0847743
0.0845134
0.0842711
0.0840455
0.0838349
0.0858328
0.0854584
0.0851189
0.0848096
0.0845269
0.0842672
0.0840278
0.0838062
0.0859508
0.0855329
0.0851619
0.0848296
0.0845294
0.0842565
0.0840068
0.0837772
0.0860157
0.0855679
0.0851773
0.0848316
0.084522
0.0842421
0.0839873
0.0837538
0.163791
0.190384
0.18455
0.174183
0.161584
0.147734
0.134446
0.12272
0.11295
0.105073
0.0987871
0.0937404
0.0896267
0.0862134
0.0833342
0.0808809
0.0787722
0.0769505
0.0753722
0.0740004
0.0728005
0.0717382
0.0707777
0.0698817
0.0690117
0.0681276
0.0671856
0.0661386
0.0649342
0.0635116
0.0617976
0.0596999
0.0570946
0.0538027
0.049533
0.0437178
0.0348417
0.0162747
0.255622
0.224238
0.213638
0.202491
0.187044
0.169897
0.153136
0.138086
0.125402
0.115149
0.107018
0.100571
0.0954005
0.091185
0.0876991
0.0847713
0.0822857
0.0801604
0.0783344
0.0767581
0.0753881
0.074183
0.0731016
0.0721024
0.0711433
0.0701806
0.0691679
0.0680566
0.0667926
0.065314
0.0635458
0.061394
0.0587318
0.0553749
0.0510221
0.0450837
0.0359834
0.0168608
0.376276
0.28446
0.248488
0.230245
0.211763
0.191974
0.172304
0.154185
0.138576
0.125797
0.115635
0.10762
0.101266
0.0961679
0.092002
0.088545
0.0856422
0.0831836
0.081088
0.0792914
0.0777395
0.076383
0.0751746
0.074068
0.0730172
0.0719747
0.0708917
0.0697175
0.0683962
0.0668642
0.0650452
0.062843
0.0601283
0.0567125
0.0522858
0.0462409
0.0369516
0.0173713
0.404408
0.410132
0.308529
0.264641
0.238112
0.214618
0.192027
0.170968
0.152435
0.137006
0.124639
0.114915
0.107278
0.101195
0.0962748
0.0922342
0.0888744
0.0860537
0.0836675
0.0816354
0.0798909
0.0783754
0.077035
0.0758177
0.0746735
0.0735504
0.0723975
0.0711614
0.0697845
0.0682012
0.0663338
0.0640842
0.0613206
0.0578506
0.0533576
0.0472197
0.0377702
0.0178143
0.357228
0.405605
0.427104
0.319558
0.270229
0.239037
0.212557
0.188419
0.166924
0.148732
0.134062
0.122521
0.11346
0.106288
0.100537
0.0958586
0.0920029
0.0887919
0.0860954
0.0838139
0.0818673
0.0801868
0.0787105
0.0773805
0.0761417
0.0749383
0.0737162
0.0724196
0.0709888
0.0693564
0.0674429
0.0651484
0.0623389
0.0588186
0.0542655
0.0480459
0.0384598
0.0181964
0.342445
0.349792
0.446637
0.417188
0.316415
0.267743
0.234497
0.206553
0.181921
0.161028
0.14398
0.13045
0.119825
0.111459
0.104801
0.0994297
0.0950398
0.091412
0.0883867
0.0858435
0.0836869
0.0818366
0.0802219
0.0787786
0.0774453
0.0761623
0.0748725
0.0735173
0.0720345
0.070355
0.0683976
0.0660605
0.0632078
0.0596408
0.0550327
0.0487404
0.0390373
0.0185231
0.329674
0.332159
0.369139
0.504689
0.387953
0.305597
0.259384
0.225679
0.197684
0.173948
0.154362
0.138694
0.126373
0.116709
0.109068
0.102952
0.0979912
0.0939219
0.0905512
0.0877357
0.0853627
0.0833395
0.0815856
0.0800294
0.0786025
0.0772419
0.0758864
0.0744747
0.0729422
0.0712179
0.0692187
0.0668413
0.0639477
0.0603369
0.0556782
0.0493209
0.0395169
0.0188007
0.318635
0.317529
0.32959
0.459631
0.46556
0.356144
0.289931
0.246892
0.214253
0.18737
0.165136
0.147218
0.133087
0.122027
0.113332
0.106421
0.100857
0.0963245
0.0925946
0.0894983
0.0869047
0.084707
0.0828144
0.0811464
0.0796283
0.0781926
0.0767742
0.0753086
0.073729
0.0719621
0.0699234
0.0675078
0.0645756
0.0609237
0.0562182
0.0498023
0.0399113
0.0190354
0.309869
0.306271
0.311124
0.381665
0.51502
0.413596
0.326287
0.2704
0.231559
0.201152
0.176198
0.155962
0.13993
0.127391
0.117578
0.109828
0.103632
0.0986181
0.0945184
0.0911359
0.0883195
0.0859477
0.0839186
0.0821409
0.080535
0.0790275
0.0775494
0.076033
0.0744088
0.072602
0.0705259
0.0680742
0.0651057
0.0614151
0.0566662
0.0501974
0.0402317
0.019233
0.301943
0.295951
0.297371
0.333461
0.523548
0.467003
0.366419
0.296016
0.24947
0.215122
0.187413
0.164838
0.146847
0.132761
0.121777
0.113153
0.106303
0.100796
0.0963202
0.0926494
0.089611
0.0870679
0.0849049
0.0830219
0.0813323
0.0797571
0.078223
0.0766591
0.0749935
0.0731493
0.0710382
0.0685526
0.0655497
0.0618229
0.0570338
0.0505175
0.0404881
0.0193987
0.29395
0.285726
0.285596
0.307475
0.507458
0.508839
0.407024
0.322827
0.267632
0.229048
0.198615
0.173733
0.15376
0.138085
0.125891
0.116369
0.108853
0.102846
0.097994
0.0940368
0.0907805
0.0880709
0.0857788
0.083796
0.082028
0.08039
0.0788042
0.0771965
0.0754927
0.0736137
0.0714702
0.0689528
0.0659179
0.0621573
0.0573312
0.0507724
0.0406891
0.0195374
0.284942
0.275182
0.274044
0.287411
0.489337
0.53781
0.445023
0.349155
0.285359
0.2426
0.209601
0.182512
0.160575
0.143294
0.129873
0.119442
0.111256
0.104753
0.0995296
0.0952934
0.0918271
0.0889572
0.0865437
0.0844682
0.0826281
0.0809329
0.0793003
0.0776529
0.0759142
0.0740035
0.07183
0.0692833
0.0662185
0.0624268
0.0575671
0.0509706
0.0408426
0.0196531
0.274192
0.264371
0.263365
0.273659
0.486248
0.561972
0.477487
0.372697
0.301669
0.25538
0.220154
0.191021
0.167181
0.148306
0.13366
0.122327
0.113482
0.106496
0.100914
0.0964118
0.0927452
0.0897261
0.0872013
0.0850419
0.0831374
0.0813913
0.0797171
0.0780345
0.0762646
0.0743254
0.0721246
0.069551
0.066459
0.0626388
0.0577487
0.0511195
0.0409552
0.0197492
0.261351
0.252853
0.252685
0.263083
0.500159
0.583287
0.500959
0.391003
0.315553
0.267018
0.230076
0.199109
0.173451
0.153024
0.137184
0.124974
0.115496
0.10805
0.102132
0.0973797
0.0935294
0.0903757
0.087752
0.0855193
0.0835591
0.0817694
0.0800595
0.0783465
0.0765494
0.0745848
0.0723597
0.069762
0.0666453
0.0627996
0.0578827
0.0512253
0.0410324
0.0198286
0.246668
0.240777
0.242153
0.255386
0.521164
0.599885
0.513904
0.40233
0.326425
0.27731
0.239226
0.206627
0.179251
0.157341
0.140363
0.127328
0.11726
0.109389
0.103161
0.098185
0.0941729
0.090903
0.0881956
0.0859019
0.0838961
0.0820707
0.0803316
0.0785931
0.0767731
0.0747868
0.0725404
0.0699213
0.0667829
0.0629146
0.0579744
0.0512935
0.0410792
0.0198938
0.231129
0.228757
0.23225
0.248546
0.549632
0.607326
0.515198
0.406907
0.334389
0.286269
0.247512
0.213429
0.184429
0.161133
0.143108
0.129325
0.118727
0.110479
0.103983
0.0988154
0.0946688
0.0913047
0.0885315
0.0861909
0.0841505
0.0822982
0.0805366
0.0787783
0.0769397
0.0749353
0.0726709
0.0700336
0.0668764
0.0629887
0.0580288
0.0513288
0.0410996
0.0199467
0.216101
0.217525
0.223835
0.247676
0.572196
0.599085
0.505128
0.405999
0.34004
0.294057
0.254855
0.21934
0.188813
0.164265
0.145322
0.130894
0.119849
0.111289
0.104576
0.0992592
0.0950107
0.0915783
0.0887594
0.0863877
0.0843247
0.0824547
0.0806779
0.0789053
0.0770527
0.0750342
0.0727552
0.0701027
0.0669298
0.063026
0.05805
0.0513352
0.0410972
0.0199889
0.20222
0.207174
0.218763
0.284564
0.560592
0.572746
0.486313
0.401669
0.344301
0.300861
0.261121
0.224143
0.192201
0.166574
0.146888
0.131962
0.120581
0.111793
0.104926
0.0995068
0.0951938
0.0917221
0.0888799
0.0864939
0.0844213
0.0825432
0.0807586
0.0789776
0.0771157
0.0750869
0.0727967
0.0701323
0.0669468
0.0630302
0.0580417
0.0513163
0.0410749
0.0200217
0.188922
0.196425
0.216924
0.359157
0.530362
0.53383
0.463198
0.396319
0.347988
0.306672
0.266028
0.227514
0.19433
0.167895
0.147711
0.132473
0.120889
0.111969
0.105018
0.0995518
0.0952159
0.0917366
0.088895
0.0865125
0.0844433
0.082567
0.080782
0.0789984
0.0771318
0.0750967
0.072799
0.0701259
0.066931
0.0630048
0.0580071
0.0512749
0.0410351
0.0200459
0.174203
0.18473
0.224478
0.376277
0.484883
0.489323
0.440582
0.391936
0.351439
0.311134
0.269076
0.229076
0.194983
0.168107
0.147723
0.132386
0.120749
0.111802
0.104847
0.0993924
0.0950782
0.0916247
0.0888082
0.0864471
0.0843945
0.0825298
0.0807517
0.0789712
0.0771047
0.0750672
0.0727652
0.0700867
0.0668856
0.0629528
0.0579493
0.0512139
0.04098
0.0200625
0.156836
0.170902
0.226211
0.342648
0.42848
0.446327
0.42202
0.389519
0.354436
0.31367
0.269773
0.228536
0.194013
0.167141
0.146889
0.131683
0.12015
0.111291
0.104414
0.0990326
0.0947861
0.0913922
0.0886252
0.0863033
0.0842799
0.082436
0.0806719
0.0788999
0.0770377
0.0750016
0.0726988
0.070018
0.0668136
0.0628772
0.0578709
0.0511355
0.0409115
0.0200721
0.13872
0.145683
0.186001
0.2807
0.368198
0.409636
0.40932
0.38923
0.356403
0.313627
0.267702
0.225712
0.191367
0.164992
0.145215
0.130371
0.119102
0.110443
0.103728
0.0984825
0.0943494
0.091048
0.0883539
0.0860875
0.0841051
0.0822906
0.0805468
0.0787884
0.0769349
0.0749037
0.0726032
0.0699229
0.066718
0.0627809
0.0577745
0.051042
0.0408312
0.0200752
0.127278
0.121387
0.1302
0.194986
0.310965
0.383607
0.403807
0.390766
0.35645
0.310304
0.262564
0.220573
0.187109
0.161728
0.14275
0.128483
0.117629
0.109281
0.102809
0.0977594
0.0937827
0.090604
0.0880039
0.0858077
0.0838768
0.0820992
0.0803815
0.0786413
0.0768
0.074777
0.0724817
0.0698047
0.0666019
0.0626664
0.0576624
0.0509354
0.0407406
0.0200723
0.122518
0.117459
0.126525
0.144315
0.27118
0.374667
0.406974
0.393147
0.353265
0.303005
0.254245
0.213258
0.181408
0.157477
0.139581
0.126081
0.115777
0.10784
0.101687
0.0968867
0.0931046
0.0900749
0.0875866
0.085473
0.0836022
0.0818679
0.0801812
0.078463
0.0766374
0.0746254
0.0723379
0.0696664
0.066468
0.0625364
0.0575369
0.0508175
0.0406411
0.0200638
0.122477
0.117941
0.131943
0.178182
0.270479
0.387928
0.41724
0.393319
0.344959
0.291196
0.242902
0.20408
0.174523
0.152413
0.135824
0.123244
0.113605
0.106167
0.100397
0.095893
0.092337
0.0894772
0.0871148
0.0850932
0.0832891
0.0816032
0.0799514
0.0782585
0.0764512
0.0744526
0.0721752
0.0695114
0.0663192
0.0623933
0.0574002
0.0506901
0.0405339
0.02005
0.128981
0.121938
0.139812
0.199623
0.316153
0.417819
0.426953
0.386417
0.329805
0.27489
0.229048
0.193506
0.166769
0.14674
0.131614
0.12007
0.111188
0.10432
0.0989845
0.0948109
0.0915037
0.0888286
0.0866015
0.0846783
0.0829457
0.0813116
0.0796977
0.0780325
0.0762458
0.0742627
0.0719971
0.0693427
0.0661583
0.0622396
0.0572542
0.0505547
0.0404203
0.0200313
0.210376
0.1748
0.183879
0.244294
0.369874
0.446652
0.424702
0.367884
0.307332
0.254918
0.213514
0.182087
0.158484
0.140672
0.1271
0.11667
0.10861
0.102361
0.0974946
0.0936741
0.0906292
0.0881467
0.0860598
0.0842385
0.0825799
0.0809999
0.0794258
0.0777901
0.0760256
0.0740594
0.0718071
0.0691634
0.065988
0.0620776
0.0571009
0.0504131
0.0403012
0.0200081
0.415692
0.360188
0.372087
0.393087
0.446458
0.451835
0.400338
0.336617
0.279172
0.23288
0.197304
0.170387
0.149996
0.134426
0.122439
0.11316
0.105958
0.100355
0.0959743
0.0925154
0.0897366
0.0874482
0.0855023
0.0837834
0.0821996
0.0806745
0.0791411
0.077536
0.0757947
0.0738465
0.0716084
0.0689762
0.0658108
0.0619094
0.0569422
0.0502666
0.0401779
0.0199807
0.458045
0.456203
0.463554
0.466528
0.454553
0.414738
0.355555
0.297459
0.248891
0.210723
0.181383
0.158908
0.14161
0.128211
0.117785
0.109658
0.103318
0.0983627
0.0944663
0.0913645
0.0888469
0.0867483
0.0849403
0.0833219
0.0818118
0.0803413
0.0788487
0.0772746
0.0755571
0.0736275
0.0714041
0.0687841
0.0656291
0.0617372
0.0567798
0.0501167
0.0400514
0.0199493
0.427324
0.436688
0.437567
0.427127
0.398958
0.354054
0.303812
0.257949
0.220089
0.190037
0.166482
0.148046
0.133583
0.122217
0.113282
0.106269
0.100766
0.0964382
0.0930067
0.0902462
0.0879774
0.0860597
0.0843835
0.0828617
0.081423
0.0800059
0.0785536
0.0770102
0.0753165
0.0734056
0.0711973
0.0685896
0.0654451
0.0615629
0.0566153
0.0499646
0.0399226
0.0199145
0.365585
0.373791
0.370887
0.356877
0.330436
0.294307
0.256942
0.223216
0.194836
0.17168
0.153023
0.138069
0.126119
0.116601
0.109051
0.103081
0.0983644
0.0946222
0.0916233
0.0891796
0.0871418
0.0853927
0.0838401
0.0824097
0.0810391
0.0796732
0.0782599
0.0767466
0.0750763
0.0731839
0.0709904
0.0683951
0.065261
0.0613882
0.0564502
0.0498117
0.0397924
0.0198765
0.304478
0.30906
0.304795
0.29215
0.271657
0.245801
0.219128
0.194759
0.173646
0.155881
0.141175
0.129133
0.119357
0.111482
0.105181
0.100158
0.0961541
0.0929425
0.0903348
0.0881779
0.0863501
0.0847553
0.0833167
0.0819713
0.0806647
0.0793474
0.0779715
0.0764871
0.0748394
0.072965
0.070786
0.0682025
0.0650786
0.0612148
0.056286
0.0496591
0.0396618
0.0198356
0.255906
0.257244
0.25258
0.242288
0.227158
0.208906
0.189904
0.17207
0.156219
0.142532
0.130952
0.121307
0.113379
0.106929
0.101723
0.097535
0.0941584
0.091414
0.0891515
0.0872488
0.0856086
0.0841528
0.0828181
0.0815509
0.0803038
0.0790321
0.0776915
0.0762345
0.0746085
0.0727513
0.0705861
0.0680139
0.0648994
0.0610441
0.0561238
0.0495077
0.0395314
0.0197922
0.219781
0.21891
0.214179
0.205839
0.194505
0.181253
0.167422
0.154108
0.142024
0.131405
0.122283
0.114592
0.108207
0.102966
0.0986957
0.0952214
0.0923831
0.0900406
0.0880767
0.0863958
0.0849208
0.0835889
0.0823478
0.0811519
0.0799595
0.0787302
0.0774224
0.0759914
0.0743857
0.0725447
0.0703925
0.0678308
0.064725
0.0608774
0.0559647
0.0493586
0.0394021
0.0197467
0.193041
0.190821
0.186149
0.179203
0.170396
0.160395
0.149996
0.139889
0.130544
0.122244
0.115051
0.108936
0.103817
0.0995779
0.0960858
0.093208
0.0908213
0.0888182
0.0871087
0.0856188
0.0842879
0.0830654
0.081908
0.0807765
0.0796341
0.0784437
0.0771665
0.0757594
0.0741728
0.0723468
0.0702065
0.0676544
0.0645565
0.0607157
0.0558097
0.0492124
0.0392745
0.0196994
0.172894
0.169904
0.165361
0.1594
0.152297
0.144475
0.136427
0.128601
0.121324
0.114794
0.109106
0.104246
0.100146
0.0967188
0.0938611
0.0914718
0.0894577
0.0877373
0.0862422
0.0849155
0.0837093
0.0825828
0.0814997
0.0804262
0.079329
0.0781743
0.0769251
0.0755402
0.073971
0.0721588
0.0700294
0.0674859
0.0643948
0.0605598
0.0556595
0.04907
0.0391493
0.0196505
0.157372
0.153986
0.149623
0.144399
0.138502
0.132207
0.125832
0.119672
0.113947
0.108797
0.104282
0.100403
0.0971095
0.0943275
0.0919778
0.0899829
0.0882726
0.0867857
0.0854702
0.084282
0.0831833
0.0821407
0.0811234
0.0801016
0.0790453
0.0779229
0.0766993
0.0753346
0.0737814
0.0719816
0.069862
0.0673259
0.0642407
0.0604105
0.0555148
0.0489319
0.0390268
0.0196005
0.145179
0.141637
0.137499
0.132864
0.127868
0.122695
0.117554
0.112635
0.108085
0.103993
0.100394
0.0972798
0.0946126
0.0923367
0.0903887
0.0887092
0.0872451
0.0859501
0.0847844
0.0837136
0.0827074
0.0817379
0.0807785
0.0798028
0.0787833
0.0776901
0.0764898
0.0751434
0.0736045
0.071816
0.0697048
0.0671752
0.0640948
0.0602682
0.0553762
0.0487987
0.0389077
0.0195495
0.135455
0.131915
0.128033
0.123898
0.119609
0.115292
0.111082
0.107103
0.103445
0.100161
0.0972659
0.0947451
0.0925651
0.0906813
0.0890487
0.0876202
0.0863549
0.0852174
0.0841766
0.0832053
0.0822785
0.0813725
0.0804642
0.0795295
0.0785429
0.077476
0.0762966
0.0749667
0.0734408
0.0716621
0.0695583
0.0670341
0.0639574
0.0601335
0.0552439
0.0486705
0.0387921
0.0194979
0.127609
0.124172
0.120566
0.116868
0.113154
0.109507
0.106014
0.102752
0.0997742
0.0971054
0.0947471
0.0926816
0.0908789
0.0893032
0.0879175
0.0866882
0.0855836
0.0845753
0.0836389
0.0827518
0.0818932
0.0810427
0.0801792
0.0792809
0.0783236
0.0772803
0.0761197
0.0748046
0.0732901
0.07152
0.0694225
0.0669026
0.0638286
0.0600064
0.0551182
0.0485479
0.0386805
0.0194458
0.121219
0.117946
0.114623
0.111314
0.108076
0.104962
0.102028
0.0993186
0.0968595
0.0946596
0.0927112
0.0909948
0.0894836
0.0881482
0.0869593
0.0858898
0.0849147
0.0840129
0.0831637
0.0823482
0.0815483
0.0807459
0.079922
0.0790559
0.0781248
0.0771026
0.0759587
0.0746569
0.0731524
0.0713898
0.0692975
0.0667808
0.0637086
0.059887
0.0549992
0.0484308
0.038573
0.0193933
0.11597
0.112896
0.109851
0.106889
0.104049
0.101366
0.0988719
0.09659
0.0945298
0.092689
0.0910547
0.0896071
0.0883222
0.0871754
0.0861429
0.0852025
0.0843344
0.0835206
0.0827443
0.0819896
0.0812404
0.08048
0.0796907
0.0788532
0.0779454
0.076942
0.0758132
0.074523
0.0730273
0.071271
0.0691829
0.0666686
0.0635972
0.0597754
0.054887
0.0483195
0.0384696
0.0193407
0.111623
0.108762
0.105984
0.103329
0.100825
0.0984933
0.0963493
0.094402
0.0926511
0.0910875
0.089696
0.0884569
0.0873492
0.0863516
0.0854442
0.0846088
0.0838288
0.0830889
0.0823747
0.0816719
0.0809663
0.0802425
0.0794838
0.0786715
0.0777844
0.0767978
0.0756823
0.0744023
0.0729143
0.0711633
0.0690784
0.0665656
0.0634942
0.0596714
0.0547816
0.0482138
0.0383705
0.0192879
0.107992
0.105348
0.102818
0.100436
0.098218
0.0961744
0.0943114
0.0926291
0.0911205
0.0897734
0.0885715
0.0874961
0.0865284
0.08565
0.0848439
0.0840945
0.0833875
0.0827098
0.0820484
0.0813906
0.080723
0.0800312
0.0792992
0.0785094
0.0776407
0.076669
0.0755652
0.0742943
0.0728128
0.0710662
0.0689837
0.0664716
0.0633995
0.0595748
0.0546828
0.0481139
0.0382757
0.0192353
0.104932
0.1025
0.100201
0.0980595
0.096085
0.0942808
0.0926464
0.0911763
0.0898602
0.0886843
0.0876324
0.0866871
0.0858315
0.0850493
0.0843259
0.0836475
0.0830016
0.0823765
0.0817604
0.0811415
0.0805071
0.0798436
0.0791355
0.0783655
0.077513
0.0765545
0.0754611
0.0741981
0.0727222
0.070979
0.0688982
0.0663861
0.0633126
0.0594854
0.0545905
0.0480196
0.0381853
0.0191832
0.102332
0.100102
0.0980142
0.0960855
0.0943202
0.0927167
0.0912703
0.0899725
0.0888115
0.0877729
0.0868413
0.0860007
0.0852358
0.0845324
0.0838771
0.0832579
0.0826636
0.0820833
0.0815062
0.080921
0.0803157
0.0796771
0.0789903
0.078238
0.0774002
0.0764535
0.0753693
0.074113
0.0726417
0.0709013
0.0688214
0.0663087
0.0632332
0.059403
0.0545045
0.047931
0.0380994
0.0191321
0.100103
0.098064
0.0961685
0.0944284
0.0928439
0.0914103
0.0901205
0.0889645
0.08793
0.0870032
0.0861694
0.0854142
0.0847238
0.0840853
0.0834869
0.0829176
0.0823671
0.0818252
0.0812818
0.080726
0.0801464
0.0795298
0.0788617
0.0781252
0.0773006
0.0763643
0.0752883
0.074038
0.0725708
0.0708324
0.0687529
0.066239
0.063161
0.0593273
0.0544247
0.0478478
0.038018
0.0190824
0.098178
0.0963165
0.0945958
0.0930232
0.091596
0.0903076
0.0891497
0.088112
0.0871823
0.0863475
0.0855944
0.0849097
0.0842811
0.0836969
0.0831464
0.0826194
0.0821064
0.0815977
0.0810837
0.0805537
0.0799966
0.0793996
0.0787483
0.0780259
0.0772129
0.0762861
0.0752172
0.0739721
0.0725082
0.0707714
0.0686918
0.0661763
0.0630954
0.0592578
0.0543508
0.0477701
0.037941
0.0190364
0.0965023
0.0948059
0.0932442
0.0918207
0.090531
0.0893678
0.0883223
0.0873843
0.0865424
0.0857846
0.0850988
0.0844732
0.0838964
0.0833581
0.0828483
0.0823576
0.0818769
0.0813971
0.0809087
0.0804016
0.0798644
0.0792849
0.0786485
0.0779387
0.0771361
0.0762176
0.0751551
0.0739145
0.0724533
0.0707175
0.0686375
0.0661201
0.0630361
0.0591944
0.0542827
0.0476978
0.0378688
0.0189936
0.0950346
0.0934908
0.0920732
0.0907828
0.0896143
0.0885599
0.087611
0.0867581
0.0859907
0.085298
0.0846691
0.0840933
0.0835607
0.0830614
0.0825865
0.0821271
0.0816746
0.08122
0.0807542
0.0802672
0.0797478
0.0791838
0.0785608
0.0778623
0.0770691
0.076158
0.0751011
0.0738644
0.0724054
0.0706703
0.0685894
0.0660699
0.0629825
0.0591365
0.05422
0.0476308
0.0378015
0.0189534
0.0937419
0.0923386
0.0910517
0.0898805
0.0888191
0.0878599
0.0869949
0.0862152
0.0855117
0.0848746
0.0842942
0.0837612
0.0832663
0.0828007
0.082356
0.0819238
0.0814959
0.0810635
0.0806177
0.0801486
0.0796451
0.0790949
0.0784839
0.0777956
0.0770108
0.0761063
0.0750544
0.073821
0.0723638
0.0706291
0.0685471
0.0660253
0.0629345
0.0590841
0.0541627
0.047569
0.037739
0.0189158
0.0925979
0.0913237
0.0901553
0.0890909
0.0881246
0.0872492
0.0864574
0.0857414
0.0850931
0.084504
0.0839655
0.0834694
0.0830071
0.0825708
0.0821525
0.0817442
0.0813379
0.0809252
0.0804971
0.0800439
0.0795546
0.0790169
0.0784166
0.0777375
0.0769602
0.0760617
0.0750142
0.0737837
0.072328
0.0705933
0.0685101
0.0659858
0.0628915
0.0590367
0.0541105
0.0475124
0.0376814
0.0188807
0.0915818
0.0904256
0.0893646
0.0883961
0.0875145
0.0867132
0.0859857
0.0853255
0.0847253
0.084178
0.083676
0.0832119
0.0827782
0.0823675
0.0819723
0.081585
0.0811979
0.0808027
0.0803904
0.0799515
0.0794749
0.0789484
0.0783579
0.077687
0.0769165
0.0760233
0.0749797
0.0737518
0.0722973
0.0705624
0.0684779
0.0659511
0.0628532
0.0589942
0.0540633
0.0474609
0.0376287
0.0188482
0.0906764
0.089628
0.0886642
0.0877819
0.0869759
0.0862403
0.0855697
0.0849584
0.0844005
0.0838898
0.0834198
0.0829839
0.0825753
0.0821872
0.0818125
0.0814439
0.0810738
0.0806941
0.0802961
0.0798699
0.0794048
0.0788884
0.0783067
0.0776433
0.0768789
0.0759905
0.0749505
0.0737248
0.0722712
0.0705361
0.0684501
0.0659208
0.0628195
0.0589563
0.0540209
0.0474143
0.0375811
0.0188181
0.0898681
0.0889178
0.0880417
0.0872368
0.0864983
0.0858211
0.0852009
0.0846329
0.0841124
0.083634
0.0831923
0.0827813
0.0823949
0.0820268
0.0816703
0.0813183
0.0809635
0.0805978
0.0802125
0.0797979
0.0793431
0.0788359
0.0782622
0.0776056
0.0768467
0.0759627
0.0749258
0.073702
0.0722492
0.0705137
0.0684263
0.0658945
0.0627899
0.0589227
0.053983
0.0473726
0.0375384
0.0187898
0.0891454
0.088284
0.087487
0.0867516
0.0860733
0.0854482
0.0848727
0.0843432
0.0838558
0.0834061
0.0829894
0.0826006
0.0822341
0.0818838
0.0815436
0.0812065
0.0808654
0.0805123
0.0801385
0.0797343
0.0792889
0.07879
0.0782235
0.077573
0.0768192
0.0759392
0.0749051
0.0736831
0.0722309
0.070495
0.0684062
0.0658721
0.0627643
0.0588933
0.0539495
0.0473355
0.0375004
0.018763
0.0884985
0.0877175
0.0869917
0.0863184
0.085694
0.0851153
0.0845796
0.0840843
0.0836264
0.0832023
0.082808
0.082439
0.0820902
0.081756
0.0814304
0.0811068
0.080778
0.0804362
0.0800728
0.0796781
0.0792412
0.0787499
0.07819
0.0775451
0.0767959
0.0759195
0.074888
0.0736675
0.0722159
0.0704796
0.0683895
0.0658531
0.0627424
0.0588678
0.0539203
0.0473029
0.0374667
0.0187376
0.0879193
0.0872106
0.0865486
0.0859309
0.0853545
0.0848171
0.084317
0.0838522
0.0834206
0.0830194
0.0826452
0.082294
0.0819612
0.0816414
0.081329
0.0810176
0.0807
0.0803685
0.0800145
0.0796284
0.0791993
0.0787149
0.078161
0.0775213
0.0767763
0.0759032
0.0748741
0.0736551
0.0722039
0.0704673
0.0683758
0.0658374
0.0627239
0.0588461
0.053895
0.0472745
0.0374372
0.0187136
0.0874007
0.0867568
0.0861518
0.0855835
0.0850499
0.0845494
0.0840809
0.0836435
0.0832355
0.0828548
0.0824987
0.0821636
0.0818451
0.0815385
0.0812381
0.0809376
0.0806302
0.0803081
0.0799627
0.0795844
0.0791624
0.0786843
0.078136
0.077501
0.0767599
0.0758898
0.0748629
0.0736452
0.0721946
0.0704576
0.068365
0.0658247
0.0627087
0.0588279
0.0538736
0.0472502
0.0374118
0.018691
0.0869364
0.0863503
0.0857959
0.0852716
0.0847761
0.0843084
0.0838683
0.0834552
0.0830684
0.0827063
0.0823665
0.0820459
0.0817405
0.0814458
0.0811562
0.0808658
0.0805676
0.0802541
0.0799165
0.0795454
0.0791299
0.0786577
0.0781144
0.0774837
0.0767463
0.075879
0.0748542
0.0736378
0.0721877
0.0704504
0.0683568
0.0658148
0.0626965
0.058813
0.0538559
0.0472299
0.0373902
0.0186699
0.086521
0.085986
0.0854764
0.0849912
0.0845294
0.084091
0.0836761
0.083285
0.0829173
0.0825719
0.0822469
0.0819394
0.081646
0.081362
0.0810824
0.0808012
0.0805114
0.0802057
0.0798754
0.0795109
0.0791013
0.0786344
0.0780958
0.0774692
0.0767351
0.0758705
0.0748476
0.0736324
0.0721828
0.0704454
0.0683509
0.0658075
0.0626872
0.0588013
0.0538416
0.0472133
0.0373725
0.0186503
0.0861495
0.0856595
0.0851895
0.0847387
0.0843069
0.0838944
0.0835021
0.0831307
0.0827802
0.0824499
0.0821383
0.0818428
0.0815602
0.0812862
0.0810157
0.0807428
0.0804609
0.0801623
0.0798386
0.0794801
0.0790761
0.0786141
0.0780799
0.077457
0.076726
0.0758639
0.0748428
0.0736289
0.0721799
0.0704423
0.0683472
0.0658025
0.0626806
0.0587926
0.0538307
0.0472004
0.0373583
0.0186323
0.0858176
0.0853669
0.0849315
0.084511
0.0841057
0.0837163
0.0833442
0.0829904
0.0826554
0.0823388
0.0820394
0.0817549
0.0814823
0.0812173
0.0809552
0.08069
0.0804152
0.0801232
0.0798056
0.0794527
0.0790537
0.0785963
0.0780661
0.0774467
0.0767187
0.075859
0.0748397
0.073627
0.0721786
0.0704411
0.0683455
0.0657998
0.0626764
0.0587868
0.053823
0.0471909
0.0373477
0.0186159
0.0855215
0.0851048
0.0846995
0.0843056
0.0839235
0.0835546
0.0832005
0.0828625
0.0825415
0.0822374
0.0819491
0.0816747
0.0814111
0.0811545
0.0809001
0.080642
0.0803738
0.0800879
0.0797759
0.0794282
0.0790339
0.0785807
0.0780544
0.0774383
0.076713
0.0758556
0.0748381
0.0736266
0.0721789
0.0704416
0.0683457
0.0657992
0.0626747
0.0587836
0.0538183
0.0471848
0.0373404
0.018601
0.0852576
0.0848701
0.0844908
0.0841199
0.0837582
0.0834074
0.0830693
0.0827455
0.0824372
0.0821444
0.0818663
0.0816011
0.0813459
0.0810971
0.0808497
0.0805982
0.0803361
0.0800559
0.0797491
0.0794062
0.0790163
0.0785671
0.0780443
0.0774313
0.0767087
0.0758534
0.0748376
0.0736274
0.0721805
0.0704435
0.0683474
0.0658005
0.0626751
0.0587829
0.0538164
0.0471818
0.0373364
0.0185877
0.0850228
0.08466
0.0843029
0.0839518
0.0836079
0.083273
0.0829491
0.0826381
0.0823412
0.0820587
0.0817899
0.0815332
0.0812859
0.0810442
0.0808034
0.0805581
0.0803016
0.0800267
0.0797248
0.0793863
0.0790006
0.0785551
0.0780356
0.0774255
0.0767054
0.0758523
0.0748382
0.0736293
0.0721832
0.0704467
0.0683507
0.0658035
0.0626776
0.0587846
0.0538173
0.0471818
0.0373354
0.0185761
0.0848143
0.084472
0.0841335
0.0837993
0.0834707
0.0831497
0.0828384
0.0825389
0.0822524
0.0819793
0.0817192
0.0814703
0.0812302
0.0809952
0.0807606
0.080521
0.0802699
0.0799998
0.0797025
0.0793683
0.0789864
0.0785444
0.0780281
0.0774208
0.0767032
0.0758521
0.0748398
0.0736321
0.072187
0.0704511
0.0683554
0.0658082
0.062682
0.0587886
0.0538207
0.0471847
0.0373373
0.018566
0.0846295
0.0843038
0.0839806
0.0836605
0.083345
0.0830361
0.082736
0.0824467
0.0821696
0.0819052
0.0816531
0.0814116
0.0811783
0.0809495
0.0807207
0.0804865
0.0802404
0.079975
0.079682
0.0793518
0.0789735
0.0785349
0.0780215
0.077417
0.0767017
0.0758527
0.074842
0.0736358
0.0721917
0.0704566
0.0683613
0.0658143
0.0626881
0.0587945
0.0538264
0.0471902
0.0373419
0.0185574
0.0844661
0.0841532
0.0838422
0.0835337
0.0832292
0.0829308
0.0826405
0.0823604
0.0820919
0.0818356
0.0815908
0.0813563
0.0811293
0.0809065
0.0806832
0.0804541
0.0802128
0.0799518
0.0796629
0.0793364
0.0789617
0.0785262
0.0780158
0.0774138
0.0767008
0.0758538
0.0748449
0.0736401
0.0721972
0.0704629
0.0683684
0.0658217
0.0626958
0.0588024
0.0538344
0.0471982
0.0373491
0.0185504
0.0843219
0.0840182
0.0837164
0.0834171
0.0831218
0.0828322
0.0825506
0.0822789
0.0820183
0.0817693
0.0815316
0.0813036
0.0810827
0.0808656
0.0806476
0.0804234
0.0801866
0.0799299
0.0796448
0.079322
0.0789506
0.0785182
0.0780106
0.0774111
0.0767004
0.0758554
0.0748483
0.0736449
0.0722033
0.0704701
0.0683763
0.0658303
0.0627049
0.058812
0.0538444
0.0472085
0.0373586
0.0185448
0.084195
0.083897
0.0836016
0.0833092
0.0830211
0.0827391
0.0824651
0.0822009
0.0819476
0.0817057
0.0814746
0.0812529
0.0810379
0.0808262
0.0806133
0.0803939
0.0801614
0.0799088
0.0796276
0.0793083
0.0789401
0.0785106
0.0780057
0.0774088
0.0767003
0.0758573
0.0748519
0.0736502
0.0722099
0.0704778
0.068385
0.0658399
0.0627152
0.058823
0.0538561
0.0472207
0.0373702
0.0185406
0.0840835
0.0837878
0.0834959
0.0832083
0.0829259
0.0826502
0.0823829
0.0821256
0.0818791
0.0816438
0.0814191
0.0812034
0.0809942
0.0807878
0.0805799
0.0803651
0.080137
0.0798883
0.0796108
0.0792949
0.0789299
0.0785033
0.0780011
0.0774065
0.0767003
0.0758593
0.0748557
0.0736556
0.0722167
0.0704859
0.0683943
0.0658502
0.0627266
0.0588353
0.0538693
0.0472347
0.0373837
0.0185378
0.0839858
0.0836889
0.083398
0.083113
0.0828348
0.0825643
0.0823029
0.0820519
0.0818119
0.081583
0.0813645
0.0811548
0.0809511
0.0807501
0.0805471
0.0803368
0.0801129
0.0798682
0.0795943
0.0792817
0.0789197
0.078496
0.0779964
0.0774043
0.0767003
0.0758613
0.0748595
0.073661
0.0722237
0.0704943
0.068404
0.0658611
0.0627386
0.0588486
0.0538838
0.0472502
0.0373987
0.0185361
0.0839002
0.0835987
0.0833062
0.0830221
0.0827466
0.0824804
0.0822243
0.0819791
0.0817453
0.0815227
0.0813103
0.0811064
0.0809084
0.0807125
0.0805144
0.0803087
0.080089
0.0798481
0.0795777
0.0792685
0.0789095
0.0784887
0.0779916
0.0774019
0.0767
0.0758631
0.0748631
0.0736664
0.0722306
0.0705027
0.0684138
0.0658723
0.0627511
0.0588624
0.0538991
0.0472667
0.0374148
0.0185354
0.0838251
0.0835159
0.0832193
0.0829344
0.0826605
0.0823978
0.0821464
0.0819067
0.0816789
0.0814624
0.0812561
0.0810581
0.0808656
0.080675
0.0804817
0.0802805
0.080065
0.0798279
0.0795611
0.0792551
0.0788991
0.078481
0.0779865
0.0773991
0.0766994
0.0758645
0.0748664
0.0736714
0.0722373
0.0705109
0.0684234
0.0658834
0.0627638
0.0588766
0.0539148
0.0472837
0.0374317
0.0185356
0.083759
0.083439
0.0831363
0.0828491
0.0825758
0.0823159
0.0820688
0.0818345
0.0816125
0.0814021
0.0812018
0.0810097
0.0808228
0.0806374
0.080449
0.0802522
0.0800408
0.0798076
0.0795442
0.0792414
0.0788884
0.078473
0.077981
0.0773959
0.0766984
0.0758654
0.0748692
0.0736759
0.0722434
0.0705186
0.0684327
0.0658942
0.0627761
0.0588906
0.0539304
0.0473009
0.0374487
0.0185363
0.0837004
0.083367
0.0830564
0.0827656
0.0824923
0.0822347
0.0819917
0.0817625
0.0815463
0.0813419
0.0811477
0.0809614
0.08078
0.0805998
0.0804163
0.080224
0.0800167
0.0797872
0.0795273
0.0792276
0.0788775
0.0784647
0.0779751
0.0773923
0.0766968
0.0758658
0.0748714
0.0736798
0.072249
0.0705257
0.0684413
0.0659043
0.0627878
0.0589039
0.0539455
0.0473174
0.0374651
0.0185372
0.0836475
0.0832987
0.082979
0.082684
0.0824101
0.0821546
0.0819155
0.0816913
0.0814808
0.0812824
0.0810941
0.0809136
0.0807378
0.0805627
0.0803839
0.080196
0.0799927
0.0797668
0.0795102
0.0792136
0.0788663
0.0784561
0.0779688
0.0773882
0.0766948
0.0758656
0.0748729
0.073683
0.0722537
0.0705319
0.068449
0.0659135
0.0627984
0.0589161
0.0539592
0.0473326
0.0374801
0.0185378
0.0835987
0.0832334
0.0829041
0.0826046
0.0823299
0.0820763
0.081841
0.0816219
0.0814169
0.0812244
0.081042
0.0808671
0.0806966
0.0805266
0.0803524
0.0801687
0.0799692
0.0797469
0.0794935
0.0791997
0.0788551
0.0784473
0.0779623
0.0773837
0.0766922
0.0758647
0.0748738
0.0736854
0.0722575
0.0705371
0.0684555
0.0659213
0.0628075
0.0589265
0.0539709
0.0473454
0.0374925
0.0185376
0.0835524
0.0831707
0.082832
0.0825282
0.0822529
0.0820013
0.0817698
0.0815555
0.081356
0.081169
0.0809922
0.0808228
0.0806574
0.0804921
0.0803223
0.0801426
0.0799468
0.0797277
0.0794773
0.0791863
0.0788441
0.0784385
0.0779556
0.0773789
0.0766891
0.0758634
0.0748739
0.0736869
0.0722604
0.0705412
0.0684608
0.0659276
0.0628148
0.0589347
0.0539799
0.0473548
0.037501
0.0185357
0.0835074
0.0831107
0.0827637
0.0824564
0.0821809
0.0819315
0.0817037
0.081494
0.0812996
0.0811179
0.0809463
0.0807819
0.0806212
0.0804603
0.0802945
0.0801184
0.0799259
0.0797098
0.0794621
0.0791736
0.0788336
0.0784301
0.077949
0.077374
0.0766859
0.0758615
0.0748734
0.0736877
0.0722623
0.0705442
0.0684647
0.0659324
0.0628202
0.0589403
0.0539855
0.0473598
0.0375038
0.018531
0.0834637
0.0830549
0.0827015
0.0823918
0.0821168
0.0818696
0.0816453
0.0814398
0.08125
0.081073
0.080906
0.080746
0.0805894
0.0804323
0.08027
0.0800971
0.0799075
0.079694
0.0794486
0.0791622
0.0788241
0.0784223
0.0779429
0.0773693
0.0766825
0.0758594
0.0748724
0.0736878
0.0722634
0.0705462
0.0684674
0.0659356
0.0628236
0.0589435
0.0539876
0.0473594
0.037499
0.0185222
0.0834241
0.0830069
0.0826496
0.0823388
0.0820646
0.0818197
0.0815983
0.0813964
0.0812103
0.0810371
0.0808738
0.0807173
0.080564
0.0804098
0.0802503
0.0800798
0.0798924
0.079681
0.0794374
0.0791526
0.0788161
0.0784157
0.0779374
0.077365
0.0766792
0.0758571
0.0748711
0.0736872
0.0722636
0.0705471
0.0684689
0.0659374
0.0628254
0.0589446
0.0539867
0.0473542
0.0374851
0.0185082
0.0833957
0.0829749
0.0826161
0.0823052
0.0820319
0.0817885
0.0815691
0.0813693
0.0811855
0.0810146
0.0808535
0.080699
0.0805477
0.0803954
0.0802375
0.0800686
0.0798825
0.0796723
0.0794298
0.0791461
0.0788104
0.0784108
0.0779333
0.0773616
0.0766764
0.0758549
0.0748694
0.0736861
0.072263
0.0705469
0.0684691
0.0659379
0.0628259
0.0589445
0.0539849
0.0473478
0.0374682
0.0184858
)
;

boundaryField
{
    leftWall
    {
        type            kqRWallFunction;
        value           nonuniform List<scalar> 
100
(
0.0031212
0.00494773
0.00635999
0.00775054
0.00897635
0.0100213
0.0108969
0.0116493
0.0122886
0.0128272
0.0132801
0.0136632
0.0139918
0.0142798
0.0145395
0.0147813
0.015028
0.0154269
0.0158275
0.0162439
0.0166885
0.017174
0.0177174
0.0183447
0.0190917
0.0199994
0.0210986
0.0223963
0.0238922
0.0252461
0.0258179
0.0251903
0.0241623
0.0254981
0.0337351
0.0393935
0.0371171
0.0324318
0.0300674
0.0297446
0.0305599
0.0319884
0.0336783
0.0354087
0.0370544
0.0385518
0.0398786
0.0410444
0.0420383
0.0427783
0.0432767
0.0435448
0.043593
0.0434329
0.0430788
0.042548
0.0418608
0.0410392
0.0401068
0.0390873
0.0380046
0.036882
0.0357416
0.0346037
0.033486
0.0324032
0.0313663
0.0303834
0.0294597
0.0285979
0.0277992
0.0270628
0.0263871
0.0257696
0.0252072
0.024697
0.0242364
0.0238238
0.0234588
0.023143
0.0228794
0.0226729
0.0225299
0.0224577
0.0224642
0.0225582
0.0227488
0.0230475
0.0234688
0.0240334
0.0247713
0.0257273
0.0269689
0.0286002
0.0307922
0.0338617
0.0384485
0.045937
0.0598896
0.0928953
)
;
    }
    rightWall
    {
        type            kqRWallFunction;
        value           nonuniform List<scalar> 
100
(
0.00614335
0.00754824
0.0078257
0.00850287
0.00955582
0.0104758
0.0112872
0.0120061
0.0126465
0.0132208
0.0137399
0.0142127
0.0146464
0.0150465
0.0154181
0.0157656
0.0162747
0.0168608
0.0173713
0.0178143
0.0181964
0.0185231
0.0188007
0.0190354
0.019233
0.0193987
0.0195374
0.0196531
0.0197492
0.0198286
0.0198938
0.0199467
0.0199889
0.0200217
0.0200459
0.0200625
0.0200721
0.0200752
0.0200723
0.0200638
0.02005
0.0200313
0.0200081
0.0199807
0.0199493
0.0199145
0.0198765
0.0198356
0.0197922
0.0197467
0.0196994
0.0196505
0.0196005
0.0195495
0.0194979
0.0194458
0.0193933
0.0193407
0.0192879
0.0192353
0.0191832
0.0191321
0.0190824
0.0190364
0.0189936
0.0189534
0.0189158
0.0188807
0.0188482
0.0188181
0.0187898
0.018763
0.0187376
0.0187136
0.018691
0.0186699
0.0186503
0.0186323
0.0186159
0.018601
0.0185877
0.0185761
0.018566
0.0185574
0.0185504
0.0185448
0.0185406
0.0185378
0.0185361
0.0185354
0.0185356
0.0185363
0.0185372
0.0185378
0.0185376
0.0185357
0.018531
0.0185222
0.0185082
0.0184858
)
;
    }
    lowerWall
    {
        type            kqRWallFunction;
        value           nonuniform List<scalar> 
124
(
0.0031212
0.0063488
0.00985361
0.0126553
0.0148939
0.016805
0.0185019
0.0200593
0.0215288
0.0229469
0.0243399
0.0257274
0.0271235
0.0285385
0.0299793
0.031449
0.0329477
0.0344721
0.0360152
0.0375665
0.0391121
0.0406345
0.0421135
0.0435259
0.0448466
0.0460489
0.0471055
0.0479888
0.0486719
0.0491288
0.0493346
0.0492633
0.0488785
0.0482551
0.0473808
0.0461887
0.0446221
0.0426158
0.0400874
0.0369529
0.0331757
0.0289053
0.0255615
0.0259223
0.0246724
0.0245102
0.0245102
0.0391628
0.04951
0.0620958
0.0743885
0.0870766
0.0995088
0.110907
0.122431
0.134426
0.14737
0.161615
0.177612
0.196022
0.217626
0.244055
0.276769
0.24398
0.284161
0.177857
0.166953
0.172987
0.166254
0.158585
0.00625548
0.00909563
0.0112913
0.0132595
0.0151381
0.0170392
0.0190719
0.0213651
0.0240908
0.0274878
0.0318874
0.0377283
0.0455471
0.0559466
0.0698457
0.0921627
0.00625548
0.013998
0.0193274
0.0230424
0.0256941
0.0275805
0.0289147
0.0297281
0.0301323
0.0302344
0.030125
0.0298753
0.0295413
0.0291665
0.0287825
0.0284112
0.0280648
0.0277485
0.0274631
0.027205
0.0269695
0.0267502
0.0265394
0.0263274
0.0261029
0.0258542
0.0255602
0.025196
0.0247306
0.024125
0.023329
0.0222779
0.0208891
0.0190542
0.0166274
0.013423
0.00923442
0.00614335
)
;
    }
    atmosphere
    {
        type            inletOutlet;
        inletValue      uniform 0.1;
        value           nonuniform List<scalar> 
92
(
0.1
0.1
0.1
0.1
0.1
0.1
0.1
0.1
0.1
0.1
0.1
0.1
0.1
0.1
0.1
0.1
0.1
0.1
0.1
0.1
0.1
0.1
0.1
0.1
0.1
0.1
0.1
0.1
0.1
0.1
0.1
0.1
0.1
0.1
0.1
0.1
0.1
0.1
0.1
0.1
0.1
0.1
0.1
0.0911537
0.0884556
0.0868308
0.0860157
0.0855679
0.0851773
0.0848316
0.084522
0.0842421
0.0839873
0.0837538
0.0833957
0.0829749
0.0826161
0.0823052
0.0820319
0.0817885
0.0815691
0.0813693
0.0811855
0.0810146
0.0808535
0.080699
0.0805477
0.0803954
0.0802375
0.0800686
0.0798825
0.0796723
0.0794298
0.0791461
0.0788104
0.0784108
0.0779333
0.0773616
0.0766764
0.0758549
0.0748694
0.0736861
0.072263
0.0705469
0.0684691
0.0659379
0.0628259
0.0589445
0.0539849
0.0473478
0.0374682
0.0184858
)
;
    }
    defaultFaces
    {
        type            empty;
    }
}


// ************************************************************************* //
