/*--------------------------------*- C++ -*----------------------------------*\
  =========                 |
  \\      /  F ield         | OpenFOAM: The Open Source CFD Toolbox
   \\    /   O peration     | Website:  https://openfoam.org
    \\  /    A nd           | Version:  7
     \\/     M anipulation  |
\*---------------------------------------------------------------------------*/
FoamFile
{
    version     2.0;
    format      ascii;
    class       volScalarField;
    location    "0.25";
    object      p;
}
// * * * * * * * * * * * * * * * * * * * * * * * * * * * * * * * * * * * * * //

dimensions      [1 -1 -2 0 0 0 0];

internalField   nonuniform List<scalar> 
9072
(
1906.29
1909.62
1916.94
1925.35
1932.65
1938.66
1943.47
1947.35
1950.55
1953.27
1955.64
1957.74
1959.61
1961.24
1962.62
1963.7
1964.45
1964.82
1964.77
1964.29
1963.39
1962.11
1960.55
1958.88
1957.33
1956.24
1956.05
1957.33
1960.79
1967.29
1977.86
1993.77
2016.72
2048.05
2089.41
2142.56
2209.24
2290.48
2385.1
2487.54
2586.09
2664.32
2711.57
2714.47
2729.55
2804.54
1876.22
1878.48
1884.75
1892.02
1898.69
1904.36
1909.01
1912.82
1915.99
1918.69
1921.02
1923.06
1924.83
1926.35
1927.58
1928.51
1929.08
1929.27
1929.05
1928.4
1927.34
1925.94
1924.31
1922.61
1921.1
1920.12
1920.13
1921.72
1925.58
1932.6
1943.8
1960.38
1983.59
2015.27
2057.06
2110.73
2177.9
2259.72
2355.63
2461.39
2565.78
2649.44
2693.71
2690.01
2677.14
2761.98
1845.68
1848.19
1853.15
1859.14
1864.83
1869.81
1874
1877.49
1880.41
1882.89
1885.01
1886.82
1888.34
1889.59
1890.52
1891.13
1891.38
1891.23
1890.68
1889.72
1888.39
1886.76
1884.96
1883.18
1881.69
1880.84
1881.11
1883.09
1887.5
1895.21
1907.24
1924.76
1949.04
1981.71
2024.39
2078.68
2146
2227.21
2321.75
2425.97
2530.25
2617
2665.38
2669.45
2650.67
2733.81
1814.69
1817.82
1822.03
1826.97
1831.72
1835.93
1839.53
1842.55
1845.09
1847.23
1849.01
1850.49
1851.68
1852.56
1853.11
1853.32
1853.16
1852.6
1851.64
1850.29
1848.61
1846.68
1844.64
1842.7
1841.15
1840.36
1840.81
1843.11
1847.97
1856.27
1869
1887.33
1912.5
1945.97
1989.29
2043.95
2111.11
2191.3
2283.64
2384.54
2485.84
2573.72
2630.38
2650.16
2646.14
2722.74
1783.22
1787.05
1790.91
1795.16
1799.16
1802.68
1805.69
1808.23
1810.35
1812.1
1813.53
1814.65
1815.46
1815.95
1816.11
1815.9
1815.31
1814.31
1812.93
1811.17
1809.09
1806.81
1804.48
1802.31
1800.6
1799.75
1800.25
1802.69
1807.8
1816.45
1829.63
1848.45
1874.15
1908.08
1951.69
2006.31
2072.93
2151.82
2241.87
2339.69
2438.47
2527.84
2594.01
2631.67
2647.49
2729.21
1751.26
1755.72
1759.46
1763.25
1766.69
1769.65
1772.15
1774.24
1775.96
1777.34
1778.41
1779.17
1779.62
1779.74
1779.5
1778.88
1777.87
1776.45
1774.63
1772.45
1769.97
1767.31
1764.63
1762.17
1760.23
1759.2
1759.59
1762
1767.16
1775.91
1789.24
1808.24
1834.09
1868.1
1911.6
1965.81
2031.54
2108.88
2196.64
2291.78
2388.8
2480.16
2555.64
2610.44
2648.55
2743.43
1718.81
1723.8
1727.52
1731.01
1734.03
1736.54
1738.62
1740.33
1741.69
1742.73
1743.47
1743.9
1744.01
1743.76
1743.15
1742.14
1740.72
1738.89
1736.65
1734.04
1731.15
1728.09
1725.04
1722.22
1719.96
1718.66
1718.81
1721.03
1726.02
1734.65
1747.85
1766.71
1792.39
1826.1
1869.1
1922.51
1987
2062.54
2147.96
2240.61
2336.18
2429.35
2512.91
2582.96
2643.8
2756.32
1685.86
1691.29
1695.05
1698.34
1701.05
1703.21
1704.94
1706.32
1707.37
1708.12
1708.56
1708.69
1708.48
1707.91
1706.95
1705.57
1703.77
1701.53
1698.88
1695.85
1692.54
1689.06
1685.6
1682.38
1679.73
1678.06
1677.85
1679.72
1684.37
1692.64
1705.48
1723.92
1749.08
1782.14
1824.27
1876.49
1939.38
2012.84
2095.76
2185.89
2279.93
2374.25
2464.1
2546.86
2629.03
2759.81
1652.42
1658.2
1662.01
1665.18
1667.65
1669.53
1670.99
1672.1
1672.9
1673.4
1673.59
1673.45
1672.96
1672.08
1670.8
1669.07
1666.9
1664.28
1661.23
1657.79
1654.05
1650.14
1646.23
1642.57
1639.47
1637.33
1636.65
1638.03
1642.17
1649.89
1662.12
1679.87
1704.22
1736.29
1777.18
1827.85
1888.77
1959.8
2039.95
2127.31
2219.39
2313.8
2407.83
2500.31
2601.4
2749.56
1618.48
1624.54
1628.41
1631.49
1633.77
1635.44
1636.69
1637.6
1638.19
1638.48
1638.45
1638.08
1637.34
1636.19
1634.6
1632.56
1630.04
1627.05
1623.61
1619.76
1615.6
1611.24
1606.86
1602.71
1599.09
1596.41
1595.16
1595.92
1599.39
1606.38
1617.78
1634.59
1657.85
1688.61
1727.93
1776.66
1835.23
1903.46
1980.42
2064.54
2153.91
2246.99
2342.73
2441.44
2558.21
2721.17
1584.05
1590.33
1594.25
1597.25
1599.39
1600.9
1601.99
1602.74
1603.17
1603.3
1603.09
1602.52
1601.55
1600.16
1598.3
1595.95
1593.11
1589.76
1585.95
1581.7
1577.1
1572.28
1567.41
1562.73
1558.54
1555.24
1553.32
1553.35
1556.01
1562.09
1572.47
1588.11
1610.01
1639.18
1676.59
1723.03
1778.85
1843.83
1917.11
1997.32
2082.94
2172.92
2267.54
2368.2
2496.65
2670
1549.13
1555.58
1559.51
1562.45
1564.48
1565.87
1566.85
1567.48
1567.8
1567.79
1567.44
1566.7
1565.54
1563.92
1561.81
1559.19
1556.04
1552.36
1548.17
1543.52
1538.49
1533.2
1527.81
1522.57
1517.76
1513.78
1511.1
1510.28
1512
1517.02
1526.19
1540.45
1560.76
1588.05
1623.24
1667.04
1719.71
1780.97
1850
1925.49
2006.11
2090.94
2181.13
2278.41
2413.49
2589.88
1513.73
1520.29
1524.23
1527.1
1529.05
1530.35
1531.24
1531.8
1532.03
1531.93
1531.46
1530.58
1529.25
1527.44
1525.1
1522.22
1518.77
1514.77
1510.22
1505.18
1499.71
1493.94
1488.02
1482.18
1476.71
1471.99
1468.46
1466.7
1467.35
1471.16
1478.96
1491.64
1510.13
1535.3
1567.98
1608.79
1657.91
1714.99
1779.14
1849.03
1923.26
2000.65
2082.64
2169.79
2304.85
2470.5
1477.85
1484.49
1488.39
1491.2
1493.08
1494.32
1495.16
1495.67
1495.85
1495.68
1495.11
1494.12
1492.64
1490.65
1488.1
1484.98
1481.26
1476.94
1472.04
1466.61
1460.71
1454.44
1447.97
1441.5
1435.33
1429.8
1425.37
1422.57
1422.04
1424.51
1430.78
1441.71
1458.17
1480.99
1510.89
1548.41
1593.61
1646.04
1704.71
1768.11
1834.53
1902.08
1971.6
2040.27
2166.25
2294.39
1441.51
1448.2
1452.02
1454.76
1456.58
1457.79
1458.61
1459.09
1459.24
1459.02
1458.39
1457.3
1455.69
1453.54
1450.8
1447.45
1443.46
1438.84
1433.61
1427.79
1421.44
1414.68
1407.64
1400.53
1393.6
1387.22
1381.8
1377.88
1376.08
1377.08
1381.68
1390.69
1404.95
1425.2
1452.09
1486.03
1526.99
1574.36
1626.98
1683.06
1740.29
1795.61
1847.88
1888.38
1991.47
2029.37
1404.72
1411.36
1415.1
1417.75
1419.56
1420.77
1421.6
1422.09
1422.24
1422.01
1421.33
1420.16
1418.46
1416.17
1413.26
1409.7
1405.47
1400.58
1395.02
1388.82
1382.05
1374.8
1367.19
1359.41
1351.71
1344.43
1337.98
1332.86
1329.68
1329.11
1331.9
1338.83
1350.69
1368.16
1391.78
1421.86
1458.21
1500.08
1546.07
1593.98
1640.65
1681.29
1710.89
1713.78
1762.57
1635.83
2.27263
2.26807
2.26502
2.263
2.26264
2.2635
2.26487
2.26606
2.26647
2.26567
2.26342
2.25962
2.25426
2.24745
2.23935
2.23015
2.22006
2.20934
2.19817
2.18676
2.17527
2.16384
2.15262
2.14172
2.13126
2.12131
2.11192
2.10317
2.09512
2.08782
2.08131
2.07562
2.0708
2.06684
2.06376
2.06154
2.06008
2.05936
2.24376
2.23975
2.23674
2.23426
2.23335
2.23368
2.23472
2.23564
2.23588
2.235
2.23273
2.22895
2.22366
2.21694
2.20893
2.19984
2.18987
2.17924
2.16818
2.15686
2.14545
2.1341
2.12295
2.11212
2.10173
2.09184
2.0825
2.0738
2.06578
2.0585
2.05201
2.04633
2.04149
2.03752
2.03439
2.03209
2.03051
2.02958
2.21485
2.21075
2.20776
2.20519
2.20403
2.20414
2.20483
2.20553
2.20562
2.20464
2.20233
2.19855
2.19329
2.18663
2.17869
2.16968
2.15978
2.14922
2.13822
2.12697
2.11563
2.10433
2.09323
2.08245
2.0721
2.06226
2.05296
2.0443
2.03631
2.02904
2.02255
2.01685
2.01199
2.00797
2.00479
2.00242
2.00079
1.9999
2.18581
2.18125
2.17812
2.17564
2.17444
2.17444
2.17505
2.17564
2.17564
2.1746
2.17225
2.16844
2.16318
2.15653
2.14863
2.13965
2.12978
2.11926
2.10829
2.09706
2.08576
2.0745
2.06342
2.05267
2.04235
2.03255
2.02329
2.01465
2.00668
1.99941
1.99291
1.98718
1.98227
1.9782
1.97497
1.97255
1.97087
1.97005
2.15649
2.15131
2.14793
2.14565
2.1446
2.1447
2.14537
2.14597
2.14596
2.14488
2.14249
2.13865
2.13335
2.12668
2.11876
2.10978
2.09991
2.08937
2.07838
2.06715
2.05587
2.04462
2.03355
2.02279
2.01249
2.0027
1.99346
1.98484
1.97688
1.96961
1.96308
1.9573
1.95234
1.94821
1.94492
1.94247
1.94077
1.94002
2.1267
2.12089
2.11722
2.11525
2.11451
2.1149
2.11578
2.11652
2.11657
2.1155
2.11308
2.10918
2.10381
2.09708
2.08911
2.08007
2.07016
2.05956
2.04851
2.03725
2.02595
2.0147
2.00362
1.99284
1.98251
1.97272
1.96349
1.95486
1.9469
1.93962
1.93305
1.92722
1.9222
1.91801
1.91468
1.9122
1.91052
1.90983
2.09632
2.08991
2.08593
2.08441
2.08416
2.08503
2.08628
2.08728
2.08746
2.08645
2.084
2.08003
2.07457
2.06772
2.05965
2.05053
2.04053
2.02984
2.0187
2.00736
1.99603
1.98476
1.97364
1.96282
1.95245
1.94262
1.93336
1.92471
1.91673
1.90942
1.90282
1.89694
1.89185
1.88762
1.88425
1.88177
1.88012
1.8795
2.06516
2.05824
2.05398
2.0531
2.05352
2.05507
2.05686
2.05823
2.05864
2.05771
2.05525
2.05119
2.0456
2.03859
2.03037
2.02112
2.01101
2.00021
1.98895
1.97751
1.96611
1.9548
1.94363
1.93274
1.92228
1.91238
1.90307
1.89438
1.88636
1.87901
1.87237
1.86644
1.86131
1.85703
1.85365
1.85117
1.84957
1.849
2.033
2.02576
2.02123
2.02127
2.02258
2.02501
2.02751
2.02939
2.03009
2.02928
2.02682
2.02266
2.01691
2.0097
2.00127
1.99184
1.98159
1.97067
1.95927
1.94769
1.93618
1.92479
1.91355
1.90257
1.89202
1.88202
1.87262
1.86386
1.85577
1.84838
1.8417
1.83574
1.83057
1.82627
1.82288
1.8204
1.81885
1.81834
1.99944
1.99223
1.98748
1.98881
1.99128
1.99486
1.99826
2.00076
2.00183
2.00119
1.99872
1.99445
1.9885
1.98105
1.97236
1.9627
1.95227
1.9412
1.92963
1.91788
1.90623
1.89473
1.88339
1.87232
1.86165
1.85153
1.84201
1.83314
1.82497
1.81752
1.8108
1.80483
1.79965
1.79534
1.79194
1.78948
1.78798
1.78752
1.96384
1.95734
1.95244
1.9556
1.9596
1.9646
1.9691
1.97238
1.9739
1.97344
1.97097
1.96657
1.96039
1.95266
1.94366
1.93371
1.92305
1.91179
1.90004
1.88808
1.87623
1.86458
1.85313
1.84193
1.83114
1.82088
1.81123
1.80223
1.79396
1.78644
1.77968
1.77371
1.76853
1.76423
1.76083
1.75839
1.75695
1.75653
1.92509
1.92059
1.91575
1.9215
1.92747
1.93423
1.94006
1.94427
1.94633
1.94609
1.94361
1.93905
1.93262
1.92457
1.91522
1.90492
1.89396
1.88245
1.87046
1.85826
1.84617
1.83433
1.82272
1.81139
1.80047
1.79007
1.78027
1.77113
1.76274
1.75514
1.74836
1.74238
1.73723
1.73294
1.72956
1.72714
1.72574
1.72537
1.88123
1.88138
1.87695
1.88631
1.89487
1.90377
1.91119
1.91647
1.91916
1.91917
1.91667
1.91192
1.90519
1.8968
1.88704
1.87632
1.865
1.85318
1.84091
1.82842
1.81605
1.80396
1.79216
1.78068
1.76961
1.75907
1.74912
1.73984
1.73132
1.72364
1.71682
1.71086
1.70573
1.70147
1.69811
1.69572
1.69437
1.69404
1.82877
1.83903
1.83556
1.84982
1.86177
1.87324
1.88251
1.88903
1.89242
1.89272
1.89019
1.8852
1.87814
1.86934
1.85913
1.84794
1.83617
1.82397
1.81136
1.79855
1.78586
1.77348
1.76143
1.74976
1.73854
1.72786
1.71777
1.70835
1.69971
1.69195
1.6851
1.67914
1.67404
1.66981
1.66647
1.66411
1.66282
1.66255
1.76068
1.79093
1.7909
1.81178
1.82815
1.84269
1.85409
1.86198
1.86615
1.86675
1.86417
1.8589
1.85144
1.84218
1.83147
1.81975
1.80747
1.79481
1.78181
1.76864
1.7556
1.74289
1.73056
1.71866
1.70726
1.69643
1.68621
1.67667
1.66793
1.66009
1.65319
1.64723
1.64215
1.63795
1.63464
1.63233
1.63109
1.63087
1.6647
1.72518
1.74186
1.7717
1.79391
1.81213
1.82597
1.83537
1.84036
1.84127
1.83861
1.83301
1.82507
1.81528
1.80401
1.79171
1.77887
1.7657
1.75227
1.73871
1.72531
1.71224
1.6996
1.68745
1.67585
1.66485
1.6545
1.64486
1.63603
1.62811
1.62116
1.61518
1.61011
1.60592
1.60265
1.60037
1.5992
1.59903
1346.53
1352.89
1356.61
1359.13
1360.92
1362.17
1363.06
1363.62
1363.82
1363.59
1362.89
1361.66
1359.83
1357.37
1354.24
1350.41
1345.85
1340.56
1334.54
1327.81
1320.4
1312.4
1303.9
1295.07
1286.15
1277.41
1269.26
1262.17
1256.71
1253.5
1253.27
1256.72
1264.54
1277.33
1295.45
1318.98
1347.52
1380.03
1414.71
1448.62
1477.05
1492.08
1480.65
1415.75
1276.28
719.018
1265.52
1271.53
1275.03
1277.44
1279.26
1280.63
1281.67
1282.37
1282.68
1282.54
1281.86
1280.59
1278.66
1276.03
1272.66
1268.51
1263.57
1257.8
1251.2
1243.77
1235.52
1226.5
1216.77
1206.47
1195.77
1184.92
1174.27
1164.26
1155.4
1148.29
1143.55
1141.83
1143.68
1149.51
1159.47
1173.35
1190.46
1209.46
1228.15
1242.97
1248.17
1234.26
1185.25
1071.59
866.46
572.428
1182.83
1188.38
1191.54
1193.84
1195.71
1197.23
1198.44
1199.32
1199.77
1199.73
1199.09
1197.8
1195.8
1193.03
1189.45
1185.02
1179.71
1173.49
1166.34
1158.24
1149.17
1139.14
1128.17
1116.34
1103.78
1090.69
1077.37
1064.21
1051.68
1040.34
1030.76
1023.49
1018.96
1017.44
1018.87
1022.83
1028.48
1034.39
1038.36
1036.99
1025.13
995.102
936.291
835.239
683.164
540.919
1098.67
1103.64
1106.42
1108.61
1110.53
1112.2
1113.59
1114.64
1115.24
1115.29
1114.71
1113.4
1111.32
1108.41
1104.63
1099.94
1094.29
1087.65
1079.98
1071.24
1061.37
1050.34
1038.14
1024.78
1010.32
994.901
978.771
962.279
945.871
930.062
915.385
902.322
891.22
882.198
875.059
869.27
863.95
857.814
848.98
834.739
811.292
773.481
715.273
631.166
514.372
391.202
1013.23
1017.53
1019.93
1022
1023.97
1025.77
1027.33
1028.54
1029.27
1029.4
1028.84
1027.52
1025.36
1022.32
1018.34
1013.39
1007.42
1000.38
992.214
982.859
972.239
960.273
946.882
932.011
915.648
897.865
878.845
858.9
838.458
818.021
798.109
779.171
761.493
745.109
729.739
714.806
699.483
682.785
663.326
639.233
608.192
567.085
512.235
440.582
348.523
248.966
926.757
930.296
932.332
934.275
936.259
938.16
939.852
941.185
942.01
942.204
941.662
940.301
938.054
934.867
930.692
925.485
919.196
911.771
903.141
893.222
881.907
869.069
854.57
838.27
820.066
799.937
778
754.534
729.97
704.833
679.668
654.941
630.922
607.625
584.749
561.756
537.894
512.567
484.86
453.68
418.393
377.764
329.862
273.291
207.407
140.037
839.491
842.19
843.869
845.631
847.579
849.538
851.323
852.748
853.647
853.881
853.337
851.927
849.578
846.236
841.851
836.379
829.77
821.967
812.895
802.454
790.514
776.906
761.426
743.841
723.927
701.544
676.728
649.735
621.033
591.218
560.925
530.708
500.872
471.498
442.301
412.83
382.344
350.741
317.203
280.947
243.836
206.741
168.816
129.476
88.088
47.4576
751.702
753.451
754.753
756.238
758.086
760.06
761.904
763.399
764.355
764.617
764.061
762.589
760.126
756.612
751.999
746.245
739.303
731.119
721.618
710.699
698.214
683.964
667.686
649.043
627.65
603.202
575.624
545.171
512.402
478.052
442.918
407.725
372.828
338.533
304.58
270.377
234.573
199.111
163.778
125.936
91.1225
62.0265
36.7764
13.8293
-8.85081
-30.2265
663.673
664.265
665.131
666.206
667.9
669.864
671.756
673.317
674.329
674.618
674.045
672.503
669.909
666.203
661.337
655.273
647.97
639.386
629.457
618.09
605.139
590.396
573.566
554.207
531.71
505.52
475.413
441.661
404.987
366.291
326.55
286.816
247.477
209.221
171.851
135.208
93.8584
57.4728
35.2782
17.2953
3.90828
-6.09216
-16.1643
-28.427
-44.9932
-65.0306
575.617
574.651
575.006
575.582
577.12
579.087
581.047
582.691
583.774
584.1
583.513
581.893
579.15
575.223
570.065
563.646
555.937
546.911
536.529
524.721
511.367
496.289
479.227
459.66
436.656
409.263
377.008
340.159
299.616
256.384
211.815
168.008
125.812
86.2669
48.3251
24.7808
9.14349
0.372131
-2.71601
-4.97213
-6.42828
-7.58161
-9.11846
-11.5985
-15.4652
-25.1152
487.32
484.311
484.31
484.424
485.863
487.888
489.961
491.726
492.906
493.284
492.687
490.979
488.063
483.875
478.376
471.542
463.363
453.836
442.958
430.703
416.997
401.742
384.84
365.797
343.192
315.396
281.423
241.402
196.64
148.836
101.504
59.2486
25.8558
9.91801
-1.36608
-4.94187
-5.12524
-5.23893
-5.46124
-5.79892
-6.15874
-6.4945
-6.87325
-7.34806
-7.94218
-8.89947
398.109
393.064
393.358
392.938
394.363
396.539
398.793
400.721
402.023
402.464
401.857
400.05
396.932
392.443
386.552
379.247
370.536
360.448
349.025
336.297
322.23
306.821
290.407
272.88
251.998
224.886
189.584
146.447
99.3411
53.4452
18.993
3.9437
-3.96129
-4.87017
-5.2584
-5.37259
-5.43898
-5.53605
-5.68447
-5.87297
-6.07944
-6.27794
-6.45842
-6.62906
-6.7975
-7.00839
308.577
302.737
301.304
301.375
303.093
305.537
308.034
310.153
311.586
312.092
311.47
309.548
306.19
301.346
294.997
287.13
277.749
266.899
254.661
241.112
226.152
209.859
193.964
179.827
163.348
139.25
104.668
62.9057
25.3731
4.37226
-3.72342
-4.80113
-5.03331
-5.15003
-5.28348
-5.41459
-5.522
-5.65593
-5.81776
-6.00535
-6.21233
-6.42544
-6.63246
-6.82523
-6.99408
-7.11977
220.042
212.193
210.337
210.707
212.486
215.031
217.631
219.854
221.363
221.901
221.235
219.133
215.395
209.991
202.912
194.122
183.594
171.397
157.701
142.639
125.763
107.385
92.9211
86.8552
80.913
65.7216
39.0401
12.3774
-0.966096
-4.46505
-4.88042
-4.93815
-5.05543
-5.20375
-5.33771
-5.47648
-5.6132
-5.76163
-5.92892
-6.11566
-6.31737
-6.52784
-6.74266
-6.95759
-7.16455
-7.35435
132.047
125.304
121.667
121.095
122.33
124.544
126.717
128.624
129.904
130.273
129.434
126.987
122.573
116.252
108.13
98.2685
86.7728
74.0482
60.6059
46.8238
31.7132
15.8696
8.18479
13.1905
20.6838
19.0634
7.04218
-3.11569
-4.63174
-4.68261
-4.81153
-4.97201
-5.10979
-5.25599
-5.40155
-5.54771
-5.69467
-5.8485
-6.01505
-6.19563
-6.38832
-6.59076
-6.80157
-7.01931
-7.24043
-7.46098
51.4437
50.9488
41.6964
39.4755
40.4234
41.7965
43.0771
44.0877
44.7159
44.7293
43.7941
41.3564
36.911
30.8618
23.6907
15.8591
8.03334
1.23096
-3.54574
-5.75332
-6.38321
-7.04006
-6.11495
-3.24274
0.106158
-0.752572
-4.05806
-4.49656
-4.62358
-4.74239
-4.86671
-5.01536
-5.16004
-5.30603
-5.453
-5.60026
-5.74903
-5.90327
-6.0669
-6.2419
-6.42859
-6.62713
-6.83815
-7.06199
-7.29632
-7.53328
9.70459
6.44156
2.3314
2.1029
2.89288
3.65881
4.2153
4.44271
4.01375
3.18643
2.24608
1.04183
-0.44382
-1.89793
-3.13423
-4.07484
-5.22963
-5.83107
-5.79031
-5.24705
-4.24918
-3.96138
-3.94448
-3.83636
-3.74692
-4.1982
-4.29913
-4.43029
-4.60969
-4.75961
-4.90211
-5.04856
-5.19367
-5.33801
-5.4822
-5.62684
-5.77345
-5.92493
-6.08439
-6.25428
-6.43648
-6.63309
-6.84687
-7.08054
-7.33343
-7.59503
-3.27906
-2.3448
-2.49807
-2.5864
-2.61097
-2.69051
-2.78411
-2.87851
-3.02144
-3.12525
-3.12641
-3.19292
-3.21764
-3.25687
-3.33344
-3.35049
-3.40217
-3.4857
-3.57989
-3.66619
-3.64812
-3.63754
-3.69475
-3.79233
-3.92603
-4.1322
-4.31938
-4.46619
-4.62889
-4.77977
-4.92478
-5.06819
-5.20954
-5.34945
-5.48878
-5.62861
-5.77063
-5.91731
-6.07153
-6.23623
-6.4145
-6.61007
-6.82791
-7.07362
-7.34944
-7.64623
-2.84335
-2.80911
-2.78176
-2.74882
-2.72521
-2.72128
-2.7301
-2.74704
-2.77377
-2.80975
-2.84025
-2.88825
-2.92395
-2.94754
-2.98499
-3.04507
-3.11509
-3.20092
-3.30475
-3.43139
-3.58569
-3.71056
-3.81109
-3.91879
-4.04644
-4.19692
-4.35478
-4.5035
-4.65252
-4.79636
-4.9362
-5.0736
-5.20879
-5.34243
-5.47538
-5.60888
-5.74471
-5.88529
-6.03361
-6.19313
-6.36794
-6.56326
-6.78615
-7.04511
-7.34539
-7.67909
-2.88235
-2.82906
-2.81741
-2.80714
-2.80535
-2.8146
-2.83343
-2.85889
-2.88927
-2.92291
-2.95425
-2.98422
-3.0351
-3.08493
-3.13749
-3.20141
-3.27487
-3.35959
-3.45619
-3.56473
-3.6841
-3.79679
-3.89888
-4.004
-4.12161
-4.25494
-4.39392
-4.53244
-4.66993
-4.80462
-4.93652
-5.06614
-5.19375
-5.31986
-5.44532
-5.57142
-5.70008
-5.83383
-5.9759
-6.13023
-6.30176
-6.49693
-6.7245
-6.99536
-7.31734
-7.68233
-2.91319
-2.88804
-2.8823
-2.87716
-2.88093
-2.89428
-2.91622
-2.94498
-2.97885
-3.0159
-3.05426
-3.09486
-3.14371
-3.19566
-3.25175
-3.31466
-3.38576
-3.4661
-3.55567
-3.6531
-3.75572
-3.85861
-3.9604
-4.06543
-4.17815
-4.30008
-4.42622
-4.55316
-4.67957
-4.80428
-4.92699
-5.04781
-5.16688
-5.28461
-5.40177
-5.51975
-5.64059
-5.76698
-5.90238
-6.05112
-6.21869
-6.41229
-6.6416
-6.91891
-7.25472
-7.64357
-2.97746
-2.95541
-2.95207
-2.95072
-2.95636
-2.9701
-2.99142
-3.01931
-3.05258
-3.09
-3.13064
-3.17477
-3.2235
-3.276
-3.33299
-3.3959
-3.46582
-3.54339
-3.6284
-3.71977
-3.8156
-3.91363
-4.01303
-4.11538
-4.22247
-4.33468
-4.44984
-4.56585
-4.68152
-4.79603
-4.90904
-5.02049
-5.13044
-5.23918
-5.3475
-5.45684
-5.56932
-5.68773
-5.81561
-5.95746
-6.11898
-6.30752
-6.5328
-6.80725
-7.14065
-7.54706
-3.04631
-3.02885
-3.02565
-3.02619
-3.033
-3.04694
-3.06762
-3.0944
-3.12649
-3.16309
-3.20363
-3.24806
-3.29668
-3.34944
-3.40678
-3.46951
-3.53827
-3.61331
-3.69435
-3.78057
-3.87078
-3.96366
-4.05856
-4.15592
-4.25636
-4.35978
-4.46504
-4.57083
-4.67625
-4.78071
-4.88395
-4.98583
-5.08635
-5.18577
-5.28489
-5.38517
-5.48872
-5.59826
-5.71722
-5.84996
-6.00203
-6.18044
-6.39433
-6.65644
-6.98023
-7.36441
-3.11456
-3.10267
-3.1006
-3.10262
-3.11036
-3.12448
-3.14469
-3.17056
-3.20153
-3.23706
-3.27675
-3.32048
-3.36834
-3.42045
-3.47709
-3.53868
-3.6055
-3.67757
-3.75455
-3.83576
-3.92037
-4.00757
-4.09682
-4.18808
-4.28143
-4.37654
-4.47262
-4.56882
-4.66449
-4.75925
-4.85289
-4.94526
-5.03631
-5.12628
-5.21596
-5.30677
-5.40068
-5.50016
-5.60828
-5.72903
-5.86738
-6.02956
-6.22355
-6.46117
-6.75573
-7.1049
-3.18233
-3.17577
-3.17517
-3.17858
-3.1871
-3.20128
-3.22101
-3.24598
-3.2758
-3.31008
-3.34854
-3.39102
-3.43756
-3.48825
-3.54328
-3.60286
-3.66705
-3.73571
-3.80847
-3.88472
-3.96381
-4.04515
-4.12831
-4.21306
-4.29918
-4.38627
-4.47367
-4.56078
-4.64717
-4.73263
-4.81698
-4.90006
-4.98175
-5.06227
-5.14236
-5.22329
-5.30676
-5.39482
-5.49004
-5.59569
-5.71588
-5.85571
-6.0212
-6.22268
-6.47249
-6.77402
-3.24908
-3.24734
-3.24811
-3.25276
-3.26193
-3.27611
-3.29531
-3.31933
-3.3479
-3.38076
-3.41767
-3.45852
-3.50329
-3.55205
-3.6049
-3.66191
-3.72304
-3.78804
-3.85648
-3.9278
-4.00143
-4.0769
-4.15384
-4.23195
-4.3109
-4.39022
-4.46934
-4.54781
-4.62539
-4.70194
-4.77734
-4.85138
-4.9239
-4.99505
-5.06545
-5.13616
-5.20846
-5.28388
-5.36432
-5.45215
-5.55014
-5.66149
-5.79118
-5.94468
-6.13228
-6.36196
-3.31448
-3.31651
-3.31848
-3.32424
-3.33395
-3.34809
-3.36675
-3.38981
-3.41709
-3.44841
-3.48359
-3.52255
-3.56524
-3.6117
-3.66199
-3.7161
-3.7739
-3.83506
-3.89912
-3.96552
-4.03376
-4.10342
-4.17418
-4.24573
-4.31766
-4.3895
-4.46074
-4.53104
-4.60024
-4.6683
-4.73509
-4.80037
-4.86391
-4.9258
-4.98652
-5.04679
-5.10743
-5.16937
-5.23376
-5.30196
-5.3753
-5.45499
-5.54225
-5.63945
-5.74848
-5.8682
-3.37788
-3.38268
-3.38562
-3.39238
-3.40258
-3.41667
-3.43481
-3.45692
-3.48291
-3.51265
-3.54602
-3.58292
-3.62333
-3.66726
-3.71474
-3.76572
-3.82
-3.87722
-3.93686
-3.99839
-4.06132
-4.1253
-4.19002
-4.25518
-4.32037
-4.38509
-4.44888
-4.51147
-4.57278
-4.63278
-4.69134
-4.74815
-4.80295
-4.85576
-4.90686
-4.95665
-5.00545
-5.05361
-5.10154
-5.14958
-5.19772
-5.24524
-5.29047
-5.33083
-5.36155
-5.37017
-3.43861
-3.44536
-3.44917
-3.45682
-3.46747
-3.48153
-3.49917
-3.52038
-3.54511
-3.57327
-3.60478
-3.63956
-3.67757
-3.71883
-3.76335
-3.81105
-3.8617
-3.9149
-3.97014
-4.02687
-4.08464
-4.14311
-4.20201
-4.26105
-4.3198
-4.37779
-4.43458
-4.48996
-4.54387
-4.59628
-4.64702
-4.69575
-4.74214
-4.78612
-4.8278
-4.86725
-4.90438
-4.93901
-4.97088
-4.99951
-5.02378
-5.04153
-5.04911
-5.0412
-5.00987
-4.93773
-3.4963
-3.50414
-3.50888
-3.51736
-3.52846
-3.54252
-3.55971
-3.58006
-3.60357
-3.63019
-3.65984
-3.69246
-3.72802
-3.76654
-3.80802
-3.85236
-3.89933
-3.94851
-3.99939
-4.05145
-4.10424
-4.15743
-4.21077
-4.26397
-4.31664
-4.36829
-4.41854
-4.46718
-4.51418
-4.5595
-4.60291
-4.64401
-4.68241
-4.71796
-4.75059
-4.7801
-4.80607
-4.82788
-4.8448
-4.85572
-4.85879
-4.85101
-4.82777
-4.78281
-4.70779
-4.58559
-3.55077
-3.55882
-3.56463
-3.57397
-3.58555
-3.59964
-3.61642
-3.63597
-3.65832
-3.68344
-3.71126
-3.74173
-3.77484
-3.8106
-3.84901
-3.88998
-3.93326
-3.97848
-4.02511
-4.07264
-4.12065
-4.16881
-4.21687
-4.26455
-4.31148
-4.3572
-4.40135
-4.44373
-4.48431
-4.52302
-4.55959
-4.59356
-4.62449
-4.65212
-4.67624
-4.69647
-4.71211
-4.72225
-4.72582
-4.72133
-4.70657
-4.67824
-4.63158
-4.56058
-4.45815
-4.31
-3.6018
-3.60927
-3.61667
-3.62681
-3.63888
-3.65303
-3.66945
-3.68826
-3.7095
-3.73316
-3.7592
-3.78757
-3.81827
-3.85131
-3.88669
-3.92431
-3.96397
-4.00529
-4.04779
-4.09098
-4.13441
-4.17778
-4.22084
-4.26334
-4.3049
-4.3451
-4.38358
-4.42016
-4.4548
-4.48737
-4.51759
-4.54496
-4.56897
-4.58929
-4.60558
-4.61732
-4.62367
-4.62355
-4.61568
-4.5984
-4.5694
-4.52546
-4.46222
-4.37451
-4.25716
-4.09951
-3.64909
-3.65621
-3.66514
-3.67619
-3.68874
-3.70296
-3.71904
-3.73714
-3.75732
-3.77958
-3.8039
-3.83025
-3.85862
-3.88901
-3.92142
-3.95578
-3.9919
-4.02944
-4.06796
-4.10696
-4.14604
-4.18487
-4.22323
-4.26087
-4.29744
-4.33254
-4.36581
-4.39705
-4.42619
-4.4531
-4.47747
-4.49876
-4.51647
-4.53015
-4.53938
-4.54355
-4.54174
-4.53283
-4.51548
-4.488
-4.44818
-4.3931
-4.31903
-4.22188
-4.09835
-3.94107
-3.69286
-3.70039
-3.71052
-3.72245
-3.73544
-3.7497
-3.76545
-3.78286
-3.80201
-3.82294
-3.84563
-3.87006
-3.89619
-3.92404
-3.95359
-3.9848
-4.01751
-4.05141
-4.0861
-4.12112
-4.15605
-4.19062
-4.22458
-4.2577
-4.28966
-4.32007
-4.34856
-4.37492
-4.39903
-4.42075
-4.43975
-4.45553
-4.46754
-4.47531
-4.47832
-4.4759
-4.46712
-4.45087
-4.42588
-4.39056
-4.3429
-4.2804
-4.20003
-4.09873
-3.97475
-3.82329
-3.73386
-3.74202
-3.75319
-3.76591
-3.77929
-3.79356
-3.80896
-3.82568
-3.84384
-3.8635
-3.88465
-3.90725
-3.93128
-3.95672
-3.98356
-4.01177
-4.04123
-4.07166
-4.10272
-4.13396
-4.165
-4.19556
-4.22542
-4.25436
-4.28207
-4.30817
-4.33231
-4.35423
-4.37377
-4.39077
-4.40491
-4.41571
-4.42265
-4.42521
-4.42284
-4.41484
-4.40028
-4.37811
-4.34717
-4.30604
-4.253
-4.18599
-4.10265
-4.00081
-3.87984
-3.73682
-3.77266
-3.78146
-3.79354
-3.80693
-3.82061
-3.83482
-3.84984
-3.86588
-3.88309
-3.90154
-3.92124
-3.94215
-3.96421
-3.98739
-4.0117
-4.03709
-4.06349
-4.09067
-4.1183
-4.146
-4.17341
-4.20024
-4.22629
-4.25134
-4.27513
-4.29729
-4.31746
-4.33536
-4.35079
-4.36355
-4.37334
-4.3797
-4.38215
-4.38017
-4.37322
-4.36056
-4.34132
-4.31453
-4.27915
-4.23397
-4.17755
-4.10827
-4.02433
-3.92426
-3.80823
-3.67456
-3.80977
-3.81913
-3.83196
-3.84588
-3.85976
-3.87384
-3.88844
-3.9038
-3.92011
-3.93743
-3.95578
-3.97509
-3.99532
-4.01641
-4.03836
-4.06115
-4.08471
-4.10885
-4.1333
-4.15771
-4.18174
-4.20512
-4.22764
-4.2491
-4.26926
-4.28778
-4.30433
-4.3186
-4.33035
-4.33936
-4.34532
-4.34779
-4.34632
-4.34044
-4.3296
-4.31313
-4.29019
-4.25991
-4.22137
-4.17356
-4.11536
-4.04549
-3.96264
-3.86584
-3.75575
-3.63151
-3.84565
-3.85544
-3.86884
-3.88313
-3.89709
-3.91098
-3.92515
-3.93986
-3.9553
-3.97156
-3.98862
-4.00644
-4.02495
-4.04411
-4.06389
-4.08428
-4.10522
-4.12658
-4.1481
-4.16947
-4.19039
-4.21059
-4.22986
-4.24801
-4.26483
-4.28002
-4.29326
-4.30424
-4.31271
-4.31841
-4.32102
-4.32013
-4.31531
-4.30612
-4.29206
-4.27252
-4.24673
-4.21391
-4.17327
-4.12399
-4.06519
-3.99595
-3.91531
-3.8227
-3.71905
-3.604
-3.88068
-3.89075
-3.90453
-3.91905
-3.93298
-3.94662
-3.96035
-3.97443
-3.98903
-4.00425
-4.02009
-4.0365
-4.05341
-4.07077
-4.08856
-4.10676
-4.12532
-4.14412
-4.16296
-4.18157
-4.19965
-4.21694
-4.23325
-4.24839
-4.26216
-4.27431
-4.28453
-4.29254
-4.29807
-4.30087
-4.30058
-4.29682
-4.28917
-4.27722
-4.26054
-4.23858
-4.21068
-4.17614
-4.13429
-4.08446
-4.02598
-3.95821
-3.88047
-3.7925
-3.69536
-3.58897
-3.91518
-3.92539
-3.93937
-3.95395
-3.96776
-3.98112
-3.99438
-4.00782
-4.0216
-4.0358
-4.05046
-4.06552
-4.08093
-4.09664
-4.11261
-4.12882
-4.14522
-4.16171
-4.17812
-4.19421
-4.20972
-4.22439
-4.23803
-4.25046
-4.26148
-4.27088
-4.27838
-4.28372
-4.28664
-4.28687
-4.28408
-4.27789
-4.26789
-4.25371
-4.23494
-4.21112
-4.18171
-4.14612
-4.10376
-4.05411
-3.99666
-3.93094
-3.85654
-3.77336
-3.68254
-3.58417
-3.94941
-3.95964
-3.97363
-3.98813
-4.00173
-4.01475
-4.02752
-4.0403
-4.05325
-4.06646
-4.07997
-4.09376
-4.10777
-4.12195
-4.13627
-4.15067
-4.16512
-4.17953
-4.19374
-4.20757
-4.22075
-4.23307
-4.24432
-4.25433
-4.26291
-4.26986
-4.27495
-4.27792
-4.27853
-4.27652
-4.27157
-4.26333
-4.25142
-4.23545
-4.21509
-4.18992
-4.15951
-4.12338
-4.08105
-4.0321
-3.97615
-3.91289
-3.84205
-3.76369
-3.67892
-3.58794
-3.98361
-3.99372
-4.00758
-4.02186
-4.03517
-4.04778
-4.06002
-4.07212
-4.08424
-4.09647
-4.10888
-4.12146
-4.13417
-4.14696
-4.15976
-4.17254
-4.18523
-4.19775
-4.20999
-4.22176
-4.23286
-4.24307
-4.2522
-4.26006
-4.26649
-4.27129
-4.27424
-4.27513
-4.27372
-4.26977
-4.26299
-4.25305
-4.23958
-4.22225
-4.20073
-4.17466
-4.1437
-4.10746
-4.06556
-4.01769
-3.96356
-3.90297
-3.83578
-3.76212
-3.68309
-3.59891
-4.01797
-4.02787
-4.04144
-4.05538
-4.06831
-4.08046
-4.09213
-4.10354
-4.11483
-4.12612
-4.13749
-4.14893
-4.16043
-4.17192
-4.18334
-4.19463
-4.20572
-4.21655
-4.22699
-4.23692
-4.24613
-4.25445
-4.26169
-4.26765
-4.27219
-4.27511
-4.27621
-4.27529
-4.27214
-4.26653
-4.2582
-4.24684
-4.23215
-4.2138
-4.19149
-4.16491
-4.13378
-4.0978
-4.05667
-4.01015
-3.95804
-3.90024
-3.83668
-3.76755
-3.69389
-3.61596
-4.05265
-4.06225
-4.07542
-4.08892
-4.10138
-4.11301
-4.12409
-4.13479
-4.14529
-4.15568
-4.16605
-4.17643
-4.18679
-4.19708
-4.20721
-4.21714
-4.22677
-4.23604
-4.24486
-4.25311
-4.26063
-4.26725
-4.2728
-4.2771
-4.27998
-4.28126
-4.28076
-4.27829
-4.27365
-4.26664
-4.25702
-4.24453
-4.22889
-4.2098
-4.187
-4.16023
-4.12923
-4.09379
-4.05369
-4.00873
-3.95879
-3.90382
-3.84382
-3.77901
-3.71037
-3.63815
-4.08775
-4.09699
-4.10964
-4.12261
-4.13454
-4.14563
-4.15609
-4.16611
-4.17584
-4.18538
-4.19482
-4.20418
-4.21346
-4.22261
-4.23155
-4.2402
-4.2485
-4.25635
-4.2637
-4.27042
-4.27641
-4.2815
-4.28555
-4.28839
-4.28983
-4.2897
-4.28783
-4.28403
-4.27813
-4.26996
-4.25929
-4.24591
-4.22956
-4.20999
-4.18695
-4.16022
-4.1296
-4.09491
-4.056
-4.01274
-3.96505
-3.91291
-3.85637
-3.79565
-3.73168
-3.6647
-4.12336
-4.13216
-4.14422
-4.15658
-4.16794
-4.17844
-4.1883
-4.19766
-4.20665
-4.21539
-4.22394
-4.23234
-4.2406
-4.24866
-4.25647
-4.26394
-4.271
-4.27757
-4.28357
-4.28893
-4.29353
-4.29726
-4.29997
-4.30151
-4.30171
-4.30037
-4.29734
-4.29243
-4.28549
-4.27636
-4.26485
-4.25078
-4.23394
-4.21409
-4.19103
-4.16454
-4.13448
-4.10071
-4.06312
-4.02162
-3.97618
-3.92682
-3.87359
-3.81674
-3.7571
-3.69493
-4.15949
-4.16781
-4.17922
-4.19091
-4.20165
-4.21157
-4.22083
-4.22955
-4.23785
-4.24582
-4.25353
-4.26102
-4.2683
-4.27533
-4.28207
-4.28844
-4.29437
-4.29977
-4.30458
-4.3087
-4.31207
-4.31457
-4.31609
-4.31649
-4.3156
-4.31324
-4.30923
-4.30341
-4.29562
-4.28573
-4.27357
-4.25899
-4.24182
-4.22186
-4.19894
-4.17287
-4.14352
-4.11077
-4.07458
-4.03487
-3.99166
-3.94498
-3.89491
-3.84167
-3.78606
-3.72829
-4.19617
-4.20398
-4.21468
-4.22566
-4.23577
-4.24509
-4.25377
-4.26188
-4.26953
-4.27677
-4.28369
-4.29031
-4.29666
-4.30272
-4.30845
-4.3138
-4.31869
-4.32305
-4.32679
-4.32983
-4.33209
-4.3335
-4.33395
-4.33333
-4.33148
-4.32824
-4.32343
-4.31688
-4.30844
-4.29796
-4.28532
-4.27039
-4.25303
-4.2331
-4.21044
-4.1849
-4.15636
-4.12473
-4.08998
-4.05208
-4.01104
-3.96694
-3.91985
-3.87
-3.8181
-3.76436
-4.23339
-4.24069
-4.25066
-4.26092
-4.27038
-4.2791
-4.2872
-4.29472
-4.30174
-4.30831
-4.31448
-4.3203
-4.32577
-4.33092
-4.33572
-4.34012
-4.34407
-4.34748
-4.35027
-4.35236
-4.35366
-4.3541
-4.35359
-4.35205
-4.34935
-4.34534
-4.33985
-4.33271
-4.32377
-4.31289
-4.29994
-4.28482
-4.26742
-4.24763
-4.22533
-4.2004
-4.17273
-4.14227
-4.10898
-4.07286
-4.03394
-3.9923
-3.94802
-3.90131
-3.85283
-3.80277
-4.27116
-4.27794
-4.28719
-4.29672
-4.30554
-4.31367
-4.32119
-4.32815
-4.33457
-4.34051
-4.34599
-4.35105
-4.35573
-4.36003
-4.36396
-4.36749
-4.37057
-4.37313
-4.37508
-4.37634
-4.3768
-4.37639
-4.37504
-4.37267
-4.36919
-4.36448
-4.35839
-4.35077
-4.34146
-4.33031
-4.31721
-4.30205
-4.28475
-4.26523
-4.24338
-4.21912
-4.19238
-4.1631
-4.13127
-4.09689
-4.06002
-4.0207
-3.97905
-3.93526
-3.88991
-3.84318
-4.30948
-4.31576
-4.3243
-4.33312
-4.34128
-4.34883
-4.35579
-4.3622
-4.36806
-4.3734
-4.37825
-4.38263
-4.38658
-4.39012
-4.39325
-4.39597
-4.39825
-4.40003
-4.40123
-4.40174
-4.40148
-4.40035
-4.39827
-4.39518
-4.39101
-4.38566
-4.37903
-4.37097
-4.36136
-4.35004
-4.3369
-4.32183
-4.30476
-4.2856
-4.2643
-4.24079
-4.215
-4.18692
-4.15652
-4.12384
-4.0889
-4.05179
-4.0126
-3.9715
-3.92902
-3.88532
-4.34832
-4.35413
-4.36199
-4.37011
-4.37764
-4.38461
-4.39102
-4.39689
-4.40222
-4.40702
-4.41129
-4.41507
-4.41836
-4.42121
-4.42362
-4.4256
-4.42714
-4.4282
-4.4287
-4.42855
-4.42764
-4.42589
-4.4232
-4.41951
-4.41475
-4.40885
-4.40174
-4.3933
-4.38342
-4.37198
-4.35886
-4.34395
-4.32718
-4.30848
-4.2878
-4.26508
-4.24028
-4.21339
-4.18441
-4.15335
-4.12028
-4.08525
-4.04835
-4.00976
-3.96994
-3.92905
-4.38766
-4.39301
-4.40023
-4.40767
-4.4146
-4.42099
-4.42687
-4.43223
-4.43705
-4.44134
-4.4451
-4.44834
-4.45106
-4.4533
-4.45506
-4.45638
-4.45723
-4.45761
-4.45746
-4.45669
-4.45522
-4.45293
-4.44974
-4.44556
-4.44033
-4.43399
-4.42648
-4.41772
-4.40762
-4.39609
-4.38302
-4.36831
-4.35189
-4.33369
-4.31367
-4.29177
-4.26798
-4.24227
-4.21467
-4.18519
-4.15389
-4.12083
-4.08611
-4.04987
-4.01255
-3.97428
-4.42744
-4.43238
-4.43898
-4.44579
-4.45212
-4.45796
-4.46332
-4.46818
-4.47253
-4.47635
-4.47964
-4.4824
-4.48462
-4.48633
-4.48754
-4.48825
-4.48849
-4.48824
-4.48748
-4.48614
-4.48413
-4.48137
-4.47775
-4.47319
-4.46761
-4.46095
-4.45316
-4.44418
-4.43394
-4.42237
-4.40938
-4.39489
-4.37884
-4.36116
-4.34181
-4.32074
-4.29794
-4.2734
-4.24714
-4.21919
-4.18959
-4.15841
-4.12574
-4.09172
-4.05677
-4.02097
-4.46763
-4.47217
-4.4782
-4.48441
-4.49017
-4.49548
-4.50033
-4.50471
-4.50861
-4.51199
-4.51486
-4.51719
-4.51899
-4.52024
-4.52097
-4.52117
-4.52087
-4.52006
-4.51874
-4.51685
-4.51435
-4.51115
-4.50716
-4.50228
-4.49645
-4.48959
-4.48164
-4.47254
-4.46226
-4.45073
-4.43788
-4.42365
-4.40799
-4.39084
-4.37216
-4.35192
-4.3301
-4.3067
-4.28173
-4.25524
-4.22726
-4.19787
-4.16714
-4.13521
-4.10246
-4.06898
-4.5082
-4.51237
-4.51786
-4.5235
-4.52872
-4.53352
-4.53789
-4.54181
-4.54527
-4.54824
-4.55072
-4.55267
-4.55409
-4.55497
-4.55529
-4.55507
-4.55431
-4.55302
-4.55119
-4.54882
-4.54586
-4.54225
-4.53791
-4.53277
-4.52674
-4.51975
-4.51173
-4.50263
-4.49241
-4.481
-4.46837
-4.45445
-4.43922
-4.42262
-4.40462
-4.38519
-4.36433
-4.34203
-4.31832
-4.29321
-4.26678
-4.23906
-4.21015
-4.18016
-4.14945
-4.1181
-4.54911
-4.55294
-4.55793
-4.56304
-4.56775
-4.57206
-4.57597
-4.57946
-4.5825
-4.58509
-4.5872
-4.5888
-4.58989
-4.59043
-4.59043
-4.58986
-4.58873
-4.58705
-4.58481
-4.58202
-4.57865
-4.57467
-4.57002
-4.56463
-4.55843
-4.55136
-4.54333
-4.53429
-4.52419
-4.51299
-4.50064
-4.4871
-4.47233
-4.45631
-4.439
-4.42038
-4.40046
-4.37923
-4.3567
-4.33293
-4.30794
-4.2818
-4.25458
-4.22638
-4.19753
-4.16811
-4.59034
-4.59386
-4.5984
-4.60302
-4.60726
-4.61111
-4.61459
-4.61766
-4.62031
-4.62253
-4.62429
-4.62557
-4.62635
-4.62661
-4.62632
-4.62548
-4.62406
-4.62208
-4.61953
-4.6164
-4.6127
-4.6084
-4.60347
-4.59787
-4.59152
-4.58437
-4.57635
-4.5674
-4.55747
-4.54652
-4.5345
-4.52137
-4.50711
-4.49168
-4.47507
-4.45727
-4.43826
-4.41806
-4.39668
-4.37416
-4.35055
-4.32588
-4.30023
-4.27369
-4.24656
-4.21889
-4.63189
-4.63513
-4.63926
-4.64343
-4.64723
-4.65067
-4.65374
-4.65642
-4.6587
-4.66056
-4.66199
-4.66296
-4.66346
-4.66345
-4.66293
-4.66186
-4.66023
-4.65802
-4.65524
-4.65189
-4.64794
-4.64341
-4.63826
-4.63247
-4.62599
-4.61878
-4.61078
-4.60193
-4.59218
-4.58149
-4.56981
-4.55711
-4.54337
-4.52855
-4.51264
-4.49563
-4.47752
-4.45832
-4.43804
-4.41673
-4.39441
-4.37114
-4.34697
-4.32199
-4.29645
-4.27042
-4.67375
-4.67673
-4.6805
-4.68426
-4.68767
-4.69073
-4.69342
-4.69574
-4.69767
-4.6992
-4.70031
-4.70098
-4.7012
-4.70096
-4.70021
-4.69896
-4.69715
-4.6948
-4.69187
-4.68836
-4.68427
-4.67958
-4.67429
-4.66838
-4.66182
-4.65458
-4.64661
-4.63786
-4.62829
-4.61786
-4.60652
-4.59425
-4.58101
-4.56679
-4.55157
-4.53535
-4.51811
-4.49988
-4.48066
-4.4605
-4.43943
-4.41749
-4.39473
-4.37123
-4.34722
-4.32275
-4.7159
-4.71865
-4.72209
-4.7255
-4.72856
-4.73127
-4.73363
-4.73562
-4.73722
-4.73843
-4.73923
-4.73962
-4.73958
-4.7391
-4.73815
-4.73672
-4.73478
-4.73231
-4.72929
-4.72571
-4.72155
-4.7168
-4.71145
-4.7055
-4.69892
-4.69169
-4.68378
-4.67515
-4.66577
-4.65559
-4.64459
-4.63274
-4.62
-4.60636
-4.59182
-4.57635
-4.55996
-4.54266
-4.52448
-4.50543
-4.48556
-4.4649
-4.44349
-4.42142
-4.39889
-4.37594
-4.75833
-4.76088
-4.76403
-4.76713
-4.76988
-4.77228
-4.77433
-4.77601
-4.77732
-4.77823
-4.77875
-4.77887
-4.77857
-4.77786
-4.77672
-4.77513
-4.77306
-4.7705
-4.76743
-4.76381
-4.75964
-4.7549
-4.74958
-4.74366
-4.73713
-4.72998
-4.72218
-4.71371
-4.70454
-4.69464
-4.68398
-4.67253
-4.66029
-4.64722
-4.63333
-4.6186
-4.60303
-4.58664
-4.56944
-4.55147
-4.53276
-4.51333
-4.49325
-4.47256
-4.45146
-4.43001
-4.80103
-4.8034
-4.80629
-4.80911
-4.81158
-4.81371
-4.81549
-4.8169
-4.81793
-4.81857
-4.81882
-4.81869
-4.81815
-4.81723
-4.81589
-4.81414
-4.81196
-4.80932
-4.8062
-4.80258
-4.79844
-4.79376
-4.78851
-4.78269
-4.77629
-4.76928
-4.76165
-4.75339
-4.74447
-4.73487
-4.72458
-4.71356
-4.7018
-4.6893
-4.67605
-4.66204
-4.64727
-4.63176
-4.61552
-4.59859
-4.58099
-4.56276
-4.54394
-4.52458
-4.50488
-4.48488
-4.84397
-4.84617
-4.84884
-4.85141
-4.85364
-4.85553
-4.85706
-4.85822
-4.859
-4.8594
-4.85941
-4.85904
-4.85829
-4.85715
-4.85564
-4.85374
-4.85144
-4.84872
-4.84557
-4.84196
-4.83786
-4.83326
-4.82813
-4.82246
-4.81623
-4.80942
-4.80202
-4.79402
-4.7854
-4.77614
-4.76624
-4.75567
-4.74442
-4.73249
-4.71988
-4.70657
-4.69259
-4.67793
-4.66263
-4.64669
-4.63017
-4.61308
-4.59547
-4.57739
-4.55902
-4.54041
-4.88714
-4.88919
-4.89165
-4.89401
-4.89603
-4.89769
-4.899
-4.89994
-4.90049
-4.90067
-4.90047
-4.89988
-4.89893
-4.89761
-4.89593
-4.89389
-4.89148
-4.88869
-4.8855
-4.88189
-4.87785
-4.87334
-4.86834
-4.86284
-4.85681
-4.85024
-4.84312
-4.83542
-4.82714
-4.81827
-4.80879
-4.79869
-4.78797
-4.77663
-4.76466
-4.75206
-4.73884
-4.72502
-4.71062
-4.69565
-4.68015
-4.66416
-4.6477
-4.63084
-4.61373
-4.59642
-4.93051
-4.93243
-4.93471
-4.93687
-4.93869
-4.94016
-4.94126
-4.942
-4.94236
-4.94233
-4.94194
-4.94117
-4.94005
-4.93857
-4.93674
-4.93457
-4.93206
-4.9292
-4.92597
-4.92237
-4.91838
-4.91396
-4.9091
-4.90377
-4.89796
-4.89165
-4.88482
-4.87746
-4.86956
-4.8611
-4.85207
-4.84247
-4.8323
-4.82155
-4.81022
-4.79833
-4.78587
-4.77287
-4.75934
-4.74531
-4.7308
-4.71584
-4.70048
-4.68476
-4.66883
-4.65274
-4.97407
-4.97588
-4.978
-4.97998
-4.98162
-4.9829
-4.98382
-4.98437
-4.98455
-4.98435
-4.98379
-4.98286
-4.98158
-4.97997
-4.97802
-4.97575
-4.97315
-4.97024
-4.96699
-4.96339
-4.95944
-4.95511
-4.95038
-4.94523
-4.93964
-4.93359
-4.92707
-4.92005
-4.91254
-4.9045
-4.89595
-4.88686
-4.87725
-4.8671
-4.85643
-4.84524
-4.83353
-4.82133
-4.80865
-4.79552
-4.78195
-4.76799
-4.75367
-4.73903
-4.72421
-4.70925
-5.01782
-5.01953
-5.0215
-5.02332
-5.02479
-5.0259
-5.02664
-5.02703
-5.02704
-5.02668
-5.02597
-5.02491
-5.02351
-5.02179
-5.01975
-5.0174
-5.01474
-5.01179
-5.00852
-5.00495
-5.00105
-4.9968
-4.9922
-4.98722
-4.98184
-4.97605
-4.96983
-4.96316
-4.95603
-4.94843
-4.94035
-4.93178
-4.92272
-4.91318
-4.90316
-4.89266
-4.8817
-4.87028
-4.85843
-4.84616
-4.83351
-4.8205
-4.80716
-4.79354
-4.77977
-4.76587
-5.06173
-5.06337
-5.0652
-5.06687
-5.06818
-5.06912
-5.06971
-5.06994
-5.0698
-5.0693
-5.06847
-5.06729
-5.0658
-5.06399
-5.06188
-5.05948
-5.0568
-5.05383
-5.05057
-5.04703
-5.04319
-5.03904
-5.03456
-5.02975
-5.02458
-5.01904
-5.01311
-5.00678
-5.00003
-4.99285
-4.98524
-4.97718
-4.96868
-4.95974
-4.95036
-4.94054
-4.9303
-4.91964
-4.90859
-4.89717
-4.8854
-4.8733
-4.86091
-4.84826
-4.83547
-4.82257
-5.10581
-5.10739
-5.1091
-5.11062
-5.11178
-5.11258
-5.11301
-5.11309
-5.11281
-5.11219
-5.11125
-5.10998
-5.10841
-5.10655
-5.1044
-5.10198
-5.09929
-5.09633
-5.09311
-5.08962
-5.08586
-5.08181
-5.07747
-5.07283
-5.06787
-5.06257
-5.05692
-5.05092
-5.04454
-5.03777
-5.03062
-5.02306
-5.0151
-5.00674
-4.99799
-4.98884
-4.9793
-4.96939
-4.95912
-4.94851
-4.93759
-4.92637
-4.91489
-4.90317
-4.89133
-4.87938
-5.15006
-5.15159
-5.15319
-5.15457
-5.15559
-5.15624
-5.15653
-5.15647
-5.15606
-5.15534
-5.15429
-5.15296
-5.15134
-5.14944
-5.14728
-5.14486
-5.1422
-5.13928
-5.13612
-5.13271
-5.12904
-5.12512
-5.12093
-5.11646
-5.1117
-5.10665
-5.10129
-5.0956
-5.08958
-5.08322
-5.0765
-5.06943
-5.062
-5.05421
-5.04606
-5.03756
-5.0287
-5.01951
-5.01
-5.00018
-4.99008
-4.97971
-4.9691
-4.95829
-4.94736
-4.93633
-5.19447
-5.19596
-5.19746
-5.19872
-5.1996
-5.20011
-5.20026
-5.20007
-5.19955
-5.19872
-5.1976
-5.1962
-5.19455
-5.19264
-5.19049
-5.18811
-5.18549
-5.18264
-5.17956
-5.17625
-5.17271
-5.16893
-5.1649
-5.16062
-5.15609
-5.15128
-5.1462
-5.14083
-5.13516
-5.12919
-5.12291
-5.11632
-5.1094
-5.10216
-5.0946
-5.08672
-5.07853
-5.07004
-5.06126
-5.0522
-5.04289
-5.03335
-5.02359
-5.01365
-5.0036
-4.99348
-5.23904
-5.2405
-5.2419
-5.24304
-5.2438
-5.24417
-5.24419
-5.24387
-5.24324
-5.24233
-5.24114
-5.23971
-5.23804
-5.23614
-5.23402
-5.23169
-5.22914
-5.22638
-5.22341
-5.22023
-5.21683
-5.21321
-5.20937
-5.2053
-5.20099
-5.19644
-5.19165
-5.1866
-5.18129
-5.17571
-5.16985
-5.16371
-5.15729
-5.15059
-5.1436
-5.13633
-5.12879
-5.12097
-5.1129
-5.10459
-5.09605
-5.0873
-5.07837
-5.06927
-5.0601
-5.05085
-5.28376
-5.2852
-5.28652
-5.28755
-5.28818
-5.28843
-5.28831
-5.28788
-5.28715
-5.28615
-5.28492
-5.28346
-5.28179
-5.27992
-5.27785
-5.27559
-5.27313
-5.27048
-5.26764
-5.2646
-5.26137
-5.25793
-5.25429
-5.25044
-5.24638
-5.24211
-5.23761
-5.23288
-5.22793
-5.22273
-5.2173
-5.21162
-5.20569
-5.19951
-5.19308
-5.18641
-5.17949
-5.17233
-5.16495
-5.15735
-5.14956
-5.14158
-5.13345
-5.12519
-5.11686
-5.10847
-5.32863
-5.33006
-5.33131
-5.33225
-5.33275
-5.33286
-5.33262
-5.33207
-5.33125
-5.33019
-5.32891
-5.32745
-5.3258
-5.32397
-5.32197
-5.31979
-5.31744
-5.31492
-5.31222
-5.30935
-5.30629
-5.30305
-5.29963
-5.29602
-5.29222
-5.28823
-5.28404
-5.27965
-5.27505
-5.27025
-5.26524
-5.26001
-5.25457
-5.2489
-5.24303
-5.23693
-5.23062
-5.22411
-5.21739
-5.21049
-5.20342
-5.19619
-5.18884
-5.18138
-5.17389
-5.16636
-5.37363
-5.37509
-5.37628
-5.37712
-5.3775
-5.37747
-5.37709
-5.37643
-5.37552
-5.37441
-5.37312
-5.37166
-5.37004
-5.36827
-5.36635
-5.36428
-5.36205
-5.35967
-5.35713
-5.35443
-5.35156
-5.34854
-5.34535
-5.34199
-5.33846
-5.33476
-5.33089
-5.32684
-5.32262
-5.31821
-5.31363
-5.30885
-5.30389
-5.29874
-5.29341
-5.28789
-5.28218
-5.27629
-5.27022
-5.264
-5.25762
-5.25112
-5.24452
-5.23785
-5.23117
-5.22449
-5.41878
-5.4203
-5.42144
-5.42217
-5.42241
-5.42222
-5.42171
-5.42094
-5.41996
-5.41881
-5.41751
-5.41608
-5.41452
-5.41282
-5.41099
-5.40903
-5.40694
-5.4047
-5.40233
-5.39981
-5.39716
-5.39435
-5.3914
-5.38831
-5.38506
-5.38167
-5.37813
-5.37443
-5.37058
-5.36658
-5.36242
-5.3581
-5.35362
-5.34899
-5.34419
-5.33923
-5.33412
-5.32884
-5.32341
-5.31784
-5.31214
-5.30633
-5.30045
-5.29455
-5.28868
-5.28284
-5.46412
-5.46573
-5.46682
-5.46743
-5.46748
-5.46712
-5.46646
-5.46559
-5.46455
-5.46339
-5.4621
-5.46071
-5.45921
-5.4576
-5.45588
-5.45404
-5.45208
-5.45001
-5.44781
-5.44549
-5.44304
-5.44046
-5.43776
-5.43494
-5.43198
-5.4289
-5.42569
-5.42235
-5.41889
-5.41529
-5.41157
-5.40771
-5.40372
-5.39959
-5.39534
-5.39094
-5.38641
-5.38174
-5.37693
-5.37199
-5.36693
-5.36178
-5.35659
-5.35143
-5.34636
-5.34137
-5.50948
-5.51145
-5.51246
-5.51288
-5.5127
-5.51212
-5.51132
-5.51036
-5.50929
-5.50813
-5.50688
-5.50555
-5.50413
-5.50261
-5.501
-5.49929
-5.49748
-5.49556
-5.49354
-5.49141
-5.48918
-5.48684
-5.48439
-5.48184
-5.47918
-5.47642
-5.47355
-5.47058
-5.4675
-5.46431
-5.46102
-5.45763
-5.45413
-5.45052
-5.4468
-5.44297
-5.43902
-5.43495
-5.43075
-5.42642
-5.42198
-5.41743
-5.41286
-5.40841
-5.40417
-5.40004
-5.55441
-5.55743
-5.55837
-5.5585
-5.558
-5.55719
-5.55624
-5.55523
-5.55415
-5.55302
-5.55183
-5.55057
-5.54924
-5.54783
-5.54633
-5.54475
-5.54309
-5.54133
-5.53949
-5.53756
-5.53555
-5.53344
-5.53125
-5.52897
-5.52661
-5.52417
-5.52165
-5.51904
-5.51635
-5.51359
-5.51074
-5.50781
-5.5048
-5.50171
-5.49854
-5.49527
-5.49191
-5.48843
-5.48484
-5.48111
-5.47724
-5.47322
-5.46918
-5.46542
-5.46203
-5.45881
-5.59922
-5.60376
-5.60462
-5.60423
-5.60332
-5.60228
-5.60124
-5.60021
-5.59918
-5.5981
-5.59698
-5.59581
-5.59457
-5.59326
-5.59188
-5.59043
-5.58891
-5.58732
-5.58565
-5.58392
-5.58212
-5.58025
-5.57832
-5.57632
-5.57426
-5.57214
-5.56996
-5.56773
-5.56543
-5.56309
-5.56069
-5.55823
-5.55572
-5.55315
-5.55052
-5.54783
-5.54505
-5.54219
-5.5392
-5.53607
-5.53274
-5.52918
-5.52548
-5.52234
-5.51991
-5.51766
-5.64654
-5.65208
-5.65241
-5.65024
-5.64867
-5.64751
-5.6465
-5.64553
-5.64456
-5.64356
-5.64252
-5.64142
-5.64027
-5.63906
-5.63779
-5.63647
-5.63509
-5.63365
-5.63216
-5.63062
-5.62904
-5.6274
-5.62572
-5.62399
-5.62223
-5.62043
-5.61859
-5.61672
-5.61482
-5.61289
-5.61093
-5.60895
-5.60693
-5.60489
-5.60281
-5.6007
-5.59853
-5.59629
-5.59394
-5.59143
-5.58864
-5.5853
-5.58137
-5.57876
-5.57751
-5.57647
-5.69498
-5.70947
-5.70484
-5.6969
-5.69416
-5.69304
-5.69214
-5.69126
-5.69036
-5.68943
-5.68845
-5.68742
-5.68635
-5.68523
-5.68406
-5.68286
-5.68161
-5.68033
-5.67901
-5.67766
-5.67627
-5.67487
-5.67343
-5.67198
-5.67051
-5.66902
-5.66753
-5.66602
-5.66451
-5.66299
-5.66147
-5.65995
-5.65843
-5.65691
-5.65539
-5.65386
-5.65232
-5.65074
-5.64908
-5.64724
-5.64495
-5.64127
-5.63521
-5.63306
-5.63378
-5.63469
-5.71738
-5.78227
-5.75743
-5.74197
-5.73833
-5.73691
-5.73586
-5.73492
-5.73401
-5.73309
-5.73214
-5.73116
-5.73016
-5.72913
-5.72807
-5.727
-5.72591
-5.7248
-5.72368
-5.72255
-5.72141
-5.72027
-5.71913
-5.71799
-5.71686
-5.71574
-5.71464
-5.71355
-5.71249
-5.71145
-5.71043
-5.70945
-5.7085
-5.70758
-5.70669
-5.70583
-5.70499
-5.70414
-5.70323
-5.70212
-5.70036
-5.69627
-5.68597
-5.68411
-5.69043
-5.69351
-287.464
-53.5449
-1.00004
0.983318
0.64755
0.707778
0.739015
0.839992
192.783
49.3255
3.4282
-0.52412
1.55456
1.52601
1.3992
1.42995
352.935
202.156
68.5159
-4.16048
-3.65705
0.577534
2.07562
1.78392
265.39
182.384
108.09
51.4725
2.96918
-19.4843
-3.54346
1.17597
170.013
123.97
85.4286
53.8112
23.7126
-6.2065
-23.9876
-19.4502
91.7995
62.9869
38.6363
19.2867
4.88916
-7.0114
-18.9599
-28.0058
18.1876
0.158403
-14.8605
-25.9614
-32.806
-35.4911
-35.51
-34.7394
-45.2272
-53.7975
-61.1628
-66.661
-69.366
-68.5427
-64.09
-56.8579
-84.2924
-91.6761
-94.5696
-95.8619
-95.7102
-93.5986
-88.6631
-80.2974
-50.7005
-69.8711
-89.7804
-104.663
-109.058
-107.418
-103.341
-97.0021
-11.5533
-16.2083
-28.5678
-54.3679
-86.7463
-105.812
-107.364
-103.72
-7.42091
-8.31402
-10.1883
-13.849
-33.285
-71.7603
-97.8721
-102.104
-7.16737
-7.23796
-7.40052
-7.76776
-9.27406
-23.0712
-69.7617
-94.9873
-7.48079
-7.5542
-7.62721
-7.70254
-7.72772
-9.06972
-31.343
-79.2457
-7.62663
-7.73696
-7.85196
-7.95301
-7.98812
-8.47431
-17.4345
-63.6033
-7.70663
-7.8126
-7.90949
-7.97277
-7.96156
-8.36297
-14.1206
-55.2559
-7.78485
-7.89312
-7.9787
-8.01268
-7.95579
-8.24392
-14.07
-50.4254
-7.87172
-8.00373
-8.11365
-8.17978
-8.18476
-8.40165
-16.8278
-45.5823
-7.94042
-8.09457
-8.21933
-8.29973
-8.52777
-9.22236
-24.5904
-40.0298
-7.96653
-8.12957
-8.25121
-8.31338
-8.60486
-10.4088
-27.1125
-29.8904
-7.94119
-8.11105
-8.23858
-8.30349
-8.52388
-9.90147
-20.6907
-19.5376
-7.83924
-8.00921
-8.14596
-8.21506
-8.16371
-8.09664
-13.0207
-13.609
-7.64753
-7.81832
-7.96892
-8.08472
-8.04322
-8.11389
-4.71581
-8.48519
-7.37229
-7.5436
-7.69956
-7.83723
-7.94606
-7.71905
-3.26917
2.31411
-7.0249
-7.2002
-7.37324
-7.53978
-7.6939
-7.69027
-7.3931
-2.31009
-6.57017
-6.73081
-6.91835
-7.13857
-7.35223
-7.35008
-7.25712
-7.33847
-5.9622
-6.02887
-6.10107
-6.18408
-6.22076
-6.08777
-5.84819
-5.68114
-5.34248
-5.3054
-5.24385
-5.14479
-4.97775
-4.71507
-4.3877
-3.93583
-4.83292
-4.7389
-4.61575
-4.45559
-4.24404
-3.97366
-3.65146
-3.2589
-4.43945
-4.31914
-4.17347
-4.00082
-3.79565
-3.55361
-3.27706
-2.97262
-4.14788
-4.02014
-3.87198
-3.70471
-3.51614
-3.30393
-3.06994
-2.82582
-3.93711
-3.81264
-3.67234
-3.519
-3.35177
-3.16932
-2.97338
-2.77402
-3.78638
-3.67007
-3.54158
-3.40429
-3.25796
-3.10164
-2.93678
-2.77187
-3.67973
-3.57322
-3.45721
-3.33529
-3.20739
-3.07274
-2.93248
-2.79386
-3.60527
-3.50865
-3.40448
-3.2963
-3.18414
-3.06726
-2.94653
-2.82824
-3.55454
-3.46716
-3.37375
-3.27762
-3.1788
-3.07655
-2.97157
-2.86928
-3.52214
-3.4431
-3.35917
-3.2734
-3.18582
-3.09573
-3.00364
-2.91423
-3.50441
-3.43287
-3.35724
-3.28034
-3.20221
-3.12221
-3.04076
-2.96185
-3.49819
-3.43335
-3.36508
-3.29591
-3.22587
-3.15438
-3.08177
-3.01151
-3.50121
-3.44228
-3.38047
-3.31805
-3.25501
-3.19081
-3.1257
-3.06272
-3.51196
-3.45825
-3.40208
-3.3455
-3.28849
-3.23054
-3.17188
-3.11516
-3.52922
-3.48013
-3.42892
-3.37741
-3.32561
-3.27307
-3.21999
-3.16868
-3.5519
-3.50695
-3.46014
-3.41311
-3.36589
-3.31807
-3.26984
-3.22322
-3.57917
-3.53791
-3.49503
-3.452
-3.40885
-3.36521
-3.3212
-3.27865
-3.61032
-3.57239
-3.53303
-3.49358
-3.45405
-3.41408
-3.37378
-3.33476
-3.64473
-3.60982
-3.57364
-3.53739
-3.50106
-3.46432
-3.42727
-3.39134
-3.68187
-3.64969
-3.61635
-3.58295
-3.54946
-3.51559
-3.4814
-3.44823
-3.72136
-3.6916
-3.66079
-3.6299
-3.59893
-3.5676
-3.536
-3.50532
-3.76284
-3.73523
-3.70664
-3.67799
-3.64927
-3.62024
-3.59099
-3.5626
-3.80597
-3.78027
-3.75369
-3.72706
-3.7004
-3.67349
-3.6464
-3.62012
-3.85057
-3.8266
-3.80186
-3.77711
-3.75236
-3.72741
-3.70232
-3.67797
-3.89658
-3.87423
-3.8512
-3.82821
-3.80524
-3.78209
-3.7588
-3.73618
-3.94398
-3.92317
-3.90176
-3.88039
-3.85904
-3.83751
-3.81584
-3.79475
-3.99272
-3.97336
-3.95344
-3.93354
-3.91364
-3.89356
-3.87331
-3.8536
-4.04264
-4.02459
-4.00601
-3.98743
-3.96882
-3.95003
-3.93108
-3.91263
-4.09347
-4.0766
-4.05921
-4.0418
-4.02437
-4.00677
-3.98904
-3.97178
-4.145
-4.12917
-4.11285
-4.09652
-4.08019
-4.06373
-4.04717
-4.03107
-4.19714
-4.18224
-4.16692
-4.15161
-4.13634
-4.12097
-4.10555
-4.09058
-4.24993
-4.23591
-4.22154
-4.20722
-4.19297
-4.17866
-4.16432
-4.15041
-4.30348
-4.29033
-4.27688
-4.26352
-4.25024
-4.23692
-4.22359
-4.21065
-4.3579
-4.34561
-4.33306
-4.32061
-4.30823
-4.29582
-4.28339
-4.27131
-4.41318
-4.40175
-4.39006
-4.37846
-4.36691
-4.35531
-4.34367
-4.33235
-4.46925
-4.45863
-4.44777
-4.43694
-4.42614
-4.41527
-4.40434
-4.39368
-4.52592
-4.51608
-4.50597
-4.49586
-4.48575
-4.47554
-4.46525
-4.45519
-4.583
-4.57387
-4.56445
-4.55501
-4.54553
-4.53594
-4.52625
-4.51678
-4.6403
-4.63182
-4.62305
-4.61423
-4.60536
-4.59637
-4.58727
-4.57838
-4.6977
-4.68982
-4.68165
-4.67343
-4.66515
-4.65675
-4.64825
-4.63994
-4.75514
-4.74781
-4.74022
-4.73258
-4.72488
-4.71708
-4.70918
-4.70146
-4.8126
-4.8058
-4.79877
-4.79169
-4.78458
-4.77737
-4.77008
-4.76295
-4.87014
-4.86385
-4.85735
-4.85083
-4.84429
-4.83767
-4.83098
-4.82445
-4.9278
-4.922
-4.91603
-4.91006
-4.90407
-4.89803
-4.89194
-4.886
-4.98564
-4.98032
-4.97487
-4.96942
-4.96399
-4.95851
-4.95299
-4.94761
-5.04369
-5.03885
-5.0339
-5.02897
-5.02407
-5.01913
-5.01417
-5.00933
-5.102
-5.09762
-5.09316
-5.08874
-5.08433
-5.07992
-5.07548
-5.07116
-5.16055
-5.15664
-5.15266
-5.14871
-5.1448
-5.14088
-5.13695
-5.13312
-5.21935
-5.21589
-5.21237
-5.2089
-5.20546
-5.20201
-5.19856
-5.19521
-5.27836
-5.27535
-5.27229
-5.26928
-5.26629
-5.26331
-5.26033
-5.25743
-5.33755
-5.33499
-5.33239
-5.32983
-5.3273
-5.32476
-5.32223
-5.31977
-5.3969
-5.39478
-5.39264
-5.39053
-5.38844
-5.38636
-5.38427
-5.38224
-5.45635
-5.4547
-5.45302
-5.45137
-5.44973
-5.44808
-5.44643
-5.44483
-5.51591
-5.51473
-5.51353
-5.51234
-5.51115
-5.50994
-5.50873
-5.50754
-5.57559
-5.57492
-5.57419
-5.57346
-5.57272
-5.57195
-5.57117
-5.57039
-5.63515
-5.63517
-5.63501
-5.63478
-5.6345
-5.63417
-5.63379
-5.63338
-5.6941
-5.69449
-5.69495
-5.69534
-5.69565
-5.69588
-5.69605
-5.69622
1.35217
1.58161
1.65905
1.70638
1.73948
1.76441
1.78256
1.79456
1.80092
1.80228
1.79943
1.79323
1.78443
1.77368
1.76143
1.74819
1.73441
1.72036
1.70618
1.692
1.67801
1.6644
1.65126
1.63869
1.62675
1.61548
1.60492
1.5951
1.58613
1.57809
1.57105
1.56499
1.55988
1.55568
1.55243
1.55021
1.5491
1.54899
1.47779
1.50637
1.56704
1.62348
1.66809
1.70212
1.72653
1.74224
1.75032
1.75198
1.74849
1.74103
1.73068
1.71826
1.70437
1.68955
1.67431
1.65894
1.6436
1.62842
1.61355
1.59915
1.58533
1.57215
1.55971
1.54801
1.5371
1.52701
1.51782
1.50959
1.50238
1.49619
1.49098
1.48673
1.48345
1.48125
1.4802
1.48016
1.42303
1.43985
1.48124
1.54186
1.59882
1.64346
1.67486
1.6943
1.70368
1.70503
1.70021
1.69089
1.67843
1.66386
1.64794
1.63126
1.61431
1.59741
1.58076
1.56445
1.54861
1.53335
1.51876
1.50492
1.49192
1.47977
1.46849
1.45811
1.44867
1.44025
1.43288
1.42656
1.42124
1.41692
1.41362
1.41144
1.41046
1.4105
1.45157
1.43091
1.40151
1.45769
1.53175
1.59049
1.62963
1.65232
1.66206
1.66206
1.65495
1.64292
1.62765
1.6104
1.59202
1.57313
1.55422
1.53562
1.51749
1.49994
1.48304
1.46684
1.45144
1.4369
1.42331
1.41068
1.39902
1.38834
1.37866
1.37003
1.36249
1.35602
1.3506
1.34622
1.34289
1.34075
1.33984
1.33998
0.585492
1.34367
1.3669
1.39248
1.47579
1.54879
1.59452
1.6185
1.62666
1.62364
1.61291
1.5971
1.57821
1.55765
1.53635
1.51493
1.49383
1.47334
1.45362
1.43473
1.41669
1.39954
1.38329
1.36803
1.35383
1.34071
1.32866
1.31767
1.30774
1.29891
1.29119
1.28458
1.27905
1.2746
1.27126
1.26915
1.26833
1.26857
-11.5835
0.618939
1.27265
1.40183
1.45889
1.52843
1.5743
1.5953
1.59843
1.59011
1.57402
1.55319
1.52979
1.50529
1.48062
1.45636
1.43287
1.41035
1.38892
1.36862
1.34942
1.33129
1.31421
1.29824
1.28343
1.26981
1.25737
1.24607
1.23588
1.22684
1.21894
1.21218
1.20655
1.20204
1.1987
1.19664
1.19591
1.19625
-34.6322
-1.90132
1.15473
1.44548
1.49889
1.53763
1.57226
1.5839
1.578
1.56123
1.53778
1.51063
1.48185
1.45281
1.42437
1.39702
1.37099
1.34636
1.32317
1.30142
1.28105
1.26196
1.24408
1.22742
1.21204
1.19794
1.1851
1.17348
1.16304
1.15378
1.14571
1.13882
1.13309
1.12854
1.1252
1.12319
1.12255
1.12298
-52.5205
-10.4931
0.91184
1.43778
1.57942
1.58278
1.59001
1.5846
1.56436
1.53593
1.50315
1.46847
1.43357
1.39953
1.36705
1.33646
1.30782
1.28107
1.25615
1.23298
1.21144
1.19141
1.17276
1.15548
1.13956
1.12501
1.11179
1.09985
1.08916
1.0797
1.07146
1.06445
1.05864
1.05405
1.05073
1.04878
1.04822
1.04874
-69.3627
-26.8125
0.234783
1.50583
1.72724
1.6692
1.62685
1.59506
1.55529
1.51214
1.4684
1.42533
1.38386
1.34462
1.308
1.27415
1.24295
1.21418
1.18761
1.16309
1.14046
1.11953
1.10017
1.0823
1.06589
1.05093
1.03736
1.02514
1.01421
1.00456
0.996173
0.98905
0.983179
0.978571
0.975272
0.97338
0.972905
0.9735
-85.7416
-46.7758
-2.22264
1.63269
1.90991
1.77661
1.67275
1.60894
1.54649
1.4867
1.43116
1.37943
1.33141
1.28709
1.24649
1.20953
1.17594
1.1453
1.11727
1.09156
1.06794
1.0462
1.02619
1.00779
0.990958
0.97563
0.961754
0.949271
0.938134
0.928319
0.919812
0.912603
0.906685
0.90207
0.898802
0.896974
0.89658
0.897248
-95.0645
-60.8138
-5.72407
1.74628
2.09801
1.87611
1.71325
1.61759
1.53215
1.45558
1.38857
1.32875
1.27476
1.2259
1.18178
1.14207
1.10635
1.0741
1.04483
1.01814
0.993709
0.9713
0.950734
0.93189
0.914684
0.899048
0.884914
0.872216
0.860907
0.850959
0.842355
0.835083
0.829138
0.824532
0.821304
0.819542
0.819225
0.81996
-96.3612
-65.1885
-8.35151
1.8754
2.24262
1.94546
1.73637
1.61259
1.50594
1.41449
1.33771
1.27123
1.21246
1.16003
1.11315
1.07127
1.03386
1.00032
0.970076
0.942633
0.917596
0.894682
0.873696
0.854504
0.83701
0.821132
0.806795
0.793933
0.782495
0.772451
0.763781
0.756473
0.750522
0.745938
0.742759
0.741066
0.740824
0.74162
-96.6062
-63.0608
-8.85443
1.85137
2.31576
1.96909
1.73071
1.58494
1.46155
1.35931
1.27587
1.20508
1.14331
1.08864
1.04
0.996713
0.958174
0.923761
0.892861
0.864917
0.839484
0.816245
0.794989
0.775569
0.75788
0.741836
0.727361
0.714391
0.702873
0.692773
0.684072
0.676756
0.670822
0.666277
0.663157
0.661534
0.661363
0.662216
-98.9318
-58.6353
-8.56748
1.52246
2.23491
1.91263
1.68245
1.52707
1.39374
1.2868
1.20104
1.12902
1.06647
1.01117
0.961944
0.918117
0.879106
0.844309
0.813108
0.784931
0.759315
0.735932
0.714556
0.69503
0.677248
0.661124
0.646585
0.633567
0.62202
0.61191
0.603215
0.595922
0.590028
0.585539
0.582487
0.580938
0.580837
0.581741
-97.2675
-49.6602
-7.07931
1.40349
2.04133
1.79058
1.59041
1.43304
1.29955
1.19525
1.11229
1.04258
0.981708
0.927481
0.878879
0.835388
0.796569
0.761891
0.730767
0.702642
0.677069
0.65372
0.632369
0.61286
0.595088
0.578972
0.564444
0.551446
0.539926
0.529852
0.521202
0.513964
0.508135
0.50372
0.500745
0.499275
0.49924
0.500192
-87.2681
-34.6351
-4.04857
1.59434
1.82158
1.62499
1.45322
1.30175
1.17864
1.08494
1.01005
0.946215
0.889426
0.837893
0.791031
0.748677
0.710642
0.676537
0.645845
0.618054
0.592744
0.569605
0.548421
0.529046
0.511385
0.495367
0.48093
0.468018
0.456585
0.446595
0.438031
0.430882
0.425144
0.42082
0.417934
0.416544
0.416575
0.417569
-67.9935
-17.1961
-1.26172
1.54959
1.51862
1.39386
1.25886
1.13244
1.03362
0.958542
0.896519
0.841522
0.790737
0.743149
0.698904
0.658329
0.621557
0.588392
0.558427
0.531213
0.506368
0.483602
0.46272
0.443593
0.426142
0.41031
0.396042
0.383286
0.371997
0.362143
0.353707
0.34668
0.341059
0.336846
0.334059
0.332754
0.332847
0.333879
-42.6694
-7.07949
-0.155888
1.05469
1.12444
1.08667
1.01241
0.934018
0.871552
0.821118
0.775482
0.731113
0.687252
0.644334
0.60321
0.564812
0.529632
0.497678
0.468664
0.442218
0.417999
0.395746
0.375286
0.356513
0.33937
0.323812
0.309792
0.29726
0.286173
0.276505
0.268239
0.26137
0.255893
0.251808
0.249132
0.247914
0.248068
0.249134
-21.0947
-3.0316
0.102429
0.590827
0.701673
0.751218
0.749701
0.727859
0.705425
0.681158
0.652045
0.618236
0.581189
0.542746
0.504743
0.468635
0.435206
0.404628
0.376721
0.351184
0.327717
0.30609
0.286155
0.267835
0.251092
0.235894
0.222198
0.209957
0.199132
0.189699
0.181646
0.174968
0.169661
0.165723
0.163167
0.162041
0.162254
0.163348
-14.7975
-1.47854
0.0107296
0.257603
0.360668
0.461286
0.514326
0.53862
0.549411
0.54674
0.531142
0.505843
0.474281
0.439543
0.404255
0.370283
0.338595
0.309457
0.282753
0.258222
0.235603
0.214693
0.195374
0.177597
0.161342
0.146585
0.133287
0.121403
0.110896
0.101748
0.0939495
0.0874967
0.0823854
0.0786123
0.0761882
0.0751573
0.0754262
0.076544
-11.6954
-0.761073
-0.0331927
0.0171117
0.124187
0.251694
0.332697
0.382843
0.413383
0.423748
0.416242
0.396016
0.367815
0.33554
0.302291
0.270127
0.240059
0.212352
0.186891
0.163432
0.141731
0.121614
0.102994
0.0858457
0.0701632
0.0559262
0.0430965
0.0316313
0.0214988
0.0126833
0.00517972
-0.0010147
-0.00590485
-0.00949583
-0.0117787
-0.0127114
-0.0123884
-0.0112521
-14.9949
-0.470669
-0.0427508
-0.131303
-0.020636
0.119496
0.208508
0.264942
0.300645
0.314421
0.308759
0.28959
0.262278
0.231051
0.199088
0.168367
0.139764
0.113445
0.0892425
0.0668948
0.0461673
0.0269114
0.00906808
-0.00736821
-0.0223968
-0.0360381
-0.0483313
-0.0593171
-0.0690227
-0.0774589
-0.084628
-0.0905321
-0.0951771
-0.0985694
-0.100702
-0.101533
-0.101159
-0.100009
-12.7616
-1.27332
0.195482
-0.205804
-0.131931
0.0313286
0.130914
0.181485
0.209524
0.217736
0.207989
0.186057
0.157333
0.125888
0.0945786
0.0650111
0.0377608
0.0128018
-0.0101303
-0.0313321
-0.0510334
-0.0693597
-0.0863468
-0.101988
-0.116283
-0.129256
-0.140948
-0.151396
-0.160624
-0.168636
-0.175432
-0.181016
-0.185393
-0.188571
-0.190544
-0.191272
-0.190848
-0.18969
-4.42388
-1.54021
1.09806
0.106211
-0.13505
-0.00198682
0.0981122
0.127944
0.135972
0.130369
0.11142
0.0837061
0.0519116
0.0194392
-0.0115548
-0.0400807
-0.0659964
-0.0895776
-0.111206
-0.131215
-0.149827
-0.167146
-0.183192
-0.197954
-0.211436
-0.22367
-0.234698
-0.244554
-0.253254
-0.260799
-0.267187
-0.272421
-0.27651
-0.27946
-0.281265
-0.281887
-0.281416
-0.280254
-2.26886
-4.26713
3.24222
0.694144
0.0779627
0.0585422
0.0976757
0.0917302
0.0716072
0.0462687
0.0148372
-0.0201817
-0.0556099
-0.0891979
-0.119784
-0.147143
-0.171617
-0.193738
-0.213991
-0.232733
-0.250173
-0.266392
-0.281403
-0.295197
-0.30779
-0.319218
-0.329522
-0.338732
-0.346857
-0.353894
-0.35984
-0.364699
-0.368479
-0.371188
-0.372819
-0.373333
-0.372817
-0.371656
-6.84836
-3.97182
1.06597
0.685088
0.232004
0.114943
0.0922009
0.0506459
0.00267949
-0.0430991
-0.0870806
-0.128814
-0.167055
-0.201006
-0.230623
-0.256441
-0.279238
-0.299741
-0.318501
-0.335866
-0.352023
-0.367034
-0.380908
-0.393646
-0.405273
-0.415829
-0.425353
-0.433866
-0.441371
-0.447862
-0.453336
-0.457796
-0.46125
-0.463706
-0.465155
-0.465559
-0.464999
-0.463844
-4.90701
-1.99441
-0.368821
0.870978
0.49483
0.212186
0.0774583
-0.0114454
-0.0846356
-0.146588
-0.199533
-0.24509
-0.283963
-0.316781
-0.344483
-0.368194
-0.388973
-0.407638
-0.424735
-0.440577
-0.455314
-0.468994
-0.481625
-0.493219
-0.503806
-0.513429
-0.522117
-0.529885
-0.536728
-0.542638
-0.547612
-0.551651
-0.554765
-0.556958
-0.55822
-0.558511
-0.557911
-0.556765
-2.71782
-1.2264
-0.340625
0.203508
0.440621
0.206704
-0.00371377
-0.121069
-0.204695
-0.27175
-0.32623
-0.370752
-0.407137
-0.436903
-0.461558
-0.482505
-0.500869
-0.517428
-0.532654
-0.546794
-0.559957
-0.572175
-0.583457
-0.593821
-0.603301
-0.611931
-0.619734
-0.626711
-0.632855
-0.638154
-0.642603
-0.646205
-0.648965
-0.650886
-0.651956
-0.652134
-0.651494
-0.650361
-2.41244
-1.41836
-0.706592
-0.243686
-0.0442444
-0.0917889
-0.205292
-0.292173
-0.362075
-0.420086
-0.467408
-0.505615
-0.536344
-0.561206
-0.581752
-0.599312
-0.614864
-0.629032
-0.642157
-0.654403
-0.665832
-0.67646
-0.686293
-0.695351
-0.70366
-0.711245
-0.718115
-0.724264
-0.729676
-0.734337
-0.738242
-0.741391
-0.743787
-0.74543
-0.746303
-0.746366
-0.745688
-0.744573
-2.4127
-1.66851
-1.08822
-0.686532
-0.483413
-0.436909
-0.460711
-0.501893
-0.545451
-0.585478
-0.619615
-0.647676
-0.670436
-0.689046
-0.704696
-0.718378
-0.730774
-0.742277
-0.753076
-0.763241
-0.772787
-0.781709
-0.790008
-0.797692
-0.804777
-0.811271
-0.817169
-0.822455
-0.827107
-0.83111
-0.834455
-0.837141
-0.839165
-0.840524
-0.841198
-0.841145
-0.840431
-0.839335
-2.41205
-1.84952
-1.38498
-1.04425
-0.838804
-0.747867
-0.720998
-0.724452
-0.740302
-0.759552
-0.778007
-0.794142
-0.807815
-0.819499
-0.829823
-0.839311
-0.848289
-0.856901
-0.865177
-0.8731
-0.880638
-0.887764
-0.89446
-0.900718
-0.906535
-0.9119
-0.916795
-0.921192
-0.925065
-0.928394
-0.93117
-0.933384
-0.935032
-0.936103
-0.936575
-0.936406
-0.935657
-0.934584
-2.44703
-2.00946
-1.63165
-1.33958
-1.14251
-1.02909
-0.971
-0.944889
-0.935912
-0.935271
-0.938179
-0.942338
-0.946863
-0.951553
-0.95645
-0.961607
-0.967005
-0.972562
-0.978172
-0.983738
-0.989183
-0.99445
-0.999497
-1.00429
-1.00881
-1.01302
-1.01689
-1.02038
-1.02346
-1.02611
-1.02831
-1.03005
-1.03132
-1.0321
-1.03237
-1.03208
-1.0313
-1.03025
-2.50691
-2.15634
-1.8435
-1.59024
-1.40482
-1.28091
-1.20259
-1.15451
-1.12541
-1.10773
-1.09685
-1.09013
-1.08617
-1.08423
-1.08385
-1.08469
-1.08645
-1.08887
-1.09174
-1.09489
-1.0982
-1.10158
-1.10496
-1.10827
-1.11147
-1.11451
-1.11734
-1.11992
-1.12221
-1.12417
-1.1258
-1.12706
-1.12795
-1.12844
-1.12851
-1.12811
-1.12729
-1.12627
-2.57461
-2.28689
-2.02384
-1.80223
-1.62936
-1.50232
-1.41217
-1.34916
-1.30513
-1.27409
-1.25192
-1.23598
-1.22459
-1.21663
-1.2113
-1.20796
-1.20613
-1.20543
-1.20556
-1.20629
-1.20747
-1.20897
-1.21068
-1.21251
-1.21439
-1.21626
-1.21805
-1.21972
-1.22121
-1.2225
-1.22356
-1.22435
-1.22486
-1.22506
-1.22493
-1.22442
-1.22357
-1.22258
-2.64324
-2.40201
-2.17735
-1.98178
-1.82162
-1.69607
-1.60024
-1.52807
-1.4739
-1.4331
-1.40226
-1.3789
-1.36125
-1.34799
-1.33811
-1.33084
-1.32557
-1.32184
-1.3193
-1.31768
-1.31677
-1.31642
-1.31648
-1.31685
-1.31743
-1.31814
-1.31891
-1.31968
-1.32039
-1.32102
-1.32151
-1.32184
-1.32198
-1.32189
-1.32156
-1.32094
-1.32006
-1.3191
-2.71049
-2.50431
-2.30958
-2.13564
-1.98789
-1.86663
-1.76937
-1.69242
-1.63195
-1.58453
-1.54735
-1.51824
-1.49545
-1.47763
-1.4637
-1.45282
-1.44434
-1.43775
-1.43267
-1.4288
-1.42589
-1.42375
-1.42221
-1.42116
-1.42046
-1.42004
-1.41981
-1.4197
-1.41966
-1.41963
-1.41958
-1.41945
-1.41923
-1.41887
-1.41834
-1.41761
-1.4167
-1.41577
-2.77597
-2.59679
-2.42579
-2.27002
-2.13402
-2.01864
-1.92272
-1.84411
-1.78024
-1.72863
-1.68705
-1.6536
-1.62669
-1.60503
-1.58757
-1.57346
-1.56206
-1.55285
-1.54541
-1.53942
-1.53461
-1.53077
-1.52771
-1.52528
-1.52336
-1.52185
-1.52066
-1.51971
-1.51894
-1.51828
-1.51769
-1.51712
-1.51654
-1.51591
-1.5152
-1.51436
-1.51343
-1.51254
-2.84
-2.68214
-2.53035
-2.39001
-2.26492
-2.15612
-2.06323
-1.98504
-1.91985
-1.86588
-1.82137
-1.78475
-1.75462
-1.72981
-1.70934
-1.69243
-1.67844
-1.66687
-1.65728
-1.64935
-1.64278
-1.63733
-1.63283
-1.6291
-1.62602
-1.62347
-1.62136
-1.61961
-1.61813
-1.61687
-1.61577
-1.61478
-1.61386
-1.61297
-1.61207
-1.61113
-1.61019
-1.60932
-2.90305
-2.76245
-2.62652
-2.49941
-2.38431
-2.28228
-2.19335
-2.11688
-2.05178
-1.99676
-1.95046
-1.91161
-1.87903
-1.85172
-1.82876
-1.80948
-1.79326
-1.77961
-1.7681
-1.7584
-1.75021
-1.74329
-1.73744
-1.7325
-1.72833
-1.72481
-1.72183
-1.71932
-1.71718
-1.71535
-1.71376
-1.71236
-1.71111
-1.70997
-1.7089
-1.70787
-1.70691
-1.70608
-2.96544
-2.83917
-2.71658
-2.60094
-2.49492
-2.39951
-2.31497
-2.24099
-2.17688
-2.12173
-2.07452
-2.03421
-1.99986
-1.97061
-1.94568
-1.92444
-1.90634
-1.8909
-1.8777
-1.86642
-1.85677
-1.8485
-1.84143
-1.83537
-1.83019
-1.82577
-1.822
-1.81877
-1.81601
-1.81364
-1.81158
-1.8098
-1.80824
-1.80686
-1.80563
-1.80452
-1.80354
-1.80274
-3.02742
-2.91328
-2.80209
-2.69646
-2.59865
-2.50955
-2.4295
-2.35842
-2.29589
-2.24127
-2.19379
-2.15267
-2.11714
-2.08647
-2.06003
-2.03723
-2.01758
-2.00062
-1.98597
-1.9733
-1.96235
-1.95288
-1.9447
-1.93763
-1.93154
-1.92629
-1.92177
-1.91789
-1.91455
-1.91167
-1.90918
-1.90704
-1.90519
-1.90359
-1.90221
-1.90101
-1.90002
-1.89926
-3.08918
-2.98546
-2.88411
-2.78728
-2.69686
-2.61366
-2.53803
-2.47004
-2.40945
-2.35581
-2.30859
-2.26717
-2.23096
-2.19936
-2.1718
-2.1478
-2.1269
-2.10868
-2.0928
-2.07894
-2.06686
-2.05634
-2.04717
-2.03921
-2.03229
-2.0263
-2.02111
-2.01662
-2.01274
-2.00939
-2.0065
-2.00402
-2.0019
-2.0001
-1.99858
-1.99731
-1.99631
-1.99559
-3.15084
-3.05615
-2.96337
-2.87429
-2.79053
-2.71278
-2.64142
-2.57657
-2.51813
-2.46582
-2.41925
-2.37797
-2.3415
-2.30935
-2.28104
-2.25615
-2.23427
-2.21504
-2.19813
-2.18328
-2.17025
-2.15881
-2.1488
-2.14005
-2.1324
-2.12574
-2.11993
-2.11489
-2.11052
-2.10674
-2.10349
-2.1007
-2.09833
-2.09634
-2.0947
-2.09337
-2.09236
-2.09167
-3.21243
-3.12561
-3.04035
-2.95814
-2.88037
-2.80765
-2.74035
-2.67863
-2.62249
-2.57174
-2.52614
-2.48533
-2.44893
-2.41655
-2.3878
-2.36229
-2.33969
-2.31967
-2.30196
-2.28629
-2.27246
-2.26027
-2.24953
-2.2401
-2.23181
-2.22455
-2.21821
-2.21267
-2.20785
-2.20368
-2.2001
-2.19703
-2.19444
-2.19228
-2.19052
-2.18914
-2.18813
-2.18748
-3.27392
-3.19401
-3.11539
-3.0393
-2.96695
-2.89888
-2.83543
-2.7768
-2.72302
-2.67401
-2.62959
-2.5895
-2.55344
-2.5211
-2.49215
-2.46628
-2.44318
-2.42259
-2.40426
-2.38796
-2.3735
-2.36068
-2.34934
-2.33932
-2.33049
-2.32271
-2.31588
-2.3099
-2.30469
-2.30017
-2.29628
-2.29297
-2.29018
-2.28787
-2.28602
-2.28458
-2.28358
-2.28296
-3.33525
-3.26147
-3.18876
-3.11817
-3.05076
-2.98699
-2.92719
-2.87156
-2.82018
-2.773
-2.72991
-2.69073
-2.65522
-2.62314
-2.59421
-2.56817
-2.54479
-2.52383
-2.50506
-2.4883
-2.47335
-2.46004
-2.4482
-2.4377
-2.42839
-2.42016
-2.41291
-2.40655
-2.40099
-2.39617
-2.39202
-2.38849
-2.38553
-2.38309
-2.38115
-2.37967
-2.37867
-2.37809
-3.39639
-3.3281
-3.2607
-3.19509
-3.1322
-3.07243
-3.01609
-2.96336
-2.91435
-2.86905
-2.8274
-2.78926
-2.75445
-2.7228
-2.69407
-2.66807
-2.6446
-2.62344
-2.60441
-2.58733
-2.57202
-2.55833
-2.5461
-2.5352
-2.5255
-2.51689
-2.50929
-2.50259
-2.49674
-2.49165
-2.48728
-2.48356
-2.48044
-2.4779
-2.47588
-2.47438
-2.47338
-2.47283
-3.45733
-3.39402
-3.33144
-3.27038
-3.21164
-3.15559
-3.1025
-3.05256
-3.00586
-2.96245
-2.92229
-2.88529
-2.85132
-2.82024
-2.79189
-2.76609
-2.74268
-2.72149
-2.70234
-2.68507
-2.66953
-2.65556
-2.64303
-2.63181
-2.62179
-2.61288
-2.60497
-2.598
-2.5919
-2.58659
-2.58203
-2.57815
-2.57491
-2.57227
-2.57019
-2.56867
-2.56768
-2.56716
-3.51815
-3.45937
-3.40119
-3.34428
-3.28937
-3.23677
-3.18674
-3.13945
-3.09501
-3.05347
-3.01483
-2.97904
-2.94601
-2.91564
-2.88779
-2.86234
-2.83914
-2.81805
-2.7989
-2.78156
-2.76588
-2.75173
-2.73898
-2.72753
-2.71726
-2.7081
-2.69996
-2.69277
-2.68646
-2.68098
-2.67625
-2.67224
-2.6689
-2.66618
-2.66406
-2.66252
-2.66155
-2.66106
-3.57891
-3.52429
-3.47012
-3.41701
-3.36562
-3.31623
-3.26906
-3.22429
-3.18202
-3.14233
-3.10524
-3.07072
-3.03871
-3.00915
-2.98194
-2.95695
-2.93408
-2.91319
-2.89415
-2.87683
-2.86111
-2.84685
-2.83397
-2.82235
-2.8119
-2.80256
-2.79424
-2.78688
-2.78042
-2.77479
-2.76994
-2.76583
-2.7624
-2.75963
-2.75747
-2.75592
-2.75497
-2.75451
-3.63972
-3.58886
-3.53836
-3.48874
-3.44059
-3.39418
-3.34969
-3.30731
-3.26715
-3.22928
-3.19374
-3.16053
-3.12962
-3.10095
-3.07445
-3.05003
-3.02758
-3.00698
-2.98814
-2.97092
-2.95522
-2.94095
-2.92799
-2.91628
-2.90572
-2.89626
-2.88781
-2.88033
-2.87376
-2.86803
-2.86309
-2.85889
-2.8554
-2.85258
-2.8504
-2.84885
-2.84792
-2.84749
-3.70059
-3.65317
-3.606
-3.55958
-3.51443
-3.47078
-3.42883
-3.38873
-3.35059
-3.31452
-3.28054
-3.24867
-3.21891
-3.19119
-3.16548
-3.14168
-3.11972
-3.09949
-3.0809
-3.06386
-3.04826
-3.03403
-3.02108
-3.00933
-2.99873
-2.9892
-2.98069
-2.97313
-2.96648
-2.96068
-2.95568
-2.95143
-2.94789
-2.94504
-2.94285
-2.9413
-2.94039
-2.93999
-3.76154
-3.71723
-3.67313
-3.62965
-3.58727
-3.54622
-3.50666
-3.46874
-3.43258
-3.39826
-3.36583
-3.33532
-3.30672
-3.28
-3.25511
-3.23199
-3.21057
-3.19077
-3.1725
-3.15569
-3.14026
-3.12613
-3.11324
-3.10153
-3.09093
-3.0814
-3.07286
-3.06528
-3.05859
-3.05275
-3.0477
-3.04342
-3.03986
-3.03699
-3.03479
-3.03325
-3.03237
-3.032
-3.82253
-3.78108
-3.7398
-3.69905
-3.65927
-3.62066
-3.58337
-3.54754
-3.51329
-3.48069
-3.44979
-3.42063
-3.39321
-3.36749
-3.34346
-3.32104
-3.3002
-3.28087
-3.26297
-3.24645
-3.23124
-3.21729
-3.20453
-3.1929
-3.18237
-3.17287
-3.16436
-3.15678
-3.15009
-3.14423
-3.13917
-3.13488
-3.1313
-3.12843
-3.12624
-3.12471
-3.12385
-3.12352
-3.88354
-3.84475
-3.80609
-3.76789
-3.73056
-3.69425
-3.65913
-3.6253
-3.59289
-3.56195
-3.53256
-3.50473
-3.47847
-3.45376
-3.43059
-3.40891
-3.38868
-3.36986
-3.35238
-3.3362
-3.32127
-3.30754
-3.29496
-3.28348
-3.27305
-3.26364
-3.25519
-3.24765
-3.24098
-3.23514
-3.23009
-3.22579
-3.22222
-3.21936
-3.21718
-3.21568
-3.21484
-3.21454
-3.94458
-3.90829
-3.87209
-3.8363
-3.80126
-3.76714
-3.73407
-3.70216
-3.67151
-3.64218
-3.61424
-3.5877
-3.56259
-3.53889
-3.51658
-3.49566
-3.47607
-3.45779
-3.44078
-3.42499
-3.41039
-3.39693
-3.38458
-3.37329
-3.36301
-3.35372
-3.34536
-3.33789
-3.33127
-3.32547
-3.32044
-3.31617
-3.31262
-3.30977
-3.30761
-3.30614
-3.30533
-3.30507
-4.00569
-3.97176
-3.93789
-3.90435
-3.87149
-3.83944
-3.80832
-3.77823
-3.74925
-3.72147
-3.69493
-3.66965
-3.64565
-3.62295
-3.60152
-3.58136
-3.56244
-3.54474
-3.52822
-3.51287
-3.49864
-3.4855
-3.47342
-3.46236
-3.45227
-3.44313
-3.43489
-3.42752
-3.42098
-3.41523
-3.41025
-3.40601
-3.40249
-3.39968
-3.39755
-3.39611
-3.39533
-3.3951
-4.06695
-4.03524
-4.00356
-3.97215
-3.94133
-3.91123
-3.88195
-3.85358
-3.82621
-3.7999
-3.7747
-3.75064
-3.72774
-3.70602
-3.68546
-3.66608
-3.64785
-3.63076
-3.61479
-3.5999
-3.58608
-3.5733
-3.56153
-3.55072
-3.54086
-3.5319
-3.5238
-3.51655
-3.5101
-3.50443
-3.49951
-3.49533
-3.49186
-3.48908
-3.48699
-3.48559
-3.48485
-3.48464
-4.12842
-4.0988
-4.06916
-4.03974
-4.01084
-3.98257
-3.95502
-3.92828
-3.90243
-3.87752
-3.85362
-3.83074
-3.80892
-3.78817
-3.7685
-3.74991
-3.73239
-3.71593
-3.70052
-3.68614
-3.67277
-3.66037
-3.64893
-3.63841
-3.62879
-3.62003
-3.61211
-3.60499
-3.59866
-3.59308
-3.58824
-3.58413
-3.58071
-3.57799
-3.57595
-3.57458
-3.57388
-3.5737
-4.19015
-4.16246
-4.13472
-4.10717
-4.08006
-4.0535
-4.02758
-4.00238
-3.97797
-3.95441
-3.93175
-3.91003
-3.88927
-3.86948
-3.8507
-3.83291
-3.81612
-3.80032
-3.7855
-3.77164
-3.75873
-3.74674
-3.73566
-3.72545
-3.71609
-3.70756
-3.69982
-3.69286
-3.68666
-3.6812
-3.67646
-3.67242
-3.66908
-3.66642
-3.66443
-3.66311
-3.66244
-3.66229
-4.25215
-4.22624
-4.20026
-4.17443
-4.149
-4.12405
-4.09966
-4.07592
-4.05289
-4.03063
-4.00918
-3.98858
-3.96886
-3.95004
-3.93213
-3.91516
-3.8991
-3.88397
-3.86976
-3.85644
-3.84401
-3.83245
-3.82174
-3.81186
-3.80278
-3.79449
-3.78696
-3.78018
-3.77413
-3.76879
-3.76416
-3.76022
-3.75696
-3.75437
-3.75244
-3.75117
-3.75054
-3.75041
-4.31438
-4.2901
-4.26575
-4.24154
-4.21767
-4.19424
-4.17131
-4.14896
-4.12725
-4.10624
-4.08596
-4.06646
-4.04777
-4.0299
-4.01288
-3.99671
-3.98141
-3.96695
-3.95335
-3.94059
-3.92866
-3.91754
-3.90721
-3.89767
-3.88888
-3.88085
-3.87354
-3.86696
-3.86107
-3.85589
-3.85138
-3.84755
-3.84438
-3.84187
-3.84001
-3.83879
-3.83819
-3.83809
-4.37678
-4.354
-4.33119
-4.30848
-4.28609
-4.26409
-4.24256
-4.22154
-4.2011
-4.1813
-4.16217
-4.14374
-4.12606
-4.10914
-4.093
-4.07764
-4.06308
-4.0493
-4.03632
-4.02412
-4.01269
-4.00201
-3.99209
-3.98289
-3.97442
-3.96666
-3.95959
-3.95322
-3.94752
-3.94249
-3.93813
-3.93442
-3.93135
-3.92893
-3.92714
-3.92597
-3.92541
-3.92534
-4.43927
-4.41792
-4.39653
-4.37526
-4.35427
-4.33365
-4.31344
-4.29371
-4.2745
-4.25587
-4.23786
-4.22049
-4.2038
-4.18781
-4.17253
-4.15798
-4.14415
-4.13106
-4.1187
-4.10706
-4.09613
-4.08591
-4.0764
-4.06757
-4.05942
-4.05194
-4.04513
-4.03898
-4.03348
-4.02863
-4.02442
-4.02084
-4.01789
-4.01556
-4.01384
-4.01274
-4.01221
-4.01216
-4.50181
-4.4818
-4.46178
-4.44188
-4.42224
-4.40293
-4.384
-4.36551
-4.3475
-4.33001
-4.31308
-4.29675
-4.28103
-4.26595
-4.25153
-4.23777
-4.22468
-4.21226
-4.20051
-4.18944
-4.17902
-4.16927
-4.16016
-4.15171
-4.1439
-4.13673
-4.13019
-4.12427
-4.11899
-4.11433
-4.11028
-4.10685
-4.10402
-4.10179
-4.10015
-4.0991
-4.09862
-4.09858
-4.56433
-4.54563
-4.52693
-4.50834
-4.49
-4.47196
-4.45428
-4.43698
-4.42013
-4.40375
-4.38788
-4.37256
-4.3578
-4.34361
-4.33003
-4.31705
-4.30468
-4.29293
-4.2818
-4.27129
-4.26139
-4.2521
-4.24342
-4.23535
-4.22789
-4.22103
-4.21478
-4.20912
-4.20407
-4.1996
-4.19573
-4.19245
-4.18975
-4.18763
-4.18607
-4.18509
-4.18464
-4.18462
-4.62682
-4.60939
-4.59198
-4.57467
-4.55758
-4.54078
-4.52429
-4.50816
-4.49243
-4.47714
-4.4623
-4.44796
-4.43413
-4.42082
-4.40806
-4.39585
-4.38419
-4.37311
-4.36259
-4.35263
-4.34325
-4.33444
-4.3262
-4.31853
-4.31143
-4.3049
-4.29894
-4.29355
-4.28873
-4.28448
-4.2808
-4.27768
-4.27511
-4.2731
-4.27163
-4.2707
-4.27029
-4.27029
-4.68927
-4.6731
-4.65694
-4.64086
-4.625
-4.60939
-4.59407
-4.57908
-4.56444
-4.55019
-4.53636
-4.52298
-4.51005
-4.4976
-4.48564
-4.47419
-4.46324
-4.45281
-4.4429
-4.43352
-4.42466
-4.41633
-4.40853
-4.40126
-4.39454
-4.38835
-4.3827
-4.37759
-4.37302
-4.36899
-4.3655
-4.36255
-4.36012
-4.35822
-4.35684
-4.35597
-4.3556
-4.35562
-4.7517
-4.73676
-4.72182
-4.70695
-4.69228
-4.67783
-4.66364
-4.64974
-4.63617
-4.62294
-4.61009
-4.59763
-4.58559
-4.57398
-4.56282
-4.55211
-4.54186
-4.53208
-4.52278
-4.51396
-4.50563
-4.49779
-4.49044
-4.48359
-4.47725
-4.47141
-4.46608
-4.46126
-4.45695
-4.45315
-4.44986
-4.44708
-4.4448
-4.44301
-4.44172
-4.44091
-4.44057
-4.44061
-4.81413
-4.80039
-4.78663
-4.77295
-4.75943
-4.74611
-4.73302
-4.72019
-4.70764
-4.69541
-4.68351
-4.67196
-4.66079
-4.65
-4.63961
-4.62963
-4.62008
-4.61095
-4.60226
-4.59401
-4.58621
-4.57886
-4.57197
-4.56555
-4.5596
-4.55412
-4.54912
-4.5446
-4.54055
-4.53699
-4.53391
-4.5313
-4.52916
-4.52749
-4.52629
-4.52554
-4.52524
-4.52529
-4.87659
-4.86401
-4.85141
-4.83887
-4.82647
-4.81425
-4.80222
-4.79043
-4.77888
-4.76761
-4.75664
-4.74598
-4.73565
-4.72567
-4.71605
-4.7068
-4.69793
-4.68945
-4.68137
-4.67369
-4.66643
-4.65958
-4.65316
-4.64717
-4.64162
-4.63651
-4.63184
-4.62762
-4.62385
-4.62053
-4.61765
-4.61522
-4.61323
-4.61168
-4.61057
-4.60989
-4.60961
-4.60967
-4.93908
-4.92764
-4.91617
-4.90473
-4.89342
-4.88226
-4.87127
-4.86048
-4.84991
-4.83958
-4.82951
-4.81973
-4.81023
-4.80104
-4.79218
-4.78365
-4.77546
-4.76762
-4.76015
-4.75305
-4.74632
-4.73998
-4.73404
-4.72849
-4.72334
-4.7186
-4.71428
-4.71036
-4.70687
-4.70379
-4.70112
-4.69887
-4.69703
-4.6956
-4.69458
-4.69396
-4.69372
-4.69379
-5.00165
-4.9913
-4.98092
-4.97056
-4.9603
-4.95017
-4.94019
-4.93037
-4.92075
-4.91134
-4.90216
-4.89322
-4.88455
-4.87614
-4.86803
-4.86021
-4.8527
-4.84551
-4.83865
-4.83212
-4.82594
-4.82011
-4.81464
-4.80953
-4.80479
-4.80043
-4.79645
-4.79285
-4.78963
-4.78679
-4.78434
-4.78227
-4.78058
-4.77927
-4.77833
-4.77777
-4.77757
-4.77764
-5.06429
-5.05501
-5.04568
-5.03636
-5.02713
-5.018
-5.00899
-5.00013
-4.99144
-4.98293
-4.97461
-4.96651
-4.95864
-4.95101
-4.94363
-4.93652
-4.92969
-4.92314
-4.91689
-4.91094
-4.9053
-4.89998
-4.89499
-4.89033
-4.886
-4.88202
-4.87838
-4.8751
-4.87216
-4.86957
-4.86733
-4.86544
-4.8639
-4.86271
-4.86186
-4.86136
-4.86118
-4.86127
-5.12703
-5.11877
-5.11046
-5.10216
-5.09392
-5.08577
-5.07772
-5.06979
-5.062
-5.05436
-5.0469
-5.03962
-5.03254
-5.02568
-5.01903
-5.01262
-5.00646
-5.00055
-4.99491
-4.98954
-4.98445
-4.97964
-4.97512
-4.97091
-4.967
-4.9634
-4.96011
-4.95713
-4.95447
-4.95213
-4.95011
-4.9484
-4.94701
-4.94593
-4.94517
-4.94472
-4.94458
-4.94467
-5.18987
-5.1826
-5.17529
-5.16797
-5.1607
-5.1535
-5.14638
-5.13936
-5.13245
-5.12568
-5.11905
-5.11259
-5.10629
-5.10018
-5.09426
-5.08855
-5.08306
-5.07779
-5.07275
-5.06795
-5.0634
-5.05911
-5.05507
-5.05131
-5.04781
-5.04459
-5.04164
-5.03898
-5.0366
-5.03451
-5.03269
-5.03116
-5.02992
-5.02896
-5.02828
-5.02789
-5.02778
-5.02788
-5.25281
-5.24652
-5.24017
-5.23381
-5.22748
-5.22121
-5.215
-5.20887
-5.20283
-5.19691
-5.19111
-5.18544
-5.17991
-5.17455
-5.16935
-5.16433
-5.1595
-5.15486
-5.15043
-5.14621
-5.1422
-5.13842
-5.13486
-5.13154
-5.12845
-5.12561
-5.12301
-5.12066
-5.11856
-5.11671
-5.11511
-5.11376
-5.11266
-5.11181
-5.11122
-5.11089
-5.1108
-5.1109
-5.31586
-5.31052
-5.30512
-5.29969
-5.29429
-5.28892
-5.2836
-5.27835
-5.27317
-5.26807
-5.26308
-5.2582
-5.25344
-5.24882
-5.24433
-5.24
-5.23582
-5.23182
-5.22798
-5.22433
-5.22086
-5.21759
-5.21451
-5.21163
-5.20896
-5.20649
-5.20424
-5.2022
-5.20037
-5.19876
-5.19737
-5.19619
-5.19524
-5.19451
-5.19399
-5.19371
-5.19365
-5.19376
-5.37902
-5.37461
-5.37013
-5.36563
-5.36113
-5.35665
-5.35221
-5.34781
-5.34347
-5.3392
-5.335
-5.3309
-5.3269
-5.323
-5.31923
-5.31557
-5.31205
-5.30867
-5.30543
-5.30235
-5.29941
-5.29664
-5.29404
-5.2916
-5.28934
-5.28725
-5.28534
-5.28361
-5.28205
-5.28068
-5.2795
-5.2785
-5.27768
-5.27706
-5.27663
-5.2764
-5.27636
-5.27647
-5.44229
-5.43879
-5.43523
-5.43163
-5.42802
-5.42441
-5.42083
-5.41727
-5.41376
-5.41029
-5.40689
-5.40356
-5.4003
-5.39713
-5.39405
-5.39107
-5.3882
-5.38544
-5.38279
-5.38027
-5.37787
-5.37561
-5.37347
-5.37147
-5.36962
-5.3679
-5.36633
-5.3649
-5.36363
-5.3625
-5.36151
-5.36068
-5.36001
-5.35949
-5.35913
-5.35895
-5.35894
-5.35905
-5.50567
-5.50308
-5.50041
-5.49769
-5.49495
-5.4922
-5.48946
-5.48674
-5.48404
-5.48137
-5.47875
-5.47617
-5.47366
-5.4712
-5.46882
-5.46651
-5.46428
-5.46214
-5.46008
-5.45812
-5.45625
-5.45448
-5.45282
-5.45126
-5.44981
-5.44846
-5.44723
-5.44611
-5.4451
-5.44421
-5.44343
-5.44277
-5.44223
-5.44181
-5.44153
-5.44138
-5.4414
-5.44151
-5.56916
-5.56746
-5.56568
-5.56384
-5.56196
-5.56007
-5.55816
-5.55626
-5.55437
-5.5525
-5.55065
-5.54883
-5.54705
-5.54531
-5.54361
-5.54197
-5.54038
-5.53884
-5.53737
-5.53596
-5.53462
-5.53335
-5.53215
-5.53103
-5.52997
-5.529
-5.5281
-5.52728
-5.52654
-5.52587
-5.52529
-5.5248
-5.52438
-5.52406
-5.52383
-5.52372
-5.52375
-5.52385
-5.63272
-5.63195
-5.63109
-5.63014
-5.62915
-5.62812
-5.62707
-5.626
-5.62492
-5.62384
-5.62277
-5.6217
-5.62065
-5.61962
-5.6186
-5.61762
-5.61666
-5.61573
-5.61483
-5.61397
-5.61315
-5.61236
-5.61161
-5.61091
-5.61025
-5.60963
-5.60905
-5.60852
-5.60804
-5.60759
-5.6072
-5.60685
-5.60655
-5.6063
-5.60611
-5.60599
-5.606
-5.60606
-5.69648
-5.69659
-5.69655
-5.69643
-5.69626
-5.69604
-5.69579
-5.69552
-5.69522
-5.69491
-5.69459
-5.69426
-5.69393
-5.69359
-5.69325
-5.69292
-5.69258
-5.69226
-5.69194
-5.69162
-5.69132
-5.69103
-5.69075
-5.69048
-5.69022
-5.68997
-5.68974
-5.68952
-5.68931
-5.68912
-5.68894
-5.68877
-5.68861
-5.68847
-5.68834
-5.68823
-5.6882
-5.68823
)
;

boundaryField
{
    leftWall
    {
        type            calculated;
        value           nonuniform List<scalar> 
100
(
1906.29
1876.22
1845.68
1814.69
1783.22
1751.26
1718.81
1685.86
1652.42
1618.48
1584.05
1549.13
1513.73
1477.85
1441.51
1404.72
1346.53
1265.52
1182.83
1098.67
1013.23
926.757
839.491
751.702
663.673
575.617
487.32
398.109
308.577
220.042
132.047
51.4437
9.70459
-3.27906
-2.84335
-2.88235
-2.91319
-2.97746
-3.04631
-3.11456
-3.18233
-3.24908
-3.31448
-3.37788
-3.43861
-3.4963
-3.55077
-3.6018
-3.64909
-3.69286
-3.73386
-3.77266
-3.80977
-3.84565
-3.88068
-3.91518
-3.94941
-3.98361
-4.01797
-4.05265
-4.08775
-4.12336
-4.15949
-4.19617
-4.23339
-4.27116
-4.30948
-4.34832
-4.38766
-4.42744
-4.46763
-4.5082
-4.54911
-4.59034
-4.63189
-4.67375
-4.7159
-4.75833
-4.80103
-4.84397
-4.88714
-4.93051
-4.97407
-5.01782
-5.06173
-5.10581
-5.15006
-5.19447
-5.23904
-5.28376
-5.32863
-5.37363
-5.41878
-5.46412
-5.50948
-5.55441
-5.59922
-5.64654
-5.69498
-5.71738
)
;
    }
    rightWall
    {
        type            calculated;
        value           nonuniform List<scalar> 
100
(
2.05936
2.02958
1.9999
1.97005
1.94002
1.90983
1.8795
1.849
1.81834
1.78752
1.75653
1.72537
1.69404
1.66255
1.63087
1.59903
1.54899
1.48016
1.4105
1.33998
1.26857
1.19625
1.12298
1.04874
0.9735
0.897248
0.81996
0.74162
0.662216
0.581741
0.500192
0.417569
0.333879
0.249134
0.163348
0.076544
-0.0112521
-0.100009
-0.18969
-0.280254
-0.371656
-0.463844
-0.556765
-0.650361
-0.744573
-0.839335
-0.934584
-1.03025
-1.12627
-1.22258
-1.3191
-1.41577
-1.51254
-1.60932
-1.70608
-1.80274
-1.89926
-1.99559
-2.09167
-2.18748
-2.28296
-2.37809
-2.47283
-2.56716
-2.66106
-2.75451
-2.84749
-2.93999
-3.032
-3.12352
-3.21454
-3.30507
-3.3951
-3.48464
-3.5737
-3.66229
-3.75041
-3.83809
-3.92534
-4.01216
-4.09858
-4.18462
-4.27029
-4.35562
-4.44061
-4.52529
-4.60967
-4.69379
-4.77764
-4.86127
-4.94467
-5.02788
-5.1109
-5.19376
-5.27647
-5.35905
-5.44151
-5.52385
-5.60606
-5.68823
)
;
    }
    lowerWall
    {
        type            calculated;
        value           nonuniform List<scalar> 
124
(
1921
1924.34
1931.65
1940.06
1947.36
1953.38
1958.18
1962.06
1965.26
1967.98
1970.35
1972.46
1974.33
1975.96
1977.33
1978.42
1979.16
1979.53
1979.48
1979
1978.1
1976.82
1975.27
1973.59
1972.04
1970.95
1970.76
1972.05
1975.51
1982
1992.58
2008.49
2031.43
2062.76
2104.13
2157.27
2223.95
2305.19
2399.82
2502.25
2600.81
2679.03
2725.55
2726.32
2741.39
2817
2804.54
2761.98
2733.81
2722.74
2729.21
2743.43
2756.32
2759.81
2749.56
2721.17
2670
2589.88
2470.5
2294.39
2029.37
1635.83
-256.178
-37.2221
-0.968739
1.01462
0.678848
0.739077
0.770313
0.871291
2.27263
2.24376
2.21485
2.18581
2.15649
2.1267
2.09632
2.06516
2.033
1.99944
1.96384
1.92509
1.88123
1.82877
1.76068
1.6647
2.28734
2.28279
2.27973
2.27772
2.27735
2.27822
2.27958
2.28077
2.28118
2.28038
2.27814
2.27433
2.26897
2.26217
2.25406
2.24486
2.23478
2.22406
2.21289
2.20148
2.18998
2.17855
2.16733
2.15644
2.14597
2.13602
2.12663
2.11789
2.10984
2.10253
2.09602
2.09034
2.08551
2.08156
2.07847
2.07625
2.07479
2.07408
)
;
    }
    atmosphere
    {
        type            calculated;
        value           nonuniform List<scalar> 
92
(
-5.73819
-5.76332
-5.76138
-5.75933
-5.75788
-5.7567
-5.75565
-5.75467
-5.75372
-5.75278
-5.75183
-5.75087
-5.74991
-5.74893
-5.74795
-5.74696
-5.74597
-5.74498
-5.74398
-5.74299
-5.74201
-5.74104
-5.74008
-5.73914
-5.73822
-5.73734
-5.73648
-5.73565
-5.73487
-5.73412
-5.73342
-5.73277
-5.73216
-5.7316
-5.7311
-5.73064
-5.73024
-5.7299
-5.72961
-5.72937
-5.7292
-5.72909
-5.72905
-5.72904
-5.72904
-5.72904
-5.72904
-5.72904
-5.72904
-5.72904
-5.72904
-5.72904
-5.72904
-5.72904
-5.72904
-5.72904
-5.72904
-5.72904
-5.72904
-5.72904
-5.72904
-5.72904
-5.72904
-5.72904
-5.72904
-5.72904
-5.72904
-5.72904
-5.72904
-5.72904
-5.72904
-5.72904
-5.72904
-5.72904
-5.72904
-5.72904
-5.72904
-5.72904
-5.72904
-5.72904
-5.72904
-5.72904
-5.72904
-5.72904
-5.72904
-5.72904
-5.72904
-5.72904
-5.72904
-5.72904
-5.72904
-5.72904
)
;
    }
    defaultFaces
    {
        type            empty;
    }
}


// ************************************************************************* //
