/*--------------------------------*- C++ -*----------------------------------*\
  =========                 |
  \\      /  F ield         | OpenFOAM: The Open Source CFD Toolbox
   \\    /   O peration     | Website:  https://openfoam.org
    \\  /    A nd           | Version:  7
     \\/     M anipulation  |
\*---------------------------------------------------------------------------*/
FoamFile
{
    version     2.0;
    format      ascii;
    class       volScalarField;
    location    "0.25";
    object      p_rgh;
}
// * * * * * * * * * * * * * * * * * * * * * * * * * * * * * * * * * * * * * //

dimensions      [1 -1 -2 0 0 0 0];

internalField   nonuniform List<scalar> 
9072
(
1921
1924.34
1931.65
1940.06
1947.36
1953.38
1958.18
1962.06
1965.26
1967.98
1970.35
1972.46
1974.33
1975.96
1977.33
1978.42
1979.16
1979.53
1979.48
1979
1978.1
1976.82
1975.27
1973.59
1972.04
1970.95
1970.76
1972.05
1975.51
1982
1992.58
2008.49
2031.43
2062.76
2104.13
2157.27
2223.95
2305.19
2399.82
2502.25
2600.81
2679.03
2725.55
2726.32
2741.39
2817
1920.36
1922.62
1928.89
1936.16
1942.83
1948.5
1953.15
1956.97
1960.14
1962.83
1965.16
1967.2
1968.98
1970.49
1971.73
1972.65
1973.23
1973.42
1973.19
1972.54
1971.49
1970.09
1968.45
1966.75
1965.24
1964.26
1964.28
1965.86
1969.73
1976.75
1987.95
2004.53
2027.74
2059.41
2101.21
2154.87
2222.05
2303.86
2399.77
2505.54
2609.92
2693.59
2737.58
2730.72
2719.28
2805.96
1919.25
1921.77
1926.72
1932.71
1938.4
1943.38
1947.57
1951.06
1953.99
1956.46
1958.58
1960.39
1961.92
1963.16
1964.1
1964.71
1964.95
1964.81
1964.25
1963.29
1961.96
1960.34
1958.54
1956.75
1955.26
1954.41
1954.69
1956.67
1961.08
1968.79
1980.82
1998.34
2022.61
2055.29
2097.96
2152.26
2219.58
2300.79
2395.32
2499.54
2603.83
2690.58
2738.96
2743.02
2724.24
2807.02
1917.69
1920.82
1925.03
1929.98
1934.73
1938.93
1942.53
1945.56
1948.09
1950.23
1952.02
1953.5
1954.68
1955.56
1956.12
1956.33
1956.16
1955.6
1954.64
1953.3
1951.61
1949.68
1947.64
1945.7
1944.15
1943.36
1943.81
1946.11
1950.97
1959.27
1972.01
1990.34
2015.5
2048.98
2092.3
2146.95
2214.11
2294.3
2386.64
2487.54
2588.84
2676.73
2733.39
2753.17
2749.14
2824.06
1915.65
1919.48
1923.35
1927.59
1931.59
1935.11
1938.13
1940.67
1942.78
1944.53
1945.96
1947.08
1947.89
1948.38
1948.54
1948.33
1947.74
1946.75
1945.36
1943.6
1941.53
1939.24
1936.91
1934.74
1933.04
1932.19
1932.68
1935.12
1940.23
1948.88
1962.06
1980.89
2006.58
2040.51
2084.12
2138.74
2205.36
2284.25
2374.3
2472.12
2570.9
2660.27
2726.44
2764.11
2779.92
2859.47
1913.12
1917.58
1921.32
1925.11
1928.55
1931.51
1934.01
1936.1
1937.82
1939.2
1940.27
1941.03
1941.48
1941.6
1941.36
1940.75
1939.73
1938.31
1936.49
1934.31
1931.83
1929.17
1926.5
1924.03
1922.09
1921.07
1921.45
1923.86
1929.02
1937.77
1951.1
1970.1
1995.96
2029.96
2073.46
2127.67
2193.4
2270.74
2358.51
2453.64
2550.67
2642.03
2717.5
2772.31
2810.41
2902.9
1910.1
1915.09
1918.81
1922.31
1925.33
1927.83
1929.91
1931.62
1932.98
1934.02
1934.76
1935.19
1935.3
1935.06
1934.44
1933.44
1932.02
1930.18
1927.94
1925.33
1922.44
1919.38
1916.33
1913.51
1911.25
1909.95
1910.1
1912.32
1917.31
1925.94
1939.14
1958
1983.68
2017.39
2060.39
2113.8
2178.29
2253.83
2339.25
2431.9
2527.47
2620.64
2704.2
2774.25
2835.1
2944.83
1906.58
1912.01
1915.77
1919.07
1921.77
1923.93
1925.66
1927.04
1928.09
1928.84
1929.29
1929.41
1929.21
1928.63
1927.67
1926.29
1924.49
1922.25
1919.6
1916.57
1913.26
1909.78
1906.32
1903.1
1900.45
1898.78
1898.57
1900.44
1905.09
1913.36
1926.2
1944.64
1969.8
2002.86
2044.99
2097.21
2160.1
2233.56
2316.48
2406.61
2500.65
2594.97
2684.82
2767.58
2849.75
2977.32
1902.57
1908.35
1912.16
1915.33
1917.79
1919.68
1921.14
1922.25
1923.05
1923.55
1923.74
1923.6
1923.11
1922.23
1920.94
1919.22
1917.05
1914.43
1911.38
1907.94
1904.2
1900.29
1896.38
1892.72
1889.62
1887.48
1886.8
1888.18
1892.32
1900.04
1912.27
1930.02
1954.37
1986.44
2027.33
2078
2138.92
2209.95
2290.1
2377.46
2469.54
2563.95
2657.98
2750.46
2851.55
2996.08
1898.06
1904.12
1907.99
1911.06
1913.35
1915.02
1916.27
1917.18
1917.77
1918.06
1918.03
1917.66
1916.92
1915.77
1914.18
1912.14
1909.62
1906.63
1903.19
1899.34
1895.18
1890.82
1886.44
1882.29
1878.67
1875.99
1874.73
1875.5
1878.97
1885.96
1897.36
1914.17
1937.43
1968.19
2007.51
2056.24
2114.81
2183.04
2260
2344.12
2433.49
2526.57
2622.31
2721.02
2837.79
2998.17
1893.06
1899.34
1903.26
1906.25
1908.39
1909.91
1911
1911.75
1912.18
1912.31
1912.1
1911.53
1910.56
1909.16
1907.3
1904.96
1902.12
1898.77
1894.95
1890.7
1886.11
1881.29
1876.42
1871.73
1867.55
1864.25
1862.33
1862.35
1865.01
1871.1
1881.48
1897.11
1919.02
1948.19
1985.6
2032.04
2087.86
2152.84
2226.12
2306.33
2391.95
2481.93
2576.55
2677.21
2805.66
2976.16
1887.57
1894.01
1897.95
1900.89
1902.92
1904.31
1905.29
1905.92
1906.24
1906.23
1905.88
1905.14
1903.98
1902.36
1900.25
1897.63
1894.48
1890.8
1886.61
1881.96
1876.93
1871.63
1866.25
1861
1856.2
1852.22
1849.54
1848.72
1850.44
1855.45
1864.63
1878.89
1899.19
1926.49
1961.68
2005.48
2058.14
2119.41
2188.44
2263.93
2344.54
2429.37
2519.57
2616.85
2751.93
2924.74
1881.59
1888.16
1892.09
1894.97
1896.91
1898.22
1899.11
1899.67
1899.9
1899.8
1899.33
1898.45
1897.12
1895.3
1892.97
1890.08
1886.64
1882.64
1878.09
1873.05
1867.58
1861.8
1855.89
1850.05
1844.58
1839.85
1836.33
1834.57
1835.22
1839.03
1846.83
1859.51
1878
1903.17
1935.85
1976.66
2025.78
2082.86
2147.01
2216.9
2291.12
2368.52
2450.51
2537.66
2672.71
2834.47
1875.15
1881.79
1885.69
1888.5
1890.37
1891.62
1892.46
1892.97
1893.14
1892.97
1892.41
1891.41
1889.94
1887.95
1885.4
1882.27
1878.55
1874.24
1869.34
1863.91
1858
1851.74
1845.27
1838.8
1832.62
1827.1
1822.66
1819.86
1819.33
1821.8
1828.07
1839
1855.47
1878.28
1908.19
1945.7
1990.91
2043.34
2102
2165.41
2231.82
2299.38
2368.9
2437.57
2563.55
2687.48
1868.23
1874.92
1878.75
1881.48
1883.31
1884.51
1885.33
1885.82
1885.97
1885.75
1885.12
1884.02
1882.42
1880.27
1877.53
1874.17
1870.19
1865.57
1860.33
1854.51
1848.17
1841.41
1834.37
1827.25
1820.33
1813.94
1808.53
1804.61
1802.8
1803.81
1808.41
1817.42
1831.67
1851.93
1878.81
1912.76
1953.71
2001.09
2053.71
2109.79
2167.02
2222.34
2274.6
2315.11
2418.19
2451.63
1860.87
1867.51
1871.26
1873.91
1875.71
1876.92
1877.75
1878.25
1878.4
1878.16
1877.49
1876.32
1874.61
1872.32
1869.41
1865.85
1861.63
1856.73
1851.17
1844.98
1838.21
1830.95
1823.34
1815.56
1807.87
1800.59
1794.13
1789.02
1785.83
1785.26
1788.05
1794.99
1806.85
1824.32
1847.94
1878.02
1914.37
1956.24
2002.23
2050.13
2096.8
2137.44
2167.05
2169.94
2218.72
2087.25
2.28734
2.28279
2.27973
2.27772
2.27735
2.27822
2.27958
2.28077
2.28118
2.28038
2.27814
2.27433
2.26897
2.26217
2.25406
2.24486
2.23478
2.22406
2.21289
2.20148
2.18998
2.17855
2.16733
2.15644
2.14597
2.13602
2.12663
2.11789
2.10984
2.10253
2.09602
2.09034
2.08551
2.08156
2.07847
2.07625
2.07479
2.07408
2.2879
2.28389
2.28089
2.27841
2.2775
2.27782
2.27886
2.27978
2.28003
2.27914
2.27687
2.27309
2.2678
2.26108
2.25308
2.24399
2.23401
2.22339
2.21232
2.201
2.1896
2.17824
2.16709
2.15627
2.14587
2.13598
2.12664
2.11794
2.10993
2.10265
2.09616
2.09047
2.08564
2.08166
2.07853
2.07623
2.07465
2.07372
2.28843
2.28433
2.28134
2.27876
2.2776
2.27771
2.27841
2.2791
2.27919
2.27821
2.27591
2.27213
2.26687
2.2602
2.25227
2.24325
2.23335
2.2228
2.2118
2.20054
2.1892
2.1779
2.1668
2.15602
2.14567
2.13583
2.12654
2.11787
2.10988
2.10262
2.09612
2.09043
2.08556
2.08155
2.07836
2.076
2.07436
2.07347
2.28882
2.28425
2.28112
2.27864
2.27745
2.27744
2.27805
2.27864
2.27864
2.2776
2.27525
2.27145
2.26618
2.25954
2.25163
2.24265
2.23279
2.22226
2.21129
2.20007
2.18877
2.1775
2.16643
2.15567
2.14535
2.13555
2.12629
2.11765
2.10968
2.10241
2.09591
2.09018
2.08527
2.08121
2.07797
2.07555
2.07387
2.07306
2.28892
2.28374
2.28036
2.27809
2.27704
2.27713
2.2778
2.2784
2.27839
2.27732
2.27492
2.27108
2.26578
2.25911
2.25119
2.24221
2.23234
2.2218
2.21081
2.19958
2.1883
2.17705
2.16598
2.15522
2.14492
2.13513
2.1259
2.11727
2.10931
2.10204
2.09551
2.08974
2.08477
2.08064
2.07736
2.0749
2.0732
2.07246
2.28857
2.28275
2.27908
2.27711
2.27637
2.27676
2.27764
2.27838
2.27843
2.27737
2.27494
2.27104
2.26568
2.25894
2.25097
2.24193
2.23202
2.22142
2.21037
2.19911
2.18781
2.17656
2.16548
2.1547
2.14438
2.13458
2.12535
2.11673
2.10876
2.10148
2.09491
2.08909
2.08406
2.07987
2.07654
2.07407
2.07238
2.0717
2.28761
2.2812
2.27722
2.2757
2.27545
2.27632
2.27757
2.27857
2.27875
2.27774
2.27529
2.27132
2.26586
2.25901
2.25094
2.24182
2.23182
2.22113
2.20999
2.19865
2.18732
2.17605
2.16493
2.15411
2.14374
2.13391
2.12465
2.11601
2.10802
2.10071
2.09411
2.08823
2.08314
2.07891
2.07554
2.07306
2.07141
2.07079
2.28588
2.27896
2.2747
2.27382
2.27424
2.27579
2.27758
2.27895
2.27936
2.27843
2.27597
2.27191
2.26632
2.25931
2.25109
2.24184
2.23173
2.22093
2.20967
2.19823
2.18683
2.17552
2.16435
2.15346
2.143
2.1331
2.12379
2.1151
2.10708
2.09973
2.09309
2.08716
2.08203
2.07775
2.07437
2.07189
2.07029
2.06972
2.28315
2.27591
2.27138
2.27142
2.27273
2.27516
2.27766
2.27954
2.28024
2.27943
2.27697
2.27281
2.26706
2.25985
2.25142
2.24199
2.23174
2.22082
2.20942
2.19784
2.18633
2.17494
2.1637
2.15272
2.14217
2.13217
2.12277
2.114
2.10592
2.09853
2.09184
2.08589
2.08072
2.07642
2.07303
2.07055
2.069
2.06849
2.27902
2.27181
2.26705
2.26839
2.27086
2.27444
2.27783
2.28034
2.28141
2.28076
2.2783
2.27403
2.26808
2.26063
2.25194
2.24228
2.23185
2.22077
2.20921
2.19746
2.18581
2.17431
2.16297
2.15189
2.14123
2.13111
2.12159
2.11272
2.10455
2.0971
2.09038
2.08441
2.07923
2.07492
2.07152
2.06906
2.06756
2.0671
2.27285
2.26635
2.26145
2.26461
2.26861
2.27361
2.27811
2.28139
2.28291
2.28245
2.27998
2.27558
2.2694
2.26167
2.25267
2.24272
2.23206
2.2208
2.20904
2.19709
2.18524
2.17359
2.16213
2.15094
2.14015
2.12989
2.12024
2.11124
2.10296
2.09544
2.08869
2.08271
2.07754
2.07324
2.06984
2.0674
2.06595
2.06554
2.26353
2.25903
2.25419
2.25994
2.26591
2.27267
2.2785
2.28271
2.28477
2.28453
2.28204
2.27749
2.27105
2.26301
2.25365
2.24335
2.2324
2.22089
2.2089
2.1967
2.18461
2.17277
2.16116
2.14983
2.13891
2.12851
2.11871
2.10957
2.10117
2.09358
2.08679
2.08082
2.07567
2.07138
2.068
2.06558
2.06418
2.06381
2.24909
2.24925
2.24482
2.25417
2.26274
2.27163
2.27905
2.28434
2.28702
2.28704
2.28454
2.27978
2.27306
2.26466
2.25491
2.24419
2.23286
2.22105
2.20877
2.19629
2.18392
2.17183
2.16002
2.14854
2.13748
2.12694
2.11699
2.1077
2.09919
2.09151
2.08469
2.07872
2.0736
2.06934
2.06598
2.06359
2.06224
2.06191
2.22606
2.23633
2.23285
2.24712
2.25906
2.27053
2.2798
2.28633
2.28972
2.29002
2.28748
2.2825
2.27543
2.26664
2.25643
2.24524
2.23347
2.22127
2.20866
2.19585
2.18316
2.17077
2.15873
2.14706
2.13584
2.12516
2.11507
2.10564
2.09701
2.08925
2.08239
2.07643
2.07133
2.0671
2.06377
2.06141
2.06012
2.05984
2.1874
2.21766
2.21762
2.23851
2.25487
2.26942
2.28081
2.28871
2.29288
2.29348
2.2909
2.28563
2.27816
2.26891
2.25819
2.24647
2.23419
2.22154
2.20854
2.19537
2.18233
2.16961
2.15729
2.14539
2.13399
2.12316
2.11293
2.10339
2.09465
2.08681
2.07992
2.07395
2.06887
2.06467
2.06137
2.05905
2.05782
2.0576
2.12085
2.18134
2.19802
2.22785
2.25006
2.26829
2.28212
2.29153
2.29652
2.29742
2.29476
2.28916
2.28123
2.27144
2.26016
2.24787
2.23503
2.22186
2.20842
2.19487
2.18146
2.1684
2.15576
2.1436
2.132
2.12101
2.11066
2.10102
2.09218
2.08427
2.07732
2.07133
2.06626
2.06207
2.0588
2.05653
2.05535
2.05519
1848.7
1855.06
1858.78
1861.29
1863.08
1864.34
1865.23
1865.79
1865.98
1865.76
1865.06
1863.83
1862
1859.54
1856.41
1852.58
1848.02
1842.73
1836.71
1829.98
1822.57
1814.56
1806.07
1797.24
1788.31
1779.58
1771.43
1764.34
1758.87
1755.67
1755.44
1758.89
1766.71
1779.5
1797.62
1821.15
1849.69
1882.2
1916.88
1950.79
1979.22
1994.25
1982.82
1917.92
1778.45
1216.32
1830.29
1836.3
1839.8
1842.21
1844.03
1845.4
1846.43
1847.13
1847.45
1847.3
1846.62
1845.35
1843.42
1840.8
1837.43
1833.28
1828.33
1822.56
1815.96
1808.53
1800.29
1791.26
1781.54
1771.24
1760.53
1749.69
1739.04
1729.03
1720.17
1713.05
1708.32
1706.59
1708.44
1714.27
1724.23
1738.11
1755.22
1774.23
1792.91
1807.73
1812.93
1799.03
1750.02
1636.36
1431.23
1136.38
1810.19
1815.74
1818.9
1821.2
1823.07
1824.59
1825.8
1826.68
1827.14
1827.09
1826.46
1825.17
1823.16
1820.39
1816.81
1812.38
1807.07
1800.86
1793.71
1785.6
1776.53
1766.5
1755.53
1743.7
1731.14
1718.06
1704.73
1691.57
1679.05
1667.71
1658.12
1650.85
1646.33
1644.8
1646.23
1650.19
1655.84
1661.75
1665.72
1664.35
1652.49
1622.46
1563.65
1462.6
1310.53
1168.28
1788.63
1793.6
1796.38
1798.57
1800.49
1802.16
1803.55
1804.6
1805.2
1805.25
1804.67
1803.36
1801.28
1798.38
1794.59
1789.9
1784.25
1777.62
1769.94
1761.2
1751.33
1740.31
1728.1
1714.74
1700.28
1684.86
1668.73
1652.24
1635.83
1620.02
1605.34
1592.28
1581.18
1572.16
1565.02
1559.23
1553.91
1547.77
1538.94
1524.7
1501.25
1463.44
1405.23
1321.13
1204.33
1081.16
1765.79
1770.09
1772.49
1774.56
1776.53
1778.33
1779.89
1781.1
1781.82
1781.96
1781.4
1780.07
1777.92
1774.87
1770.9
1765.95
1759.97
1752.93
1744.77
1735.42
1724.8
1712.83
1699.44
1684.57
1668.21
1650.42
1631.4
1611.46
1591.02
1570.58
1550.67
1531.73
1514.05
1497.67
1482.3
1467.36
1452.04
1435.34
1415.88
1391.79
1360.75
1319.64
1264.79
1193.14
1101.08
1001.52
1741.91
1745.45
1747.49
1749.43
1751.41
1753.32
1755.01
1756.34
1757.16
1757.36
1756.82
1755.46
1753.21
1750.02
1745.85
1740.64
1734.35
1726.93
1718.3
1708.38
1697.06
1684.22
1669.72
1653.42
1635.22
1615.09
1593.15
1569.69
1545.12
1519.99
1494.82
1470.1
1446.08
1422.78
1399.9
1376.91
1353.05
1327.72
1300.01
1268.84
1233.55
1192.92
1145.02
1088.45
1022.56
955.192
1717.24
1719.94
1721.62
1723.38
1725.33
1727.29
1729.07
1730.5
1731.4
1731.63
1731.09
1729.68
1727.33
1723.99
1719.6
1714.13
1707.52
1699.72
1690.65
1680.21
1668.27
1654.66
1639.18
1621.59
1601.68
1579.3
1554.48
1527.49
1498.79
1468.97
1438.68
1408.46
1378.62
1349.25
1320.05
1290.58
1260.1
1228.49
1194.95
1158.7
1121.59
1084.49
1046.57
1007.23
965.84
925.21
1692.05
1693.8
1695.1
1696.59
1698.44
1700.41
1702.25
1703.75
1704.7
1704.97
1704.41
1702.94
1700.47
1696.96
1692.35
1686.59
1679.65
1671.47
1661.97
1651.05
1638.56
1624.31
1608.04
1589.39
1568
1543.55
1515.97
1485.52
1452.75
1418.4
1383.27
1348.07
1313.18
1278.88
1244.93
1210.73
1174.92
1139.46
1104.13
1066.28
1031.47
1002.38
977.126
954.179
931.498
910.123
1666.62
1667.21
1668.08
1669.15
1670.85
1672.81
1674.7
1676.26
1677.28
1677.56
1676.99
1675.45
1672.86
1669.15
1664.28
1658.22
1650.92
1642.33
1632.4
1621.04
1608.09
1593.34
1576.51
1557.15
1534.66
1508.47
1478.36
1444.61
1407.93
1369.24
1329.5
1289.76
1250.42
1212.16
1174.79
1137.32
1094.91
1037.35
900.051
705.264
617.153
592.496
624.607
718.76
879.143
937.917
1641.16
1640.19
1640.55
1641.13
1642.66
1644.63
1646.59
1648.23
1649.32
1649.64
1649.06
1647.44
1644.69
1640.77
1635.61
1629.19
1621.48
1612.46
1602.07
1590.26
1576.91
1561.83
1544.77
1525.2
1502.2
1474.81
1442.55
1405.7
1365.16
1321.93
1277.35
1233.54
1191.3
1142.24
1041.64
834.724
384.074
142.009
82.4922
35.4883
16.6475
12.2079
19.4349
52.2746
155.611
462.15
1615.46
1612.45
1612.45
1612.57
1614
1616.03
1618.1
1619.87
1621.05
1621.43
1620.83
1619.12
1616.2
1612.02
1606.52
1599.68
1591.5
1581.98
1571.1
1558.84
1545.14
1529.88
1512.98
1493.94
1471.33
1443.54
1409.56
1369.54
1324.77
1276.95
1229.49
1180.27
1005.38
621.268
94.7416
-3.81604
-3.9924
-4.09381
-4.30446
-4.63765
-4.99001
-5.30684
-5.63303
-5.97879
-6.19583
-2.04325
1588.85
1583.8
1584.1
1583.68
1585.1
1587.28
1589.53
1591.46
1592.76
1593.2
1592.6
1590.79
1587.67
1583.18
1577.29
1569.99
1561.27
1551.19
1539.76
1527.04
1512.97
1497.56
1481.14
1463.62
1442.73
1415.62
1380.32
1337.16
1289.95
1243.61
1040.57
593.095
31.6505
-3.66567
-4.06676
-4.18221
-4.24824
-4.34515
-4.49316
-4.68122
-4.8871
-5.0843
-5.26149
-5.42636
-5.56874
-5.65882
1561.91
1556.07
1554.64
1554.71
1556.43
1558.87
1561.37
1563.49
1564.92
1565.43
1564.81
1562.88
1559.53
1554.68
1548.33
1540.46
1531.08
1520.23
1507.99
1494.44
1479.48
1463.19
1447.28
1433.13
1416.66
1392.55
1357.93
1315.7
1209.09
764.004
109.354
-3.53005
-3.77964
-3.89661
-4.03017
-4.16126
-4.26866
-4.4026
-4.56442
-4.75199
-4.95894
-5.17197
-5.37879
-5.57097
-5.73794
-5.85388
1535.97
1528.12
1526.25
1526.62
1528.4
1530.95
1533.56
1535.78
1537.29
1537.83
1537.16
1535.06
1531.32
1525.92
1518.84
1510.05
1499.51
1487.31
1473.6
1458.52
1441.62
1423.17
1408.48
1402.34
1396.42
1381.14
1351.91
1038.03
343.458
-3.03073
-3.56027
-3.62191
-3.73958
-3.88783
-4.02178
-4.16054
-4.29726
-4.44569
-4.61299
-4.79972
-5.00143
-5.2119
-5.42671
-5.6416
-5.84841
-6.03745
1510.53
1503.63
1499.8
1499.25
1500.56
1502.86
1505.09
1507.04
1508.34
1508.72
1507.89
1505.44
1501.02
1494.7
1486.56
1476.67
1465.11
1452.26
1438.61
1424.54
1409
1366.48
1253.26
1233.61
1257.03
1206.33
757.118
89.6724
-3.25653
-3.30381
-3.43325
-3.59351
-3.73126
-3.87746
-4.02302
-4.16918
-4.31614
-4.46997
-4.63652
-4.8171
-5.00979
-5.21223
-5.42304
-5.64077
-5.86189
-6.0824
1474.52
1360.47
1217.9
1250.38
1322.38
1386.74
1432.89
1460.93
1475.71
1481.75
1482.69
1480.83
1476
1468.7
1456.84
1436.42
1399.29
1335.18
1233.66
1095.17
910.526
576.381
278.365
251.724
278.115
192.623
-2.61786
-3.05545
-3.18281
-3.30131
-3.42559
-3.57423
-3.71891
-3.86491
-4.01187
-4.15913
-4.30791
-4.46214
-4.62577
-4.80077
-4.98746
-5.186
-5.39702
-5.62086
-5.85519
-6.09215
652.564
351.481
169.283
196.359
278.152
385.005
504.398
623.948
732.597
821.448
881.878
910.462
890.593
837.179
753.193
638.829
500.703
352.394
211.672
98.0956
8.74447
-2.45765
-2.44076
-2.33264
-2.2432
-2.69447
-2.79541
-2.92658
-3.10597
-3.25588
-3.39838
-3.54483
-3.68994
-3.83428
-3.97848
-4.12311
-4.26973
-4.4212
-4.58067
-4.75055
-4.93275
-5.12936
-5.34314
-5.57682
-5.8297
-6.0913
-1.71274
-0.778478
-0.931747
-1.02007
-1.04464
-1.12419
-1.21779
-1.31219
-1.45512
-1.55893
-1.22906
5.03406
-0.200209
-1.69054
-1.76711
-1.78417
-1.83585
-1.91938
-2.01357
-2.09986
-2.0818
-2.07122
-2.12843
-2.22601
-2.35971
-2.56588
-2.75308
-2.89989
-3.06257
-3.21345
-3.35845
-3.50186
-3.64322
-3.78313
-3.92246
-4.06229
-4.2043
-4.35098
-4.5052
-4.66991
-4.84817
-5.04375
-5.26159
-5.50729
-5.78311
-6.07976
-1.21443
-1.18019
-1.15285
-1.1199
-1.09629
-1.09237
-1.10118
-1.11812
-1.14485
-1.18083
-1.21136
-1.25937
-1.29505
-1.31863
-1.35608
-1.41615
-1.48618
-1.572
-1.67584
-1.80247
-1.95677
-2.08165
-2.18217
-2.28987
-2.41752
-2.568
-2.72587
-2.87459
-3.0236
-3.16744
-3.30728
-3.44468
-3.57988
-3.71351
-3.84646
-3.97996
-4.11578
-4.25637
-4.40469
-4.56421
-4.73902
-4.93434
-5.15723
-5.41619
-5.71647
-6.04923
-1.19083
-1.13754
-1.12589
-1.11563
-1.11384
-1.12308
-1.14191
-1.16738
-1.19776
-1.23139
-1.26278
-1.29276
-1.34362
-1.39344
-1.44599
-1.5099
-1.58336
-1.66807
-1.76468
-1.87322
-1.99258
-2.10527
-2.20736
-2.31246
-2.43007
-2.56342
-2.70241
-2.84093
-2.97842
-3.11311
-3.245
-3.37462
-3.50223
-3.62834
-3.7538
-3.87991
-4.00856
-4.14232
-4.28438
-4.43871
-4.61024
-4.80542
-5.03298
-5.30384
-5.6258
-5.98974
-1.15908
-1.13392
-1.12818
-1.12305
-1.12681
-1.14017
-1.1621
-1.19087
-1.22474
-1.26179
-1.30018
-1.34079
-1.38963
-1.44157
-1.49765
-1.56056
-1.63164
-1.71199
-1.80155
-1.89899
-2.00161
-2.10449
-2.20629
-2.31117
-2.42392
-2.54596
-2.6721
-2.79905
-2.92545
-3.05016
-3.17288
-3.29369
-3.41277
-3.53049
-3.64766
-3.76564
-3.88647
-4.01287
-4.14826
-4.297
-4.46457
-4.65817
-4.88748
-5.16479
-5.50057
-5.88935
-1.16075
-1.1387
-1.13536
-1.13401
-1.13965
-1.15339
-1.17471
-1.2026
-1.23587
-1.27328
-1.31395
-1.35808
-1.40681
-1.45931
-1.51629
-1.57919
-1.64911
-1.72668
-1.81169
-1.90306
-1.99889
-2.09692
-2.19625
-2.29851
-2.40561
-2.51796
-2.63312
-2.74914
-2.86481
-2.97931
-3.09233
-3.20378
-3.31373
-3.42247
-3.53079
-3.64013
-3.7526
-3.87102
-3.9989
-4.14075
-4.30227
-4.49081
-4.71609
-4.99054
-5.32394
-5.73034
-1.167
-1.14954
-1.14634
-1.14688
-1.15369
-1.16763
-1.18831
-1.21509
-1.24718
-1.28378
-1.32432
-1.36876
-1.41739
-1.47014
-1.52748
-1.5902
-1.65896
-1.734
-1.81505
-1.90126
-1.99147
-2.08436
-2.17914
-2.27645
-2.37697
-2.48047
-2.58573
-2.69152
-2.79694
-2.9014
-3.00464
-3.10652
-3.20704
-3.30646
-3.40558
-3.50586
-3.60941
-3.71895
-3.83791
-3.97065
-4.12272
-4.30113
-4.51503
-4.77713
-5.10092
-5.4851
-1.17265
-1.16077
-1.15869
-1.16072
-1.16846
-1.18258
-1.20279
-1.22866
-1.25963
-1.29516
-1.33485
-1.37858
-1.42645
-1.47855
-1.53519
-1.59677
-1.6636
-1.73567
-1.81264
-1.89385
-1.97847
-2.06566
-2.15489
-2.24602
-2.33951
-2.43463
-2.53071
-2.62691
-2.72258
-2.81734
-2.91098
-3.00336
-3.09441
-3.18437
-3.27405
-3.36486
-3.45877
-3.55825
-3.66638
-3.78712
-3.92548
-4.08765
-4.28165
-4.51927
-4.81383
-5.16299
-1.17783
-1.17127
-1.17066
-1.17408
-1.18259
-1.19678
-1.21651
-1.24148
-1.2713
-1.30558
-1.34404
-1.38653
-1.43307
-1.48375
-1.53878
-1.59835
-1.66254
-1.73121
-1.80397
-1.88022
-1.95931
-2.04065
-2.12381
-2.20854
-2.29468
-2.38176
-2.46917
-2.55628
-2.64267
-2.72812
-2.81248
-2.89556
-2.97725
-3.05777
-3.13786
-3.21879
-3.30226
-3.39032
-3.48554
-3.59119
-3.71138
-3.8512
-4.0167
-4.21818
-4.46798
-4.76952
-1.18198
-1.18024
-1.18101
-1.18566
-1.19483
-1.20901
-1.22821
-1.25223
-1.2808
-1.31366
-1.35057
-1.39142
-1.4362
-1.48495
-1.5378
-1.59481
-1.65594
-1.72094
-1.78938
-1.8607
-1.93434
-2.0098
-2.08674
-2.16485
-2.24381
-2.32312
-2.40224
-2.48071
-2.55828
-2.63484
-2.71024
-2.78428
-2.8568
-2.92795
-2.99835
-3.06906
-3.14136
-3.21678
-3.29722
-3.38505
-3.48304
-3.59439
-3.72408
-3.87758
-4.06518
-4.29486
-1.18478
-1.18681
-1.18878
-1.19454
-1.20425
-1.21839
-1.23706
-1.26012
-1.28739
-1.31871
-1.3539
-1.39285
-1.43554
-1.482
-1.53229
-1.5864
-1.6442
-1.70536
-1.76942
-1.83583
-1.90407
-1.97372
-2.04448
-2.11603
-2.18797
-2.25981
-2.33105
-2.40134
-2.47055
-2.53861
-2.6054
-2.67067
-2.73421
-2.79611
-2.85683
-2.9171
-2.97773
-3.03967
-3.10407
-3.17226
-3.24561
-3.32529
-3.41255
-3.50975
-3.61879
-3.7385
-1.18558
-1.19039
-1.19333
-1.20009
-1.21028
-1.22438
-1.24251
-1.26463
-1.29062
-1.32035
-1.35372
-1.39063
-1.43104
-1.47497
-1.52245
-1.57343
-1.62771
-1.68492
-1.74457
-1.8061
-1.86903
-1.93301
-1.99773
-2.06289
-2.12807
-2.19279
-2.25659
-2.31918
-2.38049
-2.44049
-2.49904
-2.55585
-2.61066
-2.66347
-2.71457
-2.76435
-2.81316
-2.86132
-2.90925
-2.95729
-3.00543
-3.05295
-3.09818
-3.13853
-3.16925
-3.17787
-1.18372
-1.19047
-1.19428
-1.20193
-1.21258
-1.22664
-1.24428
-1.26549
-1.29021
-1.31838
-1.34989
-1.38467
-1.42268
-1.46394
-1.50846
-1.55616
-1.60681
-1.66001
-1.71525
-1.77198
-1.82975
-1.88822
-1.94712
-2.00616
-2.06491
-2.1229
-2.17969
-2.23507
-2.28897
-2.34139
-2.39213
-2.44086
-2.48725
-2.53123
-2.57291
-2.61236
-2.64949
-2.68412
-2.71599
-2.74462
-2.76889
-2.78664
-2.79421
-2.78631
-2.75498
-2.68284
-1.17881
-1.18665
-1.19139
-1.19987
-1.21097
-1.22503
-1.24222
-1.26257
-1.28608
-1.3127
-1.34235
-1.37497
-1.41053
-1.44905
-1.49053
-1.53487
-1.58184
-1.63102
-1.68191
-1.73396
-1.78675
-1.83994
-1.89328
-1.94649
-1.99915
-2.0508
-2.10105
-2.14969
-2.1967
-2.24202
-2.28542
-2.32652
-2.36493
-2.40047
-2.4331
-2.46261
-2.48858
-2.51039
-2.52731
-2.53823
-2.5413
-2.53352
-2.51028
-2.46532
-2.3903
-2.2681
-1.17068
-1.17873
-1.18454
-1.19388
-1.20546
-1.21955
-1.23633
-1.25588
-1.27823
-1.30335
-1.33117
-1.36164
-1.39475
-1.43052
-1.46893
-1.50989
-1.55318
-1.59839
-1.64502
-1.69256
-1.74056
-1.78872
-1.83678
-1.88447
-1.93139
-1.97712
-2.02126
-2.06364
-2.10422
-2.14294
-2.1795
-2.21347
-2.2444
-2.27203
-2.29616
-2.31638
-2.33202
-2.34216
-2.34573
-2.34124
-2.32648
-2.29815
-2.2515
-2.18049
-2.07806
-1.92991
-1.15912
-1.16659
-1.17399
-1.18413
-1.1962
-1.21035
-1.22677
-1.24557
-1.26681
-1.29048
-1.31651
-1.34489
-1.37559
-1.40863
-1.444
-1.48163
-1.52128
-1.56261
-1.60511
-1.64829
-1.69173
-1.73509
-1.77816
-1.82065
-1.86221
-1.90241
-1.9409
-1.97748
-2.01211
-2.04469
-2.07491
-2.10227
-2.12629
-2.14661
-2.1629
-2.17464
-2.18099
-2.18087
-2.173
-2.15572
-2.12672
-2.08278
-2.01953
-1.93182
-1.81448
-1.65682
-1.14381
-1.15093
-1.15986
-1.17091
-1.18346
-1.19768
-1.21376
-1.23186
-1.25204
-1.2743
-1.29862
-1.32497
-1.35334
-1.38373
-1.41614
-1.4505
-1.48662
-1.52416
-1.56268
-1.60168
-1.64075
-1.67959
-1.71795
-1.75559
-1.79216
-1.82726
-1.86053
-1.89177
-1.92091
-1.94782
-1.97218
-1.99348
-2.01119
-2.02487
-2.0341
-2.03827
-2.03646
-2.02755
-2.0102
-1.98272
-1.9429
-1.88782
-1.81375
-1.7166
-1.59307
-1.43579
-1.12498
-1.13252
-1.14265
-1.15457
-1.16756
-1.18182
-1.19757
-1.21498
-1.23414
-1.25506
-1.27775
-1.30218
-1.32831
-1.35616
-1.38571
-1.41692
-1.44963
-1.48353
-1.51822
-1.55324
-1.58818
-1.62274
-1.6567
-1.68982
-1.72178
-1.75219
-1.78069
-1.80704
-1.83115
-1.85287
-1.87187
-1.88765
-1.89966
-1.90743
-1.91044
-1.90802
-1.89924
-1.883
-1.858
-1.82268
-1.77502
-1.71252
-1.63215
-1.53085
-1.40687
-1.25541
-1.10339
-1.11155
-1.12272
-1.13543
-1.14882
-1.16308
-1.17848
-1.1952
-1.21337
-1.23302
-1.25417
-1.27678
-1.3008
-1.32624
-1.35309
-1.3813
-1.41075
-1.44119
-1.47224
-1.50348
-1.53453
-1.56509
-1.59495
-1.62388
-1.65159
-1.6777
-1.70184
-1.72376
-1.7433
-1.7603
-1.77443
-1.78524
-1.79217
-1.79473
-1.79237
-1.78436
-1.7698
-1.74763
-1.71669
-1.67556
-1.62252
-1.55551
-1.47218
-1.37033
-1.24937
-1.10635
-1.07959
-1.08839
-1.10047
-1.11386
-1.12754
-1.14175
-1.15676
-1.1728
-1.19001
-1.20847
-1.22817
-1.24907
-1.27113
-1.29432
-1.31862
-1.34402
-1.37042
-1.39759
-1.42523
-1.45293
-1.48034
-1.50717
-1.53321
-1.55827
-1.58205
-1.60421
-1.62438
-1.64228
-1.65771
-1.67048
-1.68027
-1.68663
-1.68907
-1.6871
-1.68015
-1.66749
-1.64825
-1.62146
-1.58608
-1.5409
-1.48448
-1.4152
-1.33126
-1.23119
-1.11516
-0.981484
-1.0541
-1.06346
-1.07629
-1.09021
-1.10409
-1.11817
-1.13277
-1.14813
-1.16444
-1.18176
-1.20011
-1.21942
-1.23965
-1.26074
-1.28269
-1.30548
-1.32904
-1.35318
-1.37763
-1.40204
-1.42607
-1.44945
-1.47197
-1.49343
-1.51359
-1.53211
-1.54866
-1.56293
-1.57468
-1.58369
-1.58965
-1.59212
-1.59065
-1.58477
-1.57393
-1.55746
-1.53452
-1.50424
-1.4657
-1.41789
-1.35969
-1.28982
-1.20697
-1.11017
-1.00008
-0.875843
-1.02738
-1.03717
-1.05057
-1.06487
-1.07882
-1.09271
-1.10688
-1.12159
-1.13704
-1.15329
-1.17035
-1.18817
-1.20669
-1.22584
-1.24562
-1.26601
-1.28696
-1.30831
-1.32983
-1.35121
-1.37213
-1.39232
-1.41159
-1.42975
-1.44656
-1.46175
-1.47499
-1.48597
-1.49444
-1.50014
-1.50275
-1.50186
-1.49704
-1.48785
-1.4738
-1.45425
-1.42846
-1.39564
-1.355
-1.30572
-1.24693
-1.17768
-1.09704
-1.00443
-0.900786
-0.785729
-0.999816
-1.00989
-1.02367
-1.03818
-1.05211
-1.06576
-1.07949
-1.09356
-1.10817
-1.12339
-1.13923
-1.15563
-1.17255
-1.18991
-1.2077
-1.22589
-1.24445
-1.26326
-1.2821
-1.3007
-1.31878
-1.33608
-1.35239
-1.36753
-1.3813
-1.39344
-1.40366
-1.41167
-1.41721
-1.42
-1.41971
-1.41595
-1.4083
-1.39636
-1.37968
-1.35771
-1.32981
-1.29527
-1.25342
-1.20359
-1.14512
-1.07734
-0.999609
-0.911635
-0.814495
-0.708108
-0.971717
-0.981933
-0.99591
-1.01048
-1.0243
-1.03765
-1.05092
-1.06436
-1.07813
-1.09234
-1.107
-1.12206
-1.13747
-1.15318
-1.16915
-1.18535
-1.20175
-1.21825
-1.23466
-1.25075
-1.26626
-1.28093
-1.29457
-1.30699
-1.31802
-1.32742
-1.33492
-1.34026
-1.34318
-1.34341
-1.34062
-1.33443
-1.32443
-1.31024
-1.29148
-1.26766
-1.23825
-1.20266
-1.1603
-1.11065
-1.0532
-0.98748
-0.913075
-0.829898
-0.73908
-0.640713
-0.943352
-0.953577
-0.967573
-0.982067
-0.995675
-1.00869
-1.02146
-1.03424
-1.04719
-1.0604
-1.07391
-1.0877
-1.10171
-1.11589
-1.13021
-1.14461
-1.15906
-1.17347
-1.18769
-1.20151
-1.21469
-1.22701
-1.23826
-1.24827
-1.25685
-1.2638
-1.26889
-1.27186
-1.27247
-1.27046
-1.26551
-1.25728
-1.24536
-1.22939
-1.20903
-1.18386
-1.15345
-1.11732
-1.07499
-1.02604
-0.970093
-0.906831
-0.835994
-0.757627
-0.67286
-0.581883
-0.914951
-0.925066
-0.938921
-0.953201
-0.966512
-0.979126
-0.991368
-1.00347
-1.01558
-1.02782
-1.04023
-1.05281
-1.06552
-1.0783
-1.09111
-1.10388
-1.11657
-1.1291
-1.14133
-1.15311
-1.16421
-1.17442
-1.18354
-1.1914
-1.19783
-1.20263
-1.20559
-1.20647
-1.20507
-1.20112
-1.19433
-1.18439
-1.17092
-1.1536
-1.13207
-1.106
-1.07504
-1.0388
-0.996907
-0.949031
-0.8949
-0.834312
-0.767125
-0.693468
-0.614434
-0.530259
-0.886713
-0.896616
-0.910188
-0.924131
-0.937058
-0.949209
-0.960881
-0.972283
-0.983575
-0.99487
-1.00623
-1.01768
-1.02918
-1.04067
-1.05209
-1.06338
-1.07447
-1.08529
-1.09574
-1.10566
-1.11488
-1.1232
-1.13043
-1.1364
-1.14094
-1.14385
-1.14496
-1.14404
-1.14088
-1.13527
-1.12694
-1.11559
-1.1009
-1.08255
-1.06023
-1.03366
-1.00253
-0.966543
-0.925416
-0.878895
-0.82679
-0.768987
-0.705427
-0.636298
-0.562639
-0.484705
-0.858794
-0.868399
-0.881565
-0.895065
-0.907529
-0.919164
-0.930239
-0.940944
-0.951435
-0.961829
-0.972204
-0.982581
-0.99294
-1.00322
-1.01336
-1.02329
-1.03292
-1.04219
-1.05101
-1.05926
-1.06678
-1.0734
-1.07895
-1.08325
-1.08613
-1.08741
-1.08691
-1.08444
-1.0798
-1.07279
-1.06317
-1.05068
-1.03504
-1.01595
-0.993152
-0.966376
-0.935383
-0.899942
-0.859836
-0.814879
-0.764943
-0.709974
-0.649972
-0.585159
-0.516514
-0.444295
-0.831306
-0.840539
-0.853196
-0.866161
-0.878097
-0.889178
-0.899644
-0.909666
-0.919389
-0.928929
-0.938367
-0.947734
-0.957015
-0.966161
-0.9751
-0.983754
-0.992047
-0.999906
-1.00725
-1.01398
-1.01996
-1.02506
-1.02911
-1.03194
-1.03338
-1.03325
-1.03138
-1.02758
-1.02168
-1.01351
-1.00284
-0.989462
-0.97311
-0.953538
-0.930501
-0.903769
-0.873148
-0.838463
-0.799556
-0.756295
-0.708603
-0.656464
-0.599919
-0.539203
-0.475227
-0.408249
-0.804314
-0.813114
-0.825177
-0.837532
-0.84889
-0.859395
-0.869253
-0.878616
-0.887608
-0.896341
-0.904892
-0.913297
-0.921551
-0.929615
-0.937421
-0.944893
-0.951951
-0.958522
-0.964529
-0.969884
-0.974486
-0.978214
-0.980927
-0.982467
-0.982661
-0.981328
-0.97829
-0.97338
-0.966442
-0.957312
-0.945809
-0.931739
-0.914891
-0.895045
-0.871981
-0.845499
-0.815437
-0.781663
-0.74407
-0.702575
-0.657138
-0.607775
-0.554547
-0.497692
-0.438055
-0.375883
-0.777849
-0.786171
-0.797574
-0.809263
-0.820009
-0.829924
-0.839183
-0.847911
-0.856211
-0.864181
-0.871891
-0.879381
-0.886656
-0.893689
-0.900426
-0.906796
-0.912723
-0.918127
-0.922934
-0.927062
-0.930426
-0.932927
-0.934447
-0.934844
-0.933953
-0.931595
-0.92759
-0.921769
-0.913982
-0.904086
-0.891928
-0.877349
-0.860175
-0.840222
-0.817298
-0.791229
-0.761873
-0.729131
-0.692933
-0.653232
-0.610021
-0.56334
-0.513266
-0.460032
-0.404414
-0.346646
-0.751926
-0.759741
-0.77044
-0.781424
-0.791535
-0.800854
-0.809526
-0.817642
-0.825286
-0.832534
-0.83945
-0.846074
-0.85242
-0.858479
-0.864212
-0.869561
-0.874452
-0.878808
-0.882546
-0.885588
-0.887853
-0.88926
-0.88971
-0.889086
-0.887239
-0.884002
-0.879193
-0.872642
-0.864197
-0.85372
-0.841081
-0.82615
-0.808794
-0.788864
-0.766204
-0.740662
-0.712117
-0.680491
-0.645737
-0.607836
-0.566804
-0.522699
-0.475608
-0.425757
-0.373857
-0.320123
-0.726552
-0.733848
-0.743822
-0.754081
-0.763544
-0.772267
-0.78036
-0.787886
-0.794907
-0.801476
-0.807648
-0.81346
-0.818937
-0.824084
-0.828881
-0.833283
-0.83723
-0.840643
-0.843436
-0.845524
-0.846826
-0.847263
-0.846756
-0.845212
-0.84251
-0.838499
-0.833009
-0.825872
-0.816934
-0.806052
-0.793105
-0.777983
-0.760583
-0.740795
-0.718495
-0.693561
-0.665894
-0.635431
-0.602141
-0.566023
-0.527107
-0.485462
-0.44118
-0.394475
-0.345996
-0.295937
-0.701729
-0.70851
-0.717758
-0.727288
-0.736101
-0.744231
-0.751754
-0.758711
-0.765137
-0.771072
-0.776553
-0.781617
-0.786292
-0.790596
-0.794525
-0.798055
-0.801135
-0.803695
-0.805648
-0.806901
-0.807364
-0.806957
-0.805606
-0.803237
-0.799758
-0.795047
-0.788958
-0.781334
-0.772022
-0.760878
-0.747778
-0.73262
-0.71532
-0.695792
-0.673947
-0.649689
-0.622944
-0.593666
-0.561835
-0.52746
-0.490581
-0.45127
-0.409618
-0.365823
-0.320475
-0.273745
-0.67745
-0.683732
-0.692271
-0.701084
-0.709253
-0.716795
-0.723758
-0.730163
-0.736026
-0.741369
-0.746218
-0.750601
-0.75455
-0.758085
-0.761218
-0.763942
-0.766222
-0.768001
-0.769197
-0.769712
-0.769447
-0.768313
-0.766235
-0.763147
-0.758975
-0.75363
-0.746997
-0.738943
-0.729327
-0.718012
-0.70487
-0.689801
-0.672724
-0.653571
-0.632271
-0.608755
-0.58297
-0.554885
-0.524491
-0.491805
-0.456871
-0.419762
-0.380566
-0.339464
-0.296989
-0.253289
-0.653696
-0.659502
-0.66736
-0.675476
-0.683015
-0.689977
-0.696392
-0.702263
-0.707592
-0.712388
-0.716663
-0.720437
-0.723735
-0.72658
-0.728992
-0.730975
-0.732515
-0.73357
-0.734068
-0.733917
-0.733015
-0.731262
-0.728573
-0.72488
-0.72012
-0.714225
-0.707108
-0.698668
-0.688791
-0.67735
-0.664227
-0.649321
-0.632552
-0.613855
-0.593172
-0.570452
-0.545655
-0.518764
-0.48978
-0.458726
-0.425648
-0.390619
-0.353723
-0.315127
-0.275316
-0.234417
-0.630432
-0.635788
-0.643
-0.650448
-0.657374
-0.663768
-0.669647
-0.675003
-0.679828
-0.684118
-0.687875
-0.691109
-0.693834
-0.69607
-0.697837
-0.69915
-0.700007
-0.700385
-0.700231
-0.699466
-0.697991
-0.695703
-0.692509
-0.688331
-0.683102
-0.676765
-0.669254
-0.660494
-0.650399
-0.638867
-0.625794
-0.611085
-0.594664
-0.576468
-0.556443
-0.534547
-0.510751
-0.485047
-0.457443
-0.427965
-0.396663
-0.363609
-0.328883
-0.292641
-0.255327
-0.217058
-0.607619
-0.612552
-0.619153
-0.625963
-0.632297
-0.638139
-0.643498
-0.648357
-0.652704
-0.656526
-0.659816
-0.662573
-0.6648
-0.666507
-0.667712
-0.66843
-0.668669
-0.668422
-0.667656
-0.666313
-0.664308
-0.661545
-0.657926
-0.653365
-0.647787
-0.641131
-0.63334
-0.624357
-0.614118
-0.602546
-0.589557
-0.57507
-0.559017
-0.541338
-0.521984
-0.500918
-0.478118
-0.453582
-0.42732
-0.399364
-0.369764
-0.33859
-0.30592
-0.271901
-0.236942
-0.201151
-0.585213
-0.589752
-0.595779
-0.601985
-0.60775
-0.613058
-0.617912
-0.622294
-0.626186
-0.629571
-0.632437
-0.634771
-0.636566
-0.637823
-0.638549
-0.638754
-0.63845
-0.637642
-0.636315
-0.634431
-0.631929
-0.628728
-0.624735
-0.619864
-0.614031
-0.607168
-0.599216
-0.590124
-0.57984
-0.568306
-0.555457
-0.54123
-0.525567
-0.508417
-0.489738
-0.469497
-0.447676
-0.424276
-0.399313
-0.372817
-0.34484
-0.31545
-0.284721
-0.252791
-0.220037
-0.186563
-0.56318
-0.56735
-0.572843
-0.578478
-0.583702
-0.588499
-0.592869
-0.596793
-0.600251
-0.603226
-0.6057
-0.607654
-0.609073
-0.609947
-0.610271
-0.610049
-0.60929
-0.607999
-0.606176
-0.603804
-0.600842
-0.59723
-0.592895
-0.587755
-0.581726
-0.574734
-0.566716
-0.557617
-0.547388
-0.535982
-0.523348
-0.509436
-0.4942
-0.4776
-0.4596
-0.440175
-0.419311
-0.397013
-0.373297
-0.348196
-0.321758
-0.294047
-0.265134
-0.235145
-0.204428
-0.17308
-0.541491
-0.545321
-0.550319
-0.555421
-0.560135
-0.564448
-0.568356
-0.571843
-0.574888
-0.577474
-0.579582
-0.581188
-0.582274
-0.582819
-0.582811
-0.582242
-0.581115
-0.579432
-0.577198
-0.574406
-0.571038
-0.567054
-0.562403
-0.557016
-0.550819
-0.54374
-0.53571
-0.526672
-0.516575
-0.505373
-0.493023
-0.479482
-0.464716
-0.448692
-0.431383
-0.412769
-0.392843
-0.37161
-0.34909
-0.325313
-0.300326
-0.274188
-0.246965
-0.218768
-0.189916
-0.160493
-0.520129
-0.523648
-0.528191
-0.532803
-0.537043
-0.540901
-0.544375
-0.547447
-0.550099
-0.552314
-0.554074
-0.555355
-0.556137
-0.556395
-0.556108
-0.555263
-0.55385
-0.551866
-0.549313
-0.546191
-0.54249
-0.538191
-0.533262
-0.527653
-0.521305
-0.514153
-0.506134
-0.497187
-0.48726
-0.476307
-0.464285
-0.451157
-0.436893
-0.421467
-0.404859
-0.387053
-0.368045
-0.347843
-0.326468
-0.303951
-0.280333
-0.25567
-0.23002
-0.203482
-0.176345
-0.148677
-0.499082
-0.502319
-0.506452
-0.510617
-0.514422
-0.51786
-0.520929
-0.523612
-0.525891
-0.527752
-0.529178
-0.53015
-0.530647
-0.530645
-0.530119
-0.529049
-0.527418
-0.525215
-0.522435
-0.519076
-0.515133
-0.510596
-0.505448
-0.499658
-0.493183
-0.485971
-0.477968
-0.469119
-0.459371
-0.44868
-0.437003
-0.424304
-0.410556
-0.395737
-0.379829
-0.362821
-0.344711
-0.325508
-0.305235
-0.283919
-0.261602
-0.238333
-0.214162
-0.189179
-0.163642
-0.137608
-0.478341
-0.481324
-0.485089
-0.488853
-0.492265
-0.495321
-0.498017
-0.500338
-0.502267
-0.503791
-0.504898
-0.505573
-0.505797
-0.505549
-0.504808
-0.503548
-0.501748
-0.49939
-0.496462
-0.492954
-0.48886
-0.484174
-0.478884
-0.472975
-0.466416
-0.459172
-0.451199
-0.442451
-0.432882
-0.42245
-0.411115
-0.398842
-0.385605
-0.371385
-0.356166
-0.339939
-0.322703
-0.304469
-0.285257
-0.265097
-0.244025
-0.222085
-0.199324
-0.175822
-0.151811
-0.127339
-0.457896
-0.460651
-0.464088
-0.467496
-0.470557
-0.473269
-0.475626
-0.477613
-0.479217
-0.480424
-0.481228
-0.481617
-0.481577
-0.481094
-0.480149
-0.478718
-0.476778
-0.474309
-0.471289
-0.467704
-0.463541
-0.458791
-0.453445
-0.447492
-0.440913
-0.433684
-0.425773
-0.417145
-0.407762
-0.397589
-0.386589
-0.374732
-0.361995
-0.348359
-0.333811
-0.318343
-0.301954
-0.284657
-0.266471
-0.247424
-0.227551
-0.206892
-0.185489
-0.163416
-0.140885
-0.117936
-0.437733
-0.440282
-0.443429
-0.446524
-0.449274
-0.451677
-0.453729
-0.455413
-0.456715
-0.457629
-0.458148
-0.458264
-0.457972
-0.457262
-0.456119
-0.454525
-0.45246
-0.449902
-0.446827
-0.443212
-0.439041
-0.434299
-0.428974
-0.423055
-0.416529
-0.409378
-0.401579
-0.393108
-0.383936
-0.374035
-0.363376
-0.351933
-0.339686
-0.326621
-0.312726
-0.297994
-0.282428
-0.266037
-0.248843
-0.230871
-0.212155
-0.192733
-0.172644
-0.151954
-0.130862
-0.109407
-0.417833
-0.420198
-0.423089
-0.425908
-0.428383
-0.430513
-0.43229
-0.433698
-0.434727
-0.43537
-0.435624
-0.435486
-0.434955
-0.434027
-0.432693
-0.430942
-0.428757
-0.42612
-0.423004
-0.419386
-0.415245
-0.410559
-0.405314
-0.399495
-0.393089
-0.386082
-0.378456
-0.370193
-0.361273
-0.351675
-0.341377
-0.330358
-0.318604
-0.306105
-0.292852
-0.27884
-0.264072
-0.24856
-0.232325
-0.215392
-0.197792
-0.179562
-0.160738
-0.141383
-0.121683
-0.101679
-0.398177
-0.400376
-0.40304
-0.405616
-0.407848
-0.409733
-0.411264
-0.412424
-0.413205
-0.413603
-0.413615
-0.413243
-0.412491
-0.411358
-0.409844
-0.407941
-0.40564
-0.402925
-0.399773
-0.396161
-0.392066
-0.387464
-0.382335
-0.376662
-0.37043
-0.363623
-0.356225
-0.348224
-0.339604
-0.330348
-0.320442
-0.30987
-0.298623
-0.286695
-0.27408
-0.260778
-0.246792
-0.232136
-0.21683
-0.200898
-0.184372
-0.167285
-0.149672
-0.131595
-0.113227
-0.0946111
-0.378745
-0.380796
-0.383258
-0.385617
-0.387632
-0.389297
-0.390605
-0.391542
-0.3921
-0.392276
-0.392072
-0.391491
-0.390538
-0.389221
-0.38754
-0.385496
-0.383084
-0.380293
-0.377104
-0.373499
-0.369454
-0.364945
-0.359949
-0.354446
-0.348419
-0.341851
-0.334725
-0.327029
-0.318751
-0.309878
-0.300398
-0.2903
-0.27958
-0.268235
-0.256263
-0.243666
-0.230449
-0.216629
-0.202224
-0.187258
-0.171761
-0.155766
-0.139307
-0.122442
-0.105334
-0.088026
-0.35952
-0.36144
-0.363721
-0.365884
-0.367702
-0.369168
-0.370273
-0.371008
-0.371365
-0.371344
-0.370948
-0.370182
-0.369055
-0.367575
-0.365749
-0.36358
-0.361067
-0.358206
-0.354983
-0.351383
-0.347386
-0.342968
-0.338107
-0.332782
-0.326974
-0.320663
-0.313834
-0.306472
-0.298567
-0.290106
-0.281079
-0.27148
-0.261306
-0.250557
-0.239234
-0.22734
-0.214884
-0.201881
-0.188351
-0.174317
-0.159807
-0.144854
-0.12949
-0.113768
-0.0978426
-0.0817539
-0.340485
-0.342294
-0.34441
-0.346396
-0.348033
-0.349314
-0.350234
-0.350784
-0.35096
-0.350762
-0.350198
-0.349272
-0.347997
-0.346381
-0.344434
-0.342162
-0.339567
-0.336648
-0.333398
-0.329806
-0.325854
-0.321524
-0.316794
-0.311645
-0.306056
-0.300007
-0.293482
-0.286467
-0.278948
-0.270915
-0.26236
-0.253275
-0.243659
-0.233514
-0.222843
-0.21165
-0.199944
-0.187742
-0.175063
-0.161928
-0.148366
-0.134406
-0.120081
-0.105438
-0.0906203
-0.075665
-0.321631
-0.323346
-0.325313
-0.327133
-0.328602
-0.329711
-0.33046
-0.33084
-0.330851
-0.330498
-0.329786
-0.328725
-0.327327
-0.325603
-0.323562
-0.321212
-0.318558
-0.315601
-0.312339
-0.308763
-0.304862
-0.300618
-0.296016
-0.291036
-0.28566
-0.279868
-0.273645
-0.266975
-0.259844
-0.252243
-0.244162
-0.235594
-0.22654
-0.217
-0.206977
-0.196478
-0.185511
-0.174093
-0.162241
-0.149976
-0.137325
-0.124316
-0.110979
-0.0973573
-0.0835813
-0.0696845
-0.302949
-0.304588
-0.306419
-0.308085
-0.309394
-0.310343
-0.31093
-0.311154
-0.311015
-0.310522
-0.309683
-0.308509
-0.307015
-0.305208
-0.303101
-0.300702
-0.298015
-0.295045
-0.291791
-0.288248
-0.284406
-0.280256
-0.275781
-0.270968
-0.265799
-0.260257
-0.254327
-0.247994
-0.241244
-0.234067
-0.226454
-0.218398
-0.209898
-0.200956
-0.191573
-0.181756
-0.171513
-0.160859
-0.149811
-0.138388
-0.126615
-0.114519
-0.102126
-0.0894771
-0.0766891
-0.0637909
-0.284435
-0.286014
-0.287721
-0.289242
-0.2904
-0.291196
-0.291631
-0.291708
-0.291432
-0.290814
-0.289866
-0.288601
-0.287032
-0.28517
-0.283024
-0.280602
-0.277911
-0.274954
-0.271733
-0.268244
-0.26448
-0.260434
-0.256095
-0.25145
-0.246487
-0.241189
-0.235544
-0.229538
-0.223158
-0.216394
-0.209237
-0.201681
-0.193724
-0.185365
-0.176608
-0.167456
-0.157919
-0.148008
-0.137739
-0.127131
-0.116207
-0.10499
-0.0935054
-0.0817893
-0.0699466
-0.0580018
-0.266084
-0.267616
-0.26921
-0.270596
-0.271611
-0.272261
-0.272552
-0.27249
-0.272088
-0.271359
-0.270317
-0.26898
-0.267358
-0.265463
-0.263304
-0.260888
-0.25822
-0.255304
-0.252141
-0.248729
-0.245064
-0.24114
-0.23695
-0.232482
-0.227728
-0.222674
-0.21731
-0.211623
-0.205603
-0.199241
-0.192527
-0.185457
-0.178026
-0.170235
-0.162086
-0.153581
-0.144728
-0.135538
-0.126024
-0.116206
-0.106102
-0.095735
-0.0851276
-0.0743118
-0.0633814
-0.0523571
-0.247894
-0.249389
-0.250881
-0.252141
-0.253021
-0.253531
-0.253684
-0.253491
-0.252972
-0.252143
-0.251023
-0.24963
-0.247975
-0.246069
-0.243919
-0.241533
-0.238914
-0.236065
-0.232986
-0.229676
-0.226133
-0.222351
-0.218326
-0.214049
-0.209513
-0.204708
-0.199626
-0.194256
-0.18859
-0.182621
-0.176339
-0.169741
-0.162822
-0.155582
-0.148022
-0.140145
-0.131955
-0.123463
-0.114682
-0.105627
-0.0963176
-0.0867742
-0.0770165
-0.0670738
-0.05703
-0.0469026
-0.229864
-0.231329
-0.232728
-0.233872
-0.234624
-0.234999
-0.235018
-0.234701
-0.234073
-0.233156
-0.231972
-0.230539
-0.228868
-0.22697
-0.224852
-0.222518
-0.21997
-0.217211
-0.21424
-0.211055
-0.207655
-0.204036
-0.200194
-0.196124
-0.191819
-0.187273
-0.182479
-0.177428
-0.172115
-0.166534
-0.160678
-0.154541
-0.148121
-0.141418
-0.134431
-0.127162
-0.119616
-0.111801
-0.103729
-0.095415
-0.0868752
-0.0781295
-0.0691965
-0.0601032
-0.0509253
-0.0416776
-0.21199
-0.213432
-0.21475
-0.215786
-0.216414
-0.216657
-0.216545
-0.216109
-0.21538
-0.214386
-0.213151
-0.211693
-0.210024
-0.208153
-0.206084
-0.203821
-0.201365
-0.198716
-0.195872
-0.192833
-0.189597
-0.186161
-0.18252
-0.178673
-0.174614
-0.170338
-0.16584
-0.161115
-0.156158
-0.150965
-0.145531
-0.13985
-0.13392
-0.127742
-0.121315
-0.114639
-0.10772
-0.100562
-0.0931787
-0.0855815
-0.0777872
-0.0698145
-0.0616824
-0.0534173
-0.0450877
-0.036706
-0.194261
-0.195695
-0.196943
-0.19788
-0.198385
-0.198495
-0.198252
-0.197701
-0.196879
-0.19582
-0.194549
-0.193082
-0.191431
-0.189604
-0.187601
-0.185426
-0.183077
-0.180554
-0.177856
-0.17498
-0.171924
-0.168686
-0.165264
-0.161654
-0.157855
-0.153862
-0.149672
-0.145281
-0.140686
-0.135885
-0.130872
-0.125644
-0.1202
-0.114539
-0.108661
-0.102567
-0.0962588
-0.0897423
-0.0830273
-0.0761258
-0.0690532
-0.0618288
-0.0544741
-0.0470168
-0.03952
-0.031993
-0.176666
-0.178123
-0.179313
-0.180154
-0.180532
-0.180502
-0.180126
-0.179462
-0.178557
-0.177446
-0.176153
-0.174694
-0.173078
-0.171309
-0.169388
-0.167314
-0.165087
-0.162703
-0.160163
-0.157463
-0.154601
-0.151575
-0.148384
-0.145027
-0.1415
-0.137801
-0.133929
-0.129881
-0.125656
-0.121251
-0.116662
-0.111888
-0.106927
-0.10178
-0.0964454
-0.090923
-0.0852142
-0.079324
-0.0732602
-0.0670334
-0.0606587
-0.0541567
-0.0475541
-0.0408846
-0.0342072
-0.0275262
-0.159223
-0.160735
-0.161876
-0.162614
-0.162848
-0.162663
-0.162149
-0.161377
-0.160399
-0.159251
-0.157954
-0.15652
-0.154955
-0.153259
-0.151432
-0.149471
-0.147375
-0.145142
-0.142768
-0.140254
-0.137596
-0.134793
-0.131844
-0.128748
-0.125504
-0.12211
-0.118565
-0.114869
-0.11102
-0.107017
-0.102857
-0.0985386
-0.0940618
-0.0894264
-0.084631
-0.0796743
-0.0745565
-0.0692808
-0.0638525
-0.0582801
-0.0525777
-0.0467686
-0.0408887
-0.0349861
-0.029118
-0.0232792
-0.141963
-0.143577
-0.144664
-0.14527
-0.145324
-0.144961
-0.144302
-0.143429
-0.142395
-0.141229
-0.139947
-0.138555
-0.137055
-0.135445
-0.133722
-0.131883
-0.129926
-0.127849
-0.12565
-0.123328
-0.12088
-0.118307
-0.115607
-0.11278
-0.109826
-0.106744
-0.103535
-0.100197
-0.0967311
-0.0931352
-0.0894083
-0.0855494
-0.0815587
-0.0774356
-0.0731781
-0.0687839
-0.0642514
-0.0595809
-0.054774
-0.0498357
-0.044777
-0.0396235
-0.0344274
-0.0292688
-0.0242065
-0.0192143
-0.124728
-0.126693
-0.12771
-0.128126
-0.127942
-0.127368
-0.12656
-0.125601
-0.124533
-0.123373
-0.122126
-0.120793
-0.119372
-0.117857
-0.116245
-0.114534
-0.112722
-0.110806
-0.108785
-0.106658
-0.104425
-0.102085
-0.0996384
-0.0970856
-0.0944269
-0.0916628
-0.0887938
-0.0858203
-0.0827418
-0.0795581
-0.0762687
-0.0728733
-0.0693717
-0.0657631
-0.0620447
-0.0582126
-0.0542628
-0.0501912
-0.0459943
-0.0416697
-0.0372212
-0.0326723
-0.0281006
-0.0236591
-0.0194131
-0.0152864
-0.107059
-0.110073
-0.111016
-0.111149
-0.110651
-0.109837
-0.10889
-0.107874
-0.106801
-0.105673
-0.104482
-0.103223
-0.101889
-0.100476
-0.0989809
-0.0974007
-0.0957343
-0.0939806
-0.0921391
-0.0902098
-0.0881928
-0.0860887
-0.0838982
-0.0816223
-0.0792624
-0.0768197
-0.0742951
-0.0716893
-0.0690026
-0.0662355
-0.0633881
-0.0604603
-0.0574521
-0.0543618
-0.051186
-0.0479191
-0.0445536
-0.0410801
-0.0374864
-0.0337586
-0.0298843
-0.0258722
-0.0218283
-0.0180676
-0.0146793
-0.0114566
-0.0892748
-0.0938064
-0.0946678
-0.0942793
-0.0933692
-0.0923281
-0.0912908
-0.0902645
-0.0892261
-0.0881547
-0.0870352
-0.0858578
-0.0846166
-0.0833077
-0.0819289
-0.0804791
-0.0789581
-0.077366
-0.0757035
-0.0739713
-0.0721705
-0.0703024
-0.0683684
-0.0663705
-0.0643108
-0.0621912
-0.0600129
-0.0577772
-0.055485
-0.0531375
-0.0507354
-0.048279
-0.0457681
-0.0432009
-0.0405734
-0.0378785
-0.0351053
-0.0322377
-0.029253
-0.0261197
-0.022793
-0.0192269
-0.0155271
-0.0123869
-0.00995632
-0.00770986
-0.0739956
-0.0795283
-0.0798588
-0.0776949
-0.0761198
-0.0749676
-0.0739543
-0.072985
-0.0720155
-0.071017
-0.0699734
-0.068877
-0.0677244
-0.0665144
-0.0652466
-0.0639218
-0.0625411
-0.0611057
-0.0596173
-0.0580776
-0.0564885
-0.054852
-0.0531705
-0.0514467
-0.0496835
-0.047883
-0.0460472
-0.0441779
-0.0422769
-0.0403461
-0.0383867
-0.0363995
-0.0343847
-0.0323411
-0.0302651
-0.0281494
-0.0259814
-0.0237403
-0.0213923
-0.0188814
-0.0160886
-0.0127564
-0.00882742
-0.00621306
-0.00495841
-0.00392405
-0.0598315
-0.0743265
-0.0696914
-0.0617602
-0.0590157
-0.0578971
-0.0569979
-0.0561152
-0.0552175
-0.0542836
-0.0533039
-0.0522765
-0.051202
-0.0500818
-0.0489176
-0.0477114
-0.0464653
-0.0451817
-0.0438629
-0.0425116
-0.0411302
-0.0397217
-0.038289
-0.0368357
-0.035365
-0.0338798
-0.0323824
-0.0308757
-0.0293623
-0.0278446
-0.0263247
-0.0248039
-0.0232837
-0.0217643
-0.0202439
-0.0187179
-0.0171756
-0.0155955
-0.0139336
-0.0120975
-0.00980362
-0.00612881
-6.64311e-05
0.00208617
0.00136171
0.00045488
-0.0196391
-0.0845287
-0.0596863
-0.0442248
-0.0405886
-0.0391638
-0.038117
-0.0371808
-0.0362691
-0.0353443
-0.0343946
-0.0334175
-0.0324138
-0.031385
-0.030333
-0.0292598
-0.028168
-0.0270602
-0.0259393
-0.0248081
-0.0236699
-0.0225283
-0.0213868
-0.0202493
-0.0191197
-0.0180013
-0.0168974
-0.0158117
-0.0147472
-0.0137069
-0.0126934
-0.0117089
-0.0107552
-0.00983375
-0.00894429
-0.00808408
-0.00724413
-0.00639992
-0.005491
-0.00437607
-0.00262265
0.00147488
0.0117688
0.0136351
0.00731606
0.00423339
214.506
208.346
-0.497866
1.48549
1.14972
1.20995
1.24118
1.34216
757.507
604.375
330.856
1.36694
2.11553
2.09074
1.96396
1.99472
980.292
829.491
693.528
539.599
194.75
1.14328
2.7022
2.41127
955.35
872.34
797.882
740.652
670.351
526.109
100.875
2.05208
922.571
876.527
837.978
806.282
775.867
745.23
674.636
385.847
906.954
878.142
853.79
834.434
820.048
808.144
795.356
784.158
895.94
877.91
862.891
851.79
844.949
842.233
842.168
842.658
895.122
886.552
879.186
873.688
870.982
871.801
876.246
883.416
918.742
911.295
908.377
907.083
907.229
909.337
914.27
922.62
748.817
995.493
975.793
960.894
956.475
958.114
962.172
968.495
49.7057
185.085
413.332
889.109
1041.37
1022.31
1020.76
1024.37
-5.82577
-6.13753
-4.06269
51.8079
358.146
1047.68
1092.19
1088.53
-5.89275
-6.01086
-5.95373
-6.18456
-5.49695
386.812
1109.05
1156.59
-6.16322
-6.23303
-6.3222
-6.39342
-6.12912
-4.68348
724.103
1227.39
-6.24797
-6.35791
-6.47504
-6.57279
-6.57382
-6.756
273.629
1186.74
-6.26549
-6.3714
-6.46843
-6.53126
-6.51587
-6.88151
173.928
1188.11
-6.28112
-6.38937
-6.4749
-6.50882
-6.45123
-6.73476
242.081
1297.58
-6.30514
-6.43729
-6.5472
-6.61332
-6.61821
-6.83446
496.501
1415.88
-6.3104
-6.46461
-6.59022
-6.67062
-6.89863
30.1968
1005.54
1470.47
-6.27387
-6.43691
-6.55903
-6.62163
-6.91309
196.956
1401.96
1536.17
-6.18657
-6.35575
-6.48392
-6.54912
-6.76947
317.541
1553.97
1606.01
-6.02253
-6.19217
-6.32841
-6.39804
-6.3467
262.77
1605.28
1669.95
-5.76822
-5.93879
-6.08873
-6.20509
-6.1636
2.45557
1342.13
1733.09
-5.43038
-5.60157
-5.7569
-5.89455
-6.00382
-5.77732
418.395
1605.06
-5.02039
-5.19567
-5.36837
-5.53429
-5.68737
-5.66999
-4.42227
588.199
-4.50307
-4.66363
-4.85067
-5.06808
-5.26631
-5.08755
0.724057
9.91767
-3.8325
-3.89906
-3.97062
-4.05033
-4.06926
-3.37363
-0.726628
-2.02886
-3.15018
-3.11308
-3.05143
-2.95193
-2.78147
-2.40453
-1.9494
-1.41373
-2.57803
-2.48401
-2.36085
-2.20066
-1.98894
-1.71782
-1.39256
-0.989943
-2.12196
-2.00165
-1.85599
-1.68333
-1.47815
-1.23606
-0.959291
-0.654108
-1.7678
-1.64005
-1.49189
-1.32462
-1.13605
-0.923842
-0.689837
-0.445662
-1.49443
-1.36995
-1.22966
-1.07631
-0.909083
-0.726637
-0.530698
-0.331329
-1.2811
-1.16479
-1.0363
-0.899014
-0.752674
-0.596355
-0.431503
-0.266587
-1.11185
-1.00534
-0.889332
-0.767407
-0.639513
-0.504865
-0.364605
-0.225985
-0.974793
-0.878171
-0.774009
-0.665828
-0.553663
-0.43678
-0.316058
-0.197765
-0.861462
-0.774085
-0.68068
-0.584549
-0.485723
-0.383482
-0.278498
-0.176208
-0.766473
-0.687434
-0.603498
-0.51773
-0.430146
-0.340056
-0.247971
-0.158563
-0.68614
-0.614601
-0.538973
-0.462073
-0.38394
-0.303946
-0.222488
-0.143581
-0.617324
-0.552489
-0.484216
-0.415044
-0.345007
-0.27352
-0.200905
-0.130645
-0.557745
-0.498816
-0.437009
-0.374587
-0.311552
-0.24735
-0.182239
-0.119263
-0.505905
-0.45219
-0.396024
-0.339438
-0.282427
-0.224483
-0.165822
-0.109103
-0.460561
-0.411479
-0.360267
-0.308756
-0.256954
-0.204414
-0.15133
-0.100027
-0.420647
-0.375696
-0.328882
-0.281854
-0.234632
-0.186819
-0.138584
-0.0919664
-0.385315
-0.344062
-0.301177
-0.258151
-0.215
-0.171356
-0.127354
-0.0847961
-0.353868
-0.315944
-0.276585
-0.237135
-0.197602
-0.157633
-0.117333
-0.0783095
-0.325682
-0.290775
-0.254593
-0.218342
-0.182013
-0.145278
-0.108222
-0.0722965
-0.300231
-0.268045
-0.234712
-0.201309
-0.167821
-0.133945
-0.0997609
-0.0665898
-0.277121
-0.247361
-0.21655
-0.185662
-0.154691
-0.123363
-0.0917597
-0.061083
-0.256
-0.228389
-0.199806
-0.171153
-0.142433
-0.113406
-0.0841514
-0.0557622
-0.236538
-0.210838
-0.184255
-0.157628
-0.130969
-0.104059
-0.076969
-0.0506873
-0.21854
-0.194572
-0.169825
-0.145076
-0.120331
-0.095383
-0.0702872
-0.0459342
-0.201948
-0.1796
-0.156576
-0.133581
-0.110609
-0.0874597
-0.0641719
-0.0415524
-0.186751
-0.165943
-0.144537
-0.123167
-0.101815
-0.0802866
-0.0586104
-0.0375281
-0.172896
-0.153534
-0.133616
-0.113718
-0.093818
-0.073733
-0.0534901
-0.0337798
-0.160217
-0.142174
-0.123593
-0.105006
-0.0863996
-0.0676083
-0.0486628
-0.0302104
-0.148454
-0.131584
-0.114193
-0.0967831
-0.0793518
-0.0617533
-0.0440231
-0.0267648
-0.137386
-0.121553
-0.105233
-0.0889053
-0.072575
-0.056113
-0.0395558
-0.0234578
-0.126927
-0.112029
-0.0967028
-0.0813991
-0.0661249
-0.0507618
-0.0353423
-0.0203686
-0.117118
-0.103103
-0.0887283
-0.0744124
-0.0601574
-0.0458496
-0.031514
-0.0176023
-0.108073
-0.0949242
-0.081476
-0.0681134
-0.0548301
-0.0415138
-0.0281808
-0.0152399
-0.0998915
-0.0876037
-0.0750569
-0.0626012
-0.0502241
-0.0378146
-0.0253823
-0.013303
-0.0925834
-0.0811456
-0.0694634
-0.0578553
-0.0463069
-0.0347107
-0.0230734
-0.0117483
-0.086053
-0.0754356
-0.0645679
-0.0537415
-0.0429442
-0.0320756
-0.0211425
-0.0104839
-0.0801278
-0.0702824
-0.0601705
-0.0500618
-0.0399494
-0.029742
-0.0194489
-0.00939867
-0.0746069
-0.0654739
-0.056059
-0.0466142
-0.0371383
-0.0275499
-0.0178616
-0.00839119
-0.06931
-0.0608289
-0.0520597
-0.0432386
-0.0343692
-0.0253794
-0.0162842
-0.00738787
-0.0641113
-0.0562287
-0.0480646
-0.0398401
-0.0315617
-0.0231646
-0.0146651
-0.00634989
-0.0589502
-0.0516239
-0.0440351
-0.0363899
-0.0286949
-0.0208913
-0.0129946
-0.00527074
-0.0538225
-0.0470223
-0.0399879
-0.03291
-0.0257935
-0.0185838
-0.0112947
-0.00416803
-0.0487631
-0.0424688
-0.0359736
-0.0294526
-0.022908
-0.0162881
-0.00960413
-0.00307271
-0.043825
-0.0380235
-0.0320554
-0.02608
-0.0200967
-0.0140561
-0.0079664
-0.00201934
-0.0390633
-0.0337453
-0.0282925
-0.0228493
-0.0174122
-0.0119342
-0.00642054
-0.00103954
-0.0345221
-0.0296796
-0.02473
-0.0198032
-0.0148939
-0.00995743
-0.00499658
-0.00015849
-0.0302273
-0.0258526
-0.0213935
-0.0169664
-0.0125648
-0.00814686
-0.00371369
0.000606462
-0.0261846
-0.0222704
-0.0182894
-0.0143458
-0.0104324
-0.00651087
-0.00258102
0.00124535
-0.0223826
-0.0189223
-0.0154088
-0.0119345
-0.00849259
-0.00504801
-0.00160001
0.0017541
-0.0187971
-0.015786
-0.0127321
-0.00971657
-0.00673307
-0.0037501
-0.000766555
0.00213309
-0.0153954
-0.0128321
-0.0102341
-0.0076711
-0.00513743
-0.00260527
-7.33857e-05
0.00238535
-0.01214
-0.0100287
-0.00788803
-0.00577651
-0.003689
-0.00160151
0.000487087
0.00251448
-0.00899701
-0.00734711
-0.00567153
-0.00401583
-0.00237538
-0.000730362
0.000919799
0.00252239
-0.00596007
-0.00478214
-0.00358057
-0.00238699
-0.00119648
6.68816e-06
0.00122211
0.00240558
-0.00304149
-0.00236979
-0.00164578
-0.000913737
-0.000171715
0.000592954
0.00137979
0.00215433
-4.90723e-06
-2.82991e-05
0.000129745
0.000360333
0.000642282
0.000975403
0.00135689
0.00176749
0.00363755
0.00325042
0.00278997
0.0023969
0.00209378
0.00186635
0.00169152
0.00152226
1.85434
2.08378
2.16122
2.20854
2.24164
2.26658
2.28473
2.29673
2.30309
2.30444
2.3016
2.29539
2.2866
2.27585
2.2636
2.25036
2.23658
2.22253
2.20835
2.19417
2.18018
2.16656
2.15343
2.14086
2.12892
2.11765
2.10708
2.09727
2.0883
2.08026
2.07322
2.06716
2.06204
2.05785
2.0546
2.05238
2.05127
2.05116
2.04256
2.07113
2.1318
2.18825
2.23285
2.26688
2.2913
2.307
2.31508
2.31675
2.31325
2.3058
2.29545
2.28302
2.26913
2.25432
2.23907
2.2237
2.20837
2.19319
2.17832
2.16392
2.15009
2.13692
2.12447
2.11278
2.10187
2.09178
2.08258
2.07436
2.06715
2.06096
2.05575
2.05149
2.04822
2.04602
2.04497
2.04492
2.05039
2.06722
2.10861
2.16922
2.22618
2.27083
2.30223
2.32166
2.33104
2.33239
2.32758
2.31825
2.30579
2.29123
2.27531
2.25862
2.24167
2.22478
2.20812
2.19181
2.17597
2.16071
2.14612
2.13229
2.11928
2.10713
2.09585
2.08547
2.07604
2.06761
2.06024
2.05392
2.04861
2.04428
2.04098
2.0388
2.03782
2.03786
2.13996
2.12082
2.09147
2.14765
2.22171
2.28045
2.31959
2.34228
2.35202
2.35202
2.34491
2.33288
2.31761
2.30036
2.28198
2.26309
2.24418
2.22558
2.20745
2.1899
2.173
2.1568
2.1414
2.12686
2.11327
2.10064
2.08898
2.0783
2.06862
2.05999
2.05245
2.04599
2.04056
2.03618
2.03285
2.03071
2.0298
2.02994
4.72178
2.11034
2.11901
2.14501
2.22834
2.30135
2.34708
2.37106
2.37922
2.3762
2.36547
2.34966
2.33077
2.31021
2.28891
2.26749
2.24639
2.2259
2.20618
2.18728
2.16925
2.15209
2.13585
2.12059
2.10638
2.09326
2.08122
2.07023
2.0603
2.05146
2.04375
2.03714
2.03161
2.02715
2.02382
2.02171
2.02089
2.02113
242.149
2.32736
2.10631
2.21695
2.27404
2.34358
2.38945
2.41046
2.41359
2.40527
2.38917
2.36835
2.34495
2.32044
2.29577
2.27152
2.24802
2.2255
2.20407
2.18377
2.16458
2.14644
2.12937
2.11339
2.09858
2.08497
2.07253
2.06122
2.05104
2.04199
2.03409
2.02734
2.02171
2.0172
2.01386
2.0118
2.01106
2.0114
666.897
46.0867
2.25675
2.32355
2.37667
2.41538
2.45001
2.46165
2.45576
2.43898
2.41553
2.38838
2.3596
2.33056
2.30212
2.27477
2.24874
2.22411
2.20092
2.17918
2.1588
2.13971
2.12183
2.10518
2.08979
2.07569
2.06286
2.05123
2.04079
2.03153
2.02346
2.01657
2.01084
2.00629
2.00295
2.00094
2.0003
2.00073
887.354
259.322
2.96559
2.4105
2.52064
2.52315
2.53036
2.52495
2.50471
2.47627
2.4435
2.40882
2.37392
2.33988
2.3074
2.27681
2.24817
2.22142
2.1965
2.17332
2.15179
2.13176
2.11311
2.09583
2.07991
2.06536
2.05214
2.0402
2.02951
2.02005
2.01181
2.0048
1.99899
1.9944
1.99108
1.98913
1.98857
1.98908
933.497
578.944
23.2649
2.68567
2.73611
2.67229
2.6298
2.598
2.55824
2.51509
2.47135
2.42827
2.38681
2.34757
2.31095
2.27709
2.2459
2.21712
2.19056
2.16604
2.1434
2.12247
2.10311
2.08524
2.06884
2.05388
2.04031
2.02808
2.01715
2.0075
1.99912
1.992
1.98613
1.98152
1.97822
1.97633
1.97585
1.97645
979.745
835.267
99.5284
3.19532
2.998
2.84291
2.73831
2.67448
2.61204
2.55224
2.4967
2.44497
2.39695
2.35264
2.31204
2.27508
2.24148
2.21085
2.18281
2.1571
2.13348
2.11175
2.09173
2.07334
2.0565
2.04117
2.0273
2.01481
2.00368
1.99386
1.98536
1.97815
1.97223
1.96761
1.96435
1.96252
1.96212
1.96279
1032.87
1008.96
230.002
3.84858
3.28054
3.00653
2.84146
2.74573
2.66029
2.58372
2.51672
2.45689
2.4029
2.35404
2.30992
2.27021
2.23449
2.20225
2.17297
2.14628
2.12185
2.09944
2.07887
2.06003
2.04283
2.02719
2.01305
2.00036
1.98905
1.9791
1.9705
1.96322
1.95728
1.95267
1.94944
1.94768
1.94737
1.9481
1094.02
1124.95
424.113
4.63215
3.53016
3.14099
2.92729
2.80333
2.69668
2.60522
2.52845
2.46197
2.4032
2.35077
2.30389
2.26201
2.22459
2.19106
2.16081
2.13337
2.10833
2.08542
2.06443
2.04524
2.02775
2.01187
1.99753
1.98467
1.97323
1.96319
1.95452
1.94721
1.94126
1.93668
1.9335
1.9318
1.93156
1.93236
1156.1
1188.26
549.093
6.98317
3.69471
3.22915
2.98432
2.83828
2.71488
2.61265
2.52921
2.45842
2.39664
2.34197
2.29334
2.25005
2.21151
2.1771
2.1462
2.11825
2.09282
2.06958
2.04832
2.0289
2.01122
1.99517
1.9807
1.96773
1.95621
1.94611
1.93741
1.93009
1.92416
1.91961
1.91649
1.91487
1.9147
1.91555
1214.89
1249.28
551.491
4.60282
3.67891
3.23557
2.99869
2.84301
2.70967
2.60273
2.51698
2.44496
2.38241
2.3271
2.27788
2.23405
2.19504
2.16024
2.12904
2.10086
2.07525
2.05187
2.03049
2.01096
1.99318
1.97706
1.96252
1.9495
1.93795
1.92784
1.91915
1.91186
1.90596
1.90147
1.89842
1.89687
1.89677
1.89767
1274.64
1295.46
501.864
4.21667
3.50959
3.17495
2.96919
2.81158
2.67808
2.57378
2.49082
2.42111
2.36024
2.30601
2.25741
2.21392
2.1751
2.14042
2.1093
2.08117
2.0556
2.03225
2.0109
1.99139
1.97362
1.9575
1.94297
1.92998
1.91846
1.90838
1.89973
1.89249
1.88667
1.88225
1.87928
1.8778
1.87777
1.87872
1338.04
1312.88
379.491
4.17194
3.32253
3.06971
2.89451
2.74288
2.61977
2.52607
2.45118
2.38734
2.33055
2.27902
2.23216
2.1898
2.15177
2.11766
2.08697
2.05918
2.03387
2.01073
1.98955
1.97017
1.95251
1.93649
1.92206
1.90915
1.89771
1.88772
1.87916
1.87201
1.86627
1.86195
1.85906
1.85767
1.8577
1.8587
1409.08
1203.02
193.158
3.64805
3.05893
2.89906
2.76267
2.63616
2.53735
2.46227
2.40024
2.34525
2.29446
2.24687
2.20263
2.16205
2.12528
2.09212
2.06215
2.03494
2.01009
1.98733
1.96644
1.94732
1.92987
1.91403
1.89977
1.88701
1.87572
1.86587
1.85743
1.8504
1.84478
1.84057
1.83778
1.83648
1.83657
1.8376
1489.93
775.822
38.4258
2.85369
2.70288
2.65364
2.57876
2.50034
2.43787
2.38744
2.3418
2.29743
2.25357
2.21066
2.16953
2.13113
2.09595
2.064
2.03499
2.00854
1.98432
1.96207
1.94161
1.92283
1.90569
1.89013
1.87611
1.86358
1.8525
1.84283
1.83456
1.82769
1.82221
1.81813
1.81545
1.81424
1.81439
1.81546
1406.76
247.828
3.09845
2.2945
2.33453
2.38035
2.37863
2.35678
2.33434
2.31008
2.28096
2.24716
2.21011
2.17167
2.13366
2.09755
2.06412
2.03355
2.00564
1.9801
1.95664
1.93501
1.91507
1.89675
1.88001
1.86481
1.85112
1.83888
1.82805
1.81862
1.81057
1.80389
1.79858
1.79464
1.79209
1.79096
1.79117
1.79227
959.697
21.6469
1.9382
1.97201
2.05364
2.15288
2.20585
2.23014
2.24093
2.23826
2.22266
2.19736
2.1658
2.13106
2.09577
2.0618
2.03011
2.00097
1.97427
1.94974
1.92712
1.90621
1.88689
1.86911
1.85286
1.8381
1.8248
1.81292
1.80241
1.79326
1.78547
1.77901
1.7739
1.77013
1.7677
1.76667
1.76694
1.76806
700.836
2.51989
1.83387
1.77127
1.87876
2.00584
2.08681
2.13696
2.1675
2.17786
2.17036
2.15013
2.12193
2.08965
2.0564
2.02424
1.99417
1.96647
1.941
1.91755
1.89584
1.87573
1.85711
1.83996
1.82428
1.81004
1.79721
1.78574
1.77561
1.7668
1.75929
1.7531
1.74821
1.74462
1.74233
1.7414
1.74173
1.74286
966.085
2.3219
1.82119
1.68876
1.7961
1.93622
2.02522
2.08165
2.11736
2.13113
2.12547
2.1063
2.07899
2.04776
2.0158
1.98508
1.95647
1.93016
1.90595
1.88361
1.86288
1.84362
1.82578
1.80934
1.79431
1.78067
1.76838
1.75739
1.74769
1.73925
1.73208
1.72618
1.72153
1.71814
1.71601
1.71518
1.71555
1.7167
1693.04
339.708
2.45888
1.69083
1.74848
1.91071
2.01023
2.06079
2.08883
2.09704
2.0873
2.06537
2.03664
2.0052
1.97389
1.94432
1.91707
1.89211
1.86918
1.84798
1.82827
1.80995
1.79296
1.77732
1.76302
1.75005
1.73836
1.72791
1.71868
1.71067
1.70388
1.69829
1.69392
1.69074
1.68876
1.68804
1.68846
1.68962
1746.94
1383.09
190.649
2.36107
1.82659
1.94061
2.0401
2.06985
2.07788
2.07227
2.05333
2.02561
1.99382
1.96134
1.93035
1.90182
1.87591
1.85233
1.8307
1.81069
1.79208
1.77476
1.75871
1.74395
1.73047
1.71824
1.70721
1.69735
1.68865
1.68111
1.67472
1.66948
1.6654
1.66245
1.66064
1.66002
1.66049
1.66165
1379.77
1231.06
431.322
12.536
2.15918
2.06847
2.10243
2.09625
2.07611
2.05077
2.01934
1.98432
1.94889
1.9153
1.88472
1.85736
1.83289
1.81077
1.79051
1.77177
1.75433
1.73811
1.7231
1.70931
1.69671
1.68528
1.67498
1.66577
1.65765
1.65061
1.64466
1.6398
1.63602
1.63331
1.63168
1.63117
1.63169
1.63285
191.539
208.343
228.803
50.1251
2.44236
2.19121
2.15985
2.11777
2.06978
2.024
1.98002
1.93829
1.90005
1.86609
1.83648
1.81066
1.78786
1.76736
1.7486
1.73123
1.71508
1.70007
1.68619
1.67345
1.66183
1.65127
1.64175
1.63323
1.62573
1.61924
1.61376
1.6093
1.60585
1.60339
1.60194
1.60154
1.6021
1.60326
0.860645
4.41822
6.4642
22.0668
5.53544
2.3493
2.20755
2.11827
2.04506
1.98311
1.93016
1.88461
1.84573
1.81292
1.78521
1.7615
1.74072
1.72206
1.70496
1.68912
1.67438
1.6607
1.64807
1.63648
1.62589
1.61627
1.60758
1.59981
1.59297
1.58706
1.58209
1.57805
1.57493
1.57274
1.57148
1.57119
1.57179
1.57293
-0.139239
1.50905
2.28112
2.59893
3.3101
2.4584
2.1887
2.07123
1.9876
1.92054
1.86606
1.82154
1.78516
1.75539
1.73074
1.70979
1.69143
1.67487
1.65964
1.6455
1.63234
1.62012
1.60884
1.59847
1.58899
1.58036
1.57256
1.56558
1.55944
1.55414
1.54969
1.54609
1.54333
1.54141
1.54034
1.54016
1.5408
1.54193
-0.122893
0.893039
1.59685
2.03421
2.21597
2.16929
2.04971
1.96272
1.89282
1.83481
1.78748
1.74928
1.71855
1.69369
1.67314
1.65558
1.64003
1.62586
1.61273
1.60049
1.58906
1.57843
1.5686
1.55954
1.55123
1.54365
1.53678
1.53063
1.52522
1.52055
1.51665
1.5135
1.5111
1.50946
1.50859
1.50853
1.5092
1.51032
-0.0925666
0.653961
1.23392
1.63319
1.83457
1.88062
1.85678
1.8156
1.77204
1.73201
1.69787
1.66981
1.64705
1.62844
1.61279
1.59911
1.58672
1.57521
1.56441
1.55425
1.5447
1.53578
1.52748
1.5198
1.51271
1.50622
1.50032
1.49503
1.49038
1.48638
1.48303
1.48035
1.47832
1.47697
1.47629
1.47634
1.47706
1.47815
-0.0317723
0.530942
0.99549
1.33603
1.54132
1.63222
1.65909
1.65563
1.63978
1.62053
1.60208
1.58594
1.57227
1.56059
1.55026
1.54078
1.5318
1.52319
1.51491
1.50699
1.49945
1.49232
1.48563
1.47937
1.47355
1.46819
1.46329
1.45889
1.45502
1.45169
1.44892
1.4467
1.44505
1.44398
1.44351
1.44368
1.44443
1.4455
-0.00433861
0.433253
0.811064
1.10311
1.30018
1.41359
1.47168
1.49779
1.50677
1.50741
1.5045
1.50035
1.49582
1.49113
1.48623
1.48108
1.47568
1.47012
1.46451
1.45895
1.4535
1.44823
1.44319
1.43839
1.43387
1.42966
1.42579
1.4223
1.41922
1.41657
1.41437
1.41263
1.41137
1.41059
1.41032
1.4106
1.41138
1.41243
-0.00162732
0.348946
0.661782
0.915045
1.10046
1.22437
1.30269
1.35077
1.37988
1.39755
1.40843
1.41516
1.41911
1.42105
1.42143
1.42059
1.41883
1.41641
1.41354
1.41039
1.40708
1.4037
1.40032
1.39701
1.39381
1.39077
1.38794
1.38536
1.38307
1.38111
1.37948
1.37822
1.37733
1.37684
1.37677
1.37717
1.37799
1.37901
-0.00673232
0.280986
0.544038
0.765648
0.938523
1.06556
1.15571
1.21872
1.26274
1.29379
1.31596
1.3319
1.34328
1.35124
1.35658
1.35992
1.36175
1.36245
1.36232
1.36158
1.36041
1.35891
1.3572
1.35537
1.35349
1.35162
1.34983
1.34816
1.34667
1.34538
1.34432
1.34353
1.34302
1.34282
1.34295
1.34346
1.34431
1.3453
-0.0127603
0.228463
0.453129
0.648696
0.808854
0.934408
1.03024
1.10241
1.15658
1.19737
1.22822
1.25158
1.26923
1.28249
1.29236
1.29963
1.3049
1.30863
1.31117
1.3128
1.3137
1.31406
1.31399
1.31362
1.31304
1.31233
1.31157
1.3108
1.31008
1.30946
1.30897
1.30864
1.3085
1.30858
1.30892
1.30954
1.31041
1.31138
-0.0174132
0.188759
0.383494
0.557432
0.705185
0.826441
0.923699
1.00065
1.06113
1.10855
1.14572
1.17484
1.19762
1.21544
1.22937
1.24025
1.24873
1.25532
1.2604
1.26428
1.26719
1.26933
1.27086
1.27192
1.27261
1.27303
1.27326
1.27337
1.27341
1.27344
1.2735
1.27362
1.27385
1.27421
1.27473
1.27547
1.27637
1.2773
-0.0202961
0.158883
0.329878
0.485649
0.621648
0.737034
0.832947
0.911563
0.975431
1.02704
1.06862
1.10207
1.12898
1.15064
1.1681
1.18221
1.19361
1.20282
1.21026
1.21625
1.22106
1.2249
1.22796
1.23039
1.23231
1.23382
1.23501
1.23596
1.23673
1.23739
1.23798
1.23855
1.23913
1.23976
1.24047
1.24131
1.24224
1.24313
-0.0217354
0.136126
0.287915
0.428259
0.553349
0.662148
0.755033
0.833232
0.898417
0.952392
0.996896
1.03352
1.06364
1.08846
1.10893
1.12584
1.13982
1.1514
1.16098
1.16892
1.17549
1.18093
1.18544
1.18916
1.19225
1.1948
1.1969
1.19866
1.20013
1.20139
1.20249
1.20348
1.20441
1.2053
1.2062
1.20713
1.20808
1.20894
-0.0221806
0.118412
0.254344
0.38145
0.49655
0.598582
0.687512
0.763985
0.829085
0.884109
0.930402
0.969252
1.00183
1.02915
1.0521
1.07139
1.08761
1.10126
1.11276
1.12247
1.13066
1.13758
1.14343
1.14837
1.15254
1.15606
1.15903
1.16154
1.16368
1.16551
1.1671
1.1685
1.16975
1.17089
1.17196
1.17299
1.17396
1.17479
-0.0219747
0.104292
0.226885
0.342521
0.448543
0.543949
0.628495
0.702475
0.766578
0.821728
0.868944
0.909248
0.943599
0.972856
0.997783
1.01902
1.03712
1.05257
1.06576
1.07704
1.08669
1.09496
1.10204
1.10809
1.11327
1.11769
1.12147
1.12469
1.12745
1.12983
1.13188
1.13366
1.13522
1.1366
1.13783
1.13895
1.13993
1.14072
-0.02136
0.092775
0.203972
0.309595
0.40741
0.496511
0.576559
0.647637
0.710167
0.764792
0.812269
0.853389
0.888923
0.919588
0.946032
0.968831
0.988479
1.00544
1.02009
1.03276
1.04371
1.05318
1.06136
1.06843
1.07452
1.07977
1.08428
1.08817
1.09151
1.09439
1.09688
1.09902
1.10087
1.10247
1.10385
1.10505
1.10604
1.1068
-0.0205222
0.0831935
0.184543
0.281374
0.371794
0.455001
0.530622
0.598613
0.65921
0.712846
0.760069
0.801482
0.837695
0.8693
0.896852
0.920853
0.941758
0.959976
0.975861
0.989714
1.00179
1.01232
1.02148
1.02945
1.03636
1.04236
1.04755
1.05204
1.05592
1.05927
1.06215
1.06463
1.06676
1.06856
1.07008
1.07135
1.07235
1.07307
-0.0195838
0.0751079
0.167882
0.256959
0.340725
0.418476
0.489836
0.554683
0.613124
0.665434
0.712002
0.753281
0.789754
0.821908
0.850212
0.875103
0.896982
0.916215
0.933119
0.94797
0.961008
0.97244
0.982452
0.991208
0.998853
1.00552
1.01132
1.01636
1.02073
1.02451
1.02777
1.03055
1.03292
1.03491
1.03656
1.03789
1.03889
1.03958
-0.0185815
0.0682441
0.153502
0.235711
0.313483
0.386201
0.453502
0.515217
0.571364
0.622107
0.667714
0.708524
0.74492
0.777298
0.806053
0.831557
0.85416
0.874178
0.891894
0.907558
0.921387
0.933581
0.944316
0.953754
0.962038
0.969297
0.975644
0.981182
0.985997
0.990166
0.993756
0.996821
0.999412
1.00157
1.00333
1.00471
1.00572
1.00637
-0.0174762
0.0624379
0.141061
0.217147
0.289498
0.357569
0.421017
0.479651
0.533429
0.582438
0.626861
0.66695
0.703004
0.735344
0.764295
0.790171
0.813267
0.833857
0.852188
0.868485
0.882949
0.895766
0.907106
0.917124
0.925961
0.933739
0.940569
0.946547
0.951758
0.956275
0.960163
0.963478
0.966267
0.968574
0.970431
0.971864
0.972871
0.973489
-0.0162082
0.0575751
0.130288
0.200875
0.26829
0.332056
0.391853
0.447482
0.498869
0.546045
0.589132
0.628314
0.663821
0.695909
0.72484
0.750873
0.774254
0.795217
0.81398
0.830745
0.845695
0.859007
0.870842
0.881347
0.890654
0.898881
0.90613
0.912494
0.918051
0.922874
0.927024
0.930557
0.93352
0.935956
0.937899
0.939371
0.940371
0.94096
-0.0147435
0.053544
0.120943
0.186549
0.249444
0.30921
0.365555
0.418281
0.467294
0.512592
0.554246
0.592387
0.627188
0.658846
0.68757
0.713569
0.737047
0.758205
0.777234
0.794316
0.809621
0.823312
0.83554
0.846443
0.856143
0.864749
0.872356
0.879049
0.884905
0.88999
0.894366
0.898087
0.9012
0.903747
0.905762
0.907267
0.90826
0.908809
-0.0130912
0.0502186
0.112798
0.173863
0.232603
0.28865
0.34174
0.391683
0.438375
0.481785
0.52195
0.558953
0.59292
0.623999
0.652353
0.678149
0.701558
0.722754
0.741903
0.759171
0.774714
0.78868
0.801209
0.812427
0.822446
0.831363
0.839267
0.846235
0.85234
0.857647
0.862213
0.866092
0.869332
0.871973
0.874046
0.875573
0.876556
0.877075
-0.0113082
0.0474628
0.105648
0.162557
0.217471
0.270064
0.320097
0.36739
0.41183
0.453368
0.492009
0.527801
0.560828
0.591201
0.619044
0.644494
0.667693
0.688791
0.707937
0.725278
0.740957
0.755106
0.767853
0.779309
0.789574
0.798737
0.806877
0.814067
0.820374
0.82586
0.830583
0.834592
0.837936
0.840653
0.842773
0.844315
0.845285
0.845775
-0.00948055
0.0451465
0.0993179
0.152422
0.203812
0.253201
0.30037
0.345145
0.387411
0.427101
0.464197
0.498719
0.530721
0.560282
0.587499
0.612483
0.635355
0.656244
0.675284
0.692604
0.708329
0.72258
0.735466
0.747087
0.75753
0.766875
0.775194
0.782553
0.789017
0.794644
0.79949
0.803604
0.80703
0.809807
0.811962
0.813513
0.814466
0.814925
-0.00768429
0.0431676
0.0936762
0.143295
0.191441
0.237856
0.282338
0.324721
0.364886
0.402755
0.438295
0.471503
0.502411
0.531077
0.557577
0.582002
0.604455
0.625047
0.643896
0.661113
0.676809
0.691086
0.704039
0.715755
0.726311
0.735776
0.744218
0.751697
0.758274
0.764006
0.768945
0.773138
0.776627
0.779448
0.781628
0.783181
0.784115
0.784543
-0.00596064
0.0414616
0.0886277
0.13505
0.180202
0.223848
0.265801
0.305903
0.344034
0.380112
0.414091
0.445956
0.475723
0.503435
0.529152
0.552949
0.574912
0.595138
0.613726
0.630771
0.646367
0.6606
0.673553
0.685298
0.695904
0.705432
0.713944
0.721497
0.728148
0.733951
0.738954
0.743203
0.746737
0.749589
0.751782
0.753331
0.754243
0.754639
-0.00430991
0.0399935
0.0841002
0.127579
0.169952
0.211005
0.250567
0.288486
0.324648
0.358967
0.391392
0.421902
0.450502
0.477224
0.502114
0.525234
0.546656
0.566459
0.584726
0.601538
0.61697
0.631095
0.643983
0.655695
0.666292
0.675829
0.684364
0.691949
0.698637
0.704479
0.709522
0.713805
0.717366
0.720235
0.722433
0.723972
0.724861
0.725224
-0.00270445
0.0387397
0.0800263
0.120775
0.160552
0.199164
0.236453
0.272281
0.306536
0.339136
0.370029
0.399189
0.426616
0.45233
0.476368
0.498779
0.519619
0.538954
0.556849
0.57337
0.588579
0.602536
0.615298
0.626919
0.637454
0.646952
0.655465
0.663044
0.669737
0.675592
0.680649
0.684948
0.68852
0.691393
0.693586
0.695109
0.695973
0.696301
-0.00111945
0.0376691
0.0763305
0.114526
0.151863
0.188166
0.223294
0.257118
0.289534
0.320467
0.349862
0.377694
0.403956
0.42866
0.451833
0.473511
0.493738
0.512563
0.53004
0.546218
0.561149
0.574881
0.587463
0.598942
0.609366
0.618781
0.627235
0.634774
0.641443
0.647284
0.652335
0.65663
0.660198
0.663064
0.665243
0.666745
0.66758
0.667876
0.000438533
0.0367306
0.0729275
0.108723
0.143757
0.177875
0.210947
0.242857
0.27351
0.302834
0.330779
0.357314
0.38243
0.406131
0.428434
0.449361
0.468947
0.487227
0.504241
0.520029
0.534631
0.548088
0.560441
0.571732
0.582003
0.591298
0.599659
0.607128
0.613747
0.619551
0.624576
0.628851
0.632401
0.635246
0.637404
0.638878
0.639684
0.639948
0.00192405
0.0358549
0.0697289
0.103262
0.136124
0.168175
0.199299
0.22939
0.25836
0.286143
0.312689
0.337967
0.361961
0.384668
0.406096
0.426259
0.445178
0.462879
0.479391
0.494745
0.508974
0.522112
0.534194
0.545257
0.555341
0.564483
0.572722
0.580095
0.58664
0.592387
0.597367
0.601605
0.605122
0.607938
0.610064
0.611507
0.612282
0.612515
0.00326594
0.0349681
0.066656
0.0980619
0.12888
0.158984
0.188267
0.216635
0.244006
0.270316
0.295517
0.319576
0.342472
0.364197
0.384748
0.404132
0.42236
0.439451
0.455426
0.47031
0.484128
0.496909
0.508685
0.519489
0.529354
0.538316
0.546408
0.553663
0.560112
0.565783
0.570701
0.574886
0.578357
0.581131
0.58322
0.584625
0.585367
0.585571
0.00439246
0.0340092
0.0636509
0.0930648
0.121967
0.150241
0.177792
0.204531
0.230383
0.255287
0.279195
0.302071
0.323891
0.34464
0.364311
0.382903
0.400421
0.416876
0.432286
0.446668
0.460044
0.472439
0.48388
0.494398
0.50402
0.512778
0.520701
0.527817
0.534152
0.539728
0.544566
0.548683
0.552097
0.554819
0.556861
0.558226
0.558934
0.559109
0.00525755
0.0329435
0.0606821
0.0882387
0.11535
0.141909
0.167829
0.193028
0.217436
0.240994
0.263654
0.285379
0.306141
0.325922
0.34471
0.362499
0.379289
0.395089
0.40991
0.423767
0.436678
0.448664
0.459749
0.469958
0.479317
0.487852
0.495586
0.502544
0.508745
0.514208
0.518951
0.522986
0.526329
0.52899
0.530979
0.532299
0.532971
0.53312
0.00585612
0.0317676
0.0577435
0.0835716
0.109009
0.133959
0.158341
0.18208
0.20511
0.227374
0.248825
0.269426
0.289147
0.307966
0.325869
0.342848
0.3589
0.37403
0.388247
0.401561
0.41399
0.425549
0.436261
0.446145
0.455223
0.463517
0.471045
0.477826
0.483876
0.48921
0.493841
0.497781
0.501041
0.503632
0.505562
0.506832
0.507468
0.507591
0.00622335
0.030505
0.0548472
0.0790635
0.102932
0.126366
0.149292
0.17164
0.193348
0.214364
0.23464
0.25414
0.272834
0.2907
0.307721
0.323887
0.339195
0.353647
0.367249
0.380011
0.391945
0.403066
0.41339
0.422935
0.431717
0.439753
0.447058
0.453645
0.459528
0.464716
0.469221
0.473052
0.476219
0.47873
0.480595
0.481813
0.482412
0.48251
0.00642152
0.0291951
0.0520135
0.0747179
0.0971079
0.119105
0.140643
0.161659
0.182095
0.2019
0.221032
0.239454
0.257137
0.274059
0.290203
0.30556
0.320123
0.333894
0.346878
0.359081
0.370513
0.381186
0.391112
0.400305
0.408777
0.41654
0.423605
0.429982
0.435681
0.440708
0.445073
0.448783
0.451845
0.45427
0.456063
0.457227
0.457788
0.457863
0.00652167
0.02788
0.0492627
0.0705366
0.0915214
0.112147
0.132356
0.152089
0.171294
0.189925
0.20794
0.225307
0.241996
0.257988
0.273265
0.287818
0.301641
0.314734
0.327098
0.33874
0.349665
0.359882
0.369401
0.37823
0.386378
0.393853
0.400663
0.406815
0.412313
0.417165
0.421377
0.424954
0.427903
0.430234
0.431952
0.433058
0.433582
0.433635
0.00658693
0.0265956
0.0466092
0.0665162
0.0861551
0.105464
0.124392
0.142885
0.160897
0.178386
0.195313
0.211647
0.227363
0.24244
0.256864
0.270623
0.283713
0.296132
0.307879
0.318958
0.329372
0.339127
0.348229
0.356683
0.364494
0.371668
0.378208
0.384118
0.389403
0.394066
0.398112
0.401546
0.404374
0.406604
0.408243
0.40929
0.409776
0.409809
0.00666205
0.025365
0.0440588
0.0626488
0.0809896
0.0990271
0.116715
0.134008
0.150862
0.167239
0.183106
0.198432
0.213196
0.227377
0.240962
0.253942
0.266308
0.278057
0.28919
0.299706
0.309606
0.318892
0.327568
0.335636
0.343098
0.349956
0.356212
0.361868
0.366925
0.371386
0.375256
0.378538
0.381237
0.383362
0.384918
0.385905
0.386354
0.386368
0.00676985
0.0241971
0.0416088
0.0589219
0.076005
0.0928104
0.109298
0.125425
0.141155
0.156452
0.171285
0.185629
0.199463
0.212768
0.225531
0.237742
0.249394
0.260481
0.271002
0.280953
0.290335
0.299147
0.307388
0.315059
0.32216
0.32869
0.334648
0.340036
0.344854
0.349103
0.352787
0.355908
0.358474
0.360489
0.36196
0.362886
0.363298
0.363294
0.00691299
0.0230887
0.0392497
0.0553208
0.0711822
0.0867914
0.102113
0.117109
0.131747
0.145994
0.159823
0.17321
0.186136
0.198584
0.210541
0.221997
0.232943
0.243374
0.253284
0.26267
0.271529
0.279859
0.287657
0.294921
0.301649
0.307838
0.313488
0.318596
0.323164
0.327192
0.330682
0.333637
0.336063
0.337965
0.339349
0.340214
0.340589
0.340569
0.00707896
0.0220272
0.0369674
0.0518293
0.0665029
0.0809504
0.0951401
0.109039
0.122615
0.135842
0.148693
0.161148
0.173188
0.184798
0.195964
0.206676
0.216924
0.226702
0.236003
0.244822
0.253154
0.260995
0.268341
0.275189
0.281533
0.287372
0.292702
0.297521
0.30183
0.305629
0.308918
0.311702
0.313985
0.315771
0.317066
0.31787
0.318209
0.318175
0.00724653
0.0209946
0.0347448
0.0484303
0.0619497
0.0752692
0.0883602
0.101193
0.113739
0.125974
0.137874
0.149419
0.160593
0.171381
0.181769
0.191747
0.201304
0.210432
0.219124
0.227373
0.235174
0.24252
0.249406
0.255828
0.26178
0.267259
0.27226
0.276783
0.280826
0.284389
0.287473
0.290082
0.292218
0.293887
0.295093
0.295835
0.29614
0.296093
0.00739152
0.0199709
0.032564
0.0451065
0.0575053
0.0697298
0.0817544
0.0935519
0.105097
0.116366
0.127338
0.137996
0.148322
0.158303
0.167925
0.177176
0.186047
0.194527
0.20261
0.210287
0.217551
0.224396
0.230816
0.236805
0.242357
0.247469
0.252135
0.256355
0.260127
0.263449
0.266325
0.268755
0.270743
0.272294
0.27341
0.274091
0.274362
0.274304
0.00749073
0.0189364
0.0304066
0.0418403
0.0531518
0.0643137
0.0753028
0.0860943
0.0966649
0.106993
0.11706
0.126849
0.136344
0.14553
0.154395
0.162927
0.171116
0.178951
0.186423
0.193525
0.20025
0.206589
0.212537
0.218087
0.223234
0.227972
0.232299
0.236211
0.239707
0.242786
0.24545
0.2477
0.249539
0.250971
0.251998
0.252618
0.252857
0.252789
0.00752423
0.0178726
0.0282549
0.0386136
0.0488705
0.0590009
0.0689839
0.0787968
0.0884182
0.0978286
0.10701
0.115947
0.124624
0.133027
0.141145
0.148964
0.156473
0.163664
0.170526
0.177052
0.183234
0.189064
0.194536
0.199643
0.204379
0.208741
0.212724
0.216325
0.219543
0.222377
0.224828
0.226897
0.228587
0.2299
0.230838
0.231399
0.231606
0.231528
0.00747635
0.0167637
0.0260921
0.0354085
0.0446418
0.0537702
0.0627744
0.071634
0.0803292
0.0888422
0.0971563
0.105256
0.113129
0.120759
0.128136
0.135247
0.142081
0.148629
0.154882
0.160831
0.166468
0.171787
0.17678
0.181442
0.185766
0.189748
0.193385
0.196673
0.199612
0.2022
0.204438
0.206326
0.207866
0.209061
0.209911
0.210413
0.210589
0.210503
0.00733576
0.015596
0.0239025
0.0322072
0.040446
0.0485995
0.0566503
0.0645796
0.0723696
0.0800036
0.0874664
0.0947439
0.101823
0.10869
0.115333
0.121741
0.127904
0.133812
0.139456
0.144828
0.149921
0.154727
0.159241
0.163456
0.167366
0.170968
0.174258
0.177233
0.179892
0.182234
0.184259
0.185966
0.187358
0.188435
0.189198
0.189642
0.189789
0.189696
0.00709495
0.0143584
0.0216721
0.0289928
0.0362636
0.0434669
0.0505872
0.0576073
0.064511
0.0712829
0.0779092
0.0843765
0.0906722
0.0967843
0.102701
0.108412
0.113907
0.119178
0.124215
0.129012
0.133561
0.137856
0.14189
0.145658
0.149155
0.152376
0.155319
0.157982
0.160362
0.162458
0.16427
0.165798
0.167043
0.168004
0.168681
0.169069
0.169186
0.169088
0.00674956
0.0130422
0.0193883
0.0257499
0.0320762
0.0383517
0.0445621
0.050692
0.0567265
0.0626517
0.0684548
0.0741234
0.079646
0.0850113
0.0902085
0.0952276
0.10006
0.104696
0.10913
0.113354
0.117361
0.121145
0.124701
0.128023
0.131108
0.13395
0.136547
0.138898
0.141
0.142852
0.144453
0.145804
0.146902
0.147749
0.148342
0.148675
0.148764
0.148661
0.00629733
0.0116403
0.0170405
0.0224645
0.0278674
0.0332349
0.0385541
0.0438108
0.0489916
0.054084
0.0590761
0.0639569
0.0687156
0.073342
0.0778262
0.0821593
0.0863332
0.0903402
0.0941738
0.0978274
0.101295
0.104571
0.107651
0.110529
0.113202
0.115666
0.11792
0.11996
0.121786
0.123396
0.124788
0.125963
0.126918
0.127653
0.128164
0.128444
0.128505
0.128398
0.00573701
0.0101475
0.0146202
0.0191256
0.0236237
0.028101
0.0325456
0.0369445
0.0412857
0.0455578
0.0497502
0.053853
0.0578566
0.0617517
0.0655297
0.0691826
0.0727033
0.0760852
0.0793223
0.0824091
0.0853401
0.0881107
0.0907162
0.0931526
0.0954167
0.0975056
0.0994171
0.101149
0.102701
0.10407
0.105256
0.106257
0.107071
0.107696
0.108128
0.108358
0.108393
0.108283
0.00506676
0.00855939
0.012122
0.0157266
0.0193373
0.0229408
0.0265261
0.0300814
0.0335958
0.0370591
0.0404622
0.0437962
0.0470528
0.0502238
0.053302
0.0562804
0.0591529
0.0619141
0.0645586
0.0670819
0.0694794
0.071747
0.073881
0.075878
0.0777352
0.0794504
0.0810217
0.0824475
0.0837265
0.0848572
0.0858383
0.0866681
0.0873442
0.0878635
0.0882204
0.088403
0.0884133
0.088302
0.00428286
0.00687288
0.00954281
0.0122642
0.0150039
0.0177492
0.0204894
0.0232139
0.025913
0.0285781
0.0312012
0.0337747
0.0362917
0.0387453
0.0411295
0.0434386
0.0456677
0.0478121
0.0498678
0.0518308
0.0536976
0.0554649
0.0571296
0.0586892
0.0601416
0.0614848
0.0627175
0.0638383
0.0648463
0.0657401
0.0665183
0.0671792
0.0677202
0.0681375
0.068424
0.0685649
0.0685532
0.0684445
0.00338869
0.00508391
0.00686583
0.00871012
0.0105859
0.0124799
0.0143819
0.0162824
0.018173
0.0200461
0.0218953
0.0237142
0.0254972
0.0272389
0.0289345
0.0305796
0.0321703
0.033703
0.0351746
0.0365821
0.0379229
0.0391944
0.0403946
0.0415214
0.0425734
0.0435492
0.0444478
0.0452684
0.0460101
0.0466719
0.0472526
0.0477507
0.0481638
0.0484879
0.0487153
0.0488271
0.0488014
0.048701
0.00242339
0.00319677
0.00405863
0.00500097
0.00599378
0.00702237
0.00807592
0.00914518
0.0102225
0.0113013
0.0123761
0.0134418
0.0144938
0.0155279
0.0165404
0.017528
0.0184877
0.0194169
0.0203131
0.0211744
0.0219988
0.0227845
0.0235303
0.0242347
0.0248968
0.0255159
0.0260913
0.0266224
0.0271088
0.02755
0.0279452
0.0282935
0.0285934
0.0288426
0.0290359
0.0291531
0.0291472
0.0290845
0.00125707
0.00115011
0.0011876
0.00130692
0.00148179
0.00169885
0.00194859
0.00222369
0.00251854
0.00282862
0.00315013
0.00347977
0.00381462
0.00415207
0.00448977
0.00482565
0.00515785
0.00548476
0.00580492
0.00611705
0.00642004
0.0067129
0.00699484
0.00726519
0.00752345
0.00776927
0.00800238
0.00822266
0.00843005
0.00862457
0.00880629
0.00897528
0.00913156
0.00927513
0.00940492
0.00950867
0.00954125
0.00951543
)
;

boundaryField
{
    leftWall
    {
        type            fixedFluxPressure;
        gradient        uniform 0;
        value           nonuniform List<scalar> 
100
(
1921
1920.36
1919.25
1917.69
1915.65
1913.12
1910.1
1906.58
1902.57
1898.06
1893.06
1887.57
1881.59
1875.15
1868.23
1860.87
1848.7
1830.29
1810.19
1788.63
1765.79
1741.91
1717.24
1692.05
1666.62
1641.16
1615.46
1588.85
1561.91
1535.97
1510.53
1474.52
652.564
-1.71274
-1.21443
-1.19083
-1.15908
-1.16075
-1.167
-1.17265
-1.17783
-1.18198
-1.18478
-1.18558
-1.18372
-1.17881
-1.17068
-1.15912
-1.14381
-1.12498
-1.10339
-1.07959
-1.0541
-1.02738
-0.999816
-0.971717
-0.943352
-0.914951
-0.886713
-0.858794
-0.831306
-0.804314
-0.777849
-0.751926
-0.726552
-0.701729
-0.67745
-0.653696
-0.630432
-0.607619
-0.585213
-0.56318
-0.541491
-0.520129
-0.499082
-0.478341
-0.457896
-0.437733
-0.417833
-0.398177
-0.378745
-0.35952
-0.340485
-0.321631
-0.302949
-0.284435
-0.266084
-0.247894
-0.229864
-0.21199
-0.194261
-0.176666
-0.159223
-0.141963
-0.124728
-0.107059
-0.0892748
-0.0739956
-0.0598315
-0.0196391
)
;
    }
    rightWall
    {
        type            fixedFluxPressure;
        gradient        uniform 0;
        value           nonuniform List<scalar> 
100
(
2.07408
2.07372
2.07347
2.07306
2.07246
2.0717
2.07079
2.06972
2.06849
2.0671
2.06554
2.06381
2.06191
2.05984
2.0576
2.05519
2.05116
2.04492
2.03786
2.02994
2.02113
2.0114
2.00073
1.98908
1.97645
1.96279
1.9481
1.93236
1.91555
1.89767
1.87872
1.8587
1.8376
1.81546
1.79227
1.76806
1.74286
1.7167
1.68962
1.66165
1.63285
1.60326
1.57293
1.54193
1.51032
1.47815
1.4455
1.41243
1.37901
1.3453
1.31138
1.2773
1.24313
1.20894
1.17479
1.14072
1.1068
1.07307
1.03958
1.00637
0.973489
0.94096
0.908809
0.877075
0.845775
0.814925
0.784543
0.754639
0.725224
0.696301
0.667876
0.639948
0.612515
0.585571
0.559109
0.53312
0.507591
0.48251
0.457863
0.433635
0.409809
0.386368
0.363294
0.340569
0.318175
0.296093
0.274304
0.252789
0.231528
0.210503
0.189696
0.169088
0.148661
0.128398
0.108283
0.088302
0.0684445
0.048701
0.0290845
0.00951543
)
;
    }
    lowerWall
    {
        type            fixedFluxPressure;
        gradient        uniform 0;
        value           nonuniform List<scalar> 
124
(
1921
1924.34
1931.65
1940.06
1947.36
1953.38
1958.18
1962.06
1965.26
1967.98
1970.35
1972.46
1974.33
1975.96
1977.33
1978.42
1979.16
1979.53
1979.48
1979
1978.1
1976.82
1975.27
1973.59
1972.04
1970.95
1970.76
1972.05
1975.51
1982
1992.58
2008.49
2031.43
2062.76
2104.13
2157.27
2223.95
2305.19
2399.82
2502.25
2600.81
2679.03
2725.55
2726.32
2741.39
2817
2817
2805.96
2807.02
2824.06
2859.47
2902.9
2944.83
2977.32
2996.08
2998.17
2976.16
2924.74
2834.47
2687.48
2451.63
2087.25
214.506
208.346
-0.497866
1.48549
1.14972
1.20995
1.24118
1.34216
2.28734
2.2879
2.28843
2.28882
2.28892
2.28857
2.28761
2.28588
2.28315
2.27902
2.27285
2.26353
2.24909
2.22606
2.1874
2.12085
2.28734
2.28279
2.27973
2.27772
2.27735
2.27822
2.27958
2.28077
2.28118
2.28038
2.27814
2.27433
2.26897
2.26217
2.25406
2.24486
2.23478
2.22406
2.21289
2.20148
2.18998
2.17855
2.16733
2.15644
2.14597
2.13602
2.12663
2.11789
2.10984
2.10253
2.09602
2.09034
2.08551
2.08156
2.07847
2.07625
2.07479
2.07408
)
;
    }
    atmosphere
    {
        type            totalPressure;
        rho             rho;
        psi             none;
        gamma           1;
        p0              uniform 0;
        value           nonuniform List<scalar> 
92
(
-0.00914988
-0.0342814
-0.0323368
-0.0302916
-0.0288397
-0.0276559
-0.0266107
-0.0256318
-0.0246802
-0.0237356
-0.022788
-0.0218328
-0.0208683
-0.0198947
-0.0189128
-0.0179243
-0.0169312
-0.015936
-0.0149415
-0.013951
-0.0129677
-0.0119955
-0.0110382
-0.0100998
-0.00918432
-0.0082957
-0.00743784
-0.00661438
-0.00582871
-0.00508392
-0.00438277
-0.00372764
-0.00312057
-0.00256324
-0.00205708
-0.00160325
-0.00120276
-0.00085673
-0.000566709
-0.000334905
-0.000163515
-5.42235e-05
-7.35306e-06
0
0
0
0
0
0
0
0
0
0
0
0
0
0
0
0
0
0
0
0
0
0
0
0
0
0
0
0
0
0
0
0
0
0
0
0
0
0
0
0
0
0
0
0
0
0
0
0
0
)
;
    }
    defaultFaces
    {
        type            empty;
    }
}


// ************************************************************************* //
