/*--------------------------------*- C++ -*----------------------------------*\
  =========                 |
  \\      /  F ield         | OpenFOAM: The Open Source CFD Toolbox
   \\    /   O peration     | Website:  https://openfoam.org
    \\  /    A nd           | Version:  7
     \\/     M anipulation  |
\*---------------------------------------------------------------------------*/
FoamFile
{
    version     2.0;
    format      ascii;
    class       volScalarField;
    location    "0.4";
    object      epsilon;
}
// * * * * * * * * * * * * * * * * * * * * * * * * * * * * * * * * * * * * * //

dimensions      [0 2 -3 0 0 0 0];

internalField   nonuniform List<scalar> 
9072
(
0.0280862
0.0914849
0.170557
0.251923
0.326103
0.399573
0.468864
0.535945
0.602068
0.668359
0.735697
0.804672
0.87559
0.948489
1.02319
1.09931
1.17633
1.25361
1.33041
1.40592
1.47926
1.54953
1.6158
1.67709
1.73244
1.78088
1.82143
1.85315
1.87507
1.88615
1.88485
1.872
1.85051
1.8162
1.76707
1.70188
1.62004
1.52224
1.41179
1.29552
1.17915
1.07484
0.916459
0.776076
0.642409
0.478726
0.0371292
0.0590398
0.0909587
0.124223
0.155221
0.182849
0.208365
0.232656
0.256384
0.280079
0.304138
0.328831
0.354309
0.380622
0.407733
0.435533
0.463858
0.492494
0.521194
0.549682
0.577667
0.604841
0.630891
0.655506
0.678376
0.699207
0.717724
0.733687
0.746894
0.757202
0.764567
0.770536
0.776853
0.783098
0.78962
0.79734
0.80759
0.821895
0.841534
0.866247
0.888394
0.890763
0.793445
0.610124
0.478853
0.537425
0.0484009
0.0559781
0.0799236
0.104636
0.126553
0.145886
0.163359
0.179637
0.195271
0.210703
0.226258
0.242157
0.258531
0.275439
0.292875
0.310784
0.329073
0.347615
0.366262
0.384846
0.403188
0.421101
0.438398
0.454892
0.470408
0.484783
0.497883
0.509608
0.519912
0.528825
0.536527
0.543814
0.551891
0.561384
0.573288
0.589112
0.610939
0.641442
0.683633
0.739592
0.803673
0.850143
0.819754
0.682537
0.575543
0.786424
0.0552383
0.0585469
0.0791445
0.0994632
0.117591
0.13356
0.147839
0.160963
0.173413
0.185579
0.197749
0.21012
0.222813
0.235883
0.249338
0.263143
0.277232
0.291512
0.305876
0.320199
0.334349
0.348189
0.361582
0.374398
0.386514
0.397827
0.408261
0.41778
0.426405
0.434246
0.441557
0.448958
0.457418
0.467815
0.481353
0.499695
0.525048
0.560185
0.608257
0.671681
0.746486
0.809194
0.81458
0.745417
0.692148
1.06604
0.0618349
0.063846
0.0815611
0.0990353
0.114763
0.128683
0.141124
0.152515
0.163265
0.173707
0.184093
0.194597
0.205326
0.216331
0.227623
0.239176
0.250937
0.262833
0.274778
0.286671
0.298407
0.309877
0.320974
0.331597
0.341657
0.351086
0.359843
0.367931
0.375415
0.382446
0.389323
0.396614
0.405183
0.41598
0.430274
0.449745
0.476544
0.51327
0.562734
0.626923
0.702741
0.771689
0.801235
0.790699
0.820264
1.40879
0.0708368
0.0704696
0.0856513
0.100807
0.114601
0.126946
0.138073
0.14831
0.157986
0.167375
0.176686
0.186065
0.195603
0.205343
0.215294
0.225434
0.235719
0.246088
0.256467
0.266771
0.276914
0.286804
0.296357
0.305491
0.314141
0.322262
0.329839
0.336904
0.34355
0.349962
0.356463
0.363602
0.372196
0.383207
0.39791
0.417949
0.445366
0.482534
0.53187
0.594885
0.669115
0.741232
0.790258
0.828232
0.94216
1.76954
0.0804193
0.0776675
0.0906074
0.103678
0.115749
0.12674
0.136802
0.146172
0.155095
0.16378
0.172391
0.181042
0.189806
0.198715
0.207773
0.21696
0.226237
0.235549
0.244831
0.254013
0.263019
0.271774
0.280206
0.288252
0.295863
0.303014
0.30971
0.316004
0.322012
0.327942
0.334136
0.341134
0.349722
0.360858
0.375793
0.396117
0.423754
0.460874
0.50958
0.571082
0.643587
0.718392
0.78452
0.863068
1.05458
2.12171
0.0897379
0.084844
0.0958212
0.106999
0.117507
0.127292
0.136446
0.145119
0.153475
0.161661
0.169793
0.177953
0.186193
0.194533
0.202971
0.211486
0.220041
0.228586
0.237066
0.245415
0.253571
0.261469
0.26905
0.276264
0.283078
0.289481
0.295495
0.30119
0.306702
0.312255
0.318204
0.325082
0.333658
0.344867
0.359931
0.380376
0.408025
0.444886
0.492863
0.553076
0.624511
0.702378
0.783962
0.897921
1.1607
2.46449
0.0983777
0.0915649
0.100838
0.110337
0.119454
0.128176
0.136546
0.144642
0.152554
0.160371
0.168163
0.175983
0.183859
0.1918
0.199797
0.207825
0.215848
0.223821
0.231691
0.239405
0.246905
0.254137
0.261052
0.267614
0.273799
0.279611
0.285087
0.290311
0.295432
0.300691
0.306448
0.313233
0.321794
0.333044
0.34817
0.368638
0.396183
0.432707
0.48002
0.539336
0.610524
0.692086
0.788031
0.934123
1.26374
2.83947
0.106228
0.0976181
0.105376
0.113418
0.121332
0.129138
0.136841
0.144455
0.152012
0.159547
0.167093
0.174672
0.182292
0.189949
0.197625
0.205293
0.212917
0.220453
0.227855
0.235072
0.242055
0.24876
0.255146
0.261185
0.266868
0.272208
0.277255
0.282105
0.286921
0.291951
0.297563
0.304279
0.312826
0.324098
0.33924
0.359667
0.387046
0.423215
0.469986
0.528803
0.600502
0.686394
0.795985
0.971586
1.36424
3.22199
0.11346
0.102979
0.109317
0.116102
0.123
0.130035
0.137176
0.14439
0.151658
0.158974
0.166336
0.173742
0.181179
0.188631
0.196073
0.203473
0.210793
0.217993
0.225027
0.231852
0.238424
0.244706
0.250665
0.256285
0.261563
0.266524
0.271229
0.275785
0.280363
0.28522
0.290725
0.297395
0.305935
0.317214
0.332344
0.352688
0.379865
0.415689
0.462037
0.520693
0.593494
0.68423
0.807021
1.01043
1.46498
3.61547
0.120497
0.107736
0.11267
0.118356
0.124402
0.130796
0.137469
0.144347
0.151377
0.158518
0.165741
0.173019
0.180324
0.187628
0.194897
0.202096
0.209184
0.216121
0.222866
0.229378
0.235621
0.241562
0.247177
0.252457
0.25741
0.262068
0.266502
0.270829
0.275226
0.279957
0.285391
0.292037
0.300576
0.311857
0.326954
0.34719
0.374147
0.409639
0.45566
0.514389
0.588685
0.684582
0.820297
1.05095
1.57126
4.04957
0.127167
0.112012
0.115526
0.120224
0.125545
0.131399
0.137676
0.14427
0.151099
0.158096
0.165209
0.172391
0.179601
0.186797
0.193938
0.200985
0.207894
0.214627
0.221143
0.227406
0.233383
0.239049
0.244387
0.249394
0.254086
0.258505
0.262728
0.266881
0.271148
0.275795
0.281189
0.28783
0.29638
0.307662
0.322716
0.342829
0.369555
0.404727
0.450477
0.509401
0.585361
0.686471
0.834839
1.09332
1.69015
4.54977
0.13373
0.115979
0.118015
0.12179
0.12647
0.131854
0.137784
0.144129
0.150781
0.157656
0.164679
0.171788
0.178927
0.186044
0.193091
0.200022
0.206794
0.213366
0.219701
0.225765
0.231529
0.236974
0.24209
0.246879
0.251365
0.255598
0.259663
0.26369
0.26787
0.272471
0.277856
0.284514
0.293087
0.304375
0.319386
0.339371
0.365864
0.40072
0.446214
0.505343
0.5829
0.68892
0.849335
1.13687
1.82895
5.14934
0.140459
0.119807
0.120279
0.123154
0.127234
0.132185
0.137796
0.14391
0.150402
0.157167
0.164114
0.171165
0.17825
0.185309
0.192285
0.199129
0.205796
0.212243
0.218434
0.224339
0.229933
0.235202
0.240141
0.244758
0.249086
0.253179
0.25713
0.261076
0.26521
0.269799
0.275204
0.281903
0.290517
0.301822
0.316796
0.336659
0.362923
0.397466
0.442683
0.501923
0.580776
0.690934
0.861884
1.17841
1.98387
5.89097
0.147659
0.123644
0.122442
0.124408
0.127894
0.132419
0.13772
0.143613
0.149953
0.156616
0.163496
0.170498
0.177542
0.184557
0.191481
0.198259
0.204844
0.211193
0.217271
0.22305
0.228509
0.233639
0.238439
0.242925
0.247134
0.251128
0.255005
0.258907
0.263031
0.267643
0.273098
0.279864
0.28854
0.299879
0.314832
0.334589
0.360639
0.39487
0.439768
0.498945
0.578581
0.691564
0.869932
1.20929
2.11903
6.92762
0.0599032
0.141706
0.217782
0.268048
0.305425
0.336343
0.363749
0.389078
0.411491
0.429878
0.444077
0.453963
0.459406
0.460315
0.456365
0.447294
0.434435
0.41853
0.400328
0.380584
0.360048
0.339431
0.319353
0.300286
0.282525
0.266403
0.252305
0.239498
0.227366
0.215284
0.202583
0.188524
0.172291
0.152963
0.129486
0.100739
0.0671112
0.0370663
0.0185004
0.107928
0.154021
0.17904
0.194177
0.205754
0.216367
0.226979
0.237058
0.245363
0.251511
0.255264
0.256497
0.25514
0.250979
0.24408
0.235344
0.225264
0.214328
0.203003
0.191728
0.180891
0.1708
0.16166
0.153573
0.146705
0.141051
0.136098
0.131419
0.126581
0.121124
0.114546
0.106291
0.0957421
0.0822161
0.065053
0.0433168
0.0152552
0.104645
0.111538
0.140851
0.156456
0.164683
0.170851
0.177063
0.183842
0.190465
0.195952
0.199865
0.201926
0.202007
0.200036
0.195854
0.189671
0.182159
0.173715
0.16473
0.15558
0.146619
0.138159
0.130449
0.123657
0.117867
0.113137
0.109445
0.106422
0.103714
0.100942
0.0976939
0.093522
0.0879393
0.0804293
0.0704602
0.0576032
0.0409257
0.0174203
0.154142
0.121822
0.140196
0.150971
0.156331
0.160421
0.164972
0.170262
0.175453
0.179695
0.182538
0.183697
0.183048
0.180526
0.176011
0.169816
0.162502
0.154419
0.14592
0.137342
0.129005
0.121197
0.114148
0.10802
0.102902
0.098823
0.0957536
0.0934048
0.0914589
0.0895586
0.0873101
0.084287
0.0800379
0.074109
0.0660884
0.0558017
0.0432118
0.0185547
0.203399
0.135764
0.145649
0.153312
0.157294
0.160523
0.164412
0.169067
0.173544
0.177058
0.179166
0.179596
0.178238
0.175044
0.169933
0.163319
0.1557
0.147405
0.138766
0.130105
0.121726
0.113905
0.106867
0.100774
0.095721
0.0917358
0.0887872
0.0866349
0.0849834
0.0834883
0.0817643
0.0793965
0.0759577
0.0710448
0.064354
0.0559778
0.0476027
0.0787697
0.254376
0.152847
0.155494
0.160818
0.164097
0.167058
0.170789
0.175241
0.179334
0.18232
0.183779
0.183463
0.181291
0.177248
0.171292
0.163955
0.155689
0.146819
0.137667
0.128545
0.119754
0.111561
0.104189
0.0978034
0.0925021
0.0883177
0.085223
0.08301
0.0813993
0.0800563
0.0786017
0.0766287
0.0737296
0.0695454
0.0638699
0.0570159
0.0515155
0.0809598
0.308748
0.173213
0.169307
0.172673
0.17563
0.178696
0.18262
0.187146
0.191038
0.193564
0.19434
0.193161
0.189995
0.18487
0.1778
0.169452
0.160243
0.150498
0.140537
0.13067
0.121195
0.112375
0.104433
0.0975311
0.0917723
0.0871929
0.0837715
0.0813223
0.0795789
0.0782159
0.07686
0.075112
0.0725814
0.0689485
0.0640923
0.058503
0.0552776
0.0893698
0.368119
0.197383
0.187255
0.18886
0.191784
0.195278
0.199726
0.204536
0.208333
0.21038
0.210346
0.208098
0.20367
0.197158
0.188656
0.17898
0.168518
0.157598
0.146544
0.135668
0.125263
0.115593
0.106875
0.0992721
0.0928851
0.0877527
0.0838586
0.0810317
0.0790158
0.0774949
0.0761032
0.0744497
0.0721598
0.0689486
0.0647679
0.060253
0.0589804
0.0999257
0.434222
0.226251
0.209991
0.209947
0.213156
0.217427
0.222746
0.228037
0.23178
0.233229
0.232143
0.228498
0.222426
0.214108
0.20378
0.192391
0.180311
0.167879
0.155421
0.14325
0.13166
0.12091
0.111214
0.102729
0.0955514
0.0897196
0.085219
0.0818865
0.0794726
0.0776706
0.0761236
0.0744507
0.0722926
0.0693945
0.0657688
0.0621725
0.0626352
0.111058
0.50899
0.261206
0.238776
0.237192
0.241139
0.246624
0.253193
0.25913
0.262739
0.263314
0.260755
0.255201
0.246924
0.236222
0.223548
0.209953
0.195803
0.181446
0.167212
0.153416
0.140348
0.128263
0.117364
0.107801
0.099664
0.0929831
0.0877427
0.0837799
0.0808472
0.0786458
0.0768295
0.0750285
0.0728994
0.0702134
0.0670325
0.0642182
0.0662467
0.12227
0.594587
0.304433
0.275869
0.272979
0.278356
0.285599
0.293811
0.300389
0.303541
0.30268
0.297926
0.289663
0.278356
0.264451
0.248728
0.232273
0.215463
0.198655
0.182183
0.166357
0.151459
0.137733
0.125371
0.114508
0.105221
0.0975276
0.0914068
0.0866861
0.0831134
0.080395
0.0781952
0.0761573
0.073954
0.0713794
0.0685358
0.0663775
0.069829
0.133456
0.693483
0.359658
0.325354
0.321748
0.329564
0.33912
0.349192
0.355966
0.357826
0.35446
0.346298
0.334069
0.3185
0.300238
0.280492
0.260287
0.24003
0.220087
0.200784
0.182417
0.165252
0.149513
0.135373
0.122945
0.112285
0.103395
0.09624
0.0906268
0.0862897
0.0829349
0.0802359
0.0778498
0.0754655
0.072898
0.0702827
0.0686587
0.0734058
0.144642
0.808764
0.433897
0.39476
0.391925
0.403367
0.41538
0.4268
0.432287
0.431036
0.423217
0.409646
0.3915
0.369842
0.345616
0.320477
0.295299
0.270535
0.246551
0.223645
0.202083
0.182099
0.163883
0.147577
0.133262
0.120966
0.110663
0.1023
0.0956496
0.0904189
0.0863064
0.082991
0.080143
0.0774674
0.0747981
0.0722985
0.0710873
0.0770105
0.155904
0.945822
0.541455
0.498268
0.499764
0.515229
0.528159
0.538306
0.538871
0.530919
0.515289
0.493126
0.466114
0.435694
0.403354
0.370871
0.339038
0.308338
0.279108
0.251592
0.225992
0.202483
0.181203
0.162245
0.145647
0.131391
0.119418
0.109652
0.101807
0.0955487
0.0905563
0.0865089
0.0830868
0.0800094
0.0771274
0.0746283
0.0737081
0.0806925
0.16735
1.13063
0.713865
0.663675
0.676519
0.691897
0.699433
0.700664
0.688775
0.667706
0.638863
0.603337
0.563208
0.5204
0.476987
0.434476
0.393714
0.355168
0.319104
0.28566
0.254929
0.226991
0.2019
0.179679
0.160299
0.143687
0.129733
0.118337
0.10913
0.101705
0.0957127
0.090824
0.0867239
0.0831422
0.0799426
0.077333
0.0765878
0.0845317
0.179137
1.65917
1.055
0.947556
0.976371
0.973967
0.959851
0.93499
0.897344
0.853056
0.803161
0.747698
0.688849
0.629177
0.570604
0.514576
0.461926
0.413062
0.36812
0.327065
0.289816
0.256303
0.226457
0.2002
0.177417
0.157953
0.141635
0.128355
0.117604
0.108871
0.101762
0.0959326
0.0910643
0.0868915
0.0832857
0.080472
0.0798105
0.0886661
0.191565
0.156769
0.128478
0.125217
0.126025
0.128714
0.132647
0.137508
0.143085
0.149205
0.155722
0.162505
0.169441
0.176432
0.183394
0.190256
0.196956
0.203444
0.209675
0.215616
0.221242
0.226537
0.231499
0.236134
0.240467
0.244541
0.248431
0.252241
0.256121
0.26027
0.264954
0.27052
0.277415
0.286215
0.29764
0.312594
0.332219
0.357966
0.391715
0.436024
0.494744
0.574561
0.689156
0.871185
1.21338
2.02268
4.32956
0.171162
0.135924
0.129472
0.128403
0.129784
0.13278
0.136978
0.1421
0.147921
0.154247
0.160912
0.167775
0.174715
0.181633
0.188445
0.195084
0.201493
0.207629
0.213458
0.218959
0.224124
0.228956
0.233473
0.237707
0.241712
0.245572
0.249404
0.253364
0.257656
0.262539
0.268344
0.275496
0.284533
0.296133
0.311142
0.330636
0.355989
0.388992
0.432096
0.488964
0.565782
0.674415
0.840374
1.12499
1.68616
2.89847
0.185277
0.143433
0.133868
0.130744
0.1307
0.13272
0.136261
0.14095
0.146494
0.152648
0.159209
0.166007
0.172905
0.179789
0.186568
0.193167
0.199528
0.205606
0.211368
0.216797
0.221889
0.226655
0.23112
0.235324
0.239327
0.243223
0.247136
0.251233
0.255718
0.260843
0.266922
0.274355
0.283644
0.29542
0.310473
0.329802
0.354671
0.386705
0.428073
0.481905
0.553231
0.650922
0.791839
1.01015
1.3772
2.00165
0.195953
0.149747
0.137425
0.132401
0.131146
0.132388
0.135418
0.139772
0.145098
0.151112
0.157581
0.16432
0.171175
0.178026
0.184775
0.191344
0.197671
0.203711
0.209433
0.214821
0.219876
0.224615
0.229066
0.233277
0.237314
0.241274
0.245294
0.249546
0.254235
0.259608
0.265963
0.273678
0.283226
0.295189
0.310295
0.329445
0.353764
0.384656
0.423916
0.474003
0.538677
0.624048
0.740309
0.904692
1.14464
1.47905
0.199308
0.153014
0.138659
0.132564
0.130796
0.131713
0.134499
0.138666
0.143851
0.149759
0.156149
0.162829
0.169639
0.176455
0.183174
0.189717
0.196019
0.202036
0.207736
0.213107
0.218151
0.222889
0.227352
0.231591
0.235676
0.239713
0.243844
0.248249
0.253133
0.258734
0.265348
0.273349
0.283194
0.295422
0.310674
0.329725
0.353519
0.383205
0.420186
0.466256
0.524082
0.5977
0.692898
0.817567
0.980461
1.17949
0.193953
0.152743
0.13733
0.131323
0.129832
0.130854
0.133627
0.137734
0.142847
0.148685
0.155015
0.161647
0.168422
0.175211
0.181911
0.18844
0.194733
0.200743
0.206441
0.211816
0.216872
0.221629
0.22612
0.230392
0.234522
0.238626
0.242859
0.247403
0.252455
0.258233
0.265052
0.27333
0.283549
0.296217
0.311849
0.331026
0.354455
0.382997
0.417693
0.459773
0.51111
0.574349
0.652561
0.748871
0.865077
0.996105
0.186537
0.153205
0.13649
0.130356
0.129178
0.130328
0.133129
0.13722
0.142295
0.148091
0.154385
0.16099
0.16775
0.174532
0.181234
0.18777
0.194071
0.200091
0.205802
0.211191
0.216271
0.221061
0.225586
0.229884
0.234036
0.238184
0.242513
0.247216
0.252457
0.258337
0.265243
0.273742
0.284424
0.297791
0.314118
0.333696
0.357024
0.384595
0.417133
0.455463
0.501071
0.555652
0.620556
0.696614
0.783425
0.87671
0.249807
0.166457
0.140359
0.132205
0.130155
0.130995
0.133654
0.137659
0.142677
0.148433
0.154699
0.161283
0.168028
0.1748
0.181495
0.188025
0.194323
0.200341
0.20605
0.211441
0.216522
0.221312
0.225832
0.230121
0.234261
0.238396
0.242704
0.247486
0.253314
0.259299
0.266148
0.274776
0.286131
0.3011
0.31906
0.339024
0.362182
0.388729
0.418898
0.453666
0.494761
0.542662
0.597311
0.658719
0.726171
0.796524
0.585992
0.277578
0.227933
0.201156
0.185174
0.17953
0.178203
0.179044
0.181395
0.184899
0.189242
0.194205
0.199635
0.205407
0.211411
0.21755
0.223752
0.229966
0.236161
0.24232
0.248422
0.254439
0.26035
0.266137
0.271741
0.27695
0.280879
0.280714
0.267207
0.263716
0.268519
0.276508
0.287499
0.302054
0.319661
0.341446
0.373338
0.400828
0.425206
0.455477
0.493671
0.536586
0.58276
0.63331
0.687712
0.743167
0.789817
0.363561
0.287244
0.247341
0.229774
0.222232
0.218756
0.217306
0.217249
0.218334
0.22039
0.223283
0.226898
0.231128
0.235875
0.241054
0.2466
0.252465
0.258628
0.265085
0.271844
0.278919
0.286343
0.294175
0.30249
0.311296
0.320245
0.3284
0.335568
0.345103
0.357545
0.371439
0.38547
0.39805
0.405275
0.397087
0.383673
0.405618
0.429823
0.463492
0.505317
0.542675
0.579171
0.621083
0.666648
0.711168
0.766187
0.36187
0.303294
0.275599
0.262006
0.255322
0.251675
0.249498
0.248291
0.247933
0.2484
0.249677
0.251733
0.254522
0.257987
0.262077
0.266745
0.271961
0.277719
0.284033
0.290936
0.298473
0.30671
0.315739
0.32568
0.33662
0.34844
0.360743
0.37352
0.387812
0.404547
0.423375
0.443288
0.462526
0.477474
0.484039
0.481033
0.449917
0.437411
0.466429
0.511291
0.549774
0.584903
0.625249
0.666574
0.70133
0.691143
0.351635
0.307197
0.289106
0.279539
0.274373
0.271412
0.26957
0.268421
0.267858
0.267893
0.268568
0.269911
0.271933
0.274631
0.27799
0.282
0.286656
0.291969
0.297973
0.304714
0.312256
0.320671
0.330056
0.340527
0.352186
0.365031
0.37894
0.393977
0.410758
0.43008
0.45217
0.47669
0.502666
0.527969
0.549489
0.562906
0.567527
0.575993
0.597819
0.618714
0.567037
0.588087
0.627606
0.672138
0.704418
0.646125
0.353121
0.310373
0.294517
0.286502
0.282255
0.280043
0.278941
0.27849
0.278511
0.278966
0.279882
0.281297
0.283252
0.285773
0.288884
0.292601
0.296949
0.301959
0.30768
0.314174
0.321514
0.329785
0.339087
0.349542
0.361271
0.374363
0.388876
0.404983
0.423158
0.444033
0.468022
0.495151
0.524888
0.555804
0.585459
0.61032
0.630173
0.651501
0.681404
0.710601
0.723726
0.742454
0.768045
0.742176
0.716404
0.63532
0.363993
0.314269
0.29594
0.287246
0.283011
0.281215
0.280805
0.281201
0.282105
0.283391
0.285024
0.287019
0.289406
0.292225
0.295511
0.299305
0.303649
0.308593
0.3142
0.320547
0.327719
0.335816
0.344953
0.355264
0.3669
0.380011
0.39476
0.411388
0.430296
0.451986
0.476866
0.505065
0.536237
0.569299
0.60236
0.633082
0.660784
0.688884
0.722327
0.75877
0.790525
0.822205
0.859314
0.886778
0.905866
0.643353
0.377727
0.318027
0.295201
0.284587
0.279681
0.277906
0.277948
0.279064
0.280831
0.283025
0.28554
0.288341
0.291432
0.294839
0.298599
0.302758
0.30737
0.312496
0.318211
0.324604
0.331773
0.339834
0.348918
0.359178
0.370788
0.383939
0.39885
0.41579
0.435116
0.457236
0.482494
0.511022
0.542561
0.576286
0.610782
0.644417
0.67649
0.708556
0.743554
0.781496
0.818836
0.856449
0.898312
0.939383
0.975465
0.66478
0.391456
0.320952
0.29314
0.28017
0.274229
0.272161
0.272377
0.273975
0.276424
0.279411
0.282762
0.286388
0.290259
0.294377
0.298767
0.303471
0.308542
0.31405
0.320075
0.326715
0.334082
0.342303
0.351526
0.361922
0.373682
0.387024
0.402193
0.419471
0.439185
0.461679
0.487241
0.515984
0.547715
0.581816
0.61725
0.652822
0.687835
0.722822
0.759222
0.797446
0.836201
0.875647
0.917601
0.959898
0.998884
0.697408
0.404014
0.322776
0.290191
0.274876
0.267774
0.265214
0.265366
0.267201
0.270097
0.273675
0.277705
0.282053
0.28665
0.291472
0.296528
0.301846
0.307478
0.313491
0.319971
0.32702
0.334761
0.343332
0.352895
0.363634
0.375759
0.389503
0.405126
0.422916
0.44318
0.466228
0.492308
0.521527
0.553753
0.588537
0.625116
0.662589
0.700282
0.73816
0.776739
0.816265
0.856271
0.896707
0.93817
0.979659
1.01877
0.738051
0.414718
0.323397
0.286569
0.269125
0.260879
0.257726
0.257644
0.259505
0.262627
0.266581
0.271095
0.275999
0.281193
0.28663
0.292298
0.298215
0.304424
0.31099
0.317999
0.325558
0.333796
0.342863
0.352932
0.364201
0.376893
0.391256
0.40756
0.426096
0.447167
0.471063
0.498016
0.528141
0.561366
0.597372
0.6356
0.675349
0.71599
0.757195
0.798944
0.841188
0.883611
0.925993
0.968325
1.00989
1.04887
0.782806
0.42312
0.322782
0.282367
0.263095
0.253798
0.250022
0.2496
0.251333
0.254498
0.258632
0.263436
0.268716
0.274347
0.280263
0.286437
0.292875
0.299612
0.30671
0.314255
0.322358
0.331154
0.340803
0.351488
0.363421
0.376837
0.391998
0.409184
0.428696
0.450834
0.475886
0.504086
0.535569
0.570317
0.608119
0.648565
0.691104
0.735157
0.780257
0.826078
0.872305
0.918515
0.964282
1.0092
1.05249
1.09249
0.828036
0.429026
0.320969
0.277648
0.256869
0.246648
0.242265
0.241447
0.242948
0.246016
0.250171
0.255095
0.260577
0.266481
0.272723
0.279267
0.286109
0.29328
0.300839
0.308873
0.317497
0.326851
0.337104
0.348452
0.361118
0.375351
0.391426
0.409637
0.430293
0.453705
0.480166
0.509925
0.543144
0.57986
0.61995
0.66312
0.708933
0.756866
0.806393
0.857011
0.908198
0.959355
1.00983
1.05889
1.10557
1.14814
0.870927
0.432485
0.318074
0.272487
0.250505
0.239499
0.234552
0.23332
0.234523
0.237396
0.241446
0.246349
0.251883
0.257904
0.264321
0.27109
0.278204
0.28569
0.293606
0.302041
0.311115
0.320976
0.331802
0.343799
0.357203
0.372277
0.38931
0.408611
0.430503
0.455309
0.483341
0.514866
0.550081
0.589077
0.631807
0.678072
0.727524
0.779698
0.834048
0.88997
0.946787
1.00372
1.0599
1.11431
1.16575
1.21233
0.909571
0.43372
0.314264
0.266975
0.244063
0.232409
0.226957
0.225316
0.226187
0.228798
0.232652
0.237421
0.242882
0.248885
0.255338
0.262194
0.269443
0.277114
0.285265
0.293992
0.303417
0.313696
0.325019
0.337601
0.351693
0.367571
0.385539
0.405921
0.429057
0.455289
0.484949
0.518332
0.555673
0.597114
0.642678
0.692244
0.745542
0.802157
0.861547
0.923045
0.985861
1.04906
1.11157
1.17213
1.22929
1.28095
0.942836
0.433025
0.30972
0.261209
0.237606
0.225433
0.219542
0.217513
0.21804
0.220348
0.223942
0.228493
0.23378
0.239654
0.246023
0.252839
0.260097
0.267825
0.276088
0.284983
0.294643
0.305232
0.316946
0.330016
0.344703
0.361298
0.38012
0.401511
0.425828
0.453435
0.484688
0.519914
0.559388
0.603303
0.651743
0.704658
0.761843
0.822931
0.887389
0.954514
1.02343
1.09306
1.16217
1.22927
1.2927
1.35009
0.970168
0.430696
0.304603
0.255277
0.23119
0.218618
0.212356
0.209972
0.210158
0.212143
0.215435
0.219709
0.224747
0.230403
0.236588
0.243259
0.250411
0.258081
0.266335
0.27528
0.285055
0.295831
0.307817
0.321254
0.336416
0.353608
0.373163
0.39544
0.420818
0.449683
0.482418
0.519383
0.560895
0.607197
0.658431
0.714605
0.775575
0.841014
0.910403
0.983012
1.05789
1.13387
1.20954
1.28324
1.35308
1.4165
0.991421
0.426991
0.299043
0.249247
0.224859
0.211996
0.205432
0.202732
0.202594
0.204251
0.207218
0.211176
0.215912
0.221284
0.227209
0.233647
0.240601
0.24811
0.25625
0.265132
0.274904
0.285748
0.297881
0.311555
0.327055
0.3447
0.36484
0.38785
0.414128
0.444086
0.478135
0.51667
0.560048
0.608562
0.662405
0.721645
0.786183
0.855732
0.929783
1.00759
1.08814
1.17016
1.25213
1.3322
1.40832
1.47769
1.00672
0.422117
0.293131
0.243164
0.218635
0.205585
0.198786
0.195814
0.195376
0.196713
0.199349
0.20297
0.207369
0.212412
0.21802
0.22416
0.230839
0.238105
0.246039
0.25476
0.264424
0.275221
0.287378
0.301157
0.316854
0.334802
0.355363
0.378932
0.405925
0.436779
0.471935
0.511823
0.556842
0.60733
0.663533
0.725565
0.793376
0.866708
0.945062
1.02767
1.11348
1.20112
1.28895
1.375
1.45704
1.53206
1.01637
0.416239
0.286928
0.237053
0.212527
0.199385
0.192418
0.18922
0.188513
0.189548
0.191856
0.195134
0.199179
0.203865
0.209118
0.214913
0.221262
0.228219
0.235872
0.244349
0.253812
0.264459
0.276527
0.290285
0.306042
0.324139
0.344956
0.3689
0.396411
0.427948
0.463983
0.504981
0.551382
0.603569
0.661836
0.726345
0.797084
0.873824
0.956073
1.04304
1.13363
1.22639
1.31958
1.41108
1.49855
1.57878
1.02077
0.409484
0.280475
0.230921
0.20653
0.193383
0.186312
0.182937
0.181996
0.182753
0.184749
0.187687
0.191375
0.19569
0.200568
0.205986
0.211966
0.218566
0.225882
0.234048
0.243232
0.253641
0.265517
0.279139
0.294825
0.312927
0.333835
0.357975
0.385804
0.417808
0.454486
0.49634
0.543849
0.597443
0.657462
0.724112
0.79742
0.877178
0.962898
1.05377
1.14865
1.24602
1.34403
1.44045
1.53281
1.61774
1.02037
0.401959
0.273797
0.22477
0.20063
0.187559
0.180446
0.176942
0.175804
0.176311
0.178016
0.180629
0.183965
0.18791
0.192403
0.19743
0.203017
0.209228
0.216166
0.223969
0.232812
0.242908
0.254505
0.26789
0.283387
0.301359
0.322206
0.34637
0.374326
0.406585
0.443675
0.486134
0.534483
0.589195
0.650656
0.719119
0.794644
0.877046
0.96584
1.0602
1.15891
1.26041
1.36275
1.4636
1.56038
1.64958
1.01565
0.393753
0.266914
0.218594
0.194811
0.181891
0.174792
0.171205
0.169909
0.170198
0.171637
0.173945
0.176945
0.180528
0.184639
0.189271
0.194454
0.200258
0.20679
0.214194
0.22265
0.232374
0.243621
0.256682
0.271888
0.289609
0.310258
0.334289
0.362196
0.394513
0.431799
0.474628
0.523562
0.579121
0.64174
0.711714
0.789141
0.873857
0.96538
1.06286
1.16504
1.27028
1.37656
1.48148
1.58234
1.67555
1.00707
0.384948
0.259845
0.212389
0.189056
0.176354
0.169323
0.165696
0.16428
0.164385
0.165586
0.167614
0.170297
0.173534
0.177275
0.181518
0.186297
0.191688
0.197801
0.204783
0.212818
0.222127
0.232967
0.245633
0.260462
0.277832
0.298163
0.321922
0.349624
0.381824
0.419113
0.462101
0.511395
0.567563
0.631091
0.702321
0.781389
0.868155
0.96214
1.06247
1.16786
1.2766
1.38659
1.49539
1.60024
1.69748
0.995087
0.375624
0.252612
0.206157
0.183356
0.17093
0.164014
0.160389
0.158888
0.15884
0.159834
0.161608
0.163999
0.166911
0.1703
0.174168
0.178553
0.183534
0.189224
0.195774
0.203369
0.212232
0.222623
0.234842
0.249226
0.266161
0.286075
0.309448
0.336812
0.368747
0.405873
0.448841
0.498305
0.554885
0.61912
0.691406
0.771922
0.860556
0.956835
1.05987
1.16833
1.28047
1.39415
1.50688
1.61594
1.71765
0.980148
0.365856
0.245239
0.199903
0.177703
0.165605
0.158846
0.155258
0.153706
0.153537
0.154352
0.155901
0.158027
0.160639
0.163699
0.167211
0.171218
0.175801
0.181075
0.187191
0.194338
0.202738
0.212655
0.224387
0.238277
0.254713
0.274133
0.297029
0.323948
0.355496
0.392327
0.435133
0.484616
0.541455
0.60625
0.679455
0.761299
0.851704
0.950208
1.05591
1.16746
1.28308
1.40062
1.51763
1.63145
1.73854
0.962666
0.355721
0.237758
0.19364
0.172099
0.160371
0.153804
0.150285
0.148712
0.14845
0.149116
0.150468
0.152355
0.154695
0.157451
0.160632
0.164283
0.168485
0.173357
0.179049
0.185749
0.193683
0.20311
0.214333
0.227696
0.243589
0.262459
0.284809
0.311204
0.342275
0.37871
0.421245
0.470638
0.52763
0.592889
0.666936
0.750057
0.842218
0.942977
1.05143
1.16622
1.28555
1.40732
1.52921
1.64875
1.76267
0.943041
0.345298
0.230204
0.187384
0.16655
0.155226
0.14888
0.145457
0.143888
0.143561
0.144104
0.145285
0.146963
0.149057
0.151538
0.154415
0.157734
0.16158
0.166069
0.171352
0.177618
0.185089
0.194027
0.204732
0.217549
0.232874
0.251158
0.272916
0.298732
0.329261
0.365229
0.40742
0.45665
0.51373
0.579403
0.654266
0.738676
0.832648
0.935768
1.04715
1.16542
1.28884
1.4154
1.543
1.66954
1.79228
0.921656
0.334667
0.222619
0.181161
0.161069
0.150176
0.144072
0.140766
0.139224
0.138853
0.139297
0.140335
0.141829
0.143707
0.14594
0.148541
0.151558
0.155074
0.159204
0.164102
0.169951
0.176974
0.18543
0.195619
0.207888
0.222633
0.240313
0.261454
0.286657
0.316606
0.352064
0.393864
0.442889
0.500024
0.566097
0.641792
0.727543
0.823428
0.929073
1.04361
1.16569
1.29364
1.42565
1.55996
1.69507
1.82906
0.898884
0.323909
0.215047
0.174999
0.155674
0.145228
0.139382
0.13621
0.134711
0.134317
0.134684
0.135601
0.136938
0.138627
0.140641
0.142996
0.145739
0.148953
0.152755
0.157292
0.162748
0.169344
0.177335
0.187022
0.198749
0.212918
0.229991
0.250505
0.275081
0.30443
0.339354
0.38074
0.429538
0.486717
0.553198
0.629761
0.716929
0.814853
0.923207
1.04115
1.16739
1.30035
1.43847
1.58055
1.72592
1.87392
0.875083
0.313111
0.207538
0.168931
0.150385
0.140396
0.134818
0.13179
0.130349
0.129947
0.130256
0.131073
0.132277
0.133801
0.135625
0.137762
0.140262
0.143205
0.146707
0.150913
0.156005
0.162198
0.169749
0.178953
0.190156
0.203761
0.220236
0.240128
0.264076
0.292819
0.3272
0.368161
0.416725
0.473948
0.540851
0.618321
0.706981
0.807064
0.918302
1.0399
1.1706
1.30899
1.45385
1.60465
1.76193
1.92676
0.850602
0.302362
0.200144
0.16299
0.145226
0.135695
0.130389
0.127511
0.126136
0.125739
0.126005
0.126742
0.127833
0.129218
0.130877
0.132825
0.135111
0.137814
0.141047
0.144953
0.14971
0.155531
0.162668
0.171416
0.182119
0.19518
0.211073
0.230356
0.253685
0.281826
0.315662
0.356194
0.404517
0.461781
0.529114
0.607516
0.697721
0.800052
0.914307
1.03973
1.17515
1.31928
1.47132
1.63161
1.80217
1.98639
0.825777
0.29175
0.192918
0.157211
0.140222
0.131143
0.126106
0.123381
0.122078
0.121694
0.12193
0.122602
0.123601
0.124868
0.126386
0.128171
0.130272
0.132764
0.135759
0.139397
0.14385
0.14933
0.156084
0.164405
0.174634
0.187177
0.202511
0.221203
0.243926
0.271471
0.304764
0.34486
0.39293
0.450219
0.517968
0.597297
0.689058
0.793674
0.911012
1.04036
1.18061
1.33064
1.49009
1.66025
1.84494
2.05044
0.800926
0.281365
0.185909
0.15163
0.135398
0.126759
0.121983
0.119408
0.118178
0.117815
0.11803
0.118651
0.119573
0.120741
0.122141
0.123788
0.125729
0.12804
0.130827
0.134226
0.138408
0.143578
0.14998
0.157904
0.167689
0.179741
0.194541
0.212662
0.234793
0.26175
0.294497
0.334142
0.381934
0.439212
0.507331
0.587539
0.680811
0.787678
0.908079
1.04135
1.18641
1.3423
1.50908
1.68904
1.88797
2.1155
0.776348
0.271293
0.179168
0.146279
0.130777
0.12256
0.118034
0.115602
0.114445
0.114104
0.114306
0.114886
0.115745
0.116832
0.118133
0.119664
0.121471
0.123626
0.126232
0.129422
0.133362
0.138253
0.144334
0.151892
0.161263
0.172852
0.187141
0.204711
0.226263
0.252635
0.284825
0.323995
0.371464
0.428666
0.497072
0.578058
0.672732
0.781734
0.905084
1.04215
1.19187
1.35338
1.52709
1.71623
1.92856
2.17737
0.752319
0.261612
0.172738
0.141189
0.126383
0.118563
0.114272
0.111974
0.110885
0.110567
0.110761
0.111307
0.112114
0.113134
0.114353
0.115788
0.117481
0.119504
0.121956
0.124964
0.128691
0.133332
0.139121
0.146341
0.155327
0.166478
0.180279
0.197315
0.218296
0.24408
0.275695
0.31435
0.36143
0.418462
0.487029
0.568638
0.664532
0.775471
0.901553
1.04217
1.19626
1.36297
1.54292
1.74008
1.96399
2.23153
0.729085
0.252396
0.16666
0.136386
0.122234
0.114785
0.110709
0.108533
0.107506
0.10721
0.107396
0.107915
0.108679
0.109643
0.110795
0.11215
0.113749
0.115661
0.117981
0.120832
0.124371
0.128788
0.134313
0.141223
0.149847
0.160585
0.173917
0.190432
0.210847
0.236032
0.267042
0.305126
0.351731
0.408467
0.477026
0.559047
0.655909
0.768499
0.897002
1.04084
1.19888
1.37021
1.55547
1.75905
1.99181
2.27374
0.706865
0.243705
0.160966
0.131893
0.11835
0.11124
0.107358
0.10529
0.104316
0.104037
0.104215
0.10471
0.105438
0.106355
0.107451
0.10874
0.110262
0.112081
0.114289
0.117004
0.120378
0.124595
0.12988
0.136502
0.144789
0.155132
0.168012
0.184015
0.20386
0.228429
0.258794
0.296239
0.342261
0.398546
0.466891
0.549058
0.64657
0.760445
0.890966
1.03757
1.19906
1.37434
1.56386
1.77198
2.01021
2.30073
0.685848
0.235594
0.155687
0.127731
0.114744
0.107939
0.104229
0.102252
0.101322
0.101053
0.101223
0.101695
0.10239
0.103267
0.104316
0.105551
0.107008
0.108749
0.110862
0.11346
0.116688
0.120726
0.125791
0.132148
0.140115
0.150082
0.162521
0.178015
0.197283
0.221211
0.250883
0.287606
0.33292
0.388577
0.456465
0.538469
0.63625
0.750971
0.883022
1.03187
1.19624
1.37475
1.56745
1.77821
2.01832
2.31078
0.666191
0.228106
0.150843
0.123914
0.11143
0.104895
0.10133
0.0994288
0.0985291
0.0982651
0.0984217
0.0988701
0.0995348
0.100377
0.101386
0.102574
0.103977
0.105653
0.107685
0.110181
0.11328
0.117156
0.122019
0.128126
0.135791
0.145393
0.157398
0.172384
0.191064
0.21432
0.243242
0.279152
0.32362
0.37845
0.445615
0.527108
0.62473
0.739795
0.872817
1.02332
1.18992
1.37095
1.56584
1.77756
2.01622
2.30397
0.648024
0.221274
0.146453
0.120456
0.108418
0.102115
0.0986707
0.0968256
0.0959445
0.0956761
0.0958149
0.0962377
0.0968725
0.0976819
0.0986551
0.0998038
0.101161
0.102781
0.104742
0.107148
0.110132
0.11386
0.118535
0.124407
0.131781
0.141028
0.152605
0.167079
0.185153
0.207704
0.235815
0.270813
0.314287
0.36808
0.43424
0.514849
0.611849
0.726707
0.860083
1.01158
1.17974
1.36258
1.55882
1.7702
2.00487
2.28216
0.631449
0.215126
0.14253
0.117366
0.105717
0.099607
0.0962562
0.0944486
0.0935725
0.0932905
0.0934054
0.0937992
0.0944028
0.09518
0.09612
0.0972331
0.0985497
0.100121
0.10202
0.104346
0.107225
0.110816
0.115315
0.120964
0.128057
0.136955
0.148105
0.16206
0.179511
0.201319
0.228555
0.262539
0.30486
0.357382
0.422188
0.50146
0.597259
0.711216
0.844169
0.995848
1.1648
1.34875
1.54569
1.75586
1.98498
2.24855
0.616546
0.209682
0.139087
0.114652
0.10333
0.097376
0.0940921
0.0923027
0.0914176
0.0911118
0.0911957
0.0915559
0.0921257
0.09287
0.0937775
0.0948569
0.0961363
0.0976631
0.0995061
0.101758
0.104539
0.108001
0.112332
0.117763
0.12458
0.133132
0.14385
0.157273
0.174072
0.195088
0.22137
0.254216
0.295201
0.346189
0.409289
0.486748
0.580747
0.693087
0.824813
0.975854
1.14483
1.32927
1.52644
1.73507
1.95815
2.20688
0.603372
0.204962
0.136127
0.112316
0.101265
0.0954269
0.0921829
0.0903921
0.0894834
0.0891431
0.0891881
0.0895092
0.0900416
0.0907507
0.0916248
0.092671
0.0939146
0.0953993
0.0971893
0.0993717
0.10206
0.105398
0.109564
0.114782
0.121324
0.129527
0.139806
0.15268
0.168797
0.188971
0.214218
0.245805
0.285276
0.334474
0.395516
0.470692
0.562288
0.672281
0.801953
0.951489
1.11969
1.304
1.50111
1.70831
1.92591
2.16066
0.591953
0.20098
0.133654
0.110364
0.0995234
0.0937638
0.0905323
0.08872
0.0877728
0.0873867
0.0873845
0.0876601
0.0881504
0.0888213
0.08966
0.090672
0.0918797
0.0933231
0.0950617
0.0971767
0.0997746
0.102991
0.106997
0.112003
0.118271
0.126121
0.135952
0.148261
0.163668
0.182952
0.207093
0.237309
0.275103
0.322277
0.380929
0.453374
0.54198
0.648895
0.775658
0.922772
1.08932
1.27284
1.46964
1.67584
1.88928
2.11251
0.582309
0.197724
0.131672
0.1088
0.0981108
0.0923901
0.0891433
0.0872892
0.0862881
0.0858444
0.085786
0.0860093
0.0864524
0.087081
0.0878814
0.0888571
0.0900278
0.0914295
0.093117
0.0951656
0.0976747
0.100772
0.104618
0.109414
0.115406
0.122901
0.132277
0.144006
0.158679
0.177035
0.200007
0.22876
0.264735
0.309679
0.365646
0.434946
0.520008
0.62313
0.746118
0.889833
1.05375
1.23569
1.43184
1.63751
1.84852
2.0637
0.57446
0.195201
0.130187
0.107629
0.0970307
0.091309
0.0880187
0.0861017
0.085031
0.0845177
0.0843936
0.0845573
0.0849473
0.0855291
0.0862876
0.0872243
0.0883558
0.0897145
0.0913501
0.0933321
0.0957529
0.0987318
0.10242
0.107005
0.112722
0.119859
0.128775
0.139914
0.153834
0.171232
0.192989
0.220205
0.254248
0.296791
0.349823
0.415618
0.496631
0.595283
0.713631
0.852926
1.01313
1.19249
1.38743
1.59282
1.80308
2.014
0.568426
0.193422
0.129205
0.106856
0.0962874
0.0905236
0.0871605
0.0851591
0.0840023
0.0834069
0.0832076
0.083304
0.0836348
0.0841648
0.0848774
0.0857717
0.0868614
0.088175
0.0897574
0.0916721
0.0940045
0.0968652
0.100395
0.104771
0.110213
0.116992
0.125445
0.135988
0.149144
0.165566
0.186075
0.211702
0.243732
0.283747
0.333646
0.395637
0.472164
0.565729
0.678609
0.812438
0.96771
1.14329
1.33607
1.54101
1.75171
1.96182
0.56423
0.192399
0.128739
0.10649
0.0958862
0.0900372
0.0865705
0.0844621
0.0832024
0.082512
0.0822274
0.0822487
0.0825141
0.0829872
0.0836495
0.0844979
0.0855428
0.0868089
0.0883362
0.0901825
0.0924259
0.0951687
0.0985418
0.10271
0.107878
0.1143
0.122289
0.132236
0.144624
0.160061
0.179306
0.203316
0.233285
0.270687
0.317314
0.375278
0.446967
0.534914
0.641564
0.768898
0.917958
1.08831
1.27759
1.48124
1.69276
1.90454
0.561905
0.192154
0.128802
0.106539
0.0958328
0.089853
0.0862502
0.0840109
0.0826305
0.0818319
0.0814519
0.0813902
0.0815839
0.0819949
0.0826027
0.0834014
0.0843984
0.0856144
0.0870847
0.0888612
0.0910151
0.0936403
0.0968575
0.100819
0.105716
0.111784
0.119314
0.128668
0.140292
0.154746
0.172728
0.195116
0.223005
0.257757
0.301036
0.354828
0.421425
0.503335
0.603099
0.722981
0.86453
1.02806
1.21207
1.41289
1.6245
1.839
0.561498
0.192714
0.129412
0.107016
0.0961338
0.0899739
0.0862001
0.0838046
0.082285
0.0813644
0.0808788
0.0807263
0.0808422
0.0811862
0.0817353
0.0824808
0.0834269
0.0845902
0.0860015
0.0877071
0.089771
0.0922791
0.095342
0.0991003
0.10373
0.109449
0.116526
0.125295
0.136166
0.149651
0.166385
0.187166
0.212991
0.245098
0.285012
0.334571
0.395932
0.471517
0.563886
0.67549
0.808301
0.963323
1.14002
1.33579
1.54564
1.76216
0.563073
0.194114
0.130593
0.107933
0.0967964
0.0904024
0.0864197
0.083841
0.0821628
0.0811062
0.0805046
0.0802538
0.0802861
0.0805585
0.0810452
0.0817343
0.0826266
0.0837351
0.0850857
0.0867191
0.0886931
0.091085
0.0939958
0.0975543
0.101922
0.1073
0.113935
0.122132
0.132266
0.144802
0.160317
0.179527
0.20333
0.232839
0.269431
0.314778
0.370868
0.439986
0.524627
0.627322
0.75034
0.895265
1.06246
1.2505
1.4557
1.67181
0.566716
0.196401
0.132372
0.109308
0.0978275
0.0911401
0.0869071
0.0841162
0.082259
0.0810521
0.0803247
0.0799683
0.0799117
0.0801085
0.0805294
0.0811595
0.0819957
0.0830474
0.0843359
0.0858967
0.0877808
0.090058
0.0928198
0.0961833
0.100296
0.105342
0.111547
0.119189
0.12861
0.140228
0.154562
0.172253
0.1941
0.221094
0.254458
0.295689
0.346584
0.409242
0.486021
0.579418
0.691853
0.825326
0.980951
1.1584
1.3554
1.56722
0.572539
0.199632
0.134783
0.111155
0.0992334
0.0921866
0.0876581
0.0846241
0.0825668
0.0811953
0.0803323
0.0798638
0.0797139
0.0798318
0.0801845
0.0807533
0.0815318
0.0825253
0.0837508
0.0852386
0.0870337
0.0891983
0.0918147
0.0949889
0.0988552
0.103581
0.109371
0.116479
0.125213
0.135949
0.149152
0.16539
0.185369
0.209958
0.240234
0.277511
0.323383
0.37973
0.448712
0.532693
0.634095
0.755139
0.897472
1.06168
1.24676
1.44961
0.580678
0.203875
0.137861
0.113493
0.101019
0.0935388
0.0886657
0.0853556
0.0830766
0.0815265
0.080519
0.0799329
0.0796861
0.0797227
0.0800055
0.0805118
0.0812315
0.082166
0.0833282
0.0847434
0.0864507
0.0885053
0.0909807
0.0939725
0.0976018
0.10202
0.107413
0.11401
0.122089
0.131986
0.144114
0.158975
0.177187
0.199506
0.226866
0.260405
0.301507
0.351818
0.413257
0.487975
0.578265
0.686381
0.814256
0.963101
1.13295
1.32214
0.591299
0.209208
0.141647
0.116337
0.103184
0.0951899
0.0899188
0.0862983
0.0837759
0.0820339
0.0808743
0.0801661
0.0798201
0.0797743
0.0799865
0.08043
0.0810906
0.081966
0.083065
0.0844084
0.0860298
0.0879775
0.0903171
0.093134
0.0965371
0.100663
0.105679
0.111791
0.119248
0.128353
0.139468
0.153035
0.169592
0.189791
0.214432
0.244488
0.281136
0.325787
0.380094
0.445944
0.525404
0.620601
0.733522
0.865709
1.01789
1.18949
0.604603
0.215725
0.146182
0.119698
0.105726
0.0971271
0.0914015
0.0874353
0.0846485
0.0827029
0.0813849
0.0805521
0.0801061
0.0799781
0.0801203
0.0805015
0.0811036
0.0819205
0.0829572
0.0842301
0.0857678
0.0876124
0.0898219
0.0924721
0.0956606
0.0995093
0.104169
0.109825
0.116698
0.125058
0.135226
0.147588
0.162608
0.180846
0.202981
0.229831
0.262384
0.30182
0.349526
0.407101
0.476323
0.55908
0.657228
0.772373
0.905586
1.05702
0.620829
0.223527
0.151505
0.123583
0.108631
0.0993311
0.0930916
0.0887451
0.0856746
0.0835156
0.0820354
0.0810773
0.0805325
0.080324
0.0803982
0.0807188
0.0812639
0.0820236
0.0829994
0.0842036
0.0856603
0.0874058
0.0894911
0.0919835
0.0949696
0.0985584
0.102885
0.108113
0.114441
0.122108
0.131396
0.142642
0.156246
0.172686
0.192531
0.216465
0.245302
0.280009
0.321721
0.371748
0.431556
0.50273
0.586874
0.685461
0.799622
0.929858
0.640273
0.232729
0.157652
0.127987
0.111879
0.101773
0.0949599
0.0902004
0.08683
0.0844511
0.0828078
0.0817265
0.0810861
0.0808008
0.0808102
0.0810731
0.0815635
0.082268
0.0831847
0.0843225
0.085701
0.0873517
0.0893192
0.0916627
0.094459
0.0978049
0.10182
0.106651
0.112475
0.1195
0.127976
0.138197
0.150505
0.165308
0.183081
0.204388
0.229891
0.260369
0.296727
0.340005
0.391366
0.45207
0.523412
0.606611
0.702668
0.81215
0.663303
0.243454
0.164648
0.132893
0.115435
0.104414
0.0969694
0.0917682
0.0880861
0.0854854
0.0836819
0.0824825
0.0817523
0.0813956
0.081345
0.0815541
0.0819929
0.0826448
0.0835049
0.0845786
0.0858821
0.0874424
0.0892982
0.0915018
0.0941209
0.0972412
0.100969
0.105434
0.110791
0.117227
0.12496
0.134244
0.145375
0.158697
0.174607
0.193565
0.216106
0.242845
0.274488
0.311835
0.355771
0.40725
0.467246
0.536681
0.616317
0.706615
0.69039
0.255833
0.172505
0.138263
0.119246
0.107203
0.099074
0.0934093
0.0894107
0.0865917
0.0846355
0.0833267
0.0825152
0.0820946
0.0819903
0.0821507
0.0825419
0.0831443
0.0839502
0.0849625
0.0861941
0.0876681
0.0894182
0.0914904
0.0939445
0.0968559
0.100319
0.104447
0.109378
0.115276
0.122331
0.130765
0.140833
0.152824
0.167069
0.183943
0.203872
0.227337
0.254874
0.287081
0.324603
0.368123
0.41832
0.475822
0.541127
0.614505
0.722136
0.270003
0.181209
0.144036
0.123243
0.110075
0.101219
0.0950794
0.090768
0.0877413
0.0856452
0.0842399
0.0833584
0.0828835
0.0827332
0.0828507
0.0831988
0.0837551
0.0845097
0.0854631
0.0866257
0.0880171
0.0896669
0.0916157
0.093916
0.0966344
0.0998537
0.103674
0.108218
0.113627
0.120069
0.127737
0.136848
0.147649
0.160414
0.17545
0.193091
0.213709
0.237703
0.265503
0.29756
0.334326
0.376234
0.423651
0.476828
0.535832
0.759301
0.286097
0.190718
0.150124
0.127335
0.112952
0.103342
0.0967289
0.0921195
0.0889041
0.0866872
0.0852022
0.0842652
0.0837476
0.0835602
0.0836416
0.0839514
0.0844652
0.0851712
0.0860681
0.0871641
0.0884762
0.0900304
0.0918624
0.094019
0.0965587
0.0995544
0.103095
0.107286
0.112254
0.118144
0.125123
0.13338
0.143122
0.154579
0.167999
0.183647
0.201804
0.222761
0.246816
0.274263
0.305373
0.340378
0.379435
0.422588
0.46973
0.802817
0.304233
0.200948
0.1564
0.131406
0.115741
0.105371
0.098305
0.0934257
0.0900501
0.0877381
0.086195
0.0852195
0.0846725
0.084458
0.0845105
0.0847873
0.0852622
0.085922
0.0867642
0.0877955
0.0890306
0.0904927
0.0922136
0.0942346
0.0966079
0.0993977
0.102682
0.106554
0.111123
0.116518
0.122882
0.130378
0.139183
0.149489
0.161496
0.175415
0.191454
0.209822
0.230713
0.254299
0.280715
0.310038
0.342263
0.377276
0.414836
0.85381
0.324509
0.211765
0.162704
0.13532
0.118339
0.107231
0.0997535
0.0946476
0.0911509
0.0887761
0.0872007
0.0862066
0.085645
0.085414
0.0854452
0.0856939
0.0861331
0.0867488
0.0875377
0.0885052
0.0896647
0.0910369
0.0926505
0.0945423
0.0967589
0.0993571
0.102406
0.105987
0.110197
0.115147
0.120962
0.127784
0.135762
0.145057
0.155835
0.168258
0.182483
0.198651
0.216881
0.237253
0.259797
0.284478
0.311174
0.339656
0.369586
0.913621
0.346977
0.222967
0.168826
0.138915
0.120629
0.108843
0.101021
0.0957488
0.092181
0.0897826
0.0882046
0.0872139
0.0866532
0.0864166
0.0864338
0.0866592
0.0870654
0.0876384
0.0883745
0.0892786
0.0903626
0.0916457
0.0931538
0.0949203
0.0969869
0.0994043
0.102234
0.105547
0.10943
0.113979
0.119305
0.125527
0.132777
0.141189
0.150897
0.162032
0.174707
0.189015
0.205015
0.22272
0.242086
0.262995
0.285243
0.308521
0.332431
0.9839
0.37163
0.234276
0.174513
0.142007
0.122489
0.110129
0.102057
0.0966977
0.0931196
0.0907432
0.0891955
0.0882312
0.0876875
0.0874561
0.0874661
0.0876722
0.0880475
0.0885785
0.0892615
0.0901011
0.0911087
0.0923017
0.0937043
0.0953467
0.0972669
0.0995103
0.102132
0.105195
0.108776
0.11296
0.117844
0.123532
0.130138
0.137775
0.146556
0.156582
0.167937
0.180676
0.194815
0.210317
0.227083
0.244939
0.26362
0.282769
0.301947
1.06676
0.398368
0.245311
0.179454
0.144391
0.123794
0.111013
0.102819
0.0974702
0.093953
0.0916489
0.0901664
0.0892522
0.088741
0.0885246
0.0885332
0.0887231
0.0890688
0.0895576
0.0901863
0.0909597
0.0918884
0.0929891
0.0942839
0.0958009
0.0975746
0.0996463
0.102065
0.10489
0.108186
0.112031
0.116509
0.121714
0.127744
0.134698
0.14267
0.151741
0.161972
0.173391
0.185981
0.199672
0.214324
0.229718
0.245551
0.261431
0.276892
1.16504
0.426948
0.255561
0.18328
0.145844
0.12442
0.111431
0.103277
0.0980527
0.0946758
0.0924976
0.0911155
0.0902741
0.0898094
0.0896164
0.0896283
0.0898042
0.0901204
0.090566
0.0911385
0.0918428
0.0926893
0.0936937
0.0948767
0.0962644
0.0978883
0.0997864
0.102003
0.104592
0.107611
0.111132
0.115229
0.119986
0.125491
0.13183
0.139086
0.147326
0.156595
0.166901
0.178209
0.190419
0.203362
0.216789
0.230363
0.243665
0.256211
1.28256
0.456896
0.264334
0.185553
0.146131
0.124252
0.111336
0.103414
0.0984446
0.0952928
0.0932946
0.0920465
0.091298
0.0908917
0.0907284
0.0907466
0.0909092
0.0911955
0.091596
0.0921097
0.0927414
0.0935014
0.0944045
0.0954701
0.0967223
0.0981902
0.0999084
0.101918
0.104266
0.107009
0.110208
0.113933
0.118261
0.12327
0.129039
0.135644
0.143143
0.151572
0.160931
0.17117
0.182175
0.193754
0.205631
0.217441
0.228735
0.23901
1.42468
0.487315
0.27068
0.185752
0.145013
0.123197
0.110701
0.103237
0.0986617
0.0958205
0.094053
0.0929682
0.0923289
0.0919893
0.0918596
0.0918853
0.0920342
0.092289
0.0926424
0.093094
0.0936494
0.0943182
0.0951143
0.0960558
0.0971646
0.0984676
0.0999963
0.101788
0.103887
0.106342
0.109212
0.11256
0.116456
0.120976
0.126192
0.132176
0.138984
0.146652
0.155177
0.164508
0.174523
0.18502
0.195703
0.206176
0.215957
0.224505
1.59913
0.516538
0.273277
0.183272
0.142262
0.121196
0.109538
0.102776
0.0987382
0.0962873
0.0947938
0.0938945
0.0933748
0.0931061
0.093011
0.0930435
0.0931773
0.0933985
0.0937021
0.0940887
0.0945638
0.0951367
0.09582
0.0966302
0.0975871
0.0987148
0.100042
0.101602
0.103435
0.105586
0.108107
0.111058
0.114504
0.118516
0.123165
0.128521
0.134643
0.141571
0.149312
0.157823
0.166992
0.176618
0.186395
0.195905
0.20462
0.211942
1.81692
0.541472
0.270263
0.177428
0.137695
0.118251
0.107905
0.102098
0.0987287
0.0967336
0.0955441
0.0948424
0.0944457
0.0942473
0.0941848
0.0942218
0.0943379
0.0945233
0.0947746
0.0950934
0.095485
0.0959577
0.096523
0.097195
0.0979913
0.098933
0.100045
0.101357
0.102904
0.104727
0.106873
0.109395
0.112354
0.115816
0.119852
0.124531
0.129918
0.136064
0.142991
0.150678
0.159039
0.167898
0.176962
0.185806
0.193864
0.200456
2.09331
0.556254
0.259023
0.167504
0.131233
0.11446
0.105924
0.101306
0.0987077
0.0972089
0.0963352
0.0958306
0.0955521
0.0954188
0.0953841
0.0954216
0.0955172
0.0956644
0.0958615
0.0961105
0.0964162
0.0967858
0.0972288
0.0977571
0.0983854
0.099131
0.100015
0.101062
0.102303
0.103771
0.105507
0.107558
0.109979
0.11283
0.116177
0.12009
0.124639
0.129884
0.135871
0.142608
0.150055
0.158084
0.166456
0.174784
0.182497
0.188844
2.45139
0.548983
0.235981
0.152936
0.123018
0.110068
0.1038
0.100542
0.0987659
0.0977679
0.0971988
0.096877
0.0967042
0.0966261
0.0966121
0.0966456
0.0967178
0.096825
0.0969668
0.0971452
0.0973642
0.0976293
0.0979479
0.0983291
0.098784
0.0993259
0.0999712
0.100739
0.101652
0.102738
0.10403
0.105565
0.107388
0.109551
0.112112
0.115134
0.118687
0.122839
0.12765
0.133165
0.139393
0.146283
0.153691
0.161335
0.168737
0.175166
2.94119
0.492075
0.19678
0.133786
0.113622
0.105532
0.101827
0.0999777
0.0989996
0.0984624
0.098162
0.0979957
0.0979093
0.0978735
0.0978722
0.0978968
0.0979431
0.0980095
0.0980962
0.0982048
0.0983381
0.0984996
0.0986942
0.0989276
0.0992072
0.0995415
0.099941
0.100418
0.100989
0.101671
0.102485
0.10346
0.104625
0.106017
0.107681
0.109664
0.112024
0.114821
0.11812
0.12198
0.126452
0.131558
0.137272
0.143479
0.149919
0.15609
3.71432
0.316524
0.139311
0.111909
0.104343
0.101573
0.100372
0.0997928
0.0994928
0.0993308
0.0992417
0.0991936
0.0991699
0.0991619
0.0991648
0.0991761
0.0991947
0.0992204
0.0992534
0.0992944
0.0993446
0.0994053
0.0994786
0.0995667
0.0996723
0.0997988
0.0999504
0.100132
0.10035
0.100611
0.100924
0.1013
0.101752
0.102296
0.10295
0.103737
0.104684
0.105822
0.107186
0.108816
0.110755
0.113046
0.115728
0.118833
0.122363
0.126253
8.72999
6.8138
4.9127
3.80519
5.25798
10.0386
10.5871
10.6355
3.91615
4.06537
3.94243
3.83808
3.88774
4.00585
4.06323
3.99608
2.4223
2.64838
2.74312
2.77607
2.80592
2.84995
2.89486
2.90474
1.70151
1.86275
1.9847
2.06701
2.12142
2.15916
2.18461
2.19441
1.31492
1.41911
1.51358
1.59371
1.65817
1.70775
1.74353
1.76552
1.08663
1.15627
1.22345
1.28592
1.34195
1.39043
1.43073
1.46238
0.941647
0.990949
1.03956
1.08649
1.13083
1.17186
1.20903
1.24196
0.84552
0.882156
0.918513
0.954185
0.988789
1.02202
1.05362
1.08345
0.781468
0.809687
0.83769
0.865342
0.892523
0.91917
0.945237
0.970681
0.741358
0.763526
0.785639
0.807581
0.829267
0.850731
0.87201
0.893066
0.723983
0.741207
0.758785
0.77626
0.793779
0.811331
0.828462
0.844986
0.725235
0.742803
0.758262
0.769438
0.782003
0.798767
0.814687
0.826559
0.730292
0.74642
0.760474
0.771331
0.783671
0.802011
0.818857
0.829067
0.919966
0.930484
0.933307
0.920995
0.916746
0.909373
0.881456
0.852238
1.00091
1.02004
1.03727
1.05142
1.06274
1.06951
1.06913
1.06521
1.0257
1.04598
1.066
1.08504
1.10248
1.11754
1.12946
1.13933
1.04496
1.06428
1.08315
1.10133
1.11848
1.13429
1.14861
1.162
1.07435
1.09278
1.11047
1.12732
1.14321
1.15802
1.17177
1.18484
1.11814
1.13649
1.15386
1.17018
1.18538
1.19942
1.21237
1.22457
1.1751
1.19424
1.21221
1.22897
1.24443
1.25857
1.27146
1.28334
1.24166
1.26241
1.28185
1.2999
1.31649
1.33157
1.34517
1.35748
1.31347
1.33648
1.35805
1.37808
1.39649
1.4132
1.42822
1.44166
1.38636
1.41205
1.43619
1.45867
1.47936
1.49819
1.51511
1.53021
1.45678
1.48535
1.51227
1.53742
1.56065
1.58185
1.60095
1.61802
1.52199
1.55345
1.58318
1.61103
1.63684
1.66048
1.68185
1.70101
1.58019
1.61441
1.64682
1.67726
1.70556
1.73154
1.75513
1.77638
1.63044
1.6672
1.70208
1.73492
1.76552
1.79372
1.81942
1.84268
1.67261
1.71167
1.7488
1.78385
1.81659
1.84688
1.87462
1.89987
1.70738
1.74855
1.78778
1.82491
1.85974
1.8921
1.92193
1.9493
1.73616
1.77939
1.82071
1.85998
1.897
1.93164
1.96384
1.99368
1.76105
1.80649
1.85013
1.89185
1.93148
1.96891
2.00408
2.03711
1.78469
1.83279
1.87931
1.92416
1.9672
2.00834
2.04756
2.08498
1.81005
1.86163
1.91202
1.96114
2.0089
2.05523
2.10014
2.14376
1.84017
1.89651
1.95223
2.00732
2.06172
2.11539
2.16833
2.22067
1.87789
1.9407
2.00377
2.06714
2.13078
2.19468
2.25879
2.32319
1.92546
1.99693
2.0699
2.14447
2.22067
2.29844
2.37768
2.45832
1.98429
2.06693
2.15279
2.24204
2.33472
2.43074
2.52982
2.63161
2.05454
2.15109
2.25307
2.36081
2.47438
2.59352
2.71769
2.84608
2.13499
2.24803
2.36935
2.49943
2.63836
2.78568
2.9404
3.10099
2.22274
2.35441
2.49779
2.65363
2.82203
3.00227
3.1927
3.39081
2.3133
2.46478
2.63197
2.81599
3.01699
3.23391
3.46433
3.70445
2.40077
2.57188
2.76311
2.97607
3.21109
3.46681
3.73991
4.02519
2.47845
2.66726
2.88075
3.12119
3.38926
3.68345
3.9997
4.33138
2.5397
2.74239
2.97407
3.23783
3.53495
3.86413
4.2209
4.59751
2.57904
2.7901
3.03366
3.31376
3.63258
3.98946
4.38015
4.79639
2.59325
2.80601
3.05343
3.34049
3.67044
4.04378
4.45718
4.90278
2.58201
2.78967
3.03229
3.31553
3.64376
4.01895
4.43941
4.89868
2.54778
2.74498
2.97491
3.24372
3.55676
3.91754
4.32645
4.7794
2.49645
2.6786
2.88959
3.13562
3.42256
3.75503
4.13528
4.56165
2.43429
2.59874
2.78688
3.00458
3.25772
3.55152
3.88949
4.27213
2.36754
2.51383
2.67804
2.86535
3.08124
3.33095
3.61867
3.94629
2.30118
2.43089
2.57269
2.73087
2.91023
3.11562
3.35137
3.62024
2.2382
2.3544
2.47729
2.6102
2.75705
2.92207
3.10937
3.32206
2.17929
2.28592
2.39463
2.50775
2.62827
2.75969
2.90566
3.06939
2.12295
2.2242
2.32393
2.42348
2.5249
2.63087
2.74446
2.86873
2.06591
2.16564
2.26139
2.35359
2.44331
2.53234
2.62295
2.71779
2.0037
2.10496
2.20101
2.29145
2.37647
2.45686
2.53397
2.60966
1.93147
2.03605
2.13538
2.22848
2.31475
2.39408
2.46683
2.53393
1.8449
1.95307
2.05697
2.15531
2.24697
2.33116
2.40739
2.47569
1.7413
1.8517
1.95955
2.06348
2.16218
2.25446
2.33931
2.4161
1.62039
1.73038
1.8398
1.94746
2.0521
2.15246
2.24735
2.33581
1.48472
1.59092
1.69839
1.80624
1.91346
2.01894
2.12155
2.22033
1.33929
1.43832
1.54
1.64382
1.74905
1.85487
1.96034
2.06466
1.19058
1.2797
1.37229
1.46815
1.56687
1.66789
1.77054
1.87418
1.04529
1.12281
1.20406
1.2891
1.37777
1.46974
1.56459
1.66183
0.909143
0.974517
1.04347
1.11621
1.19276
1.273
1.35667
1.44343
0.786173
0.83986
0.896693
0.956975
1.02085
1.08832
1.15927
1.23349
0.678505
0.721643
0.767374
0.816041
0.867857
0.922907
0.981172
1.04253
0.586562
0.620643
0.656752
0.695241
0.736353
0.780221
0.826886
0.876292
0.509528
0.536122
0.564238
0.594214
0.626299
0.66065
0.697345
0.736378
0.445855
0.466433
0.488111
0.511203
0.535954
0.562528
0.591024
0.62147
0.393681
0.409519
0.426122
0.44378
0.462723
0.483117
0.505071
0.528635
0.351123
0.363274
0.375931
0.389361
0.403779
0.419346
0.436178
0.454337
0.316448
0.325746
0.335356
0.34552
0.356441
0.368271
0.381129
0.395088
0.288143
0.295238
0.302495
0.310139
0.318358
0.327301
0.337082
0.347782
0.264938
0.270325
0.275759
0.281449
0.287574
0.294274
0.301663
0.309826
0.245774
0.249834
0.253848
0.258014
0.2625
0.267445
0.272961
0.279132
0.22976
0.232794
0.2357
0.23867
0.241868
0.245429
0.249466
0.254065
0.216088
0.218353
0.220414
0.222457
0.224645
0.227116
0.229988
0.23335
0.2039
0.205652
0.207121
0.208489
0.209921
0.211565
0.213549
0.215971
0.192042
0.193583
0.194763
0.195752
0.196718
0.197825
0.199228
0.201045
0.178595
0.180285
0.181577
0.182616
0.183559
0.184582
0.185887
0.187639
0.159926
0.162048
0.163911
0.165621
0.167301
0.169113
0.171294
0.174106
0.129259
0.131215
0.133271
0.135521
0.138066
0.141075
0.145061
0.151591
3.02591
2.37038
1.72976
1.71043
1.63618
1.53746
1.41794
1.30524
1.20192
1.10418
1.00772
0.912247
0.820426
0.733837
0.653352
0.579558
0.512609
0.45231
0.39823
0.349905
0.306942
0.269035
0.235921
0.207343
0.183022
0.162674
0.146117
0.132655
0.121639
0.112597
0.105145
0.098948
0.0937339
0.0893786
0.0861334
0.0855243
0.0959752
0.214713
3.88976
2.86027
2.36505
2.60539
2.56934
2.47968
2.29933
2.0878
1.88389
1.70024
1.53002
1.3655
1.21045
1.0676
0.936689
0.818319
0.712823
0.619805
0.538212
0.466768
0.404329
0.349977
0.30301
0.262841
0.228915
0.200699
0.17778
0.15911
0.143788
0.13117
0.120754
0.112127
0.104962
0.0990899
0.0947411
0.0935752
0.10517
0.24242
2.78471
2.46283
2.24451
1.99393
1.74055
1.62457
1.96102
2.21502
2.26292
2.1928
2.05652
1.87807
1.68559
1.49757
1.31605
1.1457
0.991036
0.853894
0.734126
0.630264
0.540449
0.462941
0.396403
0.339806
0.29225
0.252891
0.221074
0.195163
0.173874
0.156306
0.141781
0.129765
0.119838
0.111755
0.10569
0.103424
0.11584
0.274536
2.16653
2.06552
1.93841
1.79881
1.67515
1.58302
1.46438
1.3529
1.30233
1.48279
1.82203
1.95926
1.94754
1.84734
1.69207
1.50979
1.32459
1.14811
0.987642
0.845851
0.722442
0.61566
0.523754
0.445378
0.379412
0.324795
0.280678
0.244665
0.215014
0.190497
0.170201
0.153409
0.13956
0.128287
0.119671
0.115598
0.128433
0.312037
1.77655
1.74452
1.68782
1.61769
1.54395
1.47041
1.39753
1.33505
1.28335
1.22087
1.15933
1.13479
1.26116
1.53043
1.69126
1.6877
1.58564
1.43205
1.26227
1.09643
0.944111
0.808137
0.688598
0.58493
0.496461
0.422424
0.362078
0.312337
0.271128
0.236926
0.208555
0.185074
0.16572
0.14994
0.137668
0.130874
0.143607
0.356483
1.50037
1.50618
1.48767
1.45458
1.41365
1.3687
1.32203
1.27575
1.2303
1.18672
1.14851
1.11319
1.06984
1.04147
1.05936
1.22673
1.42667
1.49303
1.43372
1.31081
1.16582
1.01973
0.881886
0.756628
0.645963
0.550751
0.470905
0.403605
0.347018
0.299611
0.260096
0.227342
0.200349
0.178313
0.160939
0.150254
0.162241
0.410036
1.29007
1.31811
1.32463
1.31593
1.29711
1.27189
1.24288
1.2119
1.17992
1.14747
1.11513
1.0836
1.05398
1.02724
0.998315
0.973253
0.988603
1.10818
1.27308
1.33513
1.29094
1.19126
1.06905
0.942225
0.820588
0.70976
0.610653
0.52351
0.447953
0.383349
0.328857
0.283449
0.245984
0.215377
0.191021
0.17496
0.185446
0.475525
1.13064
1.16768
1.18839
1.19579
1.19297
1.1827
1.16719
1.14807
1.12643
1.10324
1.07926
1.05481
1.03009
1.00557
0.982044
0.960391
0.9387
0.919263
0.953546
1.07375
1.19854
1.22797
1.18269
1.09797
0.994967
0.88663
0.777972
0.67405
0.578346
0.49314
0.419466
0.357268
0.305694
0.263506
0.229744
0.20644
0.21457
0.556484
1.01243
1.05018
1.07655
1.09268
1.10011
1.10051
1.0954
1.0859
1.0731
1.05788
1.04085
1.02249
1.00327
0.983544
0.963478
0.943413
0.924055
0.906076
0.88848
0.879159
0.960408
1.08473
1.15685
1.16224
1.12238
1.05098
0.95674
0.849689
0.739037
0.63278
0.536498
0.453039
0.382975
0.325428
0.2792
0.246341
0.251179
0.657134
0.928051
0.962204
0.98877
1.00802
1.02055
1.02725
1.02898
1.02671
1.02106
1.01259
1.00179
0.989052
0.974735
0.959211
0.942874
0.926074
0.908992
0.891934
0.875633
0.860659
0.846226
0.884792
0.998298
1.09358
1.14707
1.15387
1.11339
1.03213
0.923271
0.802372
0.683136
0.574708
0.481428
0.40405
0.341632
0.296428
0.296978
0.78222
0.8725
0.901117
0.924867
0.943483
0.957145
0.966348
0.971863
0.974038
0.973147
0.969558
0.963645
0.95565
0.945758
0.934209
0.921311
0.907408
0.89287
0.878006
0.862996
0.848292
0.834645
0.822913
0.837171
0.931877
1.04784
1.14873
1.20148
1.18831
1.11296
0.99518
0.859132
0.724753
0.604107
0.502086
0.4192
0.358417
0.35368
0.936673
0.845676
0.867863
0.886459
0.90096
0.912575
0.921681
0.928087
0.931847
0.933142
0.932214
0.929321
0.924581
0.918009
0.909706
0.899853
0.888653
0.876385
0.863414
0.850096
0.836664
0.823323
0.810958
0.800976
0.812183
0.901156
1.04251
1.18874
1.2787
1.27892
1.19538
1.05862
0.902661
0.752566
0.621461
0.513589
0.433715
0.422776
1.12505
0.844988
0.86216
0.873905
0.882372
0.890559
0.89762
0.901961
0.903966
0.9047
0.904123
0.902102
0.8987
0.893864
0.887555
0.879845
0.870768
0.860441
0.849119
0.837148
0.824892
0.812603
0.800405
0.789275
0.781469
0.806034
0.912075
1.09404
1.28164
1.38997
1.3797
1.26908
1.10356
0.925767
0.762541
0.625477
0.523028
0.505222
1.35078
0.851084
0.865775
0.876143
0.88261
0.889772
0.894785
0.894288
0.892494
0.891298
0.889339
0.885728
0.881129
0.875941
0.869908
0.862962
0.855
0.84593
0.83583
0.824914
0.813512
0.801976
0.790535
0.779302
0.76958
0.765983
0.821956
0.978514
1.21606
1.43056
1.52487
1.47325
1.31786
1.11925
0.923361
0.753932
0.625912
0.601053
1.61517
1.06429
1.04081
0.943788
0.905787
0.90377
0.901449
0.896187
0.893485
0.892637
0.888861
0.88127
0.874191
0.867383
0.859622
0.851258
0.842728
0.833803
0.824232
0.813934
0.803072
0.791973
0.780953
0.770176
0.759896
0.7524
0.762451
0.882211
1.12452
1.41369
1.6181
1.65371
1.5325
1.32494
1.09909
0.895881
0.740328
0.708974
1.9165
1.15684
1.17567
1.18076
1.18242
1.18462
1.16311
1.11265
1.06132
0.994795
0.910692
0.884671
0.875372
0.868446
0.857379
0.8464
0.835928
0.825339
0.814962
0.804592
0.793891
0.782942
0.772049
0.76148
0.751268
0.742296
0.739617
0.802558
1.03164
1.36831
1.66509
1.79877
1.73349
1.53184
1.28196
1.04582
0.86233
0.826044
2.24906
1.18445
1.20963
1.23022
1.25028
1.27336
1.28847
1.28929
1.28097
1.26382
1.23437
1.19534
1.1347
0.987969
0.867803
0.84711
0.835
0.82114
0.808815
0.797213
0.786022
0.774953
0.763974
0.75335
0.743297
0.733925
0.727866
0.745247
0.941909
1.31144
1.68641
1.90775
1.9093
1.7275
1.46174
1.19596
0.986054
0.947562
2.60282
1.20651
1.22989
1.25041
1.27045
1.29287
1.31397
1.33012
1.34252
1.35143
1.35441
1.34849
1.32087
1.25792
1.17664
1.07076
0.877918
0.821926
0.806464
0.791861
0.779283
0.767741
0.756576
0.745783
0.735616
0.726203
0.718693
0.721595
0.851832
1.25486
1.70749
1.99353
2.05412
1.90011
1.62694
1.33683
1.10409
1.06728
2.96356
1.24423
1.26376
1.28013
1.29489
1.31034
1.32602
1.34091
1.35602
1.37176
1.3861
1.39494
1.39054
1.36828
1.33096
1.26744
1.16402
1.03102
0.83373
0.790185
0.774034
0.760909
0.749445
0.738533
0.728222
0.718828
0.710782
0.709429
0.773321
1.19061
1.74028
2.07767
2.16989
2.0406
1.76635
1.45846
1.20831
1.17802
3.31401
1.30178
1.31798
1.32963
1.33807
1.34531
1.35239
1.35997
1.36946
1.38173
1.39575
1.40843
1.41478
1.41094
1.39477
1.3596
1.29895
1.20671
1.07054
0.873324
0.770914
0.754967
0.742254
0.731237
0.720885
0.711419
0.703226
0.699775
0.730357
1.13087
1.79667
2.18319
2.26512
2.14387
1.87075
1.55184
1.29102
1.27261
3.63572
1.37599
1.39026
1.39817
1.401
1.40071
1.39903
1.3976
1.39829
1.40251
1.41022
1.41973
1.42792
1.43144
1.42673
1.40802
1.36898
1.30272
1.20111
1.05412
0.833728
0.750286
0.735399
0.723736
0.713417
0.703948
0.695848
0.691458
0.710037
1.05858
1.89034
2.32674
2.34948
2.20863
1.93423
1.61038
1.34626
1.34502
3.9115
1.46147
1.47531
1.48087
1.47941
1.47293
1.46351
1.45334
1.44469
1.43953
1.43862
1.44151
1.44645
1.4508
1.45091
1.44138
1.41588
1.3669
1.28511
1.16168
0.98462
0.751627
0.728455
0.715993
0.705681
0.696331
0.688428
0.683927
0.699099
0.987213
2.0262
2.51683
2.42839
2.23619
1.95484
1.63103
1.37083
1.39136
4.12782
1.55229
1.567
1.57155
1.56724
1.5561
1.54042
1.52269
1.50552
1.49133
1.4816
1.47679
1.47619
1.47793
1.47873
1.47364
1.4562
1.41831
1.34977
1.23982
1.08037
0.850376
0.72234
0.708514
0.697806
0.688577
0.6809
0.676784
0.691786
0.956983
2.24865
2.75219
2.4979
2.22857
1.93449
1.61466
1.3648
1.41042
4.27663
1.64299
1.6595
1.66419
1.65836
1.64407
1.62374
1.60006
1.57586
1.55393
1.53627
1.52405
1.51734
1.51493
1.51408
1.51022
1.49685
1.4653
1.40468
1.30258
1.15072
0.937263
0.712752
0.700532
0.689721
0.680742
0.673443
0.670204
0.687226
0.947558
2.57862
3.02182
2.54818
2.18722
1.87774
1.56546
1.33126
1.40375
4.35598
1.72916
1.74809
1.75379
1.74755
1.73149
1.70809
1.68017
1.65071
1.62272
1.59862
1.58004
1.56761
1.56067
1.55689
1.55201
1.53947
1.51021
1.45284
1.35412
1.20444
0.995464
0.718968
0.692636
0.681557
0.672873
0.666107
0.664223
0.686907
1.02259
3.15785
3.30523
2.56032
2.11358
1.79121
1.49012
1.27557
1.37503
4.3696
1.80778
1.82949
1.83683
1.8311
1.81444
1.7894
1.75888
1.72594
1.6937
1.66484
1.64129
1.62403
1.61273
1.60535
1.59775
1.58332
1.55278
1.49435
1.39467
1.24292
1.03218
0.732302
0.68455
0.673297
0.66503
0.659096
0.659524
0.694079
1.23008
3.99498
3.53432
2.52811
2.01411
1.68363
1.39676
1.20429
1.32923
4.3255
1.87733
1.90207
1.91156
1.9071
1.89083
1.86537
1.83366
1.79881
1.76399
1.73198
1.70485
1.68374
1.66844
1.65699
1.64526
1.62657
1.59151
1.52826
1.42344
1.26582
1.05101
0.747631
0.67611
0.664848
0.657247
0.652632
0.657003
0.716
1.77275
4.82981
3.64749
2.45082
1.89604
1.56372
1.2934
1.12395
1.27165
4.23412
1.93784
1.96593
1.97807
1.97554
1.9605
1.93557
1.90373
1.86816
1.83205
1.79815
1.76855
1.74433
1.72522
1.70917
1.69194
1.66678
1.62433
1.55299
1.43951
1.27234
1.04656
0.727062
0.666375
0.656177
0.649684
0.647175
0.658625
0.76703
2.90884
5.49596
3.63606
2.33362
1.76567
1.43868
1.18675
1.04015
1.2071
4.10662
1.9909
2.02289
2.03834
2.03842
2.02524
2.00144
1.97008
1.9344
1.89764
1.86249
1.8309
1.80378
1.78062
1.75908
1.73477
1.70094
1.64845
1.56605
1.44059
1.26016
1.01811
0.692133
0.655971
0.647484
0.642637
0.643438
0.667782
0.916343
4.52129
5.83649
3.50615
2.18265
1.6281
1.31385
1.08174
0.95707
1.13951
3.95348
2.03966
2.07655
2.09624
2.09966
2.08879
2.06626
2.03527
1.99923
1.96154
1.92479
1.8908
1.86017
1.83199
1.80355
1.77023
1.72538
1.66025
1.56394
1.42309
1.22548
0.961524
0.662227
0.645663
0.63925
0.636501
0.642293
0.692533
1.45855
6.089
5.71975
3.25426
2.00459
1.4879
1.19294
0.981615
0.877574
1.07179
3.78375
2.08885
2.13227
2.15755
2.16514
2.15673
2.13494
2.10319
2.06532
2.02507
1.98506
1.94702
1.91122
1.87619
1.83876
1.79412
1.7358
1.65549
1.54252
1.38275
1.16368
0.868916
0.642811
0.635977
0.631648
0.631723
0.64653
0.757353
2.7763
7.23094
5.28225
2.91831
1.81138
1.34968
1.07855
0.88838
0.803404
1.00593
3.60465
2.14468
2.19714
2.2299
2.24259
2.23636
2.21379
2.17875
2.13587
2.08961
2.04297
1.99775
1.95388
1.90927
1.86014
1.80153
1.72726
1.62943
1.497
1.31465
1.06965
0.71314
0.634221
0.627053
0.62496
0.62991
0.663239
0.974346
5.14257
7.43755
4.65853
2.54203
1.62061
1.21903
0.972928
0.803372
0.73566
0.944237
3.42176
2.21466
2.27976
2.32263
2.34146
2.33651
2.3103
2.26751
2.21418
2.1562
2.09748
2.04026
1.98419
1.92639
1.86236
1.78698
1.69442
1.57686
1.42166
1.21234
0.928005
0.632763
0.622137
0.618786
0.620149
0.633814
0.719075
2.04647
7.21919
6.78138
3.93525
2.18675
1.44528
1.09898
0.877439
0.72767
0.675844
0.891254
3.24422
2.30728
2.38997
2.44642
2.47254
2.4672
2.43289
2.37558
2.30373
2.22573
2.14724
2.07142
1.99773
1.92235
1.83988
1.74498
1.63194
1.49202
1.31024
1.06672
0.69586
0.617184
0.611947
0.611595
0.618717
0.654904
0.96109
4.92519
7.86968
5.77156
3.24208
1.87366
1.28793
0.989949
0.791901
0.66083
0.623448
0.844856
3.07263
2.43137
2.53817
2.61267
2.64735
2.63921
2.59083
2.51025
2.40941
2.30065
2.19242
2.08935
1.99103
1.89269
1.78789
1.67085
1.53526
1.36989
1.15624
0.844115
0.607799
0.603337
0.602248
0.606134
0.625319
0.749315
2.75524
7.44269
7.17006
4.69346
2.6287
1.60921
1.14852
0.891716
0.715768
0.602122
0.577724
0.803442
2.9071
2.59528
2.73438
2.83241
2.87718
2.86359
2.79499
2.68217
2.54102
2.38946
2.23927
2.09733
1.96433
1.83544
1.70357
1.56196
1.40133
1.20628
0.93647
0.603185
0.592353
0.591223
0.593421
0.604364
0.661023
1.44958
6.33915
7.68759
6.02129
3.66947
2.13471
1.39105
1.02556
0.803615
0.64825
0.550669
0.537822
0.765768
2.74778
2.8057
2.9869
3.11491
3.17175
3.15128
3.05922
2.9096
2.72089
2.51558
2.30867
2.11045
1.92564
1.75298
1.58676
1.4172
1.22819
0.984613
0.608387
0.578591
0.57785
0.579844
0.58688
0.616384
0.879618
5.0177
7.56535
6.77965
4.69108
2.83939
1.75526
1.21143
0.91702
0.724777
0.588445
0.505547
0.502875
0.730909
2.59482
3.06634
3.30077
3.466
3.53778
3.51195
3.40211
3.22541
2.99507
2.73007
2.44864
2.16557
1.89635
1.65292
1.4375
1.23295
0.994411
0.611874
0.561644
0.561684
0.564456
0.570154
0.589032
0.717288
3.57628
6.989
7.04854
5.39321
3.55257
2.22285
1.46635
1.06191
0.820902
0.65427
0.535443
0.465865
0.472056
0.698195
2.44837
3.37658
3.67625
3.88666
3.97674
3.95292
3.84514
3.67547
3.43948
3.12446
2.75005
2.33557
1.91821
1.54604
1.24369
0.96453
0.583587
0.543162
0.54372
0.547219
0.552783
0.566171
0.643666
2.47814
6.16019
7.00133
5.77257
4.09252
2.69689
1.77555
1.2436
0.93558
0.735487
0.59121
0.488386
0.430804
0.444621
0.667155
2.3085
3.73032
4.10758
4.37064
4.48283
4.47434
4.39963
4.29093
4.12081
3.81138
3.34657
2.74538
2.06605
1.43339
0.881059
0.550031
0.529072
0.527846
0.530958
0.536186
0.546188
0.592707
1.61797
5.44614
6.73
5.91144
4.42671
3.07163
2.08311
1.44997
1.06797
0.827319
0.659409
0.534811
0.446512
0.39965
0.419927
0.637473
2.17526
4.11516
4.58185
4.90253
5.04402
5.06313
5.04068
5.01864
4.96387
4.77977
4.31641
3.54324
2.45616
1.18238
0.556778
0.528634
0.521543
0.521195
0.524769
0.532646
0.562089
0.965527
4.847
6.46378
5.89242
4.5939
3.31693
2.32904
1.64836
1.20841
0.926076
0.733535
0.591598
0.484386
0.409161
0.371795
0.397443
0.60895
2.04865
4.51265
5.07975
5.46692
5.64514
5.69219
5.70603
5.7214
5.71722
5.65774
5.41435
4.69029
3.31072
0.799637
0.542925
0.528182
0.522974
0.523892
0.530476
0.55083
0.707265
4.04967
6.254
5.82886
4.64277
3.44776
2.49179
1.80535
1.3377
1.02428
0.808886
0.651705
0.531198
0.439335
0.37577
0.346738
0.37675
0.581475
1.92866
4.89881
5.57745
6.04298
6.26498
6.32909
6.33148
6.28808
6.20451
6.13044
6.0459
5.70647
4.64733
1.54367
0.573329
0.542407
0.536041
0.541775
0.564736
0.685646
3.07832
6.01639
5.74361
4.62208
3.48802
2.57626
1.9077
1.43773
1.11073
0.87982
0.710371
0.580018
0.477486
0.399126
0.345862
0.324071
0.35753
0.554998
1.81521
5.24453
6.04371
6.59963
6.8711
6.95165
6.898
6.70072
6.40869
6.15886
6.03304
5.94262
5.57506
4.28294
0.890221
0.598
0.568113
0.594511
0.76034
2.40133
5.77699
5.60099
4.53064
3.45662
2.59461
1.95776
1.5017
1.17615
0.93996
0.763418
0.626462
0.517105
0.429817
0.363276
0.319029
0.303464
0.339548
0.529504
1.70821
5.51694
6.43907
7.08851
7.41639
7.53287
7.44909
7.06267
6.47407
5.92072
5.56249
5.38657
5.29356
5.18167
4.32769
1.17136
0.725176
0.836984
2.66398
5.0278
5.23986
4.31712
3.34737
2.557
1.96403
1.53239
1.21809
0.985058
0.807346
0.667459
0.554333
0.461869
0.387596
0.331343
0.294921
0.284654
0.32264
0.505002
1.60756
5.68269
6.72108
7.46211
7.81536
7.99405
7.98901
7.51897
6.65087
5.75461
5.07228
4.6239
4.35045
4.18472
3.99956
3.75935
3.47066
3.72469
4.17739
4.28092
3.8648
3.13533
2.4667
1.93673
1.53777
1.24026
1.01525
0.840647
0.701158
0.58688
0.491934
0.41338
0.350263
0.302917
0.273236
0.267429
0.306689
0.481511
1.51311
5.71371
6.85085
7.67707
8.04103
8.22734
8.3663
8.06695
7.11087
5.97563
5.02455
4.31554
3.80244
3.40987
3.10524
2.93977
2.93598
3.09655
3.23939
3.15482
2.81
2.32975
1.88682
1.52826
1.24996
1.03445
0.86461
0.72736
0.613759
0.518234
0.437708
0.370822
0.317289
0.27762
0.253706
0.251618
0.291622
0.459047
1.42469
5.59382
6.80051
7.71805
8.08292
8.1279
8.25338
8.28838
7.73624
6.68703
5.61781
4.71634
4.07472
3.57989
3.16528
2.86344
2.69477
2.64734
2.61179
2.45985
2.17273
1.82896
1.51473
1.25546
1.0483
0.882517
0.747518
0.635204
0.540144
0.459106
0.390431
0.333471
0.288183
0.255106
0.236102
0.237082
0.277384
0.437624
1.34212
5.33055
6.55089
7.55526
7.9434
7.7568
7.46208
7.37688
7.61698
7.851
6.89213
5.71095
4.93757
4.38548
3.85109
3.33064
2.88504
2.56225
2.31661
2.06706
1.7873
1.50836
1.26388
1.06197
0.897975
0.763864
0.652306
0.557868
0.477027
0.40777
0.349114
0.300683
0.262494
0.235064
0.220219
0.223706
0.263943
0.417249
1.26519
4.96194
6.11016
7.15592
7.59882
7.21679
6.32989
5.37646
4.38791
5.49836
9.09628
7.16938
6.03308
5.38336
4.71221
3.92572
3.17863
2.58841
2.1538
1.81508
1.52795
1.28258
1.07928
0.913553
0.778229
0.666243
0.57196
0.491445
0.422238
0.362967
0.312947
0.271895
0.239819
0.217215
0.205882
0.211393
0.251273
0.397922
1.19366
4.53387
5.54133
6.54396
7.0403
6.55043
5.12908
3.29586
1.07745
0.681562
1.65579
8.60998
7.05428
6.20941
5.4497
4.42403
3.40219
2.59139
2.01791
1.61908
1.32819
1.10573
0.931158
0.791504
0.677583
0.582756
0.502414
0.433548
0.374335
0.323755
0.281267
0.246617
0.219803
0.201318
0.19294
0.200065
0.239356
0.379634
1.12727
4.09809
4.93442
5.81277
6.32531
5.82387
3.80823
0.992666
0.518894
0.517674
0.586282
1.05679
7.80684
6.65743
5.88494
4.73847
3.50727
2.5335
1.87088
1.44187
1.15679
0.955473
0.804659
0.686292
0.590055
0.509706
0.441382
0.382722
0.332331
0.289415
0.253525
0.22443
0.202141
0.187164
0.181264
0.189654
0.228175
0.362371
1.06576
3.69509
4.35489
5.06408
5.5196
5.15372
1.7129
0.529761
0.487666
0.484802
0.510016
0.578397
1.70184
6.37643
5.8669
4.81901
3.48335
2.41037
1.70364
1.27038
1.00108
0.822054
0.693024
0.593452
0.512754
0.44521
0.387595
0.338056
0.295524
0.259381
0.229262
0.204978
0.186571
0.174575
0.170742
0.180103
0.217717
0.346115
1.00885
3.35145
3.85296
4.40333
4.78681
4.67032
1.32079
0.519746
0.47841
0.465993
0.472434
0.500529
0.632083
3.10995
5.39252
4.62371
3.32316
2.22537
1.51771
1.10248
0.85743
0.702129
0.593705
0.511184
0.444419
0.388347
0.340331
0.298943
0.263386
0.233197
0.208099
0.187961
0.172871
0.163399
0.161282
0.171364
0.207968
0.33084
0.956238
3.07754
3.449
3.87386
4.22437
4.27838
2.96271
0.521373
0.476392
0.458035
0.451918
0.464183
0.510474
0.923904
4.57727
4.2314
3.04393
1.98931
1.32021
0.941184
0.72643
0.595349
0.506137
0.438938
0.384549
0.338647
0.299129
0.264932
0.235489
0.210478
0.18971
0.173122
0.160852
0.153507
0.1528
0.163392
0.198911
0.316519
0.907636
2.87064
3.13595
3.4514
3.75445
3.85398
3.4711
0.622649
0.498366
0.462428
0.444017
0.446341
0.474654
0.583447
3.1824
3.75026
2.68008
1.72132
1.12242
0.792066
0.610355
0.502481
0.430463
0.376594
0.332896
0.295783
0.263619
0.235639
0.211464
0.190891
0.173818
0.160242
0.150354
0.144786
0.145227
0.15615
0.19053
0.303121
0.862758
2.72372
2.90529
3.118
3.34116
3.48133
3.36443
1.34208
0.556319
0.479982
0.446504
0.440485
0.463574
0.548899
2.92742
3.23275
2.27399
1.447
0.937759
0.661113
0.511534
0.424286
0.366805
0.32401
0.28919
0.259419
0.233436
0.210699
0.190969
0.17414
0.160176
0.149129
0.141233
0.137138
0.138497
0.149598
0.182804
0.290608
0.82133
2.62716
2.75277
2.88163
3.01321
3.11689
3.05867
2.63128
0.663686
0.515508
0.458493
0.444497
0.474382
0.670311
2.72413
2.68664
1.87648
1.19491
0.778339
0.552713
0.431223
0.360872
0.314892
0.280795
0.253009
0.229135
0.208177
0.18974
0.173678
0.159946
0.14856
0.139611
0.133362
0.130471
0.132549
0.1437
0.175711
0.278941
0.783096
2.56565
2.66754
2.74486
2.79694
2.818
2.77176
2.61132
1.99438
0.648073
0.493124
0.474977
0.539407
1.12147
2.34376
2.18701
1.53028
0.984659
0.650834
0.468279
0.369084
0.311469
0.273939
0.246251
0.223751
0.204409
0.187391
0.172377
0.159267
0.148049
0.138764
0.131529
0.126622
0.1247
0.127323
0.138416
0.169221
0.268075
0.747821
2.51714
2.62674
2.69401
2.70986
2.66774
2.56509
2.39999
2.09904
1.46096
0.770434
0.779566
0.997906
1.45671
2.02512
1.78947
1.25643
0.823277
0.555782
0.406292
0.32333
0.274529
0.242713
0.219415
0.200653
0.184631
0.170583
0.15821
0.147415
0.138191
0.130588
0.124729
0.120899
0.119741
0.12276
0.133706
0.163304
0.257961
0.715295
2.45576
2.59497
2.68843
2.72016
2.67707
2.55231
2.35039
2.08526
1.77693
1.52496
1.349
1.40749
1.6454
1.79871
1.50025
1.05543
0.707426
0.489014
0.36318
0.291212
0.248006
0.219696
0.19915
0.182853
0.169134
0.157234
0.146831
0.137803
0.130126
0.12384
0.119066
0.116082
0.115511
0.118799
0.129524
0.157921
0.248549
0.685324
2.35912
2.53444
2.67125
2.75138
2.75967
2.68696
2.53489
2.32152
2.08721
1.88269
1.74736
1.72427
1.74822
1.63509
1.29256
0.913927
0.627361
0.443884
0.334424
0.269585
0.229656
0.203259
0.184253
0.169447
0.157231
0.146816
0.137832
0.130113
0.123607
0.118332
0.114395
0.11206
0.111927
0.115378
0.125822
0.153031
0.239786
0.657732
2.2158
2.41952
2.59575
2.72675
2.79789
2.79964
2.73037
2.59951
2.423
2.23214
2.06065
1.91822
1.75295
1.48978
1.13988
0.81357
0.571704
0.413424
0.315533
0.25539
0.21731
0.19182
0.173548
0.159551
0.148249
0.138813
0.130815
0.12404
0.118398
0.11388
0.110574
0.108726
0.108905
0.112431
0.12255
0.148589
0.231622
0.63235
2.02807
2.24465
2.44354
2.60807
2.72423
2.78154
2.77397
2.70027
2.56626
2.38503
2.17281
1.93794
1.66676
1.34931
1.0198
0.737924
0.530594
0.391666
0.302645
0.245958
0.209038
0.183946
0.165957
0.152342
0.141558
0.132738
0.125402
0.11929
0.11427
0.110307
0.107466
0.10597
0.106361
0.109893
0.119654
0.144547
0.224007
0.609019
1.80906
2.02198
2.22404
2.39964
2.53525
2.61952
2.64341
2.60013
2.49094
2.31867
2.09214
1.82364
1.52414
1.21097
0.917123
0.675372
0.496865
0.374151
0.292775
0.239155
0.203248
0.178421
0.160536
0.147088
0.136585
0.128143
0.121245
0.115588
0.111008
0.107443
0.104936
0.103689
0.104212
0.107698
0.117079
0.140856
0.216894
0.587579
1.57693
1.77324
1.96275
2.13108
2.26548
2.35451
2.38817
2.36011
2.26728
2.10931
1.89376
1.63568
1.35486
1.07536
0.823716
0.619103
0.46607
0.35796
0.283854
0.233416
0.198711
0.174266
0.156506
0.143167
0.132834
0.124634
0.118026
0.112683
0.108413
0.105131
0.10286
0.101783
0.102379
0.10578
0.114771
0.137469
0.210237
0.567881
1.34926
1.52124
1.68863
1.83853
1.95946
2.04092
2.07344
2.05337
1.9745
1.83672
1.6476
1.42221
1.1808
0.945592
0.736585
0.565994
0.43598
0.341499
0.274637
0.227704
0.194553
0.170746
0.153253
0.140068
0.129888
0.12187
0.115473
0.110355
0.106307
0.103228
0.101124
0.10016
0.100787
0.104077
0.112677
0.13434
0.203992
0.54978
1.1394
1.28423
1.42564
1.55244
1.65475
1.72379
1.75198
1.73605
1.67045
1.55567
1.39882
1.21318
1.01603
0.825212
0.655472
0.515202
0.405894
0.324169
0.264539
0.22144
0.190217
0.167348
0.15032
0.1374
0.127413
0.119572
0.113354
0.108414
0.104536
0.101608
0.099625
0.0987365
0.099367
0.102533
0.110749
0.131426
0.19812
0.53314
0.955178
1.0736
1.18928
1.29277
1.37591
1.43165
1.45497
1.44201
1.38888
1.29663
1.17143
1.02407
0.868015
0.716762
0.581046
0.466988
0.375973
0.306003
0.253444
0.214392
0.185405
0.163753
0.147398
0.134876
0.125156
0.117522
0.111483
0.106704
0.10297
0.100164
0.0982759
0.0974405
0.0980592
0.101096
0.108943
0.128688
0.192584
0.51784
0.79936
0.894202
0.986778
1.0693
1.13518
1.1788
1.19774
1.18726
1.14519
1.07287
0.97537
0.860961
0.73969
0.621422
0.513969
0.421947
0.346744
0.287364
0.241525
0.20657
0.180018
0.159799
0.144298
0.132304
0.122936
0.115556
0.109716
0.105102
0.101505
0.0988109
0.0970043
0.0962117
0.0968125
0.099723
0.10722
0.126093
0.187353
0.503768
0.671096
0.746046
0.819127
0.884023
0.935582
0.969695
0.984316
0.975845
0.943015
0.887163
0.812264
0.724467
0.631074
0.539197
0.454526
0.380603
0.318783
0.268728
0.229091
0.198126
0.174088
0.15544
0.140929
0.129575
0.120637
0.113564
0.107954
0.103518
0.100064
0.0974812
0.095754
0.095002
0.095586
0.0983781
0.105549
0.123611
0.182401
0.490827
0.567432
0.626227
0.6835
0.734152
0.774171
0.800807
0.811918
0.805079
0.779622
0.736748
0.679494
0.612354
0.540575
0.469261
0.402575
0.343254
0.292558
0.250544
0.216487
0.189281
0.167728
0.150711
0.137275
0.126641
0.118199
0.111479
0.10613
0.101894
0.0985935
0.0961279
0.0944838
0.0937759
0.0943488
0.0970344
0.103907
0.12122
0.177708
0.478929
0.484545
0.530533
0.575309
0.61475
0.645661
0.666461
0.674822
0.669262
0.649493
0.616542
0.572692
0.521211
0.46586
0.410314
0.357634
0.309944
0.268366
0.23317
0.204027
0.180266
0.161086
0.145693
0.133367
0.123502
0.1156
0.109271
0.104211
0.100193
0.0970601
0.0947209
0.0931668
0.0925095
0.0930797
0.0956728
0.102275
0.118903
0.173259
0.468
0.418563
0.454526
0.489543
0.520296
0.544342
0.560353
0.566544
0.561944
0.546471
0.520971
0.487156
0.4474
0.404415
0.360862
0.319011
0.280512
0.246337
0.216851
0.191962
0.171292
0.15432
0.140488
0.129268
0.120188
0.112853
0.106938
0.102187
0.0984031
0.0954487
0.093245
0.0917884
0.0911894
0.0917663
0.0942824
0.100644
0.11665
0.169042
0.457972
0.365997
0.394135
0.421538
0.445508
0.464249
0.476499
0.480988
0.47709
0.464829
0.444888
0.418548
0.387545
0.353849
0.319407
0.285915
0.254659
0.226464
0.20172
0.180472
0.162531
0.14757
0.135205
0.125051
0.11675
0.109986
0.104496
0.100065
0.0965254
0.0937581
0.0916969
0.0903446
0.089811
0.0904043
0.0928587
0.099008
0.114454
0.165051
0.448787
0.323918
0.345923
0.367349
0.385961
0.400533
0.409815
0.412956
0.40956
0.399699
0.383915
0.363165
0.338728
0.312045
0.284556
0.25754
0.232004
0.208637
0.187819
0.169666
0.154109
0.140953
0.129941
0.120795
0.113243
0.107042
0.101975
0.097866
0.0945736
0.0919971
0.0900826
0.0888391
0.088377
0.0889957
0.0914033
0.097369
0.112315
0.161283
0.440394
0.289967
0.307119
0.323797
0.338193
0.349316
0.356199
0.358245
0.3552
0.347148
0.334505
0.317985
0.298528
0.2772
0.255073
0.233119
0.21213
0.192679
0.175115
0.15959
0.146105
0.134556
0.124775
0.116565
0.109725
0.104063
0.0994084
0.0956158
0.0925681
0.0901818
0.0884146
0.0872822
0.0868958
0.0875475
0.0899221
0.0957311
0.110234
0.157738
0.432745
0.262308
0.275562
0.288368
0.2993
0.307556
0.312451
0.313579
0.310774
0.304104
0.293876
0.280611
0.264998
0.247824
0.229893
0.211949
0.194617
0.178371
0.163522
0.150234
0.138551
0.128428
0.119761
0.112415
0.106239
0.10109
0.0968298
0.0933425
0.0905324
0.0883318
0.0867094
0.0856877
0.0853794
0.08607
0.0884243
0.0941021
0.108218
0.154419
0.425797
0.239536
0.249631
0.259178
0.267166
0.272965
0.276161
0.276494
0.273844
0.268248
0.259911
0.249199
0.236608
0.222718
0.208129
0.193414
0.179066
0.165475
0.152914
0.141547
0.13144
0.122586
0.114928
0.108375
0.10282
0.0981524
0.0942675
0.091072
0.0884898
0.0864679
0.0849857
0.0840723
0.0838423
0.0845761
0.086921
0.0924915
0.106273
0.151332
0.419507
0.220588
0.228164
0.234945
0.2403
0.243923
0.245625
0.245248
0.242686
0.237928
0.231089
0.222407
0.212228
0.200971
0.189085
0.177007
0.165127
0.153764
0.143154
0.133451
0.124732
0.117017
0.110277
0.104457
0.0994816
0.0952695
0.0917413
0.0888248
0.0864609
0.0846103
0.0832625
0.0824535
0.0823002
0.0830797
0.0854242
0.0909094
0.104408
0.148484
0.413831
0.204663
0.210366
0.214763
0.21775
0.219434
0.219819
0.218803
0.216267
0.21215
0.206483
0.199405
0.191147
0.182004
0.172307
0.162391
0.15256
0.143075
0.134135
0.12588
0.11839
0.111698
0.105799
0.100659
0.0962284
0.0924499
0.0892641
0.0866169
0.0844642
0.0827791
0.0815606
0.0808514
0.0807719
0.0815971
0.0839481
0.0893688
0.102638
0.145896
0.40873
0.191164
0.195762
0.198175
0.199122
0.199165
0.198445
0.196875
0.19431
0.190641
0.185841
0.179974
0.173187
0.165686
0.157715
0.149526
0.141359
0.133423
0.125885
0.118866
0.112445
0.10666
0.101518
0.0970031
0.0930822
0.0897152
0.086859
0.0844738
0.0825281
0.081005
0.0799122
0.0792983
0.0792872
0.0801534
0.0825101
0.0878768
0.100957
0.14357
0.404118
0.179476
0.184033
0.185128
0.184647
0.183549
0.182052
0.180069
0.177439
0.17403
0.169783
0.164721
0.158938
0.152585
0.145845
0.138913
0.131981
0.125217
0.11876
0.112715
0.107153
0.102113
0.0976064
0.0936267
0.0901526
0.087155
0.0846019
0.0824636
0.0807174
0.0793541
0.0783871
0.0778697
0.0779285
0.0788381
0.0812074
0.0865425
0.0995002
0.141653
0.400069
0.168312
0.17538
0.17646
0.175596
0.174099
0.172287
0.170112
0.167431
0.164121
0.160119
0.155436
0.150148
0.144379
0.138283
0.132027
0.125774
0.119669
0.113835
0.108363
0.103317
0.0987331
0.094625
0.0909884
0.087807
0.0850568
0.0827114
0.0807461
0.0791426
0.0778953
0.0770204
0.0765726
0.0766782
0.0776088
0.079967
0.0852478
0.0980898
0.140038
0.396044
)
;

boundaryField
{
    leftWall
    {
        type            epsilonWallFunction;
        value           nonuniform List<scalar> 
100
(
0.0280862
0.0371292
0.0484009
0.0552383
0.0618349
0.0708368
0.0804193
0.0897379
0.0983777
0.106228
0.11346
0.120497
0.127167
0.13373
0.140459
0.147659
0.156769
0.171162
0.185277
0.195953
0.199308
0.193953
0.186537
0.249807
0.585992
0.789817
0.766187
0.691143
0.646125
0.63532
0.643353
0.66478
0.697408
0.738051
0.782806
0.828036
0.870927
0.909571
0.942836
0.970168
0.991421
1.00672
1.01637
1.02077
1.02037
1.01565
1.00707
0.995087
0.980148
0.962666
0.943041
0.921656
0.898884
0.875083
0.850602
0.825777
0.800926
0.776348
0.752319
0.729085
0.706865
0.685848
0.666191
0.648024
0.631449
0.616546
0.603372
0.591953
0.582309
0.57446
0.568426
0.56423
0.561905
0.561498
0.563073
0.566716
0.572539
0.580678
0.591299
0.604603
0.620829
0.640273
0.663303
0.69039
0.722136
0.759301
0.802817
0.85381
0.913621
0.9839
1.06676
1.16504
1.28256
1.42468
1.59913
1.81692
2.09331
2.45139
2.94119
3.71432
)
;
    }
    rightWall
    {
        type            epsilonWallFunction;
        value           nonuniform List<scalar> 
100
(
0.0370663
0.0152552
0.0174203
0.0185547
0.0787697
0.0809598
0.0893698
0.0999257
0.111058
0.12227
0.133456
0.144642
0.155904
0.16735
0.179137
0.191565
0.214713
0.24242
0.274536
0.312037
0.356483
0.410036
0.475525
0.556484
0.657134
0.78222
0.936673
1.12505
1.35078
1.61517
1.9165
2.24906
2.60282
2.96356
3.31401
3.63572
3.9115
4.12782
4.27663
4.35598
4.3696
4.3255
4.23412
4.10662
3.95348
3.78375
3.60465
3.42176
3.24422
3.07263
2.9071
2.74778
2.59482
2.44837
2.3085
2.17526
2.04865
1.92866
1.81521
1.70821
1.60756
1.51311
1.42469
1.34212
1.26519
1.19366
1.12727
1.06576
1.00885
0.956238
0.907636
0.862758
0.82133
0.783096
0.747821
0.715295
0.685324
0.657732
0.63235
0.609019
0.587579
0.567881
0.54978
0.53314
0.51784
0.503768
0.490827
0.478929
0.468
0.457972
0.448787
0.440394
0.432745
0.425797
0.419507
0.413831
0.40873
0.404118
0.400069
0.396044
)
;
    }
    lowerWall
    {
        type            epsilonWallFunction;
        value           nonuniform List<scalar> 
124
(
0.0280862
0.0914849
0.170557
0.251923
0.326103
0.399573
0.468864
0.535945
0.602068
0.668359
0.735697
0.804672
0.87559
0.948489
1.02319
1.09931
1.17633
1.25361
1.33041
1.40592
1.47926
1.54953
1.6158
1.67709
1.73244
1.78088
1.82143
1.85315
1.87507
1.88615
1.88485
1.872
1.85051
1.8162
1.76707
1.70188
1.62004
1.52224
1.41179
1.29552
1.17915
1.07484
0.916459
0.776076
0.642409
0.478726
0.478726
0.537425
0.786424
1.06604
1.40879
1.76954
2.12171
2.46449
2.83947
3.22199
3.61547
4.04957
4.54977
5.14934
5.89097
6.92762
8.72999
6.8138
4.9127
3.80519
5.25798
10.0386
10.5871
10.6355
0.0599032
0.0185004
0.104645
0.154142
0.203399
0.254376
0.308748
0.368119
0.434222
0.50899
0.594587
0.693483
0.808764
0.945822
1.13063
1.65917
0.0599032
0.141706
0.217782
0.268048
0.305425
0.336343
0.363749
0.389078
0.411491
0.429878
0.444077
0.453963
0.459406
0.460315
0.456365
0.447294
0.434435
0.41853
0.400328
0.380584
0.360048
0.339431
0.319353
0.300286
0.282525
0.266403
0.252305
0.239498
0.227366
0.215284
0.202583
0.188524
0.172291
0.152963
0.129486
0.100739
0.0671112
0.0370663
)
;
    }
    atmosphere
    {
        type            inletOutlet;
        inletValue      uniform 0.1;
        value           nonuniform List<scalar> 
92
(
0.1
0.1
0.1
0.1
0.1
0.1
0.1
0.1
0.1
0.1
0.1
0.1
0.1
0.1
0.1
0.1
0.1
0.1
0.1
0.1
0.1
0.1
0.1
0.1
0.1
0.1
0.1
0.1
0.1
0.1
0.1
0.1
0.1
0.1
0.1
0.1
0.1
0.1
0.1
0.1
0.1
0.1
0.1
0.1
0.1
0.1
0.1
0.1
0.1
0.1
0.1
0.1
0.1
0.1
0.168312
0.17538
0.17646
0.175596
0.174099
0.172287
0.170112
0.167431
0.164121
0.160119
0.155436
0.150148
0.144379
0.138283
0.132027
0.125774
0.119669
0.113835
0.108363
0.103317
0.0987331
0.094625
0.0909884
0.087807
0.0850568
0.0827114
0.0807461
0.0791426
0.0778953
0.0770204
0.0765726
0.0766782
0.0776088
0.079967
0.0852478
0.0980898
0.140038
0.396044
)
;
    }
    defaultFaces
    {
        type            empty;
    }
}


// ************************************************************************* //
