/*--------------------------------*- C++ -*----------------------------------*\
  =========                 |
  \\      /  F ield         | OpenFOAM: The Open Source CFD Toolbox
   \\    /   O peration     | Website:  https://openfoam.org
    \\  /    A nd           | Version:  7
     \\/     M anipulation  |
\*---------------------------------------------------------------------------*/
FoamFile
{
    version     2.0;
    format      ascii;
    class       volScalarField;
    location    "0.4";
    object      k;
}
// * * * * * * * * * * * * * * * * * * * * * * * * * * * * * * * * * * * * * //

dimensions      [0 2 -2 0 0 0 0];

internalField   nonuniform List<scalar> 
9072
(
0.00272716
0.00488353
0.00739494
0.00959344
0.011397
0.0130521
0.0145232
0.0158795
0.0171616
0.0183997
0.0196153
0.0208215
0.0220254
0.0232287
0.0244294
0.0256226
0.0268016
0.0279584
0.0290842
0.0301698
0.0312054
0.0321815
0.0330881
0.0339155
0.0346537
0.035293
0.0358235
0.0362352
0.0365179
0.0366596
0.0366411
0.0364744
0.0361946
0.035746
0.0350989
0.0342312
0.0331258
0.0317795
0.0302235
0.0285395
0.0268011
0.0251782
0.0226494
0.0202736
0.017869
0.0146789
0.00441624
0.0100276
0.0152561
0.0197883
0.0237073
0.0269876
0.0298891
0.0325355
0.0350155
0.0373938
0.0397142
0.0420041
0.0442773
0.0465378
0.048782
0.0510011
0.0531827
0.0553124
0.0573743
0.0593519
0.0612284
0.0629875
0.0646133
0.0660906
0.0674053
0.0685448
0.0694981
0.0702567
0.0708147
0.0711692
0.0713163
0.0712258
0.0709211
0.0704174
0.069734
0.0689008
0.0679636
0.0669986
0.0661204
0.0654347
0.0647219
0.0631542
0.0578278
0.0493688
0.0380792
0.026137
0.0052717
0.0127812
0.0190173
0.0245573
0.0292991
0.0334188
0.0370907
0.0404438
0.04358
0.0465756
0.049484
0.052339
0.0551586
0.0579489
0.0607074
0.0634251
0.0660886
0.0686819
0.0711873
0.0735863
0.0758603
0.0779907
0.0799601
0.0817521
0.083352
0.0847473
0.0859286
0.0868904
0.087632
0.0881583
0.0884784
0.0885951
0.0885377
0.0883362
0.0880278
0.0876524
0.0872506
0.0868721
0.0865938
0.0865011
0.0863445
0.0850026
0.0805531
0.0708048
0.0547615
0.0336852
0.00575752
0.0147438
0.0216681
0.0276996
0.0329972
0.0376866
0.0419009
0.0457615
0.0493713
0.0528101
0.0561351
0.0593836
0.0625764
0.0657216
0.068818
0.0718573
0.0748267
0.07771
0.0804893
0.0831457
0.08566
0.0880136
0.0901886
0.0921689
0.0939406
0.0954926
0.096818
0.0979153
0.0987894
0.0994533
0.099928
0.100239
0.100433
0.100559
0.100673
0.100823
0.101044
0.101343
0.101707
0.102092
0.102178
0.100842
0.0968631
0.0882593
0.0720903
0.0412522
0.00620162
0.016411
0.0237449
0.030145
0.0358487
0.0409656
0.0456047
0.0498748
0.0538724
0.0576755
0.0613413
0.0649082
0.0683984
0.0718215
0.0751777
0.0784597
0.0816556
0.0847499
0.0877252
0.0905628
0.0932441
0.0957507
0.0980656
0.100173
0.102062
0.103722
0.10515
0.106348
0.107327
0.108109
0.108724
0.109215
0.109644
0.110077
0.110585
0.111225
0.112025
0.112957
0.113927
0.11476
0.115057
0.113815
0.110197
0.102935
0.0883799
0.0496666
0.0067866
0.0178373
0.0255443
0.0322255
0.0382304
0.0436769
0.0486592
0.0532715
0.0576006
0.0617184
0.0656794
0.0695208
0.0732652
0.0769231
0.0804954
0.0839761
0.0873541
0.0906151
0.0937424
0.0967182
0.0995248
0.102145
0.104562
0.106763
0.108737
0.110477
0.111984
0.113264
0.114333
0.115221
0.115968
0.116628
0.117276
0.117994
0.118862
0.119944
0.121262
0.122762
0.124291
0.125576
0.126155
0.125157
0.121914
0.116008
0.102674
0.0578194
0.00738437
0.0191683
0.0271947
0.0340904
0.0403211
0.0460245
0.0512865
0.0561877
0.0608033
0.0651973
0.0694191
0.0735036
0.0774724
0.0813358
0.0850955
0.0887462
0.092278
0.0956774
0.0989288
0.102016
0.104921
0.10763
0.110126
0.112399
0.114439
0.116244
0.117815
0.119165
0.120317
0.121303
0.122176
0.122997
0.123852
0.124833
0.126029
0.127508
0.129287
0.131296
0.133345
0.135099
0.136057
0.135473
0.132786
0.127878
0.115557
0.0652641
0.00794451
0.0204314
0.0287385
0.0358072
0.0422128
0.0481197
0.053611
0.0587565
0.0636201
0.0682568
0.0727104
0.0770119
0.0811812
0.0852278
0.0891535
0.0929536
0.0966188
0.100137
0.103493
0.106673
0.10966
0.11244
0.115
0.117331
0.119426
0.121284
0.122913
0.124327
0.125555
0.126637
0.12763
0.128607
0.129657
0.130882
0.132377
0.134212
0.136405
0.138875
0.141414
0.143657
0.14509
0.145066
0.143137
0.139049
0.127392
0.0721133
0.00844765
0.0216098
0.0301804
0.0374029
0.043953
0.0500257
0.0557071
0.0610593
0.0661368
0.0709864
0.0756454
0.0801409
0.0844899
0.088701
0.0927752
0.0967083
0.100492
0.104113
0.107561
0.110819
0.113875
0.116716
0.11933
0.12171
0.123852
0.125758
0.127439
0.128915
0.130217
0.131392
0.132504
0.13363
0.134864
0.136316
0.138085
0.140243
0.142807
0.145699
0.148705
0.151457
0.153446
0.154104
0.153062
0.149854
0.138539
0.0792353
0.00889276
0.0226885
0.0315149
0.0388863
0.0455651
0.0517784
0.0576196
0.0631474
0.0684091
0.0734444
0.0782848
0.0829529
0.0874629
0.0918216
0.0960294
0.100082
0.10397
0.107685
0.111212
0.11454
0.117656
0.12055
0.123211
0.125634
0.127819
0.12977
0.131501
0.133037
0.134413
0.135681
0.136908
0.138178
0.139588
0.141252
0.143271
0.145722
0.148624
0.151903
0.155358
0.158632
0.161243
0.162681
0.162617
0.16032
0.149175
0.0862028
0.00929345
0.0236659
0.03274
0.0402606
0.0470608
0.053398
0.0593759
0.0650532
0.0704731
0.0756697
0.0806694
0.0854905
0.0901444
0.0946356
0.0989636
0.103123
0.107107
0.110904
0.114503
0.117893
0.121063
0.124003
0.126706
0.12917
0.131395
0.13339
0.135171
0.136767
0.138217
0.139577
0.140919
0.142329
0.143907
0.145769
0.14802
0.150737
0.153946
0.157584
0.161469
0.165273
0.168553
0.170849
0.171837
0.170503
0.159567
0.0930819
0.0096757
0.0245506
0.0338597
0.041529
0.0484464
0.0548954
0.0609916
0.0667969
0.0723525
0.0776888
0.0828278
0.0877841
0.092566
0.0971759
0.101612
0.105869
0.109938
0.113809
0.117473
0.120919
0.124137
0.12712
0.129863
0.132365
0.13463
0.136669
0.138501
0.140159
0.141685
0.143138
0.144593
0.146139
0.147878
0.149927
0.152392
0.155354
0.158844
0.162816
0.167111
0.171442
0.175417
0.178626
0.180741
0.180484
0.170094
0.100388
0.0100324
0.0253541
0.0348822
0.0426964
0.0497259
0.0562765
0.0624758
0.0683908
0.0740627
0.0795196
0.0847801
0.0898555
0.094751
0.0994671
0.104
0.108344
0.11249
0.11643
0.120152
0.123649
0.126912
0.129936
0.132717
0.135256
0.137561
0.139645
0.141531
0.143252
0.144856
0.146404
0.147972
0.149652
0.151546
0.153773
0.156438
0.159625
0.163374
0.167655
0.172338
0.177183
0.181857
0.186011
0.189324
0.190353
0.181258
0.108491
0.0103772
0.0260903
0.0358171
0.0437681
0.0509025
0.0575443
0.0638333
0.0698421
0.0756138
0.0811749
0.0865414
0.0917215
0.0967177
0.101528
0.106149
0.110571
0.114787
0.118788
0.122565
0.126109
0.129414
0.132476
0.135294
0.137871
0.140216
0.142347
0.144289
0.146077
0.147762
0.149406
0.151088
0.1529
0.154946
0.157343
0.160198
0.163595
0.167584
0.172151
0.177198
0.182532
0.187886
0.192982
0.197547
0.200171
0.193639
0.117825
0.0107247
0.0267715
0.0366734
0.0447489
0.0519781
0.0587003
0.0650663
0.0711554
0.0770127
0.082664
0.0881229
0.0933951
0.0984807
0.103376
0.108074
0.112567
0.116847
0.120904
0.124729
0.128317
0.131662
0.134761
0.137615
0.140231
0.142619
0.144799
0.146799
0.148658
0.150427
0.152171
0.153969
0.155913
0.158107
0.16067
0.163706
0.167304
0.171517
0.176351
0.181735
0.187523
0.193512
0.199505
0.205323
0.209894
0.207436
0.128887
0.0110897
0.0274071
0.0374569
0.0456418
0.0529537
0.0597447
0.0661763
0.0723341
0.0782651
0.0839948
0.0895348
0.0948883
0.100053
0.105023
0.109791
0.114348
0.118685
0.122792
0.126663
0.130292
0.133674
0.136809
0.139701
0.142356
0.144788
0.14702
0.149082
0.151015
0.152872
0.154719
0.156635
0.158712
0.161054
0.163782
0.166996
0.170785
0.175213
0.180296
0.185991
0.192191
0.19875
0.205545
0.212513
0.219209
0.22204
0.143615
0.00457561
0.0107531
0.0165487
0.0203747
0.023222
0.0255818
0.0276785
0.029621
0.0313449
0.032765
0.0338683
0.0346446
0.035083
0.0351751
0.0348933
0.0342186
0.0332505
0.0320437
0.0306549
0.0291413
0.0275609
0.0259688
0.0244139
0.0229342
0.0215539
0.0202991
0.0192039
0.018212
0.0172763
0.0163488
0.0153781
0.0143072
0.0130733
0.0116056
0.00982356
0.00764206
0.00509146
0.00476313
0.00779162
0.0168599
0.0235077
0.0277407
0.0308459
0.0334707
0.0358803
0.0381536
0.0401916
0.0419344
0.0433457
0.0443951
0.0450582
0.0453134
0.0451259
0.0444797
0.0434551
0.042108
0.0404996
0.0386969
0.0367717
0.0347972
0.0328424
0.0309664
0.0292128
0.0276052
0.0261806
0.0249007
0.0237166
0.02257
0.021394
0.0201135
0.0186441
0.0168898
0.0147354
0.0120496
0.00871039
0.00640238
0.00944626
0.0219001
0.0290686
0.0336489
0.03697
0.0397744
0.0423741
0.0448465
0.0470942
0.0490498
0.0506605
0.0518806
0.0526763
0.0530169
0.0528628
0.0522021
0.0511054
0.0496303
0.047841
0.0458104
0.0436185
0.0413494
0.0390845
0.0368971
0.0348449
0.0329644
0.0312871
0.0297862
0.0284112
0.027096
0.0257611
0.0243158
0.0226575
0.0206706
0.0182167
0.01513
0.0111496
0.00731865
0.012246
0.0263224
0.0339327
0.038789
0.0422809
0.0452076
0.0479282
0.0505307
0.0529175
0.0550124
0.056752
0.05808
0.0589558
0.0593421
0.0591963
0.0585109
0.0573498
0.0557707
0.0538396
0.051632
0.0492328
0.0467322
0.0442197
0.0417779
0.0394748
0.0373585
0.0354621
0.0337672
0.0322229
0.0307576
0.029282
0.0276924
0.0258721
0.0236907
0.0209945
0.017595
0.0131202
0.00781482
0.0147335
0.0304845
0.0384828
0.0435566
0.0471937
0.0502211
0.0530351
0.0557332
0.0582159
0.0604025
0.0622237
0.0636165
0.0645362
0.0649415
0.0647881
0.064073
0.0628549
0.06119
0.0591443
0.0567939
0.0542258
0.0515336
0.0488116
0.0461484
0.0436201
0.0412835
0.0391774
0.0372909
0.035575
0.0339557
0.0323369
0.0306051
0.0286325
0.0262774
0.0233756
0.0197229
0.0148895
0.00781992
0.0170989
0.0345634
0.0429271
0.0481736
0.0519377
0.0550571
0.0579531
0.060727
0.0632768
0.0655201
0.0673859
0.0688089
0.0697425
0.0701442
0.0699689
0.069219
0.0679483
0.0662104
0.0640698
0.0616014
0.0588923
0.0560371
0.0531325
0.0502709
0.0475338
0.0449852
0.0426701
0.0405855
0.0386863
0.0368988
0.0351238
0.0332411
0.0311147
0.0285944
0.0255089
0.0216384
0.0164993
0.00799102
0.0194481
0.0386737
0.0473968
0.0527776
0.0566546
0.0598647
0.0628419
0.0656806
0.0682773
0.0705499
0.072429
0.073851
0.0747705
0.075146
0.0749337
0.0741419
0.0728197
0.0710174
0.0687962
0.0662287
0.0634
0.0604041
0.057338
0.0542958
0.0513623
0.0486068
0.0460809
0.0437884
0.0416898
0.0397148
0.0377641
0.0357145
0.0334247
0.0307388
0.0274792
0.0234098
0.0179827
0.00853565
0.0218545
0.0429112
0.0519894
0.0574673
0.0614493
0.0647572
0.0678273
0.070725
0.0733551
0.0756336
0.0774962
0.0788857
0.0797612
0.0800854
0.0798174
0.0789731
0.0775968
0.0757342
0.0734424
0.07079
0.0678587
0.0647401
0.0615297
0.0583215
0.0552019
0.052244
0.0495043
0.0469935
0.0446783
0.0424936
0.0403435
0.0381055
0.0356361
0.0327759
0.0293418
0.025079
0.0193699
0.00919589
0.0243785
0.0473726
0.0567946
0.0623314
0.0664228
0.0698481
0.0730301
0.0759932
0.0786471
0.0809079
0.0827214
0.084042
0.0848374
0.0850779
0.0847297
0.0838165
0.0823777
0.0804539
0.0780967
0.0753692
0.0723483
0.0691213
0.0657809
0.0624193
0.0591229
0.0559665
0.053011
0.0502721
0.0477229
0.0453054
0.0429297
0.0404773
0.0378063
0.0347558
0.0311373
0.0266753
0.0206813
0.00986927
0.0270746
0.0521706
0.0619184
0.0674777
0.0717052
0.0752874
0.0786121
0.0816533
0.0843193
0.0865326
0.0882543
0.0894578
0.090125
0.0902375
0.0897737
0.0887658
0.087248
0.0852551
0.0828314
0.0800335
0.0769316
0.0736072
0.0701484
0.0666443
0.0631792
0.0598287
0.0566563
0.0536814
0.0508825
0.0482094
0.0455804
0.0428845
0.0399845
0.0367207
0.0328996
0.0282235
0.0219348
0.0105265
0.0299933
0.0574557
0.0675142
0.0730751
0.0775015
0.081306
0.0848174
0.0879434
0.0905968
0.0927157
0.0942832
0.0953003
0.0957702
0.0956906
0.0950595
0.0939167
0.092291
0.0902107
0.0877115
0.0848413
0.0816616
0.0782468
0.0746782
0.0710402
0.067414
0.063874
0.0604854
0.0572688
0.0542071
0.0512574
0.0483478
0.0453772
0.0422166
0.0387102
0.0346601
0.0297467
0.0231469
0.0111635
0.0331842
0.063464
0.0738361
0.0794249
0.0841614
0.0882775
0.0920195
0.0952113
0.0977957
0.0997401
0.101057
0.101784
0.101955
0.10159
0.100716
0.0993762
0.0975956
0.095395
0.0927996
0.089846
0.0865851
0.0830812
0.0794075
0.0756419
0.0718608
0.0681363
0.0645337
0.0610731
0.0577391
0.054495
0.0512793
0.0480026
0.0445469
0.0407629
0.0364502
0.0312687
0.0243341
0.011784
0.0367059
0.0706137
0.0813238
0.0870862
0.0922889
0.0968028
0.10078
0.103955
0.106351
0.107985
0.108902
0.109187
0.108912
0.108128
0.1069
0.105271
0.103263
0.100889
0.0981599
0.0950992
0.0917438
0.088145
0.0843657
0.0804749
0.0765431
0.0726385
0.0688263
0.0651228
0.0615116
0.0579606
0.0544174
0.0508051
0.0470188
0.0429184
0.0383033
0.0328147
0.0255133
0.0123936
0.0406763
0.0796762
0.0907485
0.0970887
0.102895
0.107804
0.111896
0.114844
0.116828
0.117935
0.118233
0.117857
0.11693
0.115549
0.113808
0.111756
0.109414
0.106783
0.103862
0.100653
0.0971758
0.0934659
0.0895723
0.0855532
0.0814709
0.0773891
0.0733732
0.0694324
0.0655453
0.0616815
0.0577959
0.0538239
0.049674
0.0452173
0.0402552
0.0344139
0.0267046
0.0129995
0.0458335
0.0921255
0.10353
0.111247
0.117537
0.12256
0.126364
0.128671
0.129878
0.130142
0.129527
0.128204
0.12636
0.124147
0.121681
0.119022
0.116193
0.113187
0.109983
0.10656
0.102915
0.0990627
0.095034
0.0908741
0.0866351
0.0823749
0.0781624
0.0739947
0.0698401
0.0656664
0.0614338
0.0570873
0.052548
0.0476986
0.0423447
0.0361009
0.0279342
0.0136106
0.0606452
0.112917
0.122401
0.132199
0.138128
0.142474
0.145134
0.146154
0.146081
0.145107
0.143232
0.14063
0.137567
0.134237
0.130779
0.127276
0.123759
0.120216
0.116603
0.112872
0.108989
0.104943
0.100742
0.0964161
0.0920037
0.0875558
0.0831537
0.0787749
0.0743686
0.0698985
0.0653263
0.0606034
0.0556611
0.0503924
0.0446078
0.0379145
0.0292394
0.0142425
0.0115422
0.0281578
0.0384025
0.0467446
0.0541783
0.0610716
0.0676001
0.0738578
0.0798951
0.0857367
0.0913918
0.0968605
0.102137
0.107214
0.112082
0.11673
0.121149
0.125331
0.129269
0.132959
0.1364
0.139593
0.142544
0.145265
0.147773
0.150094
0.152261
0.154322
0.15633
0.158353
0.16047
0.162772
0.165357
0.168343
0.171832
0.175917
0.180668
0.186121
0.192263
0.199036
0.206358
0.214188
0.222583
0.23171
0.238736
0.189233
0.0122344
0.0290675
0.0394975
0.0479747
0.0555048
0.0624812
0.0690953
0.0754478
0.0815905
0.0875456
0.0933187
0.098906
0.104299
0.109486
0.114458
0.119201
0.123709
0.127971
0.131983
0.135743
0.139253
0.142518
0.145549
0.148359
0.150972
0.153417
0.155735
0.157975
0.160196
0.162464
0.164856
0.167459
0.170365
0.173672
0.17749
0.181911
0.187009
0.192826
0.199359
0.206557
0.214335
0.222594
0.231195
0.239706
0.245279
0.229146
0.0128864
0.0297147
0.0402544
0.0488194
0.0564212
0.0634668
0.0701537
0.0765856
0.0828136
0.0888581
0.0947218
0.100399
0.105878
0.111148
0.116196
0.121011
0.125585
0.129909
0.13398
0.137798
0.141367
0.144697
0.147801
0.150697
0.153412
0.155979
0.158445
0.160862
0.163291
0.165797
0.168456
0.171347
0.174559
0.178179
0.182311
0.187046
0.192454
0.198572
0.205384
0.212818
0.220748
0.228989
0.237215
0.24473
0.249804
0.246473
0.0133552
0.0298739
0.0404798
0.0491721
0.0568986
0.0640498
0.070826
0.0773373
0.0836393
0.0897536
0.0956838
0.101424
0.106963
0.112289
0.11739
0.122255
0.126876
0.131245
0.135361
0.139224
0.142843
0.146228
0.149398
0.152373
0.155181
0.157862
0.160465
0.163048
0.165673
0.168404
0.171311
0.174474
0.177977
0.1819
0.18634
0.191376
0.197066
0.203434
0.21044
0.21798
0.225898
0.233976
0.241846
0.248851
0.253861
0.254563
0.0134779
0.0291335
0.0399821
0.0490176
0.0569976
0.0643104
0.0711909
0.0777752
0.0841324
0.0902917
0.0962608
0.102036
0.107609
0.112968
0.118101
0.122997
0.127648
0.132048
0.136196
0.140095
0.143754
0.147188
0.150415
0.153458
0.156348
0.159129
0.161857
0.164592
0.167396
0.170329
0.173462
0.176878
0.180666
0.184905
0.189668
0.195015
0.200981
0.207563
0.2147
0.222253
0.230065
0.23794
0.245543
0.252322
0.257493
0.259965
0.0132127
0.0272625
0.0389871
0.0486728
0.0569591
0.0644042
0.0713508
0.0779726
0.084352
0.0905253
0.0965056
0.102293
0.107879
0.113252
0.118402
0.123316
0.127987
0.132408
0.136579
0.140504
0.144196
0.14767
0.150945
0.154042
0.156996
0.159856
0.162688
0.165557
0.16852
0.171624
0.174943
0.178584
0.182658
0.187248
0.192389
0.198095
0.204357
0.211135
0.218346
0.225833
0.233467
0.241109
0.24847
0.255083
0.260378
0.263701
0.0128828
0.024628
0.0384251
0.048782
0.0571497
0.0645534
0.0714702
0.0780758
0.0844413
0.0906021
0.0965737
0.102357
0.107946
0.113326
0.118486
0.123415
0.1281
0.132537
0.136724
0.140668
0.144386
0.147895
0.151211
0.154348
0.15734
0.160252
0.163171
0.166173
0.169291
0.172502
0.175913
0.179705
0.18404
0.189009
0.194582
0.200691
0.207283
0.214247
0.221486
0.228834
0.236251
0.243654
0.250757
0.257156
0.262442
0.266168
0.0161596
0.0260486
0.0390366
0.0491444
0.0573786
0.0647314
0.0716239
0.0782144
0.0845698
0.0907242
0.0966916
0.102473
0.10806
0.113439
0.118599
0.123528
0.128213
0.13265
0.136838
0.140783
0.1445
0.148009
0.151322
0.154454
0.15744
0.160345
0.163254
0.16631
0.169766
0.173098
0.176525
0.180396
0.185019
0.190631
0.196872
0.203236
0.20997
0.216993
0.224109
0.231201
0.238445
0.24567
0.252498
0.25861
0.263765
0.267643
0.0284259
0.043092
0.0568876
0.0654864
0.0722625
0.0791961
0.0859206
0.0923514
0.0985521
0.104568
0.110409
0.116079
0.121585
0.126927
0.1321
0.137098
0.141915
0.146551
0.151009
0.155295
0.159415
0.163374
0.167172
0.170806
0.174253
0.177415
0.179927
0.180613
0.175455
0.174808
0.177421
0.18104
0.185522
0.190979
0.197085
0.203973
0.213251
0.220833
0.226724
0.233074
0.240218
0.247281
0.253689
0.259432
0.26441
0.268306
0.0339642
0.0563649
0.0691272
0.0767328
0.0841077
0.0914303
0.0983459
0.104807
0.110894
0.116693
0.122265
0.12765
0.132878
0.137967
0.142929
0.147769
0.152494
0.15711
0.161631
0.166071
0.170449
0.174782
0.17909
0.1834
0.187728
0.192053
0.196201
0.19976
0.202592
0.206372
0.211211
0.216438
0.221498
0.225755
0.22772
0.223595
0.216616
0.22217
0.227941
0.235078
0.243121
0.249539
0.254834
0.259991
0.264715
0.2684
0.033025
0.0582463
0.0738968
0.0841292
0.0930825
0.101344
0.108872
0.115701
0.121943
0.127723
0.133152
0.138315
0.143275
0.148081
0.152764
0.157351
0.161861
0.166317
0.170741
0.17516
0.179604
0.184105
0.188696
0.193416
0.198306
0.203377
0.208562
0.21369
0.218767
0.224252
0.230429
0.237078
0.243748
0.24974
0.253746
0.254248
0.250759
0.237477
0.230461
0.236039
0.244329
0.250968
0.256094
0.261235
0.265752
0.268766
0.0308645
0.0583489
0.0757304
0.0881645
0.0985945
0.107816
0.116043
0.123397
0.130008
0.136013
0.14154
0.146698
0.151574
0.15624
0.16075
0.165149
0.169476
0.173765
0.178051
0.182371
0.186765
0.191272
0.195933
0.200791
0.205887
0.211248
0.216856
0.222647
0.228636
0.235034
0.242064
0.249713
0.257743
0.265697
0.272756
0.277845
0.27968
0.278071
0.277255
0.279634
0.279901
0.256502
0.257146
0.26183
0.266681
0.269347
0.0295902
0.0586486
0.076527
0.0901912
0.101631
0.111605
0.120435
0.1283
0.135341
0.141689
0.147468
0.152789
0.157749
0.162431
0.166904
0.171228
0.175453
0.179627
0.183796
0.188006
0.192303
0.196733
0.201343
0.20618
0.211289
0.216708
0.222453
0.228525
0.23496
0.241893
0.249481
0.257775
0.266663
0.275839
0.284725
0.292489
0.298087
0.301518
0.304713
0.309361
0.31247
0.309661
0.308522
0.307425
0.289158
0.27311
0.0293144
0.0588224
0.0769189
0.0911972
0.103226
0.113696
0.122965
0.131238
0.13866
0.145353
0.151429
0.156992
0.162134
0.16694
0.171485
0.175835
0.18005
0.184185
0.188295
0.192432
0.196649
0.201
0.205535
0.210309
0.215373
0.220776
0.226561
0.232761
0.239433
0.246674
0.254597
0.263254
0.272581
0.282349
0.29211
0.301211
0.30894
0.315123
0.320724
0.326922
0.332834
0.336409
0.33915
0.341797
0.340205
0.336605
0.0295846
0.0589929
0.077192
0.0917631
0.104085
0.114826
0.124358
0.132902
0.140603
0.147576
0.153921
0.159729
0.165085
0.170067
0.17475
0.179199
0.18348
0.187651
0.191771
0.195898
0.200091
0.204408
0.208907
0.213647
0.218687
0.224087
0.229901
0.236186
0.243004
0.250436
0.258561
0.267418
0.276955
0.286987
0.297162
0.306979
0.31592
0.323776
0.330961
0.338187
0.345322
0.351389
0.356617
0.361759
0.365512
0.367478
0.0302502
0.0592997
0.0775447
0.092222
0.104631
0.115459
0.125094
0.133768
0.14163
0.148789
0.155334
0.161347
0.1669
0.172066
0.176911
0.181501
0.185898
0.190163
0.194357
0.198542
0.202778
0.207128
0.211656
0.216425
0.221501
0.22695
0.232835
0.239222
0.246176
0.253765
0.26205
0.271052
0.280726
0.290918
0.301349
0.311636
0.321382
0.330365
0.338715
0.346778
0.354591
0.361762
0.368296
0.374555
0.380011
0.384032
0.0312351
0.0598278
0.0780822
0.0927296
0.105073
0.11584
0.125442
0.134121
0.14203
0.149276
0.15594
0.162094
0.167803
0.173129
0.178132
0.182874
0.187413
0.19181
0.196126
0.200422
0.204763
0.209214
0.213842
0.218714
0.2239
0.229469
0.235491
0.242034
0.249162
0.256937
0.265405
0.274578
0.284413
0.294782
0.305464
0.31616
0.326555
0.336427
0.345746
0.354631
0.363113
0.371038
0.378369
0.385223
0.391371
0.396368
0.0324314
0.0605728
0.0788054
0.0933119
0.105471
0.116064
0.125525
0.134107
0.141967
0.149209
0.155912
0.162139
0.167949
0.173396
0.178534
0.183418
0.188103
0.192649
0.197114
0.201561
0.206054
0.210661
0.215451
0.220494
0.225861
0.231624
0.237855
0.244622
0.251988
0.260008
0.26872
0.27813
0.288199
0.298819
0.309813
0.320943
0.331948
0.342613
0.352828
0.362574
0.371828
0.380497
0.388526
0.39592
0.402542
0.408064
0.0337174
0.0614679
0.0796429
0.093919
0.105806
0.116143
0.125384
0.133791
0.141525
0.14869
0.155361
0.161599
0.167453
0.172974
0.178211
0.183212
0.188032
0.192724
0.197348
0.201965
0.206641
0.211443
0.216441
0.221707
0.227313
0.233334
0.239838
0.246895
0.254564
0.262895
0.271921
0.281645
0.292031
0.30299
0.314374
0.325989
0.337614
0.349046
0.360131
0.370772
0.380888
0.390381
0.399165
0.407175
0.414288
0.42023
0.0349881
0.0624246
0.0804976
0.0944756
0.106031
0.116056
0.125024
0.133203
0.140755
0.147786
0.154368
0.160559
0.166406
0.171954
0.177248
0.182335
0.187264
0.192087
0.196864
0.201654
0.206523
0.211538
0.216771
0.222294
0.228179
0.2345
0.241325
0.248721
0.256745
0.265443
0.274842
0.284946
0.295722
0.307092
0.318935
0.331085
0.343352
0.355541
0.367481
0.37903
0.390058
0.400438
0.410049
0.418774
0.426471
0.432883
0.0361688
0.0633598
0.0812801
0.0949139
0.106103
0.115785
0.124448
0.132364
0.139696
0.14655
0.152998
0.159096
0.16489
0.17042
0.175731
0.180865
0.185871
0.190801
0.195711
0.200662
0.205719
0.210949
0.216424
0.222217
0.228399
0.235041
0.242212
0.249975
0.258384
0.267482
0.277293
0.287819
0.299031
0.310863
0.323208
0.335924
0.348841
0.361776
0.374549
0.386989
0.398934
0.410223
0.420699
0.430203
0.438566
0.445529
0.0372134
0.0642081
0.081925
0.0951875
0.105995
0.115323
0.123665
0.131298
0.138386
0.145034
0.151315
0.157283
0.162983
0.168456
0.173743
0.178887
0.183936
0.18894
0.193956
0.199045
0.204271
0.209703
0.215411
0.221467
0.227942
0.234907
0.242427
0.250562
0.259363
0.26887
0.279105
0.290068
0.301735
0.314046
0.326909
0.340196
0.353752
0.367404
0.380967
0.394256
0.407081
0.419255
0.430587
0.440884
0.449952
0.457518
0.0380986
0.064924
0.082393
0.0952736
0.105701
0.114674
0.122693
0.130036
0.136866
0.143289
0.149378
0.155188
0.160762
0.166143
0.171371
0.176489
0.181544
0.186588
0.191678
0.196873
0.202241
0.207848
0.213766
0.220064
0.226814
0.234083
0.241935
0.250425
0.259603
0.269505
0.280152
0.291543
0.303656
0.316438
0.329805
0.343641
0.357803
0.372123
0.386415
0.400482
0.414119
0.427113
0.439249
0.450303
0.460062
0.468237
0.038816
0.0654794
0.0826666
0.0951675
0.105225
0.113854
0.121557
0.12861
0.135178
0.141366
0.147247
0.152877
0.158301
0.163561
0.168698
0.173756
0.178783
0.183832
0.188959
0.194227
0.199702
0.205451
0.211545
0.218053
0.225045
0.232586
0.240735
0.249549
0.259071
0.269336
0.280362
0.29215
0.304678
0.317899
0.331734
0.346076
0.360789
0.37571
0.390651
0.405409
0.419763
0.433484
0.446334
0.45807
0.46846
0.477201
0.0393668
0.0658604
0.0827437
0.0948765
0.104583
0.112885
0.120284
0.127055
0.133362
0.139311
0.144976
0.150412
0.155666
0.160782
0.165801
0.17077
0.175737
0.180756
0.185886
0.19119
0.196734
0.202587
0.208817
0.215495
0.222686
0.230455
0.238859
0.24795
0.257769
0.26835
0.279709
0.291847
0.304744
0.318353
0.332603
0.347392
0.362588
0.378029
0.393528
0.408873
0.423835
0.438169
0.45162
0.463931
0.474855
0.484079
0.0397584
0.066063
0.0826311
0.0944137
0.103791
0.111787
0.118899
0.1254
0.131453
0.137165
0.142609
0.147843
0.152915
0.157869
0.162749
0.167603
0.172481
0.17744
0.182539
0.187843
0.193417
0.199332
0.205656
0.212458
0.219802
0.227749
0.236355
0.24567
0.255733
0.266573
0.278209
0.290639
0.303844
0.317782
0.332383
0.347549
0.363149
0.379023
0.394982
0.410807
0.426259
0.441082
0.455008
0.467766
0.479104
0.488698
0.0400011
0.0660898
0.0823399
0.0937941
0.102868
0.11058
0.117424
0.123669
0.12948
0.13496
0.140186
0.145214
0.150095
0.154875
0.159599
0.164318
0.169083
0.173954
0.17899
0.184259
0.189826
0.195763
0.202137
0.209015
0.216461
0.224534
0.233288
0.242768
0.253015
0.264054
0.275904
0.288563
0.302012
0.316212
0.331094
0.346561
0.362485
0.378704
0.395023
0.41122
0.427045
0.442231
0.456501
0.469574
0.481189
0.491022
0.0401071
0.065948
0.0818832
0.0930318
0.101827
0.109279
0.115876
0.121883
0.127463
0.132722
0.137733
0.142557
0.147244
0.151841
0.156398
0.160965
0.165598
0.170356
0.175302
0.180504
0.18603
0.191949
0.19833
0.205238
0.212737
0.220882
0.229727
0.239315
0.249684
0.260861
0.27286
0.285683
0.299311
0.313705
0.328797
0.344492
0.360661
0.377138
0.393725
0.410192
0.426279
0.441709
0.456196
0.469451
0.481211
0.491146
0.0400886
0.0656473
0.0812736
0.0921394
0.100681
0.107896
0.114266
0.120054
0.12542
0.130467
0.135273
0.139896
0.144388
0.1488
0.153182
0.157587
0.162071
0.166697
0.171529
0.176636
0.182087
0.187952
0.1943
0.201195
0.208698
0.216866
0.225747
0.235386
0.245819
0.257072
0.26916
0.282083
0.295826
0.310349
0.325586
0.341441
0.357781
0.374441
0.391214
0.407861
0.424113
0.439684
0.454276
0.467594
0.479373
0.489285
0.0399581
0.0651985
0.0805235
0.0911276
0.0994381
0.10644
0.112604
0.118191
0.123358
0.128208
0.132817
0.137246
0.141549
0.145775
0.149978
0.154212
0.158537
0.163015
0.167713
0.172702
0.178051
0.18383
0.190109
0.19695
0.204414
0.212556
0.221424
0.231062
0.241503
0.252776
0.264895
0.277863
0.291662
0.306257
0.32158
0.337535
0.353988
0.370767
0.387659
0.404416
0.420758
0.436386
0.450994
0.464281
0.475979
0.485765
0.0397272
0.0646134
0.0796442
0.0900062
0.0981072
0.104916
0.110895
0.116299
0.121283
0.12595
0.130375
0.13462
0.138739
0.142783
0.146807
0.150867
0.155024
0.159343
0.163892
0.168743
0.173966
0.179632
0.185809
0.192561
0.199948
0.208022
0.216832
0.226421
0.236824
0.248067
0.260167
0.273129
0.286936
0.301554
0.316917
0.332927
0.349448
0.366302
0.383269
0.400089
0.416471
0.432104
0.446671
0.459865
0.471418
0.481018
0.0394072
0.0639037
0.0786471
0.088784
0.0966945
0.103329
0.109142
0.114381
0.119199
0.123698
0.127952
0.132023
0.135966
0.139833
0.143681
0.147566
0.151552
0.155705
0.160095
0.164793
0.169871
0.175401
0.181451
0.188085
0.19536
0.203331
0.212046
0.221546
0.231868
0.24304
0.255081
0.267996
0.281773
0.296378
0.311748
0.327784
0.344347
0.361254
0.378275
0.395139
0.411543
0.427161
0.441669
0.454753
0.466147
0.475552
0.0390084
0.0630814
0.0775431
0.0874698
0.0952068
0.101685
0.107348
0.11244
0.117108
0.121453
0.12555
0.129459
0.133236
0.136934
0.140611
0.144325
0.148139
0.152122
0.156345
0.16088
0.1658
0.171177
0.177079
0.18357
0.190708
0.198547
0.207135
0.216515
0.226724
0.237793
0.249743
0.262582
0.276302
0.290873
0.306232
0.322282
0.338881
0.35584
0.37292
0.389839
0.40628
0.421903
0.436376
0.449381
0.460659
0.469929
0.0385409
0.0621587
0.0763435
0.0860727
0.0936508
0.0999882
0.105518
0.110477
0.11501
0.119217
0.123169
0.126929
0.130551
0.13409
0.137604
0.141151
0.144797
0.14861
0.152663
0.157029
0.161782
0.166993
0.172732
0.179063
0.186044
0.193729
0.202167
0.211403
0.221476
0.232418
0.244256
0.257001
0.270651
0.285178
0.300524
0.316593
0.333241
0.350274
0.367445
0.384459
0.400984
0.41667
0.431174
0.444184
0.455447
0.464714
0.0380139
0.0611481
0.07506
0.0846024
0.0920343
0.0982444
0.103654
0.108495
0.112908
0.11699
0.120812
0.124435
0.127915
0.131305
0.134664
0.138052
0.141535
0.145182
0.149065
0.15326
0.157841
0.16288
0.168447
0.174605
0.181416
0.188932
0.197205
0.206281
0.216202
0.227005
0.238718
0.251362
0.264939
0.279426
0.294771
0.31088
0.327609
0.344759
0.362074
0.379247
0.395933
0.41177
0.426413
0.439555
0.450965
0.460432
0.0374367
0.0600624
0.0737048
0.0830695
0.0903659
0.0964604
0.101763
0.106498
0.110804
0.114774
0.118479
0.121978
0.125327
0.128581
0.131796
0.135035
0.138362
0.141847
0.145565
0.149591
0.153999
0.158863
0.164253
0.170234
0.176866
0.184206
0.192305
0.201213
0.210975
0.221632
0.23322
0.245765
0.259275
0.273737
0.289105
0.305288
0.322142
0.339467
0.356997
0.374413
0.391358
0.407463
0.422379
0.435818
0.447582
0.457519
0.0368181
0.0589146
0.0722906
0.0814853
0.0886553
0.0946441
0.0998502
0.104491
0.108702
0.112572
0.116172
0.11956
0.122791
0.125919
0.129003
0.132102
0.135282
0.138616
0.142175
0.146036
0.150275
0.154965
0.160178
0.16598
0.172432
0.179593
0.187516
0.196254
0.205856
0.21637
0.227837
0.240292
0.253751
0.268212
0.283633
0.299932
0.316968
0.334535
0.352361
0.370117
0.387433
0.403932
0.419274
0.433196
0.445553
0.456273
0.036167
0.0577182
0.0708307
0.0798618
0.086913
0.0928045
0.0979232
0.10248
0.106605
0.110387
0.113893
0.117182
0.120308
0.123323
0.126286
0.129257
0.132303
0.135493
0.138902
0.142606
0.146682
0.151204
0.156244
0.161869
0.168144
0.175128
0.182878
0.191449
0.200897
0.211275
0.222632
0.235011
0.248441
0.262926
0.278439
0.294901
0.312175
0.330056
0.348265
0.366459
0.384259
0.401284
0.417205
0.4318
0.444996
0.456833
0.0354921
0.0564864
0.0693387
0.0782117
0.0851503
0.0909515
0.0959903
0.100471
0.10452
0.108224
0.111647
0.114848
0.117879
0.120794
0.123649
0.126504
0.129426
0.132484
0.135753
0.13931
0.143231
0.147592
0.152466
0.157923
0.164026
0.17084
0.178423
0.186836
0.196139
0.206391
0.217652
0.229974
0.243396
0.257935
0.273575
0.290246
0.307817
0.326081
0.344753
0.36348
0.38187
0.399542
0.416183
0.431625
0.445889
0.459161
0.0348019
0.055233
0.0678285
0.0765481
0.0833792
0.0890957
0.0940609
0.098473
0.102454
0.106087
0.109438
0.112561
0.115509
0.118334
0.121093
0.123845
0.126654
0.129593
0.132734
0.136154
0.13993
0.144141
0.148858
0.154154
0.160096
0.166747
0.174174
0.182438
0.191607
0.201748
0.212928
0.22521
0.238646
0.253267
0.269067
0.285989
0.303907
0.322615
0.341821
0.361162
0.380234
0.398654
0.416132
0.43256
0.448077
0.463053
0.0341049
0.0539711
0.0663138
0.0748843
0.0816122
0.0872484
0.0921449
0.0964937
0.100413
0.103984
0.10727
0.110325
0.1132
0.115947
0.11862
0.12128
0.12399
0.126821
0.129845
0.13314
0.136784
0.140855
0.145427
0.150573
0.156362
0.162863
0.170144
0.178272
0.187319
0.197361
0.208475
0.220734
0.234203
0.248928
0.264915
0.28212
0.300426
0.319625
0.339422
0.359441
0.379267
0.398512
0.416907
0.434412
0.4513
0.468156
0.0334094
0.0527139
0.0648086
0.0732338
0.0798618
0.085421
0.0902527
0.0945427
0.0984056
0.101921
0.105149
0.108144
0.110955
0.113633
0.116233
0.118812
0.121435
0.124169
0.127089
0.130271
0.133794
0.137736
0.142174
0.147181
0.152831
0.159193
0.166338
0.174341
0.18328
0.193235
0.204295
0.216544
0.230061
0.244904
0.261097
0.278607
0.297325
0.317049
0.337476
0.358218
0.378845
0.398961
0.418316
0.436932
0.455224
0.474011
0.032723
0.0514742
0.0633264
0.0716098
0.0781406
0.0836254
0.088395
0.0926296
0.0964402
0.099904
0.103081
0.106022
0.108778
0.111397
0.113932
0.116441
0.118987
0.121637
0.124464
0.127546
0.130959
0.134785
0.139099
0.14398
0.1495
0.155734
0.162756
0.170645
0.179485
0.189364
0.200379
0.212626
0.226198
0.241167
0.257572
0.275396
0.294538
0.314801
0.335878
0.357367
0.37882
0.399828
0.420145
0.439848
0.45948
0.480105
0.0320532
0.0502643
0.0618802
0.0700253
0.0764611
0.0818732
0.0865825
0.0907639
0.0945253
0.0979419
0.101072
0.103966
0.106673
0.10924
0.11172
0.114168
0.116647
0.119223
0.121969
0.12496
0.128276
0.131995
0.136198
0.140962
0.146364
0.15248
0.159389
0.167174
0.175922
0.185732
0.196707
0.208956
0.222583
0.237676
0.254289
0.272421
0.291983
0.312782
0.334509
0.35675
0.379034
0.400929
0.42218
0.442893
0.463714
0.48593
0.0314068
0.0490956
0.0604826
0.0684929
0.0748354
0.0801759
0.084826
0.0889555
0.0926697
0.0960418
0.0991288
0.10198
0.104643
0.107165
0.109597
0.111993
0.114414
0.116926
0.119599
0.122511
0.125738
0.129362
0.133464
0.138121
0.143414
0.149421
0.156225
0.163912
0.172575
0.182319
0.193255
0.205502
0.219177
0.234382
0.251189
0.269609
0.28957
0.310887
0.333248
0.356227
0.379328
0.402088
0.424222
0.445831
0.46762
0.491045
0.0307899
0.0479789
0.0591453
0.0670244
0.0732751
0.0785446
0.0831357
0.087214
0.090882
0.0942113
0.0972579
0.10007
0.102694
0.105176
0.107565
0.109916
0.112287
0.114742
0.117352
0.120192
0.123341
0.126878
0.130886
0.135446
0.140637
0.146543
0.153247
0.160841
0.169422
0.179099
0.189993
0.202229
0.215938
0.231236
0.248209
0.266887
0.287213
0.309011
0.331972
0.35566
0.379553
0.403144
0.426101
0.448479
0.470975
0.49514
0.030208
0.0469242
0.0578794
0.0656311
0.0717913
0.07699
0.081522
0.0855488
0.0891708
0.0924582
0.0954657
0.0982409
0.100829
0.103275
0.105627
0.107937
0.110264
0.112669
0.115223
0.118
0.121076
0.124535
0.128456
0.132924
0.13802
0.143829
0.150438
0.15794
0.166438
0.176046
0.186888
0.199101
0.212823
0.228185
0.24529
0.264183
0.284825
0.307055
0.330569
0.354923
0.379569
0.403955
0.427677
0.450707
0.473659
0.498063
0.029666
0.0459403
0.0566949
0.0643234
0.0703942
0.0755218
0.079994
0.0839687
0.0875443
0.0907897
0.0937587
0.0964982
0.099052
0.101464
0.103783
0.106057
0.108344
0.110705
0.113208
0.115927
0.118938
0.122322
0.126163
0.130543
0.135548
0.141263
0.147778
0.155188
0.1636
0.17313
0.183909
0.196079
0.209789
0.225181
0.242375
0.261432
0.282332
0.304931
0.328936
0.353901
0.379255
0.404396
0.428838
0.452432
0.475642
0.499832
0.029168
0.0450351
0.0556008
0.0631102
0.0690933
0.0741497
0.0785612
0.0824826
0.0860105
0.089213
0.0921432
0.094847
0.0973675
0.0997481
0.102034
0.104275
0.106526
0.108847
0.111303
0.113968
0.116917
0.120232
0.123995
0.128292
0.133207
0.138829
0.145249
0.152564
0.160884
0.170326
0.181026
0.193131
0.206796
0.222175
0.239399
0.258551
0.27963
0.302515
0.326931
0.352437
0.378449
0.404317
0.429464
0.453592
0.476957
0.500658
0.0287174
0.0442157
0.0546047
0.0620007
0.0678977
0.0728829
0.0772325
0.0810988
0.0845773
0.0877353
0.0906253
0.0932926
0.0957796
0.0981284
0.100383
0.102593
0.104809
0.107091
0.109504
0.112117
0.115007
0.118254
0.121942
0.126155
0.13098
0.136507
0.142827
0.150042
0.158258
0.167599
0.178199
0.190209
0.203791
0.219106
0.236299
0.255471
0.276645
0.299727
0.324465
0.350437
0.377056
0.40363
0.429491
0.454177
0.477693
0.500809
0.0283173
0.0434872
0.053714
0.0610028
0.0668159
0.0717296
0.0760159
0.0798251
0.083252
0.0863633
0.0892112
0.0918403
0.0942924
0.0966087
0.0988323
0.10101
0.103192
0.105436
0.107806
0.110369
0.1132
0.11638
0.119991
0.124119
0.128852
0.134279
0.140494
0.147598
0.155699
0.164919
0.175396
0.187281
0.200739
0.215938
0.233034
0.252148
0.273326
0.296505
0.321469
0.347822
0.374986
0.402246
0.428847
0.454163
0.477936
0.500559
0.0279698
0.0428545
0.0529355
0.0601237
0.0658553
0.0706975
0.074919
0.078669
0.0820417
0.0851035
0.0879066
0.0904952
0.0929103
0.0951922
0.097383
0.0995276
0.101675
0.103882
0.106207
0.10872
0.111492
0.114604
0.118136
0.122176
0.126811
0.132132
0.138233
0.145215
0.153186
0.162268
0.172596
0.184323
0.197615
0.212644
0.229577
0.24855
0.269637
0.292809
0.31789
0.344523
0.372157
0.400069
0.427441
0.453498
0.477721
0.500115
0.0276762
0.0423226
0.0522748
0.0593699
0.0650227
0.0697937
0.073949
0.0776373
0.0809527
0.0839621
0.0867171
0.0892621
0.0916373
0.0938824
0.0960381
0.0981479
0.10026
0.102426
0.104707
0.107167
0.109879
0.112919
0.11637
0.120318
0.124849
0.130057
0.136034
0.142881
0.150707
0.159629
0.169784
0.181321
0.194404
0.209211
0.225914
0.244664
0.265562
0.288613
0.31369
0.340486
0.368493
0.397003
0.425163
0.452081
0.477004
0.499561
0.0274379
0.0418953
0.051737
0.0587471
0.0643245
0.0690245
0.0731121
0.0767362
0.0799913
0.0829445
0.0856479
0.0881456
0.0904776
0.0926826
0.0948002
0.0968726
0.0989458
0.101071
0.103304
0.10571
0.108359
0.111325
0.11469
0.118539
0.12296
0.128045
0.133888
0.140587
0.14825
0.156994
0.166949
0.178264
0.1911
0.205633
0.222041
0.240488
0.261096
0.28391
0.308851
0.335674
0.363928
0.392949
0.421883
0.449759
0.47564
0.498822
0.0272564
0.0415759
0.0513264
0.0582605
0.0637661
0.0683956
0.0724143
0.0759715
0.0791628
0.082056
0.0847038
0.0871502
0.0894348
0.0915959
0.093672
0.0957036
0.0977351
0.0998154
0.101999
0.104348
0.10693
0.109818
0.113092
0.116837
0.121141
0.126093
0.131789
0.138327
0.14581
0.154355
0.164087
0.175149
0.1877
0.201912
0.217964
0.236031
0.256253
0.27871
0.303376
0.330069
0.358416
0.387818
0.417456
0.446335
0.47339
0.497653
0.027133
0.0413675
0.0510473
0.0579149
0.0633526
0.0679124
0.0718606
0.0753481
0.078472
0.0813012
0.0838889
0.0862795
0.0885125
0.0906255
0.0926559
0.094643
0.0966293
0.0986616
0.100793
0.103081
0.105592
0.108398
0.111576
0.115211
0.119389
0.124199
0.129737
0.136098
0.143386
0.151712
0.161197
0.171979
0.184209
0.198056
0.213698
0.231312
0.251056
0.273039
0.297284
0.32368
0.351935
0.381539
0.411745
0.441585
0.469939
0.495657
0.0270692
0.041273
0.0509036
0.0577146
0.0630887
0.0675795
0.0714556
0.0748705
0.0779232
0.0806839
0.083207
0.085537
0.0877137
0.0897739
0.0917543
0.0936927
0.0956298
0.0976106
0.099685
0.101909
0.104346
0.107066
0.110143
0.113661
0.117705
0.122364
0.127731
0.133903
0.140978
0.149066
0.158282
0.168758
0.180638
0.194082
0.209264
0.226361
0.245542
0.26694
0.290621
0.31654
0.344495
0.374076
0.40464
0.435294
0.464936
0.492329
0.0270668
0.0412956
0.0508991
0.0576639
0.0629785
0.0674007
0.071203
0.0745422
0.0775195
0.0802073
0.0826608
0.0849254
0.0870407
0.0890434
0.0909691
0.0928545
0.0947385
0.0966637
0.0986779
0.100834
0.103194
0.105823
0.108795
0.11219
0.116092
0.12059
0.125776
0.131743
0.138591
0.146422
0.15535
0.165496
0.176998
0.190006
0.204686
0.221212
0.239756
0.260467
0.283448
0.308713
0.336143
0.36544
0.396081
0.427289
0.458047
0.487127
0.0271279
0.0414386
0.0510376
0.0577665
0.0630256
0.0673794
0.0711059
0.0743657
0.0772635
0.0798734
0.0822524
0.0844465
0.0864955
0.0884357
0.090302
0.0921298
0.0939564
0.0958223
0.0977726
0.0998581
0.102136
0.10467
0.107532
0.110799
0.114553
0.118882
0.123875
0.129626
0.136231
0.14379
0.15241
0.162206
0.173306
0.185851
0.199995
0.215905
0.233749
0.253688
0.275846
0.300288
0.326969
0.355697
0.386078
0.417479
0.449017
0.479556
0.0272552
0.0417054
0.051323
0.0580261
0.063233
0.0675181
0.0711662
0.0743429
0.0771564
0.0796836
0.0819828
0.0841012
0.0860788
0.0879516
0.0897538
0.0915196
0.0932846
0.0950872
0.0969701
0.0989812
0.101175
0.103611
0.106359
0.109493
0.113093
0.117244
0.122035
0.127559
0.133907
0.141179
0.149474
0.158902
0.169581
0.18164
0.195222
0.210481
0.227579
0.246674
0.267909
0.291377
0.317099
0.344972
0.374729
0.405888
0.43773
0.469272
0.0274517
0.0420999
0.051759
0.0584458
0.0636032
0.0678184
0.0713848
0.074474
0.0771984
0.0796377
0.081852
0.0838895
0.0857905
0.0875911
0.0893245
0.091024
0.0927233
0.094459
0.0962712
0.0982049
0.100311
0.102647
0.105278
0.108275
0.111716
0.115684
0.120265
0.12555
0.131631
0.138601
0.146557
0.155601
0.165842
0.177399
0.190399
0.204983
0.221301
0.239504
0.259735
0.28211
0.30669
0.333446
0.362218
0.39267
0.42425
0.456164
0.0277211
0.0426263
0.0523495
0.0590282
0.0641376
0.0682807
0.0717614
0.0747582
0.0773883
0.0797343
0.0818585
0.08381
0.0856296
0.0873532
0.0890134
0.0906423
0.0922722
0.0939375
0.0956759
0.0975295
0.0995461
0.10178
0.104291
0.107149
0.110427
0.114207
0.118572
0.123611
0.129413
0.13607
0.143674
0.152321
0.162112
0.173152
0.185557
0.199452
0.21497
0.232249
0.251426
0.27262
0.295916
0.321336
0.348803
0.378098
0.408831
0.440392
0.0280674
0.0432889
0.0530979
0.0597756
0.0648367
0.0689043
0.0722943
0.0751932
0.0777233
0.0799707
0.0819995
0.0838601
0.0855936
0.0872357
0.0888185
0.0903729
0.0919298
0.0935216
0.0951835
0.0969548
0.09888
0.101009
0.103401
0.106118
0.109232
0.11282
0.116964
0.121751
0.127267
0.133601
0.140842
0.149082
0.158411
0.168926
0.180729
0.193928
0.208639
0.224981
0.243077
0.263039
0.284958
0.308881
0.334786
0.362544
0.39189
0.422381
0.0284956
0.0440922
0.0540076
0.060689
0.0656998
0.0696867
0.0729799
0.0757748
0.078199
0.0803423
0.0822707
0.0840356
0.0856787
0.0872352
0.0887368
0.0902133
0.0916939
0.0932093
0.0947924
0.0964795
0.098312
0.100337
0.102607
0.105183
0.108132
0.111528
0.115449
0.119979
0.125204
0.131208
0.138079
0.145902
0.154762
0.164746
0.175944
0.188447
0.202353
0.217761
0.234774
0.253487
0.273983
0.296315
0.320485
0.346422
0.373949
0.402753
0.0290113
0.045041
0.0550811
0.0617685
0.0667245
0.070624
0.0738131
0.076497
0.0788093
0.0808429
0.0826661
0.0843311
0.0858797
0.0873471
0.0887641
0.0901594
0.091561
0.0929976
0.0944998
0.0961014
0.0978403
0.0997599
0.10191
0.104345
0.10713
0.110334
0.114033
0.118306
0.123236
0.128906
0.135401
0.142801
0.151188
0.160638
0.171231
0.183043
0.196154
0.210644
0.22659
0.244068
0.263139
0.283848
0.306199
0.330145
0.355561
0.382222
0.0296212
0.0461403
0.0563205
0.0630128
0.0679067
0.0717099
0.0747865
0.0773521
0.0795461
0.0814649
0.0831783
0.0847394
0.0861902
0.0875653
0.0888948
0.0902064
0.0915267
0.0928824
0.0943022
0.095817
0.097462
0.0992768
0.101307
0.103604
0.106228
0.109242
0.11272
0.116736
0.121372
0.126707
0.132824
0.139799
0.147709
0.156625
0.166616
0.177746
0.190079
0.203673
0.218585
0.234862
0.252545
0.271653
0.29218
0.314077
0.337239
0.361488
0.0303336
0.0473956
0.0577274
0.0644191
0.0692405
0.0729364
0.0758909
0.0783303
0.0803997
0.0821986
0.0837983
0.0852523
0.0866023
0.0878826
0.0891224
0.0903482
0.0915852
0.0928585
0.0941945
0.095622
0.0971729
0.0988836
0.100796
0.102957
0.105422
0.108251
0.111511
0.115275
0.11962
0.124622
0.130361
0.136912
0.144346
0.15273
0.162125
0.172585
0.184158
0.196887
0.210803
0.225933
0.242287
0.25986
0.278621
0.298506
0.319404
0.341154
0.0311593
0.0488131
0.0593021
0.0659829
0.0707175
0.0742931
0.0771149
0.0794198
0.0813586
0.0830331
0.0845156
0.0858598
0.087107
0.0882906
0.0894391
0.0905776
0.09173
0.0929197
0.0941711
0.0955107
0.0969677
0.0985754
0.100372
0.1024
0.10471
0.107358
0.110407
0.113925
0.117984
0.122658
0.128024
0.134154
0.141116
0.148973
0.15778
0.167584
0.178419
0.190313
0.203281
0.217323
0.232426
0.248556
0.265654
0.283631
0.302359
0.32167
0.0321115
0.0504
0.0610445
0.0676975
0.0723275
0.0757677
0.0784452
0.0806074
0.0824097
0.0839558
0.0853186
0.0865511
0.0876941
0.0887801
0.0898363
0.0908867
0.0919535
0.0930588
0.0942252
0.0954767
0.0968402
0.0983458
0.100028
0.101926
0.104087
0.10656
0.109404
0.112683
0.116464
0.120819
0.125819
0.131535
0.138032
0.145371
0.153602
0.162763
0.172884
0.183977
0.196043
0.209062
0.222998
0.237791
0.253354
0.26957
0.286289
0.303323
0.033207
0.0521647
0.0629532
0.0695549
0.074058
0.0773457
0.0798668
0.0818781
0.0835388
0.0849534
0.0861946
0.0873145
0.0883529
0.0893409
0.0903046
0.0912665
0.0922476
0.0932682
0.0943491
0.0955126
0.096783
0.0981876
0.0997579
0.10153
0.103544
0.105849
0.108496
0.111544
0.115057
0.119102
0.123748
0.129061
0.135104
0.141936
0.149603
0.158141
0.16757
0.177896
0.189106
0.201166
0.21402
0.227585
0.241751
0.256374
0.271279
0.286259
0.0344651
0.0541171
0.0650261
0.0715447
0.0758947
0.079011
0.0813633
0.083216
0.0847306
0.0860116
0.0871303
0.0881377
0.0890719
0.0899625
0.0908341
0.0917079
0.0926034
0.0935394
0.094535
0.0956106
0.0967883
0.098093
0.0995531
0.101201
0.103074
0.105215
0.107673
0.1105
0.113756
0.117504
0.121807
0.12673
0.132334
0.138674
0.145794
0.153727
0.16249
0.172083
0.182482
0.193644
0.205496
0.21794
0.230844
0.244043
0.257339
0.270506
0.0359084
0.0562683
0.0672602
0.0736551
0.0778215
0.0807461
0.082917
0.0846043
0.0859694
0.0871157
0.0881123
0.0890081
0.0898393
0.0906339
0.0914147
0.0922015
0.0930121
0.093864
0.0947746
0.0957625
0.0968479
0.0980534
0.0994047
0.100931
0.102667
0.10465
0.106925
0.10954
0.11255
0.116012
0.119987
0.124536
0.129717
0.135582
0.142174
0.149525
0.157649
0.166541
0.176174
0.186494
0.197421
0.208842
0.22061
0.232545
0.24443
0.256021
0.0375626
0.0586313
0.0696513
0.0758725
0.0798206
0.0825323
0.0845099
0.0860256
0.0872392
0.0882508
0.0891268
0.0899131
0.0906437
0.0913445
0.0920365
0.0927378
0.0934648
0.0942334
0.0950595
0.0959601
0.0969535
0.0980604
0.0993039
0.100711
0.102311
0.104141
0.106238
0.108649
0.111423
0.114612
0.118274
0.122464
0.127239
0.132649
0.138735
0.145528
0.15304
0.161266
0.170175
0.179709
0.18978
0.200268
0.211016
0.22183
0.232481
0.242715
0.0394582
0.0612214
0.0721948
0.0781815
0.0818732
0.08435
0.0861232
0.0874629
0.0885242
0.0894027
0.0901607
0.0908407
0.091474
0.0920839
0.0926898
0.0933078
0.0939529
0.0946395
0.0953819
0.0961957
0.0970974
0.0981058
0.0992418
0.10053
0.101997
0.103675
0.105601
0.107813
0.110359
0.113286
0.116647
0.120494
0.124881
0.129855
0.135457
0.141716
0.148646
0.15624
0.164466
0.173265
0.182547
0.192184
0.202013
0.211835
0.22141
0.230476
0.0416339
0.0640572
0.0748849
0.0805653
0.0839587
0.0861792
0.0877383
0.0888991
0.0898092
0.0905576
0.0912015
0.0917795
0.0923195
0.0928426
0.0933657
0.0939033
0.0944687
0.0950748
0.0957347
0.0964621
0.0972723
0.0981821
0.0992106
0.10038
0.101714
0.103243
0.104998
0.107017
0.10934
0.112013
0.115083
0.1186
0.122614
0.12717
0.132309
0.138059
0.144434
0.151429
0.159013
0.167128
0.17568
0.184541
0.193546
0.202487
0.211123
0.219184
0.0441408
0.0671621
0.0777152
0.0830048
0.0860557
0.0879991
0.0893365
0.0903177
0.0910795
0.0917026
0.0922377
0.0927192
0.0931711
0.0936119
0.0940562
0.0945168
0.0950052
0.0955329
0.0961115
0.0967534
0.0974722
0.0982831
0.0992034
0.100253
0.101454
0.102833
0.104418
0.106245
0.108349
0.110772
0.113558
0.116754
0.120406
0.124558
0.12925
0.134511
0.140356
0.146782
0.153761
0.161236
0.169116
0.177273
0.185538
0.193702
0.20152
0.208716
0.047047
0.0705667
0.0806768
0.0854782
0.0881406
0.0897885
0.0908996
0.0917034
0.0923221
0.0928261
0.0932593
0.0936506
0.0940205
0.0943843
0.0947546
0.095142
0.0955566
0.0960083
0.0965073
0.0970645
0.0976922
0.098404
0.0992153
0.100144
0.10121
0.102437
0.103852
0.105484
0.107368
0.109542
0.112046
0.114924
0.11822
0.121976
0.126231
0.131015
0.136347
0.142227
0.14863
0.155505
0.162764
0.170281
0.177887
0.18537
0.192479
0.198937
0.0504452
0.0743107
0.0837566
0.087959
0.0901874
0.0915255
0.0924098
0.0930416
0.0935249
0.0939183
0.0942577
0.0945665
0.0948611
0.095154
0.0954553
0.095774
0.0961184
0.0964969
0.0969183
0.0973923
0.0979295
0.0985418
0.0992431
0.100049
0.100978
0.102051
0.103291
0.104726
0.106387
0.108308
0.110526
0.113083
0.11602
0.119377
0.123195
0.127505
0.132328
0.137671
0.143515
0.149816
0.156493
0.163424
0.170444
0.177337
0.183848
0.189689
0.0544649
0.0784447
0.0869304
0.090413
0.0921667
0.0931874
0.0938498
0.0943192
0.0946778
0.094971
0.0952261
0.0954609
0.0956878
0.0959164
0.0961545
0.0964093
0.0966875
0.0969961
0.0973426
0.097735
0.0981825
0.0986956
0.0992862
0.0999681
0.100757
0.101672
0.102733
0.103965
0.105396
0.107057
0.108981
0.111207
0.113774
0.116721
0.120089
0.12391
0.128212
0.133005
0.138284
0.144013
0.150124
0.156504
0.162995
0.169381
0.175401
0.180752
0.0592827
0.0830297
0.0901528
0.0927932
0.0940434
0.0947499
0.0952033
0.0955249
0.0957728
0.0959782
0.0961599
0.0963301
0.0964974
0.0966686
0.0968496
0.0970457
0.0972622
0.0975047
0.0977792
0.0980923
0.0984518
0.0988664
0.099346
0.0999025
0.100549
0.101302
0.10218
0.103202
0.104395
0.105784
0.107401
0.10928
0.111457
0.113971
0.11686
0.120162
0.123905
0.128112
0.132786
0.137908
0.143427
0.149249
0.155231
0.161169
0.166795
0.17179
0.0651265
0.0881258
0.0933384
0.0950324
0.0957754
0.0961877
0.0964553
0.0966498
0.0968043
0.0969363
0.0970565
0.097172
0.0972881
0.0974093
0.0975394
0.0976824
0.097842
0.0980226
0.0982287
0.0984657
0.0987394
0.099057
0.0994264
0.0998571
0.10036
0.100949
0.101637
0.102443
0.103388
0.104493
0.105786
0.107296
0.109057
0.111103
0.113472
0.116201
0.119324
0.122869
0.126855
0.13128
0.136117
0.141302
0.146722
0.1522
0.157483
0.162241
0.0723252
0.0937317
0.0963279
0.0970343
0.0973127
0.0974758
0.0975934
0.0976883
0.0977701
0.0978447
0.0979158
0.0979868
0.0980602
0.0981387
0.0982244
0.09832
0.098428
0.0985515
0.0986935
0.098858
0.0990493
0.0992726
0.0995337
0.0998397
0.100199
0.100621
0.101117
0.101701
0.102388
0.103197
0.104148
0.105266
0.106577
0.108113
0.109906
0.11199
0.114402
0.117174
0.120334
0.1239
0.127872
0.132224
0.13689
0.141747
0.146597
0.15114
0.0816228
0.099359
0.0988181
0.0986662
0.0986001
0.0985923
0.098611
0.0986397
0.0986719
0.0987054
0.0987401
0.0987765
0.0988156
0.0988585
0.0989063
0.0989605
0.0990224
0.0990939
0.0991768
0.0992736
0.0993869
0.0995198
0.099676
0.0998601
0.100077
0.100333
0.100636
0.100994
0.101418
0.101919
0.102512
0.103213
0.104041
0.105019
0.106171
0.107525
0.109109
0.110956
0.113095
0.115556
0.118359
0.121515
0.125011
0.128804
0.132795
0.136798
0.0953005
0.102141
0.100271
0.0997691
0.0995884
0.0995284
0.0995115
0.0995104
0.0995155
0.0995235
0.0995331
0.0995441
0.0995565
0.0995706
0.0995867
0.0996052
0.0996267
0.0996517
0.099681
0.0997153
0.0997558
0.0998035
0.0998599
0.0999267
0.100006
0.100099
0.10021
0.100342
0.100499
0.100685
0.100906
0.10117
0.101483
0.101855
0.102298
0.102824
0.103446
0.104182
0.10505
0.106069
0.107259
0.108642
0.110237
0.112062
0.11413
0.116435
0.168254
0.142705
0.114801
0.0963546
0.117805
0.183347
0.19114
0.192086
0.209403
0.191963
0.179961
0.175952
0.180937
0.187664
0.192301
0.193895
0.2376
0.22696
0.215844
0.20696
0.201375
0.198496
0.197512
0.197403
0.251372
0.246895
0.240835
0.233992
0.227242
0.221143
0.215885
0.211352
0.259307
0.257689
0.254987
0.251346
0.247007
0.242235
0.237222
0.232009
0.264285
0.263994
0.262977
0.261263
0.258904
0.25597
0.252512
0.248508
0.26743
0.267825
0.267687
0.267024
0.26585
0.264186
0.262036
0.259358
0.269264
0.270015
0.270342
0.270253
0.269761
0.268878
0.267603
0.265904
0.270089
0.271009
0.27157
0.271786
0.271672
0.271246
0.270514
0.269451
0.270148
0.271107
0.271779
0.272163
0.272257
0.272083
0.271663
0.270976
0.270158
0.270987
0.271621
0.272023
0.27218
0.272089
0.271759
0.271197
0.27058
0.271412
0.271926
0.272088
0.272153
0.272055
0.271628
0.270991
0.272245
0.27267
0.27258
0.272626
0.272639
0.272584
0.272068
0.271217
0.334393
0.332387
0.327935
0.319145
0.312924
0.304923
0.290916
0.278118
0.368408
0.368785
0.368346
0.366839
0.364451
0.360776
0.355356
0.349189
0.386224
0.387599
0.388613
0.389107
0.388963
0.388029
0.38618
0.383628
0.399153
0.400901
0.402314
0.403332
0.403883
0.403899
0.403343
0.402296
0.411154
0.413085
0.414659
0.415856
0.416643
0.416991
0.416889
0.416389
0.423571
0.42567
0.427396
0.428735
0.429667
0.430179
0.430274
0.429993
0.436504
0.438793
0.440697
0.442204
0.4433
0.443975
0.444229
0.444091
0.44949
0.452012
0.454138
0.455855
0.457148
0.458006
0.458426
0.458425
0.461861
0.464649
0.467029
0.468988
0.470507
0.471573
0.472179
0.472333
0.472976
0.476039
0.478683
0.480892
0.482646
0.483929
0.484727
0.485045
0.482314
0.485635
0.488526
0.49097
0.492943
0.494427
0.495405
0.495877
0.489511
0.493052
0.49615
0.498789
0.500944
0.502594
0.503719
0.504316
0.49437
0.498072
0.501322
0.5041
0.506382
0.508145
0.509369
0.51005
0.496841
0.500638
0.503971
0.506823
0.509169
0.510986
0.512256
0.512973
0.497014
0.500834
0.504181
0.507041
0.509388
0.511202
0.512465
0.513175
0.49511
0.498887
0.502186
0.504994
0.507288
0.50905
0.510266
0.510934
0.491474
0.495158
0.49836
0.501072
0.503276
0.504957
0.506103
0.506715
0.486569
0.49013
0.493212
0.495812
0.497914
0.49951
0.500592
0.501162
0.480947
0.484392
0.487366
0.48987
0.491897
0.493442
0.494503
0.495083
0.475226
0.4786
0.481521
0.483994
0.486019
0.487596
0.488726
0.489412
0.470035
0.473434
0.476408
0.478969
0.481121
0.482869
0.484216
0.485162
0.465966
0.469537
0.472727
0.475552
0.478022
0.480144
0.481916
0.483336
0.463516
0.467453
0.471074
0.474399
0.477439
0.480196
0.482666
0.484831
0.463036
0.467572
0.471882
0.475989
0.4799
0.48361
0.487097
0.490324
0.464696
0.470083
0.475365
0.480564
0.48568
0.490689
0.495542
0.500167
0.468458
0.474945
0.481481
0.488084
0.49474
0.501395
0.507961
0.51431
0.47408
0.481881
0.489918
0.498204
0.506703
0.515322
0.523912
0.532276
0.48113
0.490394
0.500111
0.51029
0.520868
0.531701
0.542565
0.553174
0.489026
0.499806
0.51128
0.523458
0.536248
0.549449
0.562752
0.575767
0.497095
0.509323
0.522502
0.536649
0.551651
0.567251
0.583057
0.598567
0.504653
0.518127
0.532811
0.548736
0.565784
0.583663
0.601906
0.619905
0.511089
0.525483
0.541316
0.558655
0.5774
0.597248
0.617689
0.63803
0.515959
0.530844
0.54734
0.565564
0.585458
0.606749
0.628927
0.651255
0.519046
0.533949
0.550542
0.568993
0.589315
0.611303
0.634501
0.658186
0.520379
0.534883
0.551003
0.568973
0.588892
0.610659
0.633926
0.658052
0.520323
0.534047
0.549193
0.566046
0.584783
0.605416
0.627728
0.65121
0.519331
0.532018
0.545826
0.561064
0.577975
0.596669
0.617062
0.638801
0.517899
0.529464
0.541763
0.555109
0.56978
0.585963
0.603692
0.622767
0.51646
0.526997
0.537834
0.54926
0.561564
0.574979
0.589633
0.605461
0.515293
0.525055
0.534676
0.5444
0.554496
0.565216
0.57675
0.589144
0.514456
0.523819
0.532628
0.541067
0.549361
0.557753
0.566466
0.575628
0.513764
0.523167
0.531671
0.53938
0.546459
0.553116
0.559572
0.566011
0.512796
0.522685
0.531424
0.539031
0.545591
0.551251
0.556195
0.560617
0.510934
0.5217
0.531182
0.539314
0.546094
0.551586
0.555903
0.5592
0.507445
0.519358
0.529982
0.539185
0.546882
0.553048
0.557705
0.560936
0.501587
0.514745
0.526734
0.537379
0.546537
0.554104
0.56002
0.564277
0.492749
0.507048
0.520397
0.53261
0.543509
0.552947
0.560799
0.566989
0.48058
0.495728
0.510201
0.523826
0.536426
0.547837
0.557905
0.566516
0.465083
0.480646
0.495817
0.510456
0.524411
0.537524
0.549641
0.560637
0.446631
0.462109
0.477447
0.49255
0.507298
0.521559
0.535195
0.548089
0.425898
0.440811
0.455777
0.470749
0.485645
0.500366
0.514799
0.528836
0.403738
0.417687
0.431817
0.446123
0.460562
0.475066
0.489549
0.503921
0.381033
0.393745
0.406701
0.419933
0.433432
0.44716
0.461058
0.475052
0.358571
0.369905
0.381496
0.393403
0.405645
0.418211
0.431065
0.444153
0.336964
0.346897
0.357064
0.367543
0.378375
0.389572
0.401119
0.412978
0.316616
0.325213
0.333999
0.343067
0.352474
0.362246
0.372388
0.382878
0.297739
0.305117
0.312634
0.320388
0.328447
0.33685
0.345615
0.354735
0.280392
0.286696
0.293088
0.299669
0.306513
0.313668
0.321161
0.328998
0.264534
0.269913
0.275333
0.280896
0.286679
0.292736
0.2991
0.305789
0.25006
0.254652
0.259247
0.263944
0.26882
0.273932
0.27932
0.285007
0.236832
0.240763
0.244664
0.248631
0.25274
0.257051
0.261606
0.266434
0.224706
0.228081
0.2314
0.234754
0.238219
0.241854
0.245704
0.249801
0.213533
0.216441
0.219272
0.222113
0.225037
0.228103
0.231358
0.234835
0.20316
0.205678
0.2081
0.210511
0.212983
0.215574
0.218329
0.221285
0.19342
0.195614
0.197699
0.199756
0.201854
0.204052
0.206396
0.208922
0.184095
0.186034
0.187852
0.189627
0.19143
0.193319
0.195344
0.197537
0.174862
0.176624
0.178254
0.179832
0.181429
0.183109
0.184924
0.186907
0.165177
0.166857
0.168403
0.169894
0.171407
0.173015
0.174781
0.176745
0.154051
0.155746
0.157332
0.158889
0.160502
0.162263
0.164268
0.166577
0.139593
0.141312
0.14302
0.144803
0.146767
0.149048
0.151823
0.155259
0.118293
0.119551
0.120937
0.122545
0.124509
0.127066
0.130749
0.136832
0.164464
0.181603
0.167748
0.176664
0.180644
0.1818
0.180243
0.177674
0.174547
0.170946
0.166644
0.161671
0.156378
0.151019
0.145752
0.140697
0.13591
0.131374
0.127018
0.122745
0.118468
0.114125
0.109686
0.105148
0.100527
0.095857
0.0912065
0.0865305
0.0817642
0.076863
0.0717868
0.0664909
0.0609158
0.0549672
0.0484642
0.0410108
0.031486
0.0153916
0.203044
0.19345
0.189128
0.210994
0.222047
0.229686
0.230999
0.227353
0.221373
0.214842
0.207619
0.199321
0.1905
0.181663
0.173004
0.164779
0.157197
0.150344
0.144166
0.138518
0.133228
0.128138
0.12313
0.118135
0.113118
0.108071
0.103017
0.0978758
0.092569
0.0870368
0.0812294
0.0750972
0.0685816
0.0615932
0.0539561
0.0452738
0.034383
0.0167182
0.197283
0.1902
0.187268
0.188047
0.186079
0.186215
0.211565
0.23268
0.242431
0.245752
0.243683
0.237067
0.227829
0.217481
0.206341
0.195
0.184138
0.174192
0.165353
0.157577
0.150674
0.144395
0.138513
0.132858
0.127316
0.121813
0.116327
0.110713
0.104858
0.0986792
0.0921103
0.0850899
0.07755
0.0693934
0.0604362
0.050277
0.037721
0.0182028
0.204271
0.197393
0.192386
0.188393
0.185463
0.185006
0.18682
0.186094
0.186392
0.201753
0.227881
0.241758
0.246195
0.243953
0.236659
0.226045
0.214076
0.201906
0.190448
0.180183
0.17121
0.163336
0.156273
0.149753
0.14356
0.137531
0.131575
0.125455
0.119013
0.112137
0.104742
0.0967506
0.0880765
0.078602
0.0681179
0.0562024
0.0416193
0.0198762
0.222546
0.213146
0.20523
0.198671
0.193599
0.190167
0.187566
0.185817
0.185545
0.186717
0.186435
0.187139
0.198295
0.220255
0.235985
0.239906
0.235823
0.226853
0.215763
0.204434
0.193923
0.184571
0.176304
0.168883
0.162031
0.15549
0.149073
0.142431
0.135363
0.127731
0.119431
0.110368
0.100436
0.089483
0.0772539
0.0632785
0.0462425
0.021789
0.240591
0.231309
0.222429
0.214319
0.207211
0.201219
0.196243
0.192365
0.189541
0.187427
0.186105
0.185889
0.186215
0.186113
0.189097
0.203621
0.222141
0.23133
0.230314
0.223675
0.214867
0.205795
0.197267
0.189505
0.182391
0.175642
0.168941
0.161865
0.154188
0.145759
0.136473
0.126229
0.114903
0.102302
0.0881034
0.0717509
0.0517845
0.024008
0.253795
0.246264
0.238248
0.230222
0.222508
0.215314
0.208764
0.202977
0.198005
0.193861
0.190618
0.188174
0.18643
0.18548
0.185222
0.184966
0.187248
0.198563
0.215169
0.224567
0.225273
0.221335
0.215544
0.209338
0.203261
0.197283
0.190889
0.183753
0.175654
0.166474
0.156149
0.144614
0.131744
0.117314
0.100912
0.0818587
0.0584522
0.026614
0.262225
0.256604
0.250099
0.243082
0.235853
0.228646
0.221641
0.214979
0.208781
0.203145
0.19816
0.193891
0.190407
0.187731
0.185779
0.184532
0.183883
0.183422
0.18711
0.199577
0.214661
0.222697
0.224778
0.223911
0.221633
0.218406
0.213815
0.207612
0.199665
0.189996
0.178682
0.165772
0.151206
0.134748
0.115899
0.0938169
0.0664484
0.0296974
0.267034
0.262909
0.257813
0.252005
0.245708
0.239121
0.232419
0.225748
0.219203
0.212887
0.206918
0.201413
0.19649
0.192251
0.188772
0.186088
0.184147
0.182848
0.182028
0.181837
0.190758
0.206156
0.219121
0.227417
0.232716
0.235481
0.235369
0.2321
0.225613
0.216166
0.204147
0.189877
0.173482
0.154792
0.133239
0.107797
0.0759497
0.0333523
0.269307
0.266177
0.262141
0.257377
0.252022
0.246235
0.24017
0.233918
0.227562
0.2212
0.21494
0.208889
0.203163
0.197886
0.19319
0.189186
0.185952
0.183504
0.181767
0.18058
0.179722
0.18428
0.199547
0.216049
0.231049
0.243408
0.251649
0.254628
0.252032
0.244309
0.23233
0.21694
0.198665
0.177554
0.153038
0.123905
0.0870824
0.0376667
0.269849
0.267301
0.263976
0.259988
0.255404
0.25034
0.244916
0.239218
0.233298
0.227229
0.221105
0.215013
0.209038
0.203291
0.1979
0.193
0.188724
0.185177
0.182415
0.180411
0.178998
0.178056
0.180094
0.194239
0.214719
0.237479
0.257649
0.271253
0.276323
0.272971
0.262539
0.246684
0.226667
0.203011
0.175293
0.142154
0.0998967
0.0427095
0.269689
0.267343
0.264294
0.260707
0.256633
0.252083
0.247173
0.241992
0.236547
0.230879
0.225078
0.219215
0.213341
0.207535
0.201907
0.196575
0.191672
0.187337
0.183693
0.180817
0.178701
0.177208
0.176224
0.178022
0.192639
0.218581
0.249918
0.277522
0.29487
0.299781
0.293441
0.27842
0.257126
0.230944
0.199847
0.16243
0.114342
0.0485173
0.269599
0.266935
0.263785
0.260472
0.25678
0.252447
0.247708
0.242837
0.237774
0.232447
0.226969
0.221426
0.215814
0.210181
0.204618
0.199213
0.194071
0.189322
0.185104
0.181545
0.178726
0.176645
0.175181
0.174315
0.178212
0.196691
0.230979
0.27119
0.304116
0.321767
0.323058
0.310968
0.28933
0.260873
0.226335
0.184452
0.130241
0.0550797
0.271431
0.26769
0.264227
0.260657
0.256748
0.2517
0.246764
0.242423
0.237821
0.232597
0.227197
0.221897
0.216553
0.211143
0.205786
0.200536
0.195443
0.190602
0.186134
0.182175
0.178846
0.176224
0.174296
0.17297
0.172544
0.181724
0.209567
0.255135
0.302642
0.336297
0.349114
0.342726
0.322196
0.292016
0.254147
0.207741
0.14727
0.0623282
0.339846
0.320772
0.283266
0.266872
0.260391
0.253431
0.247218
0.242599
0.237672
0.231226
0.225805
0.22113
0.216085
0.210687
0.205447
0.200425
0.195547
0.190851
0.18641
0.182331
0.178741
0.175753
0.173426
0.171738
0.17071
0.172137
0.192222
0.235676
0.292685
0.34229
0.369636
0.37191
0.354338
0.323294
0.282412
0.231603
0.164942
0.0701273
0.378864
0.371001
0.359264
0.348655
0.338986
0.324686
0.305266
0.286584
0.263408
0.236446
0.226596
0.221367
0.215154
0.208461
0.203717
0.199094
0.194407
0.189931
0.185713
0.181756
0.178148
0.175008
0.172435
0.170457
0.169076
0.168742
0.178342
0.217044
0.278553
0.341046
0.383612
0.396903
0.384214
0.35339
0.310021
0.255137
0.182617
0.0782729
0.399915
0.395712
0.389864
0.383783
0.377872
0.369863
0.359062
0.347038
0.333678
0.318644
0.303082
0.283031
0.24302
0.210762
0.203651
0.196981
0.191905
0.187868
0.184005
0.18032
0.176904
0.17382
0.171175
0.169052
0.167464
0.166602
0.168964
0.200393
0.263138
0.335667
0.391526
0.416638
0.410348
0.380867
0.335701
0.277282
0.199529
0.0864989
0.41497
0.41205
0.407966
0.403332
0.398584
0.392977
0.386034
0.378225
0.369649
0.359934
0.348543
0.33291
0.310218
0.285078
0.255778
0.206364
0.19172
0.185497
0.181284
0.178006
0.174955
0.172105
0.169556
0.167412
0.165735
0.164622
0.165114
0.184289
0.24873
0.329971
0.395612
0.430938
0.431564
0.404325
0.358126
0.296907
0.21484
0.0944939
0.428919
0.426299
0.422571
0.418092
0.413268
0.407991
0.402108
0.395846
0.38927
0.381998
0.373273
0.361685
0.346409
0.328209
0.305189
0.27483
0.240219
0.191109
0.179432
0.175259
0.17239
0.169885
0.167561
0.165516
0.163858
0.162656
0.162553
0.171197
0.234456
0.325637
0.398952
0.440636
0.447188
0.422585
0.376071
0.312924
0.227731
0.101928
0.44319
0.440543
0.436642
0.431782
0.426351
0.420523
0.414404
0.408211
0.402038
0.395617
0.388329
0.379258
0.367735
0.35347
0.33536
0.312366
0.283647
0.24686
0.198306
0.173108
0.169695
0.167311
0.165249
0.163382
0.161805
0.160613
0.160224
0.164323
0.221958
0.32461
0.404789
0.447361
0.457114
0.434839
0.388564
0.324431
0.237497
0.108487
0.457679
0.454955
0.450758
0.445376
0.439194
0.432523
0.425625
0.418778
0.412144
0.405604
0.398741
0.390914
0.381489
0.36985
0.355033
0.336019
0.311707
0.28072
0.241047
0.18681
0.167281
0.164681
0.162754
0.161077
0.159623
0.158508
0.158033
0.160769
0.20753
0.328134
0.41527
0.452762
0.461688
0.44074
0.395029
0.330844
0.24365
0.11391
0.471772
0.469019
0.464559
0.45869
0.451803
0.444276
0.436464
0.428706
0.421241
0.414084
0.407006
0.399565
0.39119
0.381181
0.368594
0.352377
0.33132
0.303897
0.268513
0.222948
0.166946
0.162073
0.160192
0.158672
0.157359
0.156352
0.155921
0.158231
0.194172
0.336222
0.431139
0.457744
0.461458
0.440406
0.395362
0.331981
0.245989
0.118018
0.484694
0.481976
0.477341
0.471094
0.463637
0.455382
0.446739
0.438091
0.429745
0.421829
0.414265
0.406756
0.398814
0.389744
0.378621
0.364328
0.345552
0.320683
0.287961
0.245773
0.190009
0.159623
0.1577
0.156252
0.155063
0.154169
0.153847
0.156102
0.187196
0.353931
0.452349
0.462077
0.456949
0.434355
0.389935
0.328089
0.244626
0.120732
0.495733
0.493095
0.488371
0.481874
0.474016
0.465229
0.455947
0.446587
0.437499
0.428898
0.420812
0.413058
0.405228
0.396665
0.386458
0.373445
0.356209
0.333056
0.302067
0.261745
0.20987
0.157491
0.155197
0.153841
0.152777
0.152012
0.151861
0.154334
0.183133
0.382233
0.477425
0.464682
0.448482
0.423344
0.379502
0.319791
0.239951
0.122075
0.504345
0.501799
0.497053
0.490428
0.48234
0.473232
0.463551
0.453727
0.444133
0.435036
0.426538
0.418535
0.41068
0.402356
0.392659
0.380393
0.364064
0.341916
0.31196
0.272592
0.222135
0.158016
0.15278
0.151483
0.150535
0.149909
0.149984
0.15309
0.188118
0.435349
0.505686
0.464008
0.436404
0.408332
0.365093
0.307975
0.232565
0.122156
0.510197
0.507729
0.503004
0.49635
0.488189
0.478966
0.46913
0.459109
0.449277
0.439928
0.431202
0.423038
0.415126
0.406873
0.397373
0.385401
0.369422
0.347635
0.318061
0.278976
0.228863
0.16014
0.150434
0.149184
0.148354
0.147892
0.148281
0.152652
0.204749
0.511436
0.529364
0.458951
0.421429
0.390475
0.347898
0.293668
0.22317
0.121143
0.513172
0.510754
0.506075
0.499473
0.491374
0.482219
0.47245
0.462482
0.452675
0.443319
0.434565
0.426362
0.418408
0.410107
0.400545
0.388475
0.372346
0.350357
0.320552
0.281193
0.231165
0.162838
0.148081
0.146914
0.146232
0.14598
0.146834
0.153665
0.249622
0.584345
0.541138
0.449058
0.404313
0.3709
0.329086
0.277878
0.212469
0.119236
0.513365
0.510968
0.506354
0.49987
0.491943
0.483005
0.473486
0.463779
0.454214
0.445062
0.436453
0.428317
0.420329
0.411872
0.402009
0.38949
0.372771
0.350088
0.319506
0.279244
0.228071
0.157624
0.14561
0.144663
0.14418
0.144209
0.145788
0.157108
0.34392
0.642123
0.539631
0.434656
0.385694
0.350529
0.309635
0.261468
0.201083
0.116638
0.511071
0.508683
0.504156
0.497846
0.490174
0.48156
0.472415
0.463106
0.453928
0.445114
0.436755
0.428735
0.42068
0.411928
0.401522
0.388217
0.370505
0.346673
0.314795
0.273008
0.219851
0.149862
0.143136
0.142468
0.142225
0.142629
0.145371
0.166922
0.476406
0.674045
0.526096
0.416457
0.366118
0.330054
0.29028
0.245102
0.189505
0.113534
0.506788
0.504424
0.50002
0.493929
0.48656
0.478317
0.469588
0.460715
0.451958
0.443508
0.435401
0.427453
0.41922
0.409983
0.39876
0.384326
0.365231
0.339808
0.306087
0.262101
0.205996
0.143629
0.140735
0.140365
0.140391
0.141296
0.146279
0.204607
0.599088
0.668437
0.500961
0.395198
0.346083
0.30997
0.27153
0.229245
0.178097
0.110082
0.501207
0.498923
0.494693
0.488856
0.481791
0.473882
0.465497
0.45696
0.44851
0.440301
0.43231
0.424273
0.415656
0.405671
0.393315
0.377397
0.356531
0.32907
0.292913
0.245954
0.185032
0.139295
0.13847
0.138366
0.138704
0.14042
0.150339
0.299713
0.689302
0.634605
0.467685
0.372086
0.326106
0.290632
0.253715
0.214198
0.167098
0.10641
0.495195
0.493101
0.489123
0.483553
0.476729
0.469001
0.46073
0.452248
0.4438
0.435527
0.427355
0.418931
0.409617
0.398544
0.384696
0.366926
0.343899
0.313907
0.27464
0.223757
0.151295
0.13667
0.136328
0.136486
0.137293
0.140485
0.163649
0.472377
0.719112
0.585317
0.430343
0.348849
0.306793
0.272351
0.237075
0.20015
0.156647
0.102638
0.489765
0.488041
0.484417
0.479104
0.472365
0.464518
0.455934
0.447
0.438025
0.429171
0.420338
0.411088
0.400658
0.388087
0.372348
0.352339
0.32673
0.293567
0.25026
0.19329
0.135595
0.13414
0.134264
0.13478
0.136336
0.143543
0.234177
0.624349
0.687736
0.527086
0.394073
0.326822
0.288495
0.255303
0.22175
0.187216
0.146853
0.0989298
0.486017
0.484922
0.481787
0.476682
0.469766
0.461324
0.45178
0.441647
0.431371
0.421201
0.411042
0.400375
0.388302
0.373755
0.355691
0.333028
0.304289
0.267134
0.218238
0.145798
0.131864
0.131879
0.132314
0.133356
0.13666
0.158611
0.433592
0.693481
0.626249
0.468942
0.361186
0.306444
0.271364
0.239549
0.207749
0.175399
0.137738
0.0952828
0.485052
0.484931
0.482445
0.477454
0.469988
0.46032
0.448987
0.436705
0.42416
0.41173
0.399376
0.386522
0.372141
0.355058
0.334198
0.308404
0.27582
0.233438
0.17366
0.129058
0.129166
0.129644
0.130488
0.13251
0.142237
0.274572
0.617128
0.673303
0.553563
0.415401
0.332595
0.28781
0.255445
0.225083
0.195022
0.164649
0.129295
0.0917018
0.487855
0.489132
0.487469
0.482452
0.473991
0.462413
0.448439
0.433036
0.417172
0.401369
0.385685
0.369571
0.351961
0.331636
0.307464
0.277921
0.240496
0.189319
0.127342
0.126089
0.12668
0.127477
0.128928
0.133663
0.183649
0.518067
0.665244
0.612394
0.479202
0.370525
0.308258
0.270806
0.240705
0.211841
0.183477
0.154889
0.121495
0.0881935
0.495165
0.498315
0.497642
0.492427
0.482558
0.46857
0.451438
0.432286
0.412226
0.391812
0.371238
0.350179
0.327851
0.303259
0.275065
0.240954
0.195758
0.127029
0.122639
0.123358
0.124251
0.125482
0.12831
0.146471
0.419608
0.626574
0.631818
0.530671
0.414846
0.33473
0.287474
0.255227
0.227069
0.199726
0.172996
0.146023
0.114301
0.0847648
0.507349
0.512858
0.513317
0.507734
0.496231
0.479913
0.460027
0.437439
0.412849
0.386599
0.35891
0.330018
0.300198
0.269424
0.236002
0.194225
0.126429
0.118802
0.119661
0.12073
0.121954
0.124109
0.134123
0.32258
0.568414
0.625741
0.557953
0.453256
0.364371
0.306389
0.269401
0.240859
0.214438
0.188623
0.163457
0.137947
0.107666
0.0814221
0.524327
0.532645
0.534352
0.528267
0.515285
0.497559
0.476785
0.452943
0.424794
0.391866
0.353982
0.312214
0.26934
0.227744
0.184366
0.120455
0.114895
0.115793
0.116975
0.118262
0.120069
0.126625
0.248138
0.505794
0.604659
0.56625
0.47756
0.390471
0.325947
0.283503
0.253333
0.227517
0.202712
0.178418
0.154735
0.130558
0.101544
0.0781713
0.545543
0.557057
0.560065
0.553434
0.539534
0.522092
0.503543
0.482687
0.454616
0.415922
0.364862
0.302232
0.234225
0.16177
0.114007
0.111855
0.112383
0.113465
0.114694
0.116216
0.120385
0.187655
0.454241
0.576105
0.562012
0.488779
0.408042
0.342605
0.29658
0.264417
0.238765
0.215069
0.191806
0.169002
0.146717
0.123758
0.0958879
0.0750174
0.570009
0.585035
0.589281
0.582295
0.568153
0.552474
0.538331
0.524003
0.502799
0.464137
0.401646
0.309324
0.183027
0.113882
0.110864
0.110512
0.111031
0.111957
0.113192
0.115926
0.142129
0.408041
0.550433
0.551337
0.490564
0.416952
0.35368
0.306858
0.273549
0.247965
0.225372
0.203427
0.181645
0.160281
0.139305
0.117463
0.0906528
0.0719648
0.596406
0.615243
0.620895
0.613751
0.59966
0.58601
0.575374
0.5659
0.553098
0.526567
0.466205
0.354823
0.132875
0.111919
0.110629
0.110384
0.11082
0.111755
0.113648
0.124714
0.346922
0.526352
0.539188
0.486489
0.418965
0.358942
0.313116
0.279948
0.254821
0.233388
0.212957
0.192531
0.172168
0.152174
0.132414
0.111597
0.0857987
0.0690173
0.623174
0.646192
0.653574
0.646382
0.632605
0.619462
0.608506
0.598585
0.589115
0.574724
0.537362
0.444907
0.192309
0.114784
0.112012
0.111541
0.112207
0.114163
0.122928
0.273439
0.497474
0.524301
0.478473
0.415841
0.359286
0.315398
0.283273
0.259124
0.239017
0.220217
0.201403
0.182341
0.163324
0.144612
0.125975
0.106102
0.0812895
0.0661781
0.648555
0.676167
0.685573
0.678998
0.665227
0.650183
0.633991
0.617116
0.603149
0.592582
0.576167
0.530944
0.414768
0.141398
0.117049
0.114366
0.116415
0.128534
0.226461
0.467217
0.50379
0.464911
0.408154
0.355684
0.314398
0.283901
0.261052
0.242383
0.225248
0.208162
0.190638
0.172821
0.155064
0.137539
0.11993
0.100931
0.0770936
0.0634498
0.670636
0.70319
0.714844
0.708896
0.694864
0.677557
0.653257
0.623867
0.597958
0.580555
0.56699
0.54771
0.513736
0.413729
0.16317
0.126444
0.133165
0.244484
0.421861
0.470711
0.442337
0.394769
0.348619
0.311013
0.282643
0.26125
0.243956
0.228366
0.212952
0.197044
0.180608
0.163936
0.147345
0.130905
0.114235
0.0960469
0.0731837
0.0608346
0.687439
0.72511
0.739159
0.731671
0.716951
0.699483
0.669918
0.628115
0.587397
0.557046
0.534195
0.511731
0.484139
0.44392
0.394727
0.352904
0.358132
0.388091
0.411711
0.405956
0.374567
0.338414
0.30624
0.280591
0.260687
0.244536
0.230173
0.216175
0.201765
0.186739
0.171262
0.155646
0.140122
0.124667
0.108853
0.0914228
0.0695363
0.0583339
0.697124
0.739745
0.756531
0.746173
0.726653
0.708679
0.681357
0.636178
0.587653
0.549194
0.518555
0.488567
0.453305
0.412559
0.375981
0.353544
0.351544
0.359486
0.361896
0.350311
0.326951
0.301596
0.279102
0.260539
0.245116
0.231485
0.21845
0.205218
0.191446
0.177149
0.16255
0.147906
0.133354
0.11879
0.103757
0.0870387
0.0661315
0.0559487
0.698317
0.745254
0.765462
0.752059
0.720269
0.692342
0.668846
0.637426
0.601587
0.569657
0.541895
0.516429
0.48507
0.445434
0.40465
0.371272
0.352483
0.343933
0.334954
0.319784
0.299855
0.279857
0.262054
0.246717
0.233164
0.220489
0.20795
0.195107
0.181824
0.168194
0.154417
0.140669
0.126999
0.113241
0.0989234
0.0828804
0.0629523
0.0536794
0.690712
0.740163
0.764256
0.748641
0.700351
0.643611
0.599068
0.58794
0.613872
0.611233
0.593072
0.579647
0.560343
0.52443
0.475188
0.423243
0.380887
0.350729
0.327293
0.305654
0.285024
0.266429
0.250189
0.23592
0.222923
0.210503
0.198148
0.18559
0.172777
0.159802
0.146808
0.13389
0.121021
0.107994
0.0943359
0.0789381
0.0599842
0.0515257
0.675565
0.724135
0.751042
0.73473
0.669831
0.573456
0.470521
0.372045
0.428879
0.658393
0.650439
0.644966
0.639524
0.608858
0.549844
0.47903
0.414285
0.363846
0.326581
0.298038
0.275112
0.256203
0.24019
0.226139
0.213254
0.200921
0.188741
0.176518
0.164221
0.151913
0.139672
0.127524
0.115388
0.103028
0.0899822
0.0752055
0.0572152
0.0494865
0.655049
0.699276
0.726006
0.709757
0.631035
0.491367
0.320066
0.130255
0.100674
0.168517
0.666716
0.682935
0.691576
0.672217
0.607348
0.520922
0.43839
0.372592
0.324867
0.290851
0.265777
0.246293
0.230264
0.216329
0.203587
0.191454
0.179583
0.167811
0.156102
0.144478
0.132966
0.121537
0.110072
0.098326
0.0858541
0.0716789
0.0546349
0.0475602
0.632144
0.669567
0.69302
0.676181
0.587147
0.388863
0.127687
0.0900954
0.0904019
0.0972212
0.134489
0.664128
0.698374
0.700624
0.640365
0.544057
0.448908
0.372848
0.318529
0.281226
0.255012
0.235423
0.219664
0.206089
0.193729
0.182015
0.170636
0.159444
0.148389
0.137465
0.126656
0.115899
0.105055
0.0938777
0.0819474
0.0683565
0.0522347
0.0457441
0.609821
0.639035
0.657031
0.638184
0.54604
0.199343
0.0918977
0.0875695
0.0874253
0.0901828
0.0968248
0.191393
0.631117
0.683909
0.645974
0.548187
0.44578
0.364066
0.306714
0.268374
0.242279
0.223302
0.208278
0.195413
0.183718
0.172652
0.161932
0.151425
0.141074
0.130853
0.120719
0.110592
0.100323
0.0896767
0.0782606
0.065238
0.0500072
0.044035
0.590587
0.611466
0.623438
0.605118
0.526366
0.172221
0.0915055
0.0871767
0.0859357
0.086715
0.0898781
0.10249
0.338111
0.625093
0.623285
0.534117
0.430298
0.347259
0.290039
0.252687
0.227886
0.210208
0.196357
0.184516
0.173724
0.163483
0.153543
0.143789
0.134165
0.124634
0.115143
0.105604
0.0958702
0.0857212
0.0747946
0.0623238
0.047946
0.042429
0.576063
0.589483
0.596565
0.582358
0.526454
0.354363
0.0918493
0.087684
0.0857392
0.0851006
0.0865926
0.0916746
0.130206
0.534413
0.581214
0.505015
0.404728
0.324308
0.269924
0.23519
0.212591
0.196715
0.184339
0.173724
0.163979
0.154662
0.145562
0.136584
0.12768
0.118811
0.109925
0.100931
0.0916947
0.0820124
0.0715521
0.0596147
0.0460453
0.0409219
0.566827
0.573718
0.576046
0.563909
0.515942
0.414909
0.103424
0.0909937
0.0870948
0.0849875
0.0853251
0.0886568
0.100402
0.386977
0.530798
0.465365
0.372228
0.297751
0.248265
0.217236
0.197354
0.183514
0.172723
0.163394
0.15473
0.146351
0.138088
0.129864
0.121644
0.113395
0.105065
0.0965745
0.0877986
0.0785533
0.0685359
0.0571107
0.0442999
0.0395087
0.562918
0.564517
0.561687
0.549337
0.514365
0.438907
0.183664
0.097791
0.0900433
0.0861593
0.0854565
0.0882438
0.0981838
0.365885
0.481592
0.420457
0.336749
0.270566
0.227147
0.200237
0.183143
0.17128
0.161986
0.153858
0.146202
0.138698
0.131209
0.12368
0.116084
0.108396
0.100572
0.0925384
0.0841856
0.0753478
0.065749
0.0548115
0.0427044
0.0381849
0.563862
0.562329
0.555062
0.539986
0.510465
0.448806
0.350738
0.112668
0.095249
0.0884837
0.0867116
0.0904734
0.11396
0.362499
0.431901
0.375881
0.302799
0.24572
0.20846
0.185413
0.170767
0.160567
0.152513
0.145382
0.138576
0.131818
0.124998
0.118072
0.111022
0.103827
0.0964503
0.0888269
0.0808594
0.0723989
0.0631927
0.0527152
0.0412534
0.0369456
0.568297
0.566695
0.557438
0.539416
0.510002
0.461865
0.395593
0.288195
0.112618
0.0937885
0.0913149
0.0994625
0.179117
0.350024
0.388172
0.336969
0.274041
0.225411
0.193509
0.173571
0.160755
0.151738
0.144554
0.138141
0.131967
0.125788
0.1195
0.113067
0.106471
0.0996947
0.0927041
0.0854424
0.0778219
0.0697076
0.0608667
0.0508184
0.0399411
0.0357863
0.573811
0.575532
0.568257
0.550635
0.521172
0.478287
0.421121
0.348596
0.242423
0.132921
0.136252
0.173997
0.24753
0.348587
0.35574
0.307
0.252487
0.210689
0.18283
0.165015
0.153303
0.144929
0.13821
0.132203
0.126423
0.120633
0.114729
0.108669
0.102432
0.0959971
0.0893316
0.0823832
0.0750716
0.0672724
0.0587679
0.0491156
0.038761
0.034703
0.577216
0.584899
0.583521
0.571337
0.546839
0.509187
0.459065
0.400608
0.340299
0.290381
0.257238
0.267499
0.311457
0.351459
0.335033
0.286704
0.238364
0.201433
0.176223
0.159573
0.14829
0.140062
0.133428
0.127536
0.121918
0.116335
0.110669
0.104865
0.0988922
0.0927236
0.0863242
0.0796427
0.0726031
0.0650878
0.0568902
0.0475992
0.0377056
0.0336918
0.575403
0.590077
0.596682
0.59335
0.578654
0.551989
0.514198
0.468467
0.421737
0.381654
0.354289
0.350124
0.360249
0.357187
0.322861
0.274596
0.230408
0.19664
0.172947
0.156722
0.145353
0.136889
0.130041
0.124019
0.118367
0.11283
0.107271
0.101618
0.0958237
0.0898532
0.0836659
0.0772085
0.0704062
0.0631448
0.0552245
0.0462595
0.0367662
0.0327491
0.566293
0.587331
0.601697
0.607545
0.603588
0.589333
0.565413
0.533987
0.497784
0.46185
0.431626
0.410311
0.390817
0.360353
0.315722
0.267973
0.226638
0.194909
0.172013
0.155762
0.143998
0.135057
0.127794
0.121473
0.115638
0.110022
0.104464
0.098873
0.0931861
0.0873556
0.0813336
0.0750626
0.0684661
0.0614303
0.0537587
0.0450846
0.0359336
0.0318715
0.549342
0.575027
0.59535
0.608466
0.613104
0.608643
0.59516
0.573412
0.544607
0.511356
0.476427
0.441318
0.40343
0.359201
0.310489
0.264112
0.225096
0.194856
0.172425
0.155967
0.14369
0.134173
0.1264
0.119682
0.113573
0.107791
0.102159
0.0965645
0.0909291
0.0851926
0.079298
0.0731819
0.0667639
0.0599278
0.0524776
0.0440607
0.0351976
0.0310554
0.525435
0.553666
0.577563
0.595241
0.605357
0.60706
0.599926
0.583819
0.55936
0.527666
0.490166
0.448255
0.402464
0.353647
0.305015
0.260958
0.224228
0.195342
0.173335
0.156692
0.143935
0.133859
0.125566
0.118425
0.112002
0.10601
0.100259
0.0946179
0.0889961
0.0833208
0.0775254
0.0715394
0.0652771
0.0586181
0.0513643
0.0431732
0.0345477
0.0302974
0.496402
0.525221
0.55046
0.570194
0.583006
0.587871
0.584058
0.571195
0.549479
0.519383
0.481985
0.438935
0.392181
0.344191
0.298208
0.257264
0.223001
0.195561
0.174107
0.157426
0.14432
0.133781
0.12503
0.117493
0.110762
0.104552
0.0986636
0.0929569
0.0873283
0.0816943
0.0759795
0.0701058
0.0639813
0.0574799
0.0504002
0.0424065
0.0339737
0.0295938
0.464435
0.492318
0.517177
0.537085
0.550607
0.556653
0.554373
0.543563
0.524033
0.496124
0.460885
0.420111
0.376159
0.33178
0.289808
0.252466
0.220859
0.195028
0.174323
0.157808
0.144535
0.133677
0.124571
0.116706
0.109707
0.103299
0.0972818
0.0915089
0.0858683
0.0802677
0.0746237
0.0688509
0.0628506
0.0564911
0.0495664
0.0417454
0.0334661
0.0289409
0.431605
0.45754
0.480885
0.499763
0.512786
0.518908
0.517352
0.507964
0.490491
0.465288
0.433404
0.396589
0.357116
0.317487
0.280035
0.246464
0.217608
0.193524
0.173757
0.157615
0.144369
0.133355
0.124018
0.115919
0.108716
0.102152
0.0960324
0.0902086
0.0845634
0.0789983
0.0734228
0.0677448
0.0618596
0.0556295
0.0488441
0.0411749
0.0330158
0.0283352
0.399557
0.422999
0.444212
0.461416
0.473312
0.478954
0.477773
0.469544
0.454099
0.431838
0.403769
0.371474
0.336935
0.302253
0.269298
0.239412
0.213283
0.191018
0.172334
0.156744
0.143703
0.132692
0.123258
0.115026
0.107696
0.101032
0.0948491
0.089001
0.0833683
0.077848
0.0723444
0.06676
0.0609841
0.054874
0.0482155
0.0406814
0.0326151
0.0277733
0.369397
0.390166
0.409018
0.424304
0.434839
0.439771
0.438834
0.431633
0.418139
0.398787
0.374496
0.346627
0.316828
0.286796
0.258017
0.231569
0.208041
0.187595
0.170083
0.155181
0.142495
0.131629
0.122221
0.11396
0.106584
0.099882
0.0936822
0.087843
0.0822456
0.0767846
0.0713605
0.0658712
0.0602019
0.0542053
0.0476642
0.040252
0.0322568
0.0272523
0.34173
0.359885
0.376401
0.389774
0.398955
0.403236
0.402394
0.396106
0.384415
0.367749
0.34692
0.323062
0.297509
0.271612
0.246552
0.223206
0.202091
0.183403
0.167096
0.152972
0.140756
0.130154
0.120883
0.112686
0.105343
0.0986663
0.092498
0.0867039
0.0811674
0.0757825
0.0704474
0.0650571
0.0594934
0.0536062
0.0471757
0.0398756
0.0319351
0.0267694
0.316759
0.332502
0.346848
0.358442
0.366358
0.370057
0.369279
0.363801
0.353715
0.339422
0.321618
0.301233
0.279338
0.257004
0.235173
0.214565
0.195639
0.178609
0.163499
0.150202
0.138538
0.128293
0.119249
0.1112
0.103961
0.0973682
0.0912778
0.085564
0.0801139
0.0748223
0.0695865
0.0642999
0.0588424
0.0530619
0.0467375
0.0395426
0.0316449
0.026322
0.29442
0.308012
0.320419
0.330422
0.337197
0.340394
0.339668
0.334896
0.326199
0.313941
0.298707
0.281257
0.262446
0.243128
0.224061
0.205841
0.188873
0.173378
0.159426
0.146975
0.135914
0.126094
0.11735
0.109518
0.102444
0.0959865
0.0900155
0.0844139
0.0790734
0.0738907
0.0687639
0.0635857
0.0582355
0.0525604
0.0463393
0.0392449
0.0313823
0.0259081
0.274496
0.28621
0.296916
0.305531
0.311348
0.314058
0.313365
0.309195
0.301678
0.291135
0.278054
0.263055
0.246822
0.23004
0.213325
0.197175
0.181948
0.16786
0.15501
0.143401
0.132972
0.123623
0.115232
0.107671
0.100812
0.0945318
0.0887146
0.0832518
0.0780403
0.0729798
0.0679698
0.0629042
0.0576626
0.0520923
0.0459727
0.038976
0.0311442
0.0255256
0.256701
0.26679
0.276014
0.283411
0.288398
0.290667
0.289989
0.286324
0.2798
0.270693
0.259409
0.246452
0.232374
0.217729
0.203019
0.188666
0.174985
0.162182
0.15037
0.139584
0.129798
0.12095
0.11295
0.1057
0.0990926
0.0930222
0.0873853
0.0820818
0.077014
0.0720855
0.0671984
0.0622483
0.0571161
0.0516505
0.0456317
0.0387311
0.0309282
0.025173
0.240743
0.249431
0.257361
0.263673
0.267926
0.269791
0.269105
0.265857
0.260165
0.252263
0.242486
0.231242
0.218979
0.206146
0.193161
0.180378
0.168074
0.156445
0.145609
0.135619
0.126476
0.118144
0.11056
0.103647
0.0973174
0.0914799
0.086042
0.0809117
0.0759974
0.0712073
0.0664465
0.0616135
0.0565913
0.05123
0.0453116
0.0385064
0.0307328
0.0248486
0.226349
0.233833
0.240631
0.245991
0.249543
0.251017
0.250297
0.247387
0.242392
0.235507
0.227005
0.217215
0.2065
0.195227
0.183741
0.172344
0.16128
0.150729
0.14081
0.131587
0.123079
0.115268
0.108113
0.101554
0.0955181
0.0899276
0.0846999
0.079751
0.0749955
0.0703465
0.0657134
0.0609977
0.056085
0.0508278
0.0450096
0.0382994
0.0305569
0.0245512
0.213286
0.219746
0.225539
0.230028
0.232912
0.233995
0.233207
0.230564
0.226156
0.220138
0.212728
0.204189
0.194814
0.1849
0.174737
0.16458
0.154642
0.145088
0.136034
0.127549
0.119663
0.112373
0.105653
0.0994552
0.0937221
0.0883859
0.0833737
0.0786094
0.074014
0.0695062
0.0649998
0.0604002
0.055596
0.0504419
0.0447236
0.0381084
0.0303996
0.0242794
0.201356
0.206977
0.211871
0.21555
0.21778
0.218462
0.217572
0.215132
0.211216
0.205941
0.199476
0.192025
0.183822
0.17511
0.166127
0.15709
0.148184
0.139559
0.131324
0.123549
0.116271
0.109497
0.10321
0.0973776
0.0919502
0.0868708
0.0820753
0.0774953
0.0730587
0.0686898
0.0643076
0.0598216
0.0551237
0.0500716
0.0444526
0.0379322
0.0302606
0.0240319
0.190389
0.195412
0.199538
0.202436
0.204017
0.204284
0.203256
0.200961
0.197451
0.192809
0.187158
0.180655
0.173482
0.165835
0.157909
0.149888
0.141931
0.134172
0.126711
0.119617
0.11293
0.106662
0.100807
0.0953375
0.0902157
0.0853927
0.0808129
0.0764151
0.0721343
0.0679009
0.0636391
0.0592632
0.0546688
0.0497164
0.0441956
0.0377697
0.0301393
0.0238073
0.180228
0.185013
0.18853
0.190699
0.191651
0.191502
0.190311
0.188106
0.184918
0.180798
0.175833
0.170138
0.163853
0.157136
0.150145
0.143033
0.135939
0.128977
0.122239
0.11579
0.109669
0.103892
0.098458
0.0933469
0.0885276
0.0839588
0.0795924
0.0753742
0.071246
0.0671441
0.0629984
0.0587279
0.0542329
0.0493771
0.0439527
0.0376208
0.0300354
0.0236044
0.170737
0.175852
0.178992
0.180545
0.180943
0.180416
0.179056
0.17689
0.173932
0.170212
0.165787
0.160741
0.155183
0.149237
0.143035
0.136703
0.130359
0.124102
0.118013
0.112151
0.106553
0.101236
0.0962008
0.0914327
0.0869056
0.0825843
0.0784263
0.0743838
0.0704042
0.0664293
0.0623944
0.0582235
0.0538212
0.0490556
0.0437222
0.037481
0.0299462
0.0234201
0.161766
0.168113
0.171256
0.172446
0.172469
0.171671
0.170175
0.168012
0.165192
0.161733
0.157675
0.153085
0.148049
0.142671
0.13706
0.131325
0.125564
0.119867
0.114302
0.108922
0.103761
0.0988347
0.0941447
0.0896786
0.0854133
0.0813173
0.0773523
0.0734747
0.069636
0.0657824
0.0618532
0.0577763
0.0534605
0.0487783
0.0435293
0.0373734
0.0298845
0.0232574
0.153202
0.162431
0.166126
0.167357
0.167296
0.166406
0.164853
0.162686
0.159922
0.15658
0.152697
0.148331
0.143563
0.138483
0.133191
0.127784
0.122353
0.116977
0.111721
0.10663
0.101737
0.0970552
0.0925858
0.088317
0.0842267
0.0802852
0.076456
0.0726977
0.0689639
0.065203
0.0613564
0.0573543
0.0531081
0.0484933
0.0433141
0.0372346
0.0298091
0.0230955
)
;

boundaryField
{
    leftWall
    {
        type            kqRWallFunction;
        value           nonuniform List<scalar> 
100
(
0.00272716
0.00441624
0.0052717
0.00575752
0.00620162
0.0067866
0.00738437
0.00794451
0.00844765
0.00889276
0.00929345
0.0096757
0.0100324
0.0103772
0.0107247
0.0110897
0.0115422
0.0122344
0.0128864
0.0133552
0.0134779
0.0132127
0.0128828
0.0161596
0.0284259
0.0339642
0.033025
0.0308645
0.0295902
0.0293144
0.0295846
0.0302502
0.0312351
0.0324314
0.0337174
0.0349881
0.0361688
0.0372134
0.0380986
0.038816
0.0393668
0.0397584
0.0400011
0.0401071
0.0400886
0.0399581
0.0397272
0.0394072
0.0390084
0.0385409
0.0380139
0.0374367
0.0368181
0.036167
0.0354921
0.0348019
0.0341049
0.0334094
0.032723
0.0320532
0.0314068
0.0307899
0.030208
0.029666
0.029168
0.0287174
0.0283173
0.0279698
0.0276762
0.0274379
0.0272564
0.027133
0.0270692
0.0270668
0.0271279
0.0272552
0.0274517
0.0277211
0.0280674
0.0284956
0.0290113
0.0296212
0.0303336
0.0311593
0.0321115
0.033207
0.0344651
0.0359084
0.0375626
0.0394582
0.0416339
0.0441408
0.047047
0.0504452
0.0544649
0.0592827
0.0651265
0.0723252
0.0816228
0.0953005
)
;
    }
    rightWall
    {
        type            kqRWallFunction;
        value           nonuniform List<scalar> 
100
(
0.00476313
0.00640238
0.00731865
0.00781482
0.00781992
0.00799102
0.00853565
0.00919589
0.00986927
0.0105265
0.0111635
0.011784
0.0123936
0.0129995
0.0136106
0.0142425
0.0153916
0.0167182
0.0182028
0.0198762
0.021789
0.024008
0.026614
0.0296974
0.0333523
0.0376667
0.0427095
0.0485173
0.0550797
0.0623282
0.0701273
0.0782729
0.0864989
0.0944939
0.101928
0.108487
0.11391
0.118018
0.120732
0.122075
0.122156
0.121143
0.119236
0.116638
0.113534
0.110082
0.10641
0.102638
0.0989298
0.0952828
0.0917018
0.0881935
0.0847648
0.0814221
0.0781713
0.0750174
0.0719648
0.0690173
0.0661781
0.0634498
0.0608346
0.0583339
0.0559487
0.0536794
0.0515257
0.0494865
0.0475602
0.0457441
0.044035
0.042429
0.0409219
0.0395087
0.0381849
0.0369456
0.0357863
0.034703
0.0336918
0.0327491
0.0318715
0.0310554
0.0302974
0.0295938
0.0289409
0.0283352
0.0277733
0.0272523
0.0267694
0.026322
0.0259081
0.0255256
0.025173
0.0248486
0.0245512
0.0242794
0.0240319
0.0238073
0.0236044
0.0234201
0.0232574
0.0230955
)
;
    }
    lowerWall
    {
        type            kqRWallFunction;
        value           nonuniform List<scalar> 
124
(
0.00272716
0.00488353
0.00739494
0.00959344
0.011397
0.0130521
0.0145232
0.0158795
0.0171616
0.0183997
0.0196153
0.0208215
0.0220254
0.0232287
0.0244294
0.0256226
0.0268016
0.0279584
0.0290842
0.0301698
0.0312054
0.0321815
0.0330881
0.0339155
0.0346537
0.035293
0.0358235
0.0362352
0.0365179
0.0366596
0.0366411
0.0364744
0.0361946
0.035746
0.0350989
0.0342312
0.0331258
0.0317795
0.0302235
0.0285395
0.0268011
0.0251782
0.0226494
0.0202736
0.017869
0.0146789
0.0146789
0.026137
0.0336852
0.0412522
0.0496666
0.0578194
0.0652641
0.0721133
0.0792353
0.0862028
0.0930819
0.100388
0.108491
0.117825
0.128887
0.143615
0.168254
0.142705
0.114801
0.0963546
0.117805
0.183347
0.19114
0.192086
0.00457561
0.00779162
0.00944626
0.012246
0.0147335
0.0170989
0.0194481
0.0218545
0.0243785
0.0270746
0.0299933
0.0331842
0.0367059
0.0406763
0.0458335
0.0606452
0.00457561
0.0107531
0.0165487
0.0203747
0.023222
0.0255818
0.0276785
0.029621
0.0313449
0.032765
0.0338683
0.0346446
0.035083
0.0351751
0.0348933
0.0342186
0.0332505
0.0320437
0.0306549
0.0291413
0.0275609
0.0259688
0.0244139
0.0229342
0.0215539
0.0202991
0.0192039
0.018212
0.0172763
0.0163488
0.0153781
0.0143072
0.0130733
0.0116056
0.00982356
0.00764206
0.00509146
0.00476313
)
;
    }
    atmosphere
    {
        type            inletOutlet;
        inletValue      uniform 0.1;
        value           nonuniform List<scalar> 
92
(
0.1
0.1
0.1
0.1
0.1
0.1
0.1
0.1
0.1
0.1
0.1
0.1
0.1
0.1
0.1
0.1
0.1
0.1
0.1
0.1
0.1
0.1
0.1
0.1
0.1
0.1
0.1
0.1
0.1
0.1
0.1
0.1
0.1
0.1
0.1
0.1
0.1
0.1
0.1
0.1
0.1
0.1
0.1
0.1
0.1
0.1
0.1
0.1
0.1
0.1
0.1
0.1
0.1
0.1
0.153202
0.162431
0.166126
0.167357
0.167296
0.166406
0.164853
0.162686
0.159922
0.15658
0.152697
0.148331
0.143563
0.138483
0.133191
0.127784
0.122353
0.116977
0.111721
0.10663
0.101737
0.0970552
0.0925858
0.088317
0.0842267
0.0802852
0.076456
0.0726977
0.0689639
0.065203
0.0613564
0.0573543
0.0531081
0.0484933
0.0433141
0.0372346
0.0298091
0.0230955
)
;
    }
    defaultFaces
    {
        type            empty;
    }
}


// ************************************************************************* //
