/*--------------------------------*- C++ -*----------------------------------*\
  =========                 |
  \\      /  F ield         | OpenFOAM: The Open Source CFD Toolbox
   \\    /   O peration     | Website:  https://openfoam.org
    \\  /    A nd           | Version:  7
     \\/     M anipulation  |
\*---------------------------------------------------------------------------*/
FoamFile
{
    version     2.0;
    format      ascii;
    class       volScalarField;
    location    "0.4";
    object      p;
}
// * * * * * * * * * * * * * * * * * * * * * * * * * * * * * * * * * * * * * //

dimensions      [1 -1 -2 0 0 0 0];

internalField   nonuniform List<scalar> 
9072
(
893.83
893.163
896.246
901.546
907.697
913.603
918.823
923.299
927.061
930.212
932.874
935.163
937.185
939.031
940.777
942.489
944.222
946.025
947.944
950.024
952.313
954.859
957.724
960.975
964.698
968.993
973.987
979.832
986.718
994.884
1004.65
1016.37
1030.37
1046.98
1066.59
1089.54
1115.84
1144.9
1175.2
1204.17
1228.84
1246.68
1252.06
1254.22
1269.67
1292.76
864.315
863.151
865.518
870.142
875.744
881.197
886.173
890.522
894.238
897.39
900.078
902.403
904.462
906.342
908.118
909.854
911.609
913.433
915.376
917.487
919.815
922.416
925.353
928.701
932.547
937.001
942.193
948.285
955.47
963.987
974.115
986.229
1000.72
1017.98
1038.41
1062.36
1089.89
1120.47
1152.55
1183.29
1209.1
1227.47
1229.64
1224.27
1229.81
1256.6
834.12
833.178
835.23
839.092
843.874
848.721
853.258
857.306
860.826
863.855
866.465
868.74
870.765
872.619
874.374
876.094
877.837
879.658
881.608
883.739
886.107
888.772
891.801
895.276
899.29
903.958
909.419
915.84
923.422
932.411
943.085
955.808
970.989
989.036
1010.33
1035.16
1063.58
1095.03
1127.98
1159.58
1185.75
1204.38
1206.9
1197.78
1192.84
1222.71
803.652
803.237
805.177
808.468
812.568
816.817
820.864
824.531
827.763
830.576
833.021
835.167
837.088
838.855
840.537
842.195
843.888
845.671
847.599
849.728
852.116
854.827
857.935
861.524
865.695
870.567
876.284
883.019
890.978
900.407
911.587
924.856
940.617
959.272
981.169
1006.54
1035.35
1067.01
1100
1131.6
1157.72
1175.97
1180.73
1173.11
1162.27
1193.28
773.186
773.371
775.261
778.155
781.723
785.447
789.027
792.304
795.217
797.77
800.005
801.977
803.751
805.393
806.966
808.531
810.145
811.865
813.747
815.849
818.233
820.966
824.126
827.801
832.095
837.133
843.061
850.055
858.323
868.11
879.692
893.389
909.578
928.636
950.869
976.448
1005.27
1036.69
1069.26
1100.51
1126.67
1145.03
1152.37
1148.41
1140.15
1169.91
742.676
743.498
745.368
747.968
751.104
754.371
757.52
760.417
763.007
765.289
767.294
769.072
770.679
772.175
773.62
775.074
776.593
778.233
780.053
782.111
784.472
787.207
790.395
794.129
798.515
803.68
809.772
816.97
825.478
835.539
847.421
861.426
877.901
897.189
919.548
945.09
973.651
1004.59
1036.54
1067.31
1093.66
1112.83
1122.84
1123.41
1120.91
1153.25
712.031
713.457
715.377
717.771
720.553
723.418
726.172
728.709
730.982
732.99
734.761
736.336
737.766
739.107
740.416
741.749
743.163
744.714
746.461
748.464
750.789
753.51
756.708
760.477
764.927
770.185
776.401
783.751
792.438
802.696
814.785
828.986
845.617
864.982
887.293
912.611
940.728
971.011
1002.22
1032.45
1058.99
1079.33
1091.71
1097.48
1103.07
1141.27
681.239
683.185
685.212
687.476
689.971
692.483
694.877
697.075
699.044
700.785
702.322
703.693
704.944
706.127
707.295
708.503
709.807
711.264
712.931
714.872
717.152
719.846
723.039
726.825
731.314
736.635
742.936
750.391
759.198
769.584
781.794
796.089
812.756
832.064
854.18
879.12
906.65
936.161
966.543
996.16
1022.78
1044.25
1059.05
1069.77
1085.15
1131.03
650.311
652.685
654.851
657.032
659.288
661.492
663.559
665.443
667.123
668.606
669.916
671.086
672.159
673.183
674.209
675.292
676.484
677.844
679.429
681.301
683.529
686.188
689.363
693.149
697.656
703.012
709.364
716.882
725.757
736.206
748.46
762.758
779.356
798.489
820.285
844.724
871.555
900.201
929.676
958.584
985.105
1007.48
1024.65
1039.91
1065.43
1119.96
619.252
621.982
624.292
626.411
628.464
630.392
632.162
633.755
635.164
636.401
637.49
638.465
639.364
640.232
641.118
642.075
643.156
644.417
645.917
647.718
649.889
652.506
655.652
659.424
663.932
669.3
675.672
683.215
692.111
702.566
714.795
729.015
745.453
764.313
785.688
809.528
835.571
863.272
891.754
919.825
946.005
968.916
988.12
1007.39
1042.32
1105.6
588.06
591.097
593.54
595.604
597.472
599.152
600.65
601.973
603.127
604.131
605.009
605.793
606.522
607.237
607.985
608.818
609.788
610.951
612.366
614.094
616.204
618.772
621.881
625.628
630.12
635.479
641.846
649.38
658.256
668.667
680.813
694.886
711.088
729.594
750.468
773.631
798.813
825.497
852.89
879.956
905.479
928.405
948.949
971.181
1014.27
1085.51
556.738
560.047
562.606
564.609
566.305
567.755
569.002
570.074
570.989
571.77
572.445
573.045
573.607
574.172
574.785
575.496
576.356
577.421
578.749
580.402
582.448
584.963
588.03
591.742
596.205
601.538
607.876
615.373
624.194
634.518
646.53
660.4
676.303
694.39
714.698
737.126
761.392
786.993
813.192
839.052
863.53
885.788
906.6
930.003
979.549
1056.58
525.287
528.847
531.498
533.432
534.962
536.197
537.21
538.047
538.736
539.305
539.784
540.204
540.603
541.02
541.499
542.088
542.838
543.805
545.046
546.623
548.603
551.061
554.079
557.748
562.171
567.463
573.754
581.189
589.925
600.128
611.963
625.584
641.14
658.759
678.457
700.109
723.419
747.882
772.782
797.219
820.214
840.985
860.622
882.549
936.162
1013.98
493.711
497.511
500.227
502.079
503.447
504.476
505.268
505.883
506.358
506.724
507.011
507.255
507.491
507.759
508.103
508.569
509.209
510.076
511.228
512.726
514.637
517.034
519.998
523.618
527.991
533.23
539.458
546.814
555.443
565.496
577.125
590.462
605.637
622.756
641.819
662.678
685.015
708.309
731.826
754.634
775.697
794.082
810.743
827.64
881.976
949.731
462.015
466.054
468.81
470.563
471.769
472.602
473.184
473.586
473.854
474.022
474.123
474.191
474.265
474.384
474.591
474.932
475.459
476.225
477.285
478.702
480.54
482.873
485.779
489.343
493.66
498.836
504.99
512.25
520.754
530.639
542.036
555.066
569.836
586.437
604.855
624.92
646.29
668.406
690.482
711.485
730.189
745.244
756.767
764.227
813.192
848.708
430.213
434.469
437.257
438.907
439.953
440.6
440.983
441.185
441.258
441.239
441.162
441.065
440.985
440.961
441.038
441.262
441.682
442.352
443.327
444.667
446.436
448.707
451.554
455.061
459.316
464.42
470.485
477.634
485.99
495.677
506.81
519.492
533.819
549.866
567.608
586.855
607.232
628.133
648.682
667.683
683.572
694.282
698.13
691.49
715.733
689.089
24.7621
24.7564
24.7526
24.7474
24.7433
24.7412
24.7414
24.7438
24.7476
24.7523
24.7567
24.7602
24.7618
24.7606
24.7559
24.7471
24.7336
24.7151
24.6915
24.6631
24.6303
24.5937
24.554
24.5123
24.4694
24.4263
24.3838
24.3428
24.3041
24.2682
24.2358
24.2072
24.1828
24.163
24.1477
24.1371
24.1307
24.1284
24.7334
24.7284
24.7255
24.7201
24.7153
24.7123
24.7116
24.7129
24.7159
24.7198
24.7236
24.7266
24.7277
24.7262
24.7213
24.7124
24.699
24.6807
24.6575
24.6296
24.5974
24.5614
24.5224
24.4812
24.4388
24.3961
24.3541
24.3135
24.275
24.2393
24.2069
24.1784
24.1541
24.1342
24.1188
24.108
24.1013
24.0993
24.7048
24.6998
24.6973
24.6919
24.6867
24.6831
24.6816
24.6822
24.6844
24.6876
24.6907
24.6931
24.6938
24.6919
24.6869
24.678
24.6646
24.6467
24.6239
24.5966
24.5649
24.5295
24.4911
24.4505
24.4085
24.3663
24.3244
24.2838
24.2454
24.2097
24.1774
24.1488
24.1244
24.1044
24.0889
24.0779
24.071
24.0695
24.6766
24.6704
24.668
24.6627
24.6572
24.6532
24.6512
24.6513
24.6529
24.6555
24.6582
24.6602
24.6605
24.6585
24.6533
24.6444
24.6312
24.6135
24.5912
24.5642
24.533
24.4981
24.4601
24.4198
24.3781
24.336
24.2941
24.2535
24.215
24.1792
24.1467
24.118
24.0934
24.0733
24.0576
24.0466
24.0395
24.0383
24.6487
24.6407
24.6378
24.6325
24.6268
24.6227
24.6204
24.6202
24.6214
24.6238
24.6261
24.628
24.6282
24.626
24.6208
24.6119
24.5988
24.5814
24.5593
24.5326
24.5018
24.4672
24.4294
24.3892
24.3475
24.3053
24.2633
24.2225
24.1837
24.1475
24.1148
24.0858
24.0611
24.0409
24.0251
24.014
24.007
24.0056
24.6206
24.6106
24.607
24.6016
24.5958
24.5917
24.5894
24.589
24.5901
24.5924
24.5946
24.5965
24.5966
24.5944
24.5893
24.5804
24.5674
24.5502
24.5282
24.5018
24.4711
24.4366
24.3989
24.3586
24.3168
24.2743
24.232
24.1908
24.1515
24.1149
24.0817
24.0525
24.0276
24.0072
23.9914
23.9802
23.9735
23.9721
24.5922
24.58
24.5758
24.5701
24.5643
24.5603
24.5582
24.5578
24.559
24.5613
24.5636
24.5655
24.5657
24.5636
24.5586
24.5498
24.5369
24.5197
24.4979
24.4716
24.4409
24.4064
24.3685
24.3281
24.2859
24.243
24.2002
24.1584
24.1186
24.0814
24.0477
24.0181
23.9928
23.9723
23.9564
23.9453
23.9389
23.9378
24.5631
24.5486
24.5442
24.5379
24.5323
24.5285
24.5268
24.5265
24.528
24.5305
24.533
24.5351
24.5355
24.5335
24.5286
24.5199
24.5071
24.4901
24.4683
24.4419
24.4111
24.3764
24.3382
24.2974
24.2548
24.2114
24.168
24.1256
24.085
24.0472
24.0129
23.9827
23.957
23.9362
23.9203
23.9092
23.9031
23.9024
24.5333
24.5162
24.5122
24.5051
24.4999
24.4964
24.4952
24.4953
24.497
24.4998
24.5026
24.5051
24.5058
24.504
24.4994
24.4908
24.4781
24.4611
24.4393
24.4127
24.3818
24.3467
24.3081
24.2668
24.2236
24.1795
24.1354
24.0923
24.0509
24.0123
23.9772
23.9464
23.9202
23.899
23.8829
23.8718
23.866
23.8656
24.5026
24.4826
24.4801
24.4718
24.4672
24.464
24.4635
24.464
24.466
24.4693
24.4725
24.4754
24.4765
24.475
24.4707
24.4624
24.4499
24.4329
24.411
24.3842
24.353
24.3174
24.2783
24.2363
24.1923
24.1474
24.1025
24.0584
24.0162
23.9768
23.9409
23.9093
23.8824
23.8607
23.8442
23.833
23.8275
23.8275
24.4708
24.4476
24.4479
24.4381
24.4341
24.4315
24.4317
24.4327
24.4351
24.4388
24.4426
24.4459
24.4475
24.4465
24.4426
24.4347
24.4223
24.4054
24.3834
24.3564
24.3248
24.2887
24.2488
24.2059
24.161
24.1151
24.0691
24.0241
23.9809
23.9405
23.9037
23.8713
23.8437
23.8213
23.8043
23.7929
23.7876
23.7879
24.4375
24.4109
24.4161
24.404
24.4007
24.3989
24.3999
24.4015
24.4041
24.4084
24.4128
24.4166
24.4188
24.4185
24.415
24.4075
24.3954
24.3786
24.3566
24.3294
24.2973
24.2605
24.2198
24.176
24.1299
24.0827
24.0355
23.9892
23.9448
23.9034
23.8656
23.8323
23.8039
23.7807
23.7631
23.7513
23.7461
23.7468
24.4025
24.3724
24.3851
24.37
24.3674
24.3663
24.3682
24.3704
24.3733
24.3781
24.3833
24.3876
24.3905
24.3908
24.3879
24.3809
24.3691
24.3525
24.3305
24.3031
24.2705
24.2331
24.1914
24.1464
24.099
24.0504
24.0016
23.9539
23.9081
23.8654
23.8265
23.7921
23.7628
23.7388
23.7204
23.7081
23.703
23.7042
24.3653
24.3327
24.3559
24.3371
24.3346
24.3343
24.3372
24.3397
24.3427
24.3481
24.3541
24.3591
24.3627
24.3638
24.3615
24.355
24.3437
24.3273
24.3053
24.2776
24.2446
24.2064
24.1637
24.1173
24.0685
24.0182
23.9677
23.9182
23.8707
23.8264
23.7861
23.7505
23.7201
23.6952
23.6761
23.6633
23.6584
23.6599
24.3261
24.2906
24.328
24.3049
24.3021
24.3032
24.3072
24.3099
24.3126
24.3185
24.3255
24.3312
24.3355
24.3375
24.3359
24.33
24.3193
24.3031
24.2811
24.2532
24.2195
24.1804
24.1366
24.0888
24.0382
23.9861
23.9337
23.8821
23.8327
23.7864
23.7444
23.7073
23.6757
23.6497
23.6298
23.6167
23.612
23.614
24.286
24.2365
24.2983
24.2677
24.266
24.2714
24.2773
24.2801
24.2824
24.2889
24.2969
24.3033
24.3082
24.311
24.3102
24.3051
24.295
24.2793
24.2575
24.2295
24.1953
24.1553
24.11
24.0606
24.0082
23.954
23.8995
23.8457
23.7941
23.7457
23.7016
23.6627
23.6294
23.6023
23.5816
23.5683
23.5639
23.5664
380.296
384.795
387.658
389.179
389.998
390.387
390.491
390.411
390.206
389.923
389.598
389.27
388.977
388.76
388.663
388.732
389.015
389.563
390.429
391.672
393.352
395.539
398.305
401.724
405.876
410.851
416.751
423.687
431.765
441.079
451.715
463.758
477.288
492.365
508.946
526.816
545.542
564.423
582.418
598.026
609.044
612.052
601.861
569.048
501.219
259.151
311.773
316.619
319.449
320.813
321.423
321.547
321.344
320.933
320.395
319.787
319.155
318.541
317.988
317.537
317.233
317.12
317.245
317.656
318.4
319.532
321.109
323.195
325.856
329.156
333.158
337.934
343.575
350.179
357.829
366.578
376.461
387.538
399.89
413.587
428.6
444.697
461.378
477.831
492.849
504.702
510.906
507.692
489.022
444.243
360.621
245.709
242.76
247.725
250.438
251.716
252.218
252.151
251.682
250.967
250.112
249.189
248.253
247.352
246.532
245.837
245.315
245.01
244.968
245.233
245.848
246.861
248.326
250.306
252.864
256.051
259.905
264.477
269.849
276.123
283.363
291.56
300.674
310.73
321.844
334.167
347.745
362.38
377.535
392.328
405.478
415.254
419.454
415.152
398.431
364.575
311.687
258.11
173.069
177.692
180.447
181.682
182.087
181.837
181.1
180.073
178.892
177.639
176.377
175.159
174.039
173.067
172.294
171.772
171.546
171.655
172.136
173.03
174.39
176.285
178.781
181.913
185.676
190.083
195.227
201.247
208.204
215.979
224.377
233.37
243.172
254.134
266.447
280.025
294.278
308.256
320.622
329.668
333.614
330.37
317.349
291.949
252.623
204.389
102.949
106.658
109.223
110
110.185
109.754
108.762
107.452
105.983
104.433
102.864
101.337
99.9177
98.6639
97.6368
96.8978
96.4926
96.4532
96.8058
97.5758
98.815
100.616
103.07
106.196
109.899
114.119
118.998
124.827
131.743
139.383
147.162
154.927
163.133
172.637
183.853
197.036
211.376
225.67
238.393
247.726
252.436
251.226
242.094
223.047
193.066
155.264
39.2673
40.4193
40.9137
40.9525
41.3973
41.2565
40.4291
39.3
38.0521
36.7219
35.3531
34.0018
32.7347
31.6046
30.666
29.9802
29.5786
29.4755
29.6756
30.1759
31.0127
32.3035
34.1953
36.7228
39.6884
42.906
46.5823
51.3524
57.6993
64.8929
71.4561
76.8909
81.973
88.3101
97.8491
110.944
126.698
143.284
158.259
168.992
175.265
177.033
172.548
160.183
139.825
114.051
6.17986
3.93577
4.23182
4.6854
5.52465
5.91745
5.86376
5.63332
5.33377
4.97863
4.58962
4.19056
3.80996
3.46482
3.17223
2.95546
2.82
2.76517
2.78694
2.87442
3.03348
3.31395
3.79243
4.50127
5.32915
6.12452
6.93443
8.0668
10.0427
13.0698
15.6127
16.5543
16.1734
15.9822
18.6771
27.1056
40.8767
59.3058
78.3652
91.4079
99.809
105.933
107.157
101.409
89.4812
73.4639
-1.49205
-1.11318
-1.1111
-1.24406
-1.25773
-1.25506
-1.25919
-1.26292
-1.26674
-1.27203
-1.27936
-1.28827
-1.29834
-1.30924
-1.32065
-1.33221
-1.34374
-1.35524
-1.36684
-1.37897
-1.39165
-1.40405
-1.41497
-1.425
-1.43646
-1.45112
-1.46553
-1.46924
-1.3949
-1.04433
-0.663682
-0.756341
-1.6258
-3.11044
-5.22039
-8.77647
-13.2732
-8.77582
6.36185
15.9218
23.024
34.3681
42.9331
43.7984
39.6336
32.8301
-1.33835
-1.32298
-1.29201
-1.27468
-1.25424
-1.2372
-1.22564
-1.21782
-1.21295
-1.21077
-1.21106
-1.21353
-1.218
-1.2243
-1.2323
-1.24188
-1.25289
-1.26522
-1.27876
-1.29338
-1.30889
-1.32489
-1.34074
-1.35569
-1.36856
-1.37652
-1.37138
-1.34104
-1.34
-1.4518
-1.60848
-1.72338
-1.84055
-1.94995
-2.03012
-2.4294
-5.6198
-11.3329
-14.3161
-24.9165
-33.8249
-27.1098
-16.9485
-13.5599
-11.8574
-9.08952
-1.40759
-1.38598
-1.3678
-1.35465
-1.34448
-1.33466
-1.32656
-1.3209
-1.31768
-1.31688
-1.31838
-1.32201
-1.32755
-1.33483
-1.34367
-1.35389
-1.36533
-1.37784
-1.39131
-1.40556
-1.4204
-1.43547
-1.45036
-1.46452
-1.47726
-1.48716
-1.49128
-1.48733
-1.49587
-1.53969
-1.59323
-1.63503
-1.6669
-1.6834
-1.67676
-1.71665
-1.99509
-2.56497
-4.9153
-10.2255
-17.8881
-26.486
-33.4994
-42.9559
-47.1808
-44.3033
-1.4617
-1.45349
-1.44211
-1.43198
-1.42399
-1.41665
-1.4106
-1.40646
-1.40443
-1.40458
-1.40688
-1.41121
-1.41741
-1.4253
-1.4347
-1.44543
-1.4573
-1.47018
-1.48392
-1.49838
-1.51338
-1.52865
-1.54388
-1.55881
-1.57319
-1.58679
-1.59925
-1.61171
-1.63195
-1.6675
-1.71064
-1.75259
-1.79014
-1.81989
-1.83331
-1.81365
-1.74993
-1.82962
-2.22752
-2.99253
-3.23993
-5.38393
-9.959
-15.5478
-22.0948
-28.6486
-1.53453
-1.52686
-1.51717
-1.50786
-1.5002
-1.49372
-1.48865
-1.48536
-1.48402
-1.4847
-1.4874
-1.49206
-1.49856
-1.50674
-1.51643
-1.52746
-1.53966
-1.55289
-1.56702
-1.58191
-1.59741
-1.61335
-1.62953
-1.64581
-1.66217
-1.67879
-1.69609
-1.71544
-1.74072
-1.77494
-1.8149
-1.8559
-1.89558
-1.9324
-1.96454
-1.9907
-2.00167
-2.04748
-2.14317
-2.24189
-2.2331
-2.42441
-3.24426
-3.67235
-4.22039
-6.27174
-1.6112
-1.60284
-1.59342
-1.58454
-1.57743
-1.57184
-1.56776
-1.56538
-1.56482
-1.56616
-1.5694
-1.5745
-1.58138
-1.58991
-1.59994
-1.61132
-1.62388
-1.6375
-1.65205
-1.66745
-1.68357
-1.7003
-1.71755
-1.73526
-1.7535
-1.77256
-1.79299
-1.81588
-1.84318
-1.87613
-1.91314
-1.95191
-1.99123
-2.03074
-2.07116
-2.11532
-2.16842
-2.24192
-2.34223
-2.44827
-2.48845
-2.5172
-2.67808
-2.75037
-2.86489
-3.27402
-1.68923
-1.68001
-1.67078
-1.66258
-1.65627
-1.65162
-1.64853
-1.64708
-1.64734
-1.64938
-1.65322
-1.65884
-1.66616
-1.67509
-1.68549
-1.69724
-1.71018
-1.72421
-1.73923
-1.75516
-1.77193
-1.78949
-1.80779
-1.82685
-1.84677
-1.86784
-1.89056
-1.91568
-1.94423
-1.97672
-2.01248
-2.05051
-2.09036
-2.13225
-2.1774
-2.22857
-2.28995
-2.36835
-2.46662
-2.57341
-2.66033
-2.74616
-2.88191
-2.99113
-3.05529
-3.17668
-1.76793
-1.75835
-1.74958
-1.74222
-1.73676
-1.73299
-1.73078
-1.73015
-1.73116
-1.73387
-1.73828
-1.7444
-1.75215
-1.76147
-1.77224
-1.78434
-1.79766
-1.8121
-1.82758
-1.84405
-1.86146
-1.87979
-1.89907
-1.91933
-1.94067
-1.96335
-1.98777
-2.01445
-2.04398
-2.07666
-2.11231
-2.15059
-2.19148
-2.23547
-2.28375
-2.3383
-2.40178
-2.47776
-2.56743
-2.66533
-2.76276
-2.86959
-3.00204
-3.13009
-3.24563
-3.39692
-1.84718
-1.83785
-1.82993
-1.82349
-1.81884
-1.81583
-1.81437
-1.81445
-1.81612
-1.81941
-1.82435
-1.83092
-1.83907
-1.84875
-1.85986
-1.87229
-1.88596
-1.90079
-1.91671
-1.93369
-1.9517
-1.97076
-1.99089
-2.01216
-2.03468
-2.05863
-2.08434
-2.11217
-2.14251
-2.17562
-2.21155
-2.25034
-2.29219
-2.33769
-2.38789
-2.44429
-2.50861
-2.5827
-2.66694
-2.75905
-2.8563
-2.9629
-3.08438
-3.21023
-3.33954
-3.48607
-1.92711
-1.91858
-1.91171
-1.90622
-1.90231
-1.89996
-1.89911
-1.89979
-1.90202
-1.90583
-1.91123
-1.9182
-1.92671
-1.93671
-1.94812
-1.96086
-1.97485
-1.99002
-2.00635
-2.0238
-2.04236
-2.06205
-2.08292
-2.10503
-2.12849
-2.15346
-2.18017
-2.20891
-2.23995
-2.27353
-2.30986
-2.34914
-2.3917
-2.43813
-2.48933
-2.54648
-2.61078
-2.68332
-2.7644
-2.85315
-2.94864
-3.05257
-3.16704
-3.28872
-3.41788
-3.55917
-2.00784
-2.00047
-1.99469
-1.99008
-1.98683
-1.98505
-1.98473
-1.98592
-1.98863
-1.99288
-1.99868
-2.006
-2.01483
-2.02511
-2.0368
-2.04981
-2.06408
-2.07957
-2.09625
-2.1141
-2.13314
-2.15338
-2.17486
-2.19766
-2.22187
-2.24763
-2.27514
-2.3046
-2.33625
-2.37031
-2.40704
-2.44673
-2.48977
-2.53669
-2.58829
-2.64547
-2.70917
-2.78015
-2.85875
-2.94477
-3.03803
-3.13937
-3.24975
-3.36815
-3.49508
-3.63297
-2.08937
-2.08332
-2.07851
-2.07467
-2.07202
-2.07073
-2.07088
-2.0725
-2.07563
-2.08027
-2.08641
-2.09405
-2.10315
-2.11369
-2.12561
-2.13887
-2.1534
-2.16917
-2.18615
-2.20435
-2.22379
-2.24448
-2.26647
-2.28982
-2.31463
-2.34101
-2.36913
-2.39916
-2.43132
-2.4658
-2.50288
-2.54288
-2.5862
-2.63334
-2.68495
-2.7418
-2.80462
-2.87404
-2.95044
-3.03395
-3.12472
-3.22336
-3.33046
-3.44584
-3.57021
-3.70499
-2.17156
-2.1668
-2.16278
-2.1596
-2.15748
-2.15664
-2.15719
-2.15921
-2.1627
-2.16768
-2.17412
-2.18203
-2.19137
-2.20213
-2.21428
-2.22775
-2.24252
-2.25853
-2.27579
-2.29429
-2.31406
-2.33512
-2.35753
-2.38133
-2.40661
-2.43346
-2.46204
-2.49252
-2.52506
-2.55987
-2.59721
-2.63742
-2.68087
-2.72803
-2.77945
-2.83577
-2.89762
-2.96556
-3.04
-3.12123
-3.20956
-3.30554
-3.40968
-3.52215
-3.64384
-3.77579
-2.25416
-2.25056
-2.24717
-2.24453
-2.24287
-2.24243
-2.24336
-2.24572
-2.24954
-2.25481
-2.26153
-2.26968
-2.27924
-2.2902
-2.30253
-2.3162
-2.33117
-2.34741
-2.3649
-2.38366
-2.4037
-2.42507
-2.44781
-2.47196
-2.49761
-2.52484
-2.55378
-2.58457
-2.6174
-2.65245
-2.68997
-2.73029
-2.77376
-2.8208
-2.8719
-2.92759
-2.98845
-3.05501
-3.12769
-3.2069
-3.29302
-3.38659
-3.48815
-3.59802
-3.71721
-3.8467
-2.33691
-2.33427
-2.33136
-2.32918
-2.32793
-2.32785
-2.32912
-2.3318
-2.33591
-2.34146
-2.34842
-2.35679
-2.36655
-2.37769
-2.3902
-2.40404
-2.41919
-2.43562
-2.45332
-2.47229
-2.49255
-2.51415
-2.53714
-2.56156
-2.58748
-2.61499
-2.6442
-2.67524
-2.70828
-2.7435
-2.78114
-2.8215
-2.86491
-2.91177
-2.96248
-3.01754
-3.07745
-3.14274
-3.21386
-3.29128
-3.37547
-3.46697
-3.56637
-3.67408
-3.79124
-3.91885
-2.41953
-2.41764
-2.41514
-2.41334
-2.41246
-2.41273
-2.41431
-2.41729
-2.42167
-2.42746
-2.43466
-2.44324
-2.45319
-2.4645
-2.47717
-2.49116
-2.50647
-2.52307
-2.54093
-2.56008
-2.58052
-2.60229
-2.62545
-2.65005
-2.67616
-2.70386
-2.73325
-2.76447
-2.79765
-2.83299
-2.8707
-2.91107
-2.95439
-3.00103
-3.05138
-3.10586
-3.16495
-3.22914
-3.29895
-3.37486
-3.45742
-3.54722
-3.64486
-3.75084
-3.86641
-3.99263
-2.50177
-2.50043
-2.49828
-2.49685
-2.49631
-2.49691
-2.4988
-2.50205
-2.50669
-2.51272
-2.52013
-2.52891
-2.53905
-2.55053
-2.56335
-2.57749
-2.59293
-2.60967
-2.62768
-2.64697
-2.66755
-2.68945
-2.71273
-2.73744
-2.76366
-2.79147
-2.82097
-2.85228
-2.88556
-2.92096
-2.95871
-2.99905
-3.04227
-3.08872
-3.13874
-3.19274
-3.25116
-3.3145
-3.38328
-3.45804
-3.53935
-3.62786
-3.72419
-3.82889
-3.9433
-4.06852
-2.58339
-2.58247
-2.58064
-2.57955
-2.57934
-2.58026
-2.58244
-2.58597
-2.59085
-2.59711
-2.60473
-2.61371
-2.62403
-2.63567
-2.64864
-2.66292
-2.67849
-2.69535
-2.71349
-2.7329
-2.75359
-2.7756
-2.79896
-2.82374
-2.85002
-2.87788
-2.90743
-2.93879
-2.9721
-3.00753
-3.04528
-3.08558
-3.12871
-3.17498
-3.22473
-3.27835
-3.33627
-3.39898
-3.46703
-3.54098
-3.62146
-3.70912
-3.80463
-3.90855
-4.02228
-4.14701
-2.66421
-2.66359
-2.66208
-2.66131
-2.66143
-2.66266
-2.66514
-2.66893
-2.67405
-2.68053
-2.68836
-2.69752
-2.70801
-2.71981
-2.73293
-2.74733
-2.76303
-2.78001
-2.79825
-2.81777
-2.83856
-2.86065
-2.88409
-2.90893
-2.93524
-2.96313
-2.99269
-3.02406
-3.05738
-3.09282
-3.13056
-3.17084
-3.2139
-3.26005
-3.30961
-3.36297
-3.42054
-3.48284
-3.55041
-3.62388
-3.70388
-3.79111
-3.88626
-3.98989
-4.10345
-4.22817
-2.74411
-2.74372
-2.74251
-2.74205
-2.74248
-2.74402
-2.74678
-2.75083
-2.75619
-2.76288
-2.7709
-2.78024
-2.7909
-2.80286
-2.81611
-2.83064
-2.84645
-2.86353
-2.88187
-2.90148
-2.92236
-2.94453
-2.96804
-2.99293
-3.01928
-3.04719
-3.07678
-3.10816
-3.14149
-3.17695
-3.21471
-3.25499
-3.29805
-3.34416
-3.39365
-3.44689
-3.50431
-3.56642
-3.6338
-3.70708
-3.78696
-3.87414
-3.96933
-4.0731
-4.18692
-4.31205
-2.82301
-2.82279
-2.82187
-2.8217
-2.82244
-2.82427
-2.82731
-2.83161
-2.83721
-2.8441
-2.85231
-2.86182
-2.87263
-2.88473
-2.89811
-2.91276
-2.92868
-2.94585
-2.96428
-2.98397
-3.00493
-3.02717
-3.05074
-3.07569
-3.10209
-3.13004
-3.15966
-3.19108
-3.22446
-3.25996
-3.29778
-3.33814
-3.38128
-3.42747
-3.47703
-3.53034
-3.58784
-3.65004
-3.71753
-3.79097
-3.87109
-3.9586
-4.05423
-4.15854
-4.27298
-4.39885
-2.90088
-2.90079
-2.90014
-2.90026
-2.90128
-2.9034
-2.9067
-2.91125
-2.91706
-2.92416
-2.93255
-2.94222
-2.95318
-2.96541
-2.97891
-2.99367
-3.00968
-3.02694
-3.04545
-3.06521
-3.08623
-3.10854
-3.13217
-3.15717
-3.18364
-3.21165
-3.24133
-3.27282
-3.30628
-3.34188
-3.37983
-3.42034
-3.46366
-3.51006
-3.55986
-3.61345
-3.67126
-3.73383
-3.80176
-3.87573
-3.95647
-4.04472
-4.14118
-4.24639
-4.36179
-4.48864
-2.97773
-2.97773
-2.97734
-2.97773
-2.97902
-2.98141
-2.98497
-2.98975
-2.99578
-3.00307
-3.01163
-3.02146
-3.03256
-3.04491
-3.05852
-3.07338
-3.08948
-3.10682
-3.12539
-3.14521
-3.16629
-3.18865
-3.21234
-3.23742
-3.26395
-3.29204
-3.32181
-3.35341
-3.38699
-3.42275
-3.46089
-3.50163
-3.54523
-3.59196
-3.64216
-3.69622
-3.75458
-3.8178
-3.88649
-3.96133
-4.04305
-4.1324
-4.23004
-4.33649
-4.45311
-4.5811
-3.05356
-3.05364
-3.0535
-3.05413
-3.05569
-3.05833
-3.06213
-3.06713
-3.07337
-3.08084
-3.08957
-3.09955
-3.11078
-3.12326
-3.13697
-3.15193
-3.16811
-3.18552
-3.20415
-3.22403
-3.24516
-3.26758
-3.29133
-3.31647
-3.34308
-3.37127
-3.40116
-3.4329
-3.46666
-3.50262
-3.54101
-3.58206
-3.62603
-3.67322
-3.72396
-3.77865
-3.83778
-3.90188
-3.97159
-4.04759
-4.13061
-4.22135
-4.32046
-4.42837
-4.54636
-4.67551
-3.1284
-3.12855
-3.12864
-3.1295
-3.13131
-3.13419
-3.13822
-3.14344
-3.14987
-3.15752
-3.16641
-3.17653
-3.18789
-3.20048
-3.2143
-3.22934
-3.2456
-3.26308
-3.28178
-3.30171
-3.3229
-3.34538
-3.36919
-3.39441
-3.42112
-3.44943
-3.47946
-3.51137
-3.54534
-3.58157
-3.62028
-3.66171
-3.70615
-3.75389
-3.8053
-3.86078
-3.92083
-3.98601
-4.05696
-4.13435
-4.21888
-4.31123
-4.41197
-4.52146
-4.64081
-4.771
-3.20229
-3.20248
-3.20279
-3.20388
-3.20591
-3.20902
-3.21327
-3.21869
-3.22531
-3.23314
-3.24218
-3.25244
-3.26391
-3.27661
-3.29052
-3.30565
-3.32199
-3.33953
-3.3583
-3.37829
-3.39954
-3.42209
-3.44599
-3.4713
-3.49812
-3.52657
-3.55677
-3.5889
-3.62313
-3.65967
-3.69876
-3.74065
-3.78564
-3.83404
-3.88623
-3.94263
-4.00376
-4.07018
-4.14252
-4.22146
-4.30765
-4.40172
-4.50415
-4.6152
-4.73578
-4.86671
-3.27524
-3.27546
-3.27597
-3.27727
-3.27953
-3.28286
-3.28731
-3.29293
-3.29972
-3.30771
-3.31689
-3.32728
-3.33887
-3.35167
-3.36567
-3.38088
-3.39729
-3.41491
-3.43374
-3.45381
-3.47513
-3.49776
-3.52175
-3.54717
-3.57413
-3.60275
-3.63316
-3.66553
-3.70006
-3.73697
-3.77651
-3.81893
-3.86455
-3.9137
-3.96678
-4.02422
-4.08654
-4.15432
-4.22818
-4.30876
-4.39669
-4.49249
-4.59657
-4.70904
-4.83059
-4.96183
-3.34726
-3.34751
-3.3482
-3.3497
-3.35217
-3.3557
-3.36035
-3.36615
-3.37311
-3.38124
-3.39056
-3.40106
-3.41276
-3.42566
-3.43975
-3.45503
-3.47152
-3.4892
-3.50811
-3.52825
-3.54966
-3.57239
-3.59648
-3.62204
-3.64916
-3.67797
-3.70861
-3.74127
-3.77616
-3.81349
-3.85352
-3.89655
-3.94288
-3.99287
-4.04692
-4.1055
-4.16911
-4.23834
-4.31379
-4.39606
-4.48571
-4.58318
-4.68875
-4.80238
-4.92452
-5.0555
-3.41836
-3.41864
-3.4195
-3.42118
-3.42385
-3.42757
-3.4324
-3.43836
-3.44548
-3.45375
-3.46319
-3.4738
-3.4856
-3.49858
-3.51274
-3.5281
-3.54466
-3.56242
-3.5814
-3.60162
-3.62313
-3.64596
-3.67018
-3.69589
-3.72319
-3.75221
-3.78312
-3.8161
-3.85138
-3.88917
-3.92976
-3.97345
-4.02056
-4.07147
-4.12657
-4.18635
-4.25132
-4.32205
-4.3991
-4.48303
-4.57431
-4.67329
-4.78008
-4.8945
-5.01672
-5.14679
-3.48856
-3.48886
-3.48987
-3.49172
-3.49456
-3.49847
-3.50346
-3.50958
-3.51683
-3.52522
-3.53477
-3.54548
-3.55736
-3.57042
-3.58465
-3.60008
-3.6167
-3.63453
-3.65358
-3.67389
-3.69549
-3.71843
-3.7428
-3.76867
-3.79616
-3.82542
-3.85662
-3.88996
-3.92565
-3.96395
-4.00514
-4.04954
-4.09748
-4.14935
-4.20557
-4.26659
-4.33294
-4.40515
-4.48376
-4.56924
-4.66197
-4.76217
-4.86982
-4.98455
-5.10624
-5.23465
-3.55785
-3.55817
-3.55931
-3.56132
-3.56432
-3.56839
-3.57353
-3.57978
-3.58715
-3.59566
-3.6053
-3.61609
-3.62805
-3.64117
-3.65546
-3.67094
-3.68762
-3.70551
-3.72464
-3.74503
-3.76672
-3.78978
-3.81428
-3.84032
-3.86803
-3.89754
-3.92905
-3.96275
-3.99889
-4.03772
-4.07954
-4.12468
-4.17348
-4.22634
-4.28368
-4.34595
-4.41366
-4.48729
-4.56732
-4.65416
-4.74807
-4.84912
-4.95714
-5.07161
-5.19208
-5.31803
-3.62622
-3.62658
-3.62783
-3.62998
-3.63313
-3.63733
-3.64261
-3.64898
-3.65646
-3.66505
-3.67477
-3.68564
-3.69765
-3.71082
-3.72516
-3.74068
-3.7574
-3.77535
-3.79453
-3.81499
-3.83678
-3.85995
-3.88459
-3.9108
-3.93871
-3.96848
-4.0003
-4.03438
-4.07097
-4.11034
-4.1528
-4.19869
-4.24836
-4.30221
-4.36066
-4.42413
-4.49311
-4.56803
-4.6493
-4.73722
-4.83194
-4.9334
-5.04124
-5.15479
-5.27334
-5.39607
-3.69369
-3.69408
-3.69543
-3.6977
-3.70098
-3.70531
-3.7107
-3.71717
-3.72473
-3.7334
-3.74319
-3.7541
-3.76615
-3.77936
-3.79373
-3.80928
-3.82603
-3.84401
-3.86324
-3.88376
-3.90562
-3.92889
-3.95366
-3.98003
-4.00815
-4.03817
-4.07029
-4.10474
-4.14178
-4.18168
-4.22478
-4.2714
-4.32192
-4.37672
-4.43621
-4.5008
-4.57091
-4.64693
-4.72918
-4.81784
-4.91295
-5.01429
-5.12137
-5.23339
-5.34936
-5.4682
-3.76026
-3.76067
-3.76211
-3.76448
-3.76788
-3.77231
-3.7778
-3.78436
-3.79199
-3.80072
-3.81055
-3.82149
-3.83356
-3.84678
-3.86116
-3.87672
-3.89348
-3.91147
-3.93073
-3.95129
-3.97321
-3.99657
-4.02144
-4.04796
-4.07626
-4.10651
-4.13892
-4.17372
-4.21118
-4.25159
-4.29529
-4.34262
-4.39393
-4.44962
-4.51006
-4.57563
-4.64669
-4.72356
-4.80646
-4.89548
-4.99051
-5.09122
-5.19699
-5.30691
-5.4198
-5.53433
-3.82592
-3.82637
-3.82788
-3.83035
-3.83383
-3.83836
-3.84392
-3.85054
-3.85823
-3.86699
-3.87684
-3.8878
-3.89987
-3.91308
-3.92745
-3.94299
-3.95974
-3.97773
-3.99699
-4.01756
-4.03952
-4.06293
-4.08789
-4.11452
-4.14298
-4.17343
-4.20609
-4.24121
-4.27906
-4.31994
-4.36419
-4.41215
-4.46419
-4.52066
-4.58192
-4.64829
-4.72008
-4.79751
-4.88072
-4.96968
-5.06417
-5.16377
-5.26777
-5.3752
-5.48474
-5.59486
-3.89068
-3.89117
-3.89275
-3.89529
-3.89886
-3.90345
-3.90908
-3.91574
-3.92346
-3.93224
-3.94209
-3.95303
-3.96509
-3.97827
-3.9926
-4.0081
-4.02481
-4.04276
-4.062
-4.08256
-4.10452
-4.12795
-4.15296
-4.17967
-4.20824
-4.23885
-4.27172
-4.30711
-4.34529
-4.38658
-4.43131
-4.47983
-4.53249
-4.58961
-4.65152
-4.71849
-4.79074
-4.86842
-4.95157
-5.04007
-5.13361
-5.2317
-5.33361
-5.43837
-5.54457
-5.65057
-3.95455
-3.95508
-3.95671
-3.95932
-3.96295
-3.9676
-3.97327
-3.97996
-3.98768
-3.99646
-4.00629
-4.0172
-4.02921
-4.04233
-4.0566
-4.07204
-4.08868
-4.10657
-4.12574
-4.14625
-4.16818
-4.19159
-4.21661
-4.24335
-4.27199
-4.30271
-4.33573
-4.37132
-4.40977
-4.45139
-4.49652
-4.54549
-4.59864
-4.65626
-4.71863
-4.78596
-4.8584
-4.93601
-5.01874
-5.1064
-5.19864
-5.29494
-5.39463
-5.49677
-5.59996
-5.7025
-4.01754
-4.01811
-4.01979
-4.02246
-4.02614
-4.03082
-4.03651
-4.04321
-4.05092
-4.05967
-4.06946
-4.08031
-4.09225
-4.10529
-4.11947
-4.13481
-4.15135
-4.16914
-4.18821
-4.20864
-4.23048
-4.25383
-4.2788
-4.30553
-4.33418
-4.36494
-4.39805
-4.43377
-4.4724
-4.51426
-4.55968
-4.60898
-4.66247
-4.72041
-4.78303
-4.85047
-4.92281
-5.00003
-5.08202
-5.16852
-5.2592
-5.35359
-5.45109
-5.5509
-5.65166
-5.75168
-4.07965
-4.08027
-4.082
-4.0847
-4.08842
-4.09313
-4.09882
-4.1055
-4.11318
-4.12188
-4.1316
-4.14237
-4.15421
-4.16715
-4.1812
-4.19642
-4.21283
-4.23047
-4.24941
-4.2697
-4.29142
-4.31465
-4.33952
-4.36617
-4.39476
-4.42549
-4.45861
-4.49438
-4.5331
-4.57509
-4.62067
-4.67016
-4.72383
-4.7819
-4.84454
-4.91184
-4.9838
-5.06033
-5.14127
-5.22637
-5.31533
-5.40779
-5.50331
-5.60125
-5.70035
-5.79897
-4.14091
-4.14158
-4.14334
-4.14608
-4.14982
-4.15453
-4.1602
-4.16685
-4.17448
-4.18311
-4.19274
-4.2034
-4.21512
-4.22792
-4.24182
-4.25687
-4.27311
-4.29058
-4.30933
-4.32944
-4.35098
-4.37404
-4.39875
-4.42525
-4.4537
-4.48433
-4.51737
-4.55309
-4.59179
-4.63379
-4.6794
-4.72892
-4.78259
-4.84059
-4.90303
-4.96993
-5.04123
-5.11679
-5.19643
-5.27994
-5.36711
-5.45774
-5.55159
-5.64822
-5.74651
-5.84476
-4.20131
-4.20203
-4.20383
-4.2066
-4.21034
-4.21504
-4.22069
-4.22728
-4.23484
-4.24337
-4.25289
-4.26342
-4.27498
-4.28761
-4.30133
-4.31619
-4.33221
-4.34946
-4.36799
-4.38786
-4.40916
-4.43199
-4.45647
-4.48275
-4.51099
-4.54143
-4.57429
-4.60985
-4.64841
-4.69029
-4.73579
-4.78517
-4.83866
-4.89638
-4.95839
-5.02464
-5.09502
-5.16936
-5.2475
-5.32929
-5.41467
-5.50363
-5.59617
-5.69205
-5.79021
-5.88906
-4.26089
-4.26164
-4.26349
-4.26627
-4.27001
-4.27469
-4.28028
-4.28681
-4.29427
-4.30269
-4.31207
-4.32244
-4.33382
-4.34625
-4.35975
-4.37437
-4.39015
-4.40713
-4.42538
-4.44496
-4.46597
-4.48851
-4.51269
-4.53866
-4.56661
-4.59676
-4.62934
-4.66463
-4.70293
-4.74455
-4.78977
-4.83885
-4.89196
-4.9492
-5.01055
-5.07592
-5.14515
-5.21806
-5.29452
-5.37451
-5.45812
-5.54558
-5.63714
-5.73275
-5.83136
-5.9314
-4.31966
-4.32044
-4.32232
-4.32512
-4.32885
-4.33348
-4.33901
-4.34545
-4.3528
-4.36108
-4.3703
-4.38048
-4.39166
-4.40386
-4.41711
-4.43145
-4.44693
-4.4636
-4.48153
-4.50077
-4.52143
-4.5436
-4.5674
-4.593
-4.62056
-4.65032
-4.68251
-4.71741
-4.75531
-4.79652
-4.84131
-4.88991
-4.94246
-4.999
-5.05948
-5.12375
-5.19161
-5.2629
-5.33754
-5.41564
-5.49751
-5.58361
-5.67441
-5.77006
-5.86944
-5.97098
-4.37768
-4.37843
-4.38033
-4.38315
-4.38686
-4.39144
-4.39689
-4.40322
-4.41044
-4.41856
-4.4276
-4.43757
-4.44851
-4.46045
-4.47341
-4.48745
-4.50259
-4.51891
-4.53646
-4.55531
-4.57555
-4.59728
-4.62064
-4.64577
-4.67286
-4.70212
-4.7338
-4.76818
-4.80555
-4.8462
-4.89039
-4.93833
-4.99013
-5.04578
-5.10518
-5.16813
-5.23442
-5.3039
-5.37658
-5.45271
-5.53283
-5.61762
-5.70777
-5.80352
-5.90371
-6.00673
-4.43487
-4.43569
-4.43759
-4.4404
-4.44408
-4.44859
-4.45395
-4.46016
-4.46722
-4.47516
-4.48399
-4.49373
-4.50441
-4.51605
-4.5287
-4.54238
-4.55716
-4.57308
-4.5902
-4.60859
-4.62836
-4.64959
-4.67242
-4.697
-4.72352
-4.75218
-4.78324
-4.81697
-4.85366
-4.89359
-4.93702
-4.98412
-5.03497
-5.08953
-5.14765
-5.20909
-5.27362
-5.34113
-5.4117
-5.48577
-5.56405
-5.64747
-5.73687
-5.83257
-5.9333
-6.03749
-4.4913
-4.49219
-4.49409
-4.49689
-4.50052
-4.50496
-4.51021
-4.51627
-4.52317
-4.53091
-4.53951
-4.54899
-4.55937
-4.5707
-4.58299
-4.5963
-4.61066
-4.62613
-4.64278
-4.66067
-4.6799
-4.70056
-4.72279
-4.74673
-4.77258
-4.80054
-4.83086
-4.86381
-4.89967
-4.93873
-4.98122
-5.0273
-5.07702
-5.1303
-5.18695
-5.24669
-5.30929
-5.37465
-5.44298
-5.51484
-5.59114
-5.67298
-5.76136
-5.85661
-5.95735
-6.06214
-4.54701
-4.54795
-4.54985
-4.55264
-4.55621
-4.56056
-4.56568
-4.5716
-4.57831
-4.58583
-4.59417
-4.60337
-4.61344
-4.62442
-4.63633
-4.64922
-4.66313
-4.67812
-4.69424
-4.71157
-4.7302
-4.75023
-4.77178
-4.79501
-4.82009
-4.84724
-4.8767
-4.90874
-4.94363
-4.98166
-5.02304
-5.06791
-5.11632
-5.16813
-5.22313
-5.281
-5.3415
-5.40457
-5.47048
-5.53995
-5.61404
-5.69399
-5.7809
-5.87509
-5.97512
-6.07972
-4.602
-4.603
-4.6049
-4.60766
-4.61117
-4.61542
-4.62041
-4.62615
-4.63266
-4.63994
-4.64802
-4.65691
-4.66664
-4.67724
-4.68874
-4.70118
-4.7146
-4.72906
-4.74462
-4.76134
-4.77932
-4.79865
-4.81945
-4.84188
-4.86611
-4.89234
-4.92083
-4.95182
-4.98561
-5.02244
-5.06254
-5.10604
-5.15294
-5.20311
-5.25628
-5.31212
-5.37037
-5.43099
-5.49433
-5.56118
-5.63275
-5.71038
-5.79522
-5.8876
-5.98602
-6.08952
-4.65632
-4.65737
-4.65927
-4.66199
-4.66543
-4.66956
-4.67441
-4.67997
-4.68626
-4.69329
-4.70108
-4.70964
-4.71901
-4.7292
-4.74026
-4.75222
-4.76513
-4.77902
-4.79397
-4.81003
-4.8273
-4.84587
-4.86586
-4.88741
-4.9107
-4.93592
-4.96332
-4.99315
-5.02568
-5.06116
-5.09982
-5.14176
-5.187
-5.23535
-5.28653
-5.34019
-5.39605
-5.45407
-5.51464
-5.57863
-5.64732
-5.72212
-5.80421
-5.8939
-5.98972
-6.09104
-4.70998
-4.71108
-4.71297
-4.71566
-4.71901
-4.72302
-4.72771
-4.73308
-4.73913
-4.74589
-4.75337
-4.76159
-4.77057
-4.78034
-4.79094
-4.80239
-4.81473
-4.82803
-4.84232
-4.85769
-4.8742
-4.89195
-4.91106
-4.93167
-4.95393
-4.97806
-5.00426
-5.03281
-5.06395
-5.09794
-5.13498
-5.17521
-5.2186
-5.26497
-5.31402
-5.36535
-5.41869
-5.47398
-5.53161
-5.59248
-5.6579
-5.72932
-5.80791
-5.89399
-5.98611
-6.08406
-4.76302
-4.76417
-4.76604
-4.76868
-4.77194
-4.77583
-4.78035
-4.78551
-4.79132
-4.79779
-4.80495
-4.8128
-4.82138
-4.8307
-4.8408
-4.85172
-4.86348
-4.87614
-4.88975
-4.90437
-4.92008
-4.93697
-4.95514
-4.97473
-4.9959
-5.01884
-5.04376
-5.0709
-5.10053
-5.13288
-5.16817
-5.20651
-5.24789
-5.29213
-5.33889
-5.38779
-5.43848
-5.49091
-5.54543
-5.60294
-5.66473
-5.73222
-5.80657
-5.8881
-5.97544
-6.06873
-4.81546
-4.81665
-4.81851
-4.82109
-4.82425
-4.828
-4.83235
-4.83729
-4.84284
-4.84902
-4.85584
-4.86331
-4.87146
-4.88032
-4.8899
-4.90025
-4.91141
-4.9234
-4.93629
-4.95013
-4.965
-4.98098
-4.99817
-5.01669
-5.0367
-5.05837
-5.08192
-5.10756
-5.13555
-5.16614
-5.19953
-5.23583
-5.27505
-5.317
-5.36135
-5.40768
-5.45564
-5.5051
-5.55637
-5.61029
-5.66811
-5.73119
-5.80064
-5.87677
-5.9583
-6.04568
-4.86733
-4.86857
-4.8704
-4.87292
-4.87598
-4.87959
-4.88374
-4.88846
-4.89374
-4.89961
-4.90607
-4.91315
-4.92086
-4.92923
-4.93828
-4.94805
-4.95857
-4.96987
-4.98202
-4.99505
-5.00904
-5.02407
-5.04023
-5.05763
-5.07642
-5.09677
-5.11886
-5.14291
-5.16917
-5.19787
-5.22922
-5.26335
-5.30026
-5.33978
-5.38159
-5.42525
-5.47038
-5.51679
-5.56471
-5.61488
-5.66844
-5.7267
-5.7907
-5.86073
-5.9356
-6.0159
-4.91867
-4.91995
-4.92174
-4.9242
-4.92715
-4.9306
-4.93456
-4.93904
-4.94405
-4.9496
-4.95569
-4.96236
-4.96962
-4.97748
-4.98599
-4.99515
-5.00501
-5.01561
-5.02698
-5.03918
-5.05227
-5.06631
-5.08141
-5.09765
-5.11518
-5.13413
-5.15471
-5.1771
-5.20154
-5.22825
-5.25745
-5.28927
-5.32373
-5.36069
-5.39984
-5.44074
-5.48296
-5.52626
-5.57076
-5.61706
-5.6662
-5.71935
-5.77749
-5.8409
-5.90847
-5.98083
-4.96951
-4.97083
-4.97258
-4.97496
-4.97779
-4.98108
-4.98485
-4.98908
-4.9938
-4.99902
-5.00474
-5.01099
-5.01777
-5.02513
-5.03306
-5.04161
-5.0508
-5.06067
-5.07125
-5.0826
-5.09476
-5.10779
-5.12179
-5.13684
-5.15306
-5.17059
-5.1896
-5.21027
-5.23281
-5.25746
-5.28441
-5.31381
-5.34571
-5.37998
-5.41635
-5.45438
-5.49364
-5.53379
-5.57485
-5.61725
-5.66186
-5.70975
-5.7618
-5.81827
-5.87817
-5.94205
-5.01988
-5.02122
-5.02292
-5.02522
-5.02794
-5.03107
-5.03463
-5.03861
-5.04304
-5.04791
-5.05325
-5.05907
-5.06538
-5.0722
-5.07956
-5.08748
-5.09599
-5.10512
-5.1149
-5.12537
-5.13658
-5.14859
-5.16147
-5.1753
-5.1902
-5.20627
-5.22367
-5.24258
-5.26318
-5.28569
-5.31031
-5.3372
-5.36642
-5.3979
-5.43138
-5.46647
-5.5027
-5.53969
-5.57731
-5.61584
-5.65595
-5.69854
-5.74444
-5.79387
-5.84597
-5.90118
-5.06982
-5.07118
-5.07282
-5.07503
-5.07762
-5.08059
-5.08394
-5.08767
-5.09179
-5.09632
-5.10127
-5.10664
-5.11247
-5.11876
-5.12553
-5.13282
-5.14063
-5.14901
-5.15797
-5.16756
-5.17781
-5.18878
-5.20053
-5.21314
-5.22668
-5.24128
-5.25706
-5.27417
-5.2928
-5.31314
-5.33539
-5.35969
-5.38616
-5.41473
-5.44522
-5.47728
-5.51043
-5.54426
-5.5785
-5.61324
-5.64895
-5.68637
-5.72619
-5.76867
-5.81306
-5.85971
-5.11934
-5.12071
-5.12229
-5.12442
-5.12688
-5.12968
-5.13282
-5.13629
-5.14011
-5.14428
-5.14883
-5.15376
-5.1591
-5.16485
-5.17103
-5.17767
-5.18479
-5.1924
-5.20055
-5.20924
-5.21854
-5.22846
-5.23908
-5.25044
-5.26263
-5.27575
-5.2899
-5.30522
-5.32186
-5.34001
-5.35985
-5.38153
-5.40518
-5.43077
-5.45819
-5.48712
-5.51715
-5.5478
-5.57873
-5.60983
-5.64136
-5.67383
-5.70782
-5.74358
-5.78049
-5.81889
-5.1685
-5.16987
-5.17137
-5.17341
-5.17575
-5.17838
-5.1813
-5.18451
-5.18802
-5.19184
-5.19598
-5.20047
-5.2053
-5.21051
-5.2161
-5.2221
-5.22851
-5.23537
-5.24269
-5.2505
-5.25883
-5.26771
-5.27719
-5.28731
-5.29816
-5.3098
-5.32233
-5.33586
-5.35053
-5.3665
-5.38393
-5.40298
-5.42377
-5.44634
-5.47061
-5.49634
-5.52316
-5.55063
-5.57832
-5.60597
-5.6336
-5.66149
-5.69005
-5.71947
-5.7493
-5.77979
-5.21731
-5.21866
-5.22009
-5.22205
-5.22427
-5.22673
-5.22943
-5.23237
-5.23557
-5.23903
-5.24277
-5.2468
-5.25114
-5.2558
-5.2608
-5.26615
-5.27187
-5.27797
-5.28447
-5.29139
-5.29876
-5.3066
-5.31495
-5.32386
-5.33337
-5.34355
-5.35447
-5.36624
-5.37897
-5.39279
-5.40784
-5.42428
-5.44222
-5.46174
-5.48282
-5.50528
-5.52883
-5.55308
-5.57757
-5.60193
-5.626
-5.64979
-5.6735
-5.69721
-5.72055
-5.74369
-5.2658
-5.26712
-5.26849
-5.27037
-5.27247
-5.27476
-5.27724
-5.27992
-5.2828
-5.2859
-5.28923
-5.29281
-5.29666
-5.30078
-5.30519
-5.30989
-5.31492
-5.32027
-5.32595
-5.332
-5.33842
-5.34523
-5.35247
-5.36017
-5.36836
-5.37711
-5.38647
-5.39651
-5.40734
-5.41906
-5.43179
-5.44566
-5.46081
-5.4773
-5.49517
-5.51431
-5.53453
-5.55548
-5.57677
-5.59797
-5.61877
-5.63897
-5.65853
-5.67739
-5.69514
-5.71182
-5.31401
-5.31529
-5.3166
-5.3184
-5.32038
-5.32251
-5.32477
-5.32718
-5.32975
-5.33249
-5.33541
-5.33855
-5.3419
-5.34548
-5.3493
-5.35338
-5.35771
-5.36232
-5.36721
-5.37239
-5.37787
-5.38368
-5.38982
-5.39634
-5.40325
-5.41059
-5.41842
-5.4268
-5.43578
-5.44547
-5.45596
-5.46736
-5.47978
-5.49332
-5.50801
-5.52383
-5.54066
-5.55825
-5.57627
-5.59432
-5.61203
-5.62907
-5.64517
-5.66011
-5.6734
-5.68488
-5.36195
-5.3632
-5.36445
-5.36619
-5.36806
-5.37002
-5.37207
-5.3742
-5.37645
-5.37883
-5.38135
-5.38404
-5.3869
-5.38996
-5.3932
-5.39666
-5.40032
-5.4042
-5.4083
-5.41263
-5.4172
-5.42202
-5.4271
-5.43245
-5.43811
-5.4441
-5.45045
-5.45721
-5.46443
-5.47217
-5.48051
-5.48955
-5.49937
-5.51005
-5.52167
-5.53422
-5.54766
-5.56182
-5.57649
-5.59133
-5.60598
-5.62007
-5.63322
-5.64505
-5.65499
-5.66271
-5.40966
-5.41088
-5.41208
-5.41378
-5.41554
-5.41734
-5.41916
-5.42102
-5.42295
-5.42497
-5.42709
-5.42934
-5.43172
-5.43425
-5.43694
-5.43978
-5.44278
-5.44595
-5.44928
-5.45279
-5.45646
-5.46032
-5.46436
-5.4686
-5.47304
-5.47772
-5.48265
-5.48786
-5.49338
-5.49927
-5.50559
-5.51239
-5.51975
-5.52774
-5.53642
-5.54582
-5.55593
-5.56669
-5.57794
-5.58946
-5.60097
-5.61214
-5.62255
-5.63176
-5.63919
-5.64437
-5.45716
-5.45838
-5.45953
-5.46121
-5.46286
-5.46448
-5.46608
-5.46767
-5.46928
-5.47094
-5.47267
-5.47448
-5.4764
-5.47842
-5.48055
-5.4828
-5.48516
-5.48763
-5.49022
-5.49292
-5.49573
-5.49866
-5.50169
-5.50485
-5.50813
-5.51154
-5.51511
-5.51884
-5.52276
-5.5269
-5.5313
-5.53601
-5.54107
-5.54655
-5.55248
-5.55892
-5.56586
-5.57329
-5.58115
-5.5893
-5.59757
-5.60569
-5.61333
-5.62007
-5.62538
-5.6288
-5.50445
-5.50572
-5.50683
-5.5085
-5.51005
-5.51151
-5.51287
-5.51419
-5.51548
-5.51679
-5.51813
-5.51952
-5.52097
-5.5225
-5.5241
-5.52576
-5.5275
-5.5293
-5.53117
-5.53309
-5.53507
-5.5371
-5.53917
-5.54129
-5.54345
-5.54566
-5.54792
-5.55025
-5.55265
-5.55515
-5.55777
-5.56052
-5.56346
-5.56662
-5.57003
-5.57372
-5.57771
-5.58202
-5.58661
-5.59145
-5.59642
-5.6014
-5.60613
-5.6103
-5.61353
-5.61539
-5.55148
-5.55294
-5.55399
-5.5557
-5.55716
-5.55844
-5.55958
-5.56061
-5.56159
-5.56255
-5.56351
-5.56449
-5.5655
-5.56654
-5.56762
-5.56873
-5.56986
-5.57102
-5.57219
-5.57337
-5.57454
-5.57571
-5.57686
-5.57799
-5.57909
-5.58015
-5.58119
-5.58219
-5.58316
-5.58412
-5.58507
-5.58603
-5.58702
-5.58805
-5.58916
-5.59036
-5.59167
-5.5931
-5.59467
-5.59637
-5.59816
-5.6
-5.60174
-5.6032
-5.60416
-5.6043
-5.5982
-5.60007
-5.60104
-5.60286
-5.60423
-5.60533
-5.60623
-5.60699
-5.60766
-5.60827
-5.60886
-5.60944
-5.61002
-5.61059
-5.61117
-5.61174
-5.6123
-5.61283
-5.61334
-5.6138
-5.61421
-5.61456
-5.61483
-5.61502
-5.61511
-5.6151
-5.61498
-5.61474
-5.61438
-5.6139
-5.61331
-5.61261
-5.61181
-5.61092
-5.60995
-5.60891
-5.60782
-5.60669
-5.60554
-5.60438
-5.60322
-5.60208
-5.60091
-5.59962
-5.59817
-5.59634
-5.64467
-5.64726
-5.64803
-5.65003
-5.65132
-5.65222
-5.65288
-5.65335
-5.65371
-5.65399
-5.65421
-5.6544
-5.65456
-5.65469
-5.65479
-5.65484
-5.65484
-5.65479
-5.65466
-5.65444
-5.65413
-5.6537
-5.65315
-5.65245
-5.6516
-5.65057
-5.64937
-5.64797
-5.64637
-5.64457
-5.64256
-5.64034
-5.63791
-5.63528
-5.63244
-5.62941
-5.62619
-5.6228
-5.61925
-5.61557
-5.6118
-5.60797
-5.60411
-5.60022
-5.5964
-5.59249
-5.69092
-5.69469
-5.69496
-5.69727
-5.69847
-5.69916
-5.69955
-5.69974
-5.69979
-5.69974
-5.69961
-5.69942
-5.69918
-5.69887
-5.6985
-5.69806
-5.69754
-5.69692
-5.69619
-5.69534
-5.69434
-5.69318
-5.69185
-5.69032
-5.68859
-5.68662
-5.68441
-5.68194
-5.67921
-5.67619
-5.67288
-5.66927
-5.66537
-5.66117
-5.65666
-5.65186
-5.64677
-5.6414
-5.63577
-5.62992
-5.62389
-5.61773
-5.61152
-5.60532
-5.59932
-5.59343
-5.73616
-5.74266
-5.7419
-5.74467
-5.74578
-5.74621
-5.74632
-5.74621
-5.74594
-5.74556
-5.74508
-5.74453
-5.74389
-5.74317
-5.74236
-5.74145
-5.74042
-5.73927
-5.73798
-5.73652
-5.73488
-5.73305
-5.73099
-5.72869
-5.72614
-5.72331
-5.72017
-5.71673
-5.71295
-5.70882
-5.70433
-5.69948
-5.69425
-5.68864
-5.68265
-5.67629
-5.66955
-5.66247
-5.65505
-5.64734
-5.63938
-5.63126
-5.62307
-5.61491
-5.60702
-5.59938
-5.7785
-5.79163
-5.78922
-5.79242
-5.79337
-5.79346
-5.79323
-5.7928
-5.79221
-5.79149
-5.79067
-5.78975
-5.78873
-5.78761
-5.78638
-5.78502
-5.78352
-5.78187
-5.78005
-5.77803
-5.77579
-5.77332
-5.7706
-5.7676
-5.76429
-5.76067
-5.7567
-5.75237
-5.74765
-5.74252
-5.73698
-5.73101
-5.7246
-5.71775
-5.71045
-5.70272
-5.69456
-5.68599
-5.67703
-5.66774
-5.65817
-5.64841
-5.63857
-5.62878
-5.61933
-5.61021
-5.81771
-5.84217
-5.83732
-5.84062
-5.84128
-5.84092
-5.8403
-5.83952
-5.83859
-5.83752
-5.83635
-5.83507
-5.83369
-5.83218
-5.83054
-5.82876
-5.82682
-5.8247
-5.82238
-5.81984
-5.81705
-5.814
-5.81067
-5.80702
-5.80304
-5.7987
-5.79398
-5.78885
-5.7833
-5.77729
-5.77082
-5.76387
-5.75644
-5.74851
-5.74009
-5.73118
-5.72179
-5.71196
-5.70171
-5.69109
-5.68017
-5.66905
-5.65784
-5.64672
-5.63596
-5.6256
-5.85825
-5.89558
-5.88653
-5.88925
-5.8896
-5.88875
-5.88767
-5.88648
-5.88516
-5.88374
-5.88221
-5.88057
-5.87882
-5.87695
-5.87493
-5.87275
-5.87039
-5.86783
-5.86505
-5.86203
-5.85874
-5.85517
-5.85128
-5.84705
-5.84247
-5.8375
-5.83211
-5.82628
-5.81999
-5.81323
-5.80596
-5.79817
-5.78986
-5.78102
-5.77166
-5.76177
-5.75138
-5.7405
-5.72918
-5.71748
-5.70546
-5.69324
-5.68093
-5.6687
-5.65686
-5.64541
-5.89974
-5.95948
-5.94095
-5.93964
-5.93907
-5.93762
-5.93593
-5.93423
-5.93248
-5.93066
-5.92877
-5.92678
-5.92469
-5.92246
-5.92009
-5.91754
-5.91481
-5.91185
-5.90866
-5.90521
-5.90148
-5.89744
-5.89306
-5.88833
-5.88321
-5.87769
-5.87173
-5.86531
-5.8584
-5.85099
-5.84306
-5.83459
-5.82557
-5.81601
-5.80589
-5.79523
-5.78405
-5.77237
-5.76024
-5.7477
-5.73485
-5.72178
-5.70863
-5.69556
-5.68282
-5.67039
-5.91125
-6.05662
-6.01233
-5.99459
-5.99019
-5.98744
-5.98484
-5.98246
-5.9802
-5.97797
-5.97571
-5.97339
-5.97097
-5.96843
-5.96573
-5.96285
-5.95977
-5.95646
-5.95291
-5.94908
-5.94495
-5.94051
-5.93571
-5.93054
-5.92498
-5.91899
-5.91255
-5.90564
-5.89824
-5.89033
-5.88188
-5.87289
-5.86335
-5.85326
-5.84261
-5.83143
-5.81973
-5.80754
-5.79491
-5.78189
-5.76856
-5.75502
-5.74141
-5.72787
-5.71465
-5.70198
-5.84954
-6.1931
-6.08998
-6.04854
-6.03819
-6.03286
-6.02889
-6.02567
-6.02282
-6.02012
-6.01746
-6.01476
-6.01197
-6.00906
-6.00599
-6.00273
-5.99926
-5.99555
-5.99158
-5.98732
-5.98275
-5.97785
-5.97259
-5.96695
-5.96091
-5.95444
-5.94751
-5.94012
-5.93224
-5.92385
-5.91495
-5.90552
-5.89557
-5.8851
-5.87411
-5.86263
-5.85068
-5.83831
-5.82556
-5.81249
-5.79919
-5.78576
-5.77229
-5.7589
-5.74561
-5.732
-199.624
-146.509
-61.9977
-42.8107
-21.7495
-6.18393
7.23329
19.261
121.159
75.5831
26.8461
-25.8172
-39.5893
-20.6876
-3.8749
5.56416
196.878
144.923
97.6488
63.3336
44.5855
32.8535
15.1831
-6.27597
157.294
128.152
103.688
82.2599
63.0758
46.295
32.0958
19.9766
125.424
108.593
93.8061
79.8535
66.8072
55.3185
45.6021
36.9596
94.8875
84.1321
74.5385
65.6076
57.415
50.1345
43.7117
37.588
61.5337
55.4337
50.2188
45.2584
40.6632
36.6759
33.2836
29.8
27.5609
25.3428
23.6893
22.0057
20.4044
19.1728
18.3447
17.1638
-6.98596
-5.37702
-3.96017
-2.95865
-2.19783
-1.2556
0.0734483
0.967427
-43.3282
-40.5756
-36.5693
-32.6637
-29.6944
-26.8656
-22.9999
-19.2936
-36.746
-43.7017
-48.5301
-49.0056
-49.8611
-51.198
-48.273
-41.4661
-8.19596
-9.40565
-9.91662
-7.59745
-13.0868
-19.3147
-21.5423
-18.2729
-3.92124
-4.19915
-4.23702
-4.27142
-4.80082
-5.30301
-5.52081
-5.78239
-3.2957
-3.35273
-3.39206
-3.4856
-3.62056
-3.71307
-3.83333
-4.11098
-3.57322
-3.68494
-3.7803
-3.87365
-3.97174
-4.05342
-4.11659
-4.1954
-3.61512
-3.70652
-3.8024
-3.90286
-4.00927
-4.11897
-4.23001
-4.33958
-3.68329
-3.77427
-3.87056
-3.97035
-4.07365
-4.18035
-4.29025
-4.40081
-3.75432
-3.84361
-3.93873
-4.03772
-4.13978
-4.24444
-4.35102
-4.45709
-3.82363
-3.91128
-4.00479
-4.10245
-4.20327
-4.30644
-4.41092
-4.51419
-3.89241
-3.97891
-4.0712
-4.16774
-4.26739
-4.36915
-4.47177
-4.57287
-3.96172
-4.04738
-4.13883
-4.23455
-4.3333
-4.43392
-4.53501
-4.6342
-4.03316
-4.11858
-4.20961
-4.3048
-4.40283
-4.50247
-4.60216
-4.69951
-4.10654
-4.19201
-4.283
-4.37804
-4.47574
-4.57467
-4.67319
-4.76883
-4.18219
-4.26776
-4.35882
-4.45389
-4.55142
-4.64982
-4.74732
-4.84145
-4.26081
-4.34666
-4.43792
-4.53305
-4.63038
-4.72819
-4.82463
-4.91723
-4.34249
-4.42882
-4.52046
-4.61576
-4.7129
-4.81009
-4.9054
-4.99637
-4.42702
-4.51389
-4.60595
-4.70144
-4.79844
-4.89501
-4.98919
-5.07853
-4.5145
-4.60178
-4.69408
-4.78958
-4.88627
-4.98213
-5.07512
-5.16285
-4.60496
-4.69246
-4.78471
-4.87988
-4.97594
-5.0708
-5.16244
-5.24851
-4.69803
-4.78556
-4.87748
-4.97198
-5.06703
-5.16057
-5.25063
-5.33496
-4.79286
-4.88018
-4.97151
-5.06503
-5.15879
-5.25079
-5.33913
-5.42169
-4.88841
-4.97518
-5.0656
-5.15784
-5.25004
-5.34034
-5.42693
-5.50783
-4.98366
-5.06944
-5.15849
-5.24904
-5.33938
-5.4278
-5.51267
-5.59208
-5.07766
-5.16189
-5.24902
-5.33736
-5.42542
-5.51171
-5.5948
-5.67284
-5.16953
-5.25161
-5.33619
-5.42171
-5.50697
-5.59074
-5.67185
-5.74849
-5.25827
-5.33761
-5.41902
-5.50114
-5.58305
-5.66385
-5.74263
-5.81762
-5.34287
-5.41892
-5.49662
-5.57482
-5.65289
-5.73027
-5.80627
-5.87917
-5.42233
-5.49467
-5.56826
-5.64216
-5.71603
-5.78957
-5.86232
-5.93253
-5.49589
-5.56426
-5.63352
-5.70293
-5.77239
-5.84179
-5.91082
-5.97763
-5.56321
-5.62753
-5.69248
-5.75746
-5.82248
-5.88757
-5.95245
-6.0151
-5.62448
-5.68494
-5.74585
-5.80668
-5.86745
-5.9282
-5.98858
-6.04638
-5.68043
-5.73749
-5.79493
-5.85211
-5.90901
-5.96555
-6.02126
-6.07368
-5.73221
-5.78659
-5.84132
-5.89557
-5.94913
-6.00175
-6.05278
-6.09955
-5.78117
-5.83376
-5.88671
-5.93885
-5.98973
-6.03887
-6.08545
-6.1267
-5.82855
-5.88033
-5.93246
-5.98336
-6.0323
-6.07858
-6.12129
-6.15769
-5.87521
-5.92713
-5.97939
-6.0299
-6.07771
-6.12201
-6.16188
-6.19478
-5.92138
-5.97429
-6.02749
-6.07846
-6.12609
-6.16959
-6.20822
-6.2396
-5.96698
-6.02145
-6.07623
-6.12838
-6.17684
-6.22097
-6.26032
-6.29264
-6.01124
-6.06768
-6.12447
-6.17845
-6.22876
-6.2751
-6.31737
-6.35326
-6.05301
-6.11157
-6.17064
-6.22705
-6.28027
-6.33043
-6.37775
-6.41947
-6.09092
-6.15154
-6.21303
-6.27234
-6.32941
-6.38476
-6.43888
-6.48802
-6.12353
-6.186
-6.24989
-6.31238
-6.3739
-6.43532
-6.49729
-6.55463
-6.14954
-6.21348
-6.27952
-6.34514
-6.4112
-6.47884
-6.54881
-6.61433
-6.16782
-6.23273
-6.30043
-6.36866
-6.43863
-6.51163
-6.5885
-6.66125
-6.17754
-6.24281
-6.31148
-6.38147
-6.45413
-6.53081
-6.61233
-6.69041
-6.1781
-6.24304
-6.31186
-6.38252
-6.45633
-6.53461
-6.61795
-6.69877
-6.16914
-6.23293
-6.30099
-6.37121
-6.4447
-6.52268
-6.6054
-6.68637
-6.15057
-6.21221
-6.27839
-6.34695
-6.41871
-6.49478
-6.57519
-6.65415
-6.12294
-6.18133
-6.24434
-6.30979
-6.37823
-6.45054
-6.52668
-6.60151
-6.08724
-6.14127
-6.19988
-6.26094
-6.32468
-6.39159
-6.4614
-6.52958
-6.04511
-6.09373
-6.14667
-6.202
-6.25975
-6.32003
-6.38223
-6.44213
-5.99854
-6.04115
-6.08754
-6.13607
-6.18672
-6.23933
-6.29301
-6.34384
-5.94965
-5.98598
-6.02537
-6.06645
-6.10925
-6.15357
-6.1984
-6.24025
-5.90042
-5.93073
-5.96328
-5.99685
-6.03159
-6.06745
-6.10358
-6.13708
-5.85231
-5.87713
-5.90349
-5.93017
-5.95732
-5.98504
-6.01283
-6.03869
-5.80616
-5.8258
-5.84659
-5.86729
-5.88788
-5.90844
-5.92868
-5.94764
-5.76311
-5.77762
-5.79316
-5.80865
-5.82388
-5.83867
-5.85273
-5.86578
-5.72477
-5.73429
-5.74473
-5.75542
-5.76612
-5.7764
-5.78577
-5.79416
-5.69245
-5.69752
-5.70315
-5.7092
-5.71565
-5.72202
-5.7277
-5.73255
-5.66648
-5.66818
-5.66978
-5.67158
-5.67385
-5.67634
-5.67855
-5.68044
-5.64603
-5.64579
-5.64468
-5.64319
-5.64176
-5.64045
-5.63913
-5.63813
-5.62953
-5.62858
-5.62622
-5.62284
-5.61883
-5.61444
-5.60988
-5.60605
-5.61558
-5.61453
-5.61194
-5.60796
-5.60275
-5.59653
-5.58969
-5.58357
-5.60369
-5.60247
-5.59997
-5.5961
-5.59079
-5.58403
-5.57619
-5.5688
-5.59442
-5.59261
-5.58991
-5.58623
-5.58127
-5.57482
-5.56705
-5.55946
-5.58888
-5.58602
-5.58267
-5.57881
-5.5741
-5.56818
-5.56103
-5.55395
-5.58805
-5.58393
-5.57956
-5.5751
-5.57027
-5.56464
-5.55811
-5.55177
-5.59243
-5.58711
-5.58161
-5.57629
-5.57095
-5.56524
-5.55901
-5.5532
-5.60202
-5.59573
-5.58924
-5.583
-5.57694
-5.57077
-5.56438
-5.55868
-5.61654
-5.60961
-5.60236
-5.59528
-5.58837
-5.58142
-5.5744
-5.56829
-5.63574
-5.62844
-5.62067
-5.61285
-5.60499
-5.59694
-5.58877
-5.58161
-5.66
-5.65233
-5.64416
-5.63573
-5.62693
-5.61748
-5.60693
-5.59563
-5.69316
-5.68665
-5.67935
-5.67133
-5.66191
-5.6488
-5.62712
-5.59548
-5.72028
-5.71128
-5.7006
-5.68729
-5.66947
-5.64272
-5.60014
-5.55281
24.1059
24.1358
24.2571
24.1995
24.2017
24.2166
24.2302
24.234
24.2352
24.2428
24.2529
24.2604
24.2664
24.2705
24.2709
24.2669
24.2578
24.2429
24.2216
24.1936
24.1587
24.1173
24.07
24.0178
23.9621
23.9043
23.8459
23.7883
23.7328
23.6806
23.633
23.5908
23.5547
23.5253
23.5032
23.4898
23.486
23.489
21.8535
23.8812
24.3361
24.3388
24.2564
24.2037
24.1951
24.19
24.1812
24.1883
24.2017
24.2093
24.2161
24.2221
24.2239
24.2208
24.2124
24.198
24.177
24.1487
24.1128
24.0694
24.0189
23.9625
23.9015
23.8375
23.7725
23.7079
23.6457
23.5871
23.5335
23.4858
23.4449
23.4118
23.3874
23.3733
23.3704
23.3746
-16.0151
0.257291
15.2312
23.8671
24.0732
24.2038
24.2542
24.2176
24.1517
24.157
24.176
24.1752
24.1751
24.1803
24.1825
24.18
24.1719
24.1577
24.1363
24.1072
24.0699
24.0242
23.9704
23.9092
23.8422
23.771
23.6977
23.6245
23.5534
23.4864
23.4251
23.3705
23.3239
23.2863
23.2592
23.2447
23.243
23.2489
3.29216
-3.41795
-6.00732
-2.10585
5.27931
16.5806
23.742
24.0757
24.0237
24.1421
24.2161
24.1808
24.1611
24.162
24.158
24.1481
24.1369
24.1223
24.1003
24.0699
24.0304
23.9815
23.9235
23.8571
23.7834
23.7041
23.6214
23.5376
23.4556
23.3778
23.3066
23.2434
23.1896
23.1468
23.1167
23.1017
23.1019
23.11
21.8219
8.65265
3.28205
2.29282
0.54477
-2.11111
-1.34176
5.04263
15.8691
23.073
23.9511
23.9881
24.12
24.1943
24.1773
24.142
24.1179
24.0964
24.0697
24.037
23.9946
23.9416
23.8782
23.8053
23.7239
23.6355
23.5421
23.4464
23.3514
23.2605
23.1768
23.1028
23.0402
22.991
22.9574
22.9422
22.9447
22.9555
26.2194
13.5563
7.42256
4.87825
3.19263
2.58455
3.25831
2.69564
-0.183969
-1.43936
5.92128
17.5592
23.1661
23.9222
24.0352
24.127
24.1396
24.099
24.0533
24.0118
23.9631
23.9045
23.8345
23.7536
23.6629
23.5637
23.4583
23.349
23.2392
23.133
23.0343
22.9468
22.8733
22.8163
22.7785
22.763
22.7686
22.7828
22.1169
11.6387
5.64479
2.81142
1.50411
1.41017
2.17653
3.28002
5.65063
9.26004
3.16935
-0.0557006
2.01895
12.2394
21.6492
23.747
23.9929
24.0581
24.0555
24.0061
23.9405
23.8707
23.792
23.7019
23.6001
23.4882
23.3682
23.243
23.1165
22.9928
22.8767
22.773
22.6861
22.6196
22.5765
22.5607
22.57
22.5883
12.7613
5.20842
0.672452
-1.47961
-2.54794
-2.78263
-2.16125
-0.815257
1.06215
2.58821
1.5138
1.4859
1.37013
0.773432
1.84555
10.8333
21.2513
23.7182
23.9441
23.968
23.9197
23.8423
23.7499
23.6483
23.5346
23.4077
23.2702
23.1261
22.9799
22.8363
22.7005
22.5782
22.4754
22.3972
22.3476
22.3311
22.3448
22.3684
-0.334844
-4.60526
-6.89686
-7.56756
-7.8601
-7.83283
-7.20592
-6.04604
-4.66743
-3.46732
-2.74427
-1.70359
-0.643657
0.578183
1.17403
1.21509
3.30795
13.4412
22.453
23.7989
23.8329
23.7912
23.7053
23.5916
23.4635
23.3207
23.1627
22.9956
22.8258
22.659
22.5009
22.3578
22.2369
22.145
22.0874
22.0696
22.0886
22.1184
-16.7762
-17.5763
-17.0431
-15.3914
-14.384
-13.8004
-12.8234
-11.4282
-10.0295
-8.812
-7.70149
-6.35792
-4.73688
-2.82756
-1.11956
0.28081
0.975046
1.94356
7.06381
18.8812
23.4853
23.6793
23.6452
23.532
23.3871
23.2237
23.0429
22.8482
22.6498
22.4556
22.2722
22.1062
21.9653
21.8579
21.7907
21.771
21.796
21.8333
-32.3426
-31.5456
-29.1895
-24.9567
-22.3689
-21.2437
-19.6238
-17.4301
-15.5492
-14.1013
-12.7011
-11.0953
-9.37038
-7.50895
-5.43901
-3.20501
-1.26979
0.225409
1.33817
4.94686
15.2422
22.9404
23.48
23.4408
23.2979
23.114
22.9054
22.6792
22.4463
22.2197
22.0075
21.8165
21.6543
21.53
21.4519
21.4295
21.4612
21.5073
-19.5315
-28.0864
-31.2634
-28.9683
-27.4468
-27.4227
-26.7013
-24.2577
-22.0063
-20.3386
-18.5512
-16.3569
-14.2572
-12.3514
-10.2196
-7.85876
-5.47106
-3.03443
-0.899598
0.808468
4.2984
13.7456
22.3584
23.196
23.1533
22.9725
22.7406
22.4797
22.2078
21.943
21.6983
21.4804
21.2962
21.1545
21.0647
21.0391
21.0781
21.1342
-6.91795
-8.08116
-7.94529
-5.55628
-8.34473
-14.7916
-21.341
-22.6
-22.8182
-23.6443
-23.992
-22.3575
-20.1471
-18.1449
-15.6025
-12.806
-10.2672
-7.60866
-4.81982
-2.19959
0.137765
4.26648
14.0653
22.0728
22.8286
22.7596
22.5228
22.2318
21.9209
21.615
21.3342
21.0882
20.8821
20.7234
20.622
20.5932
20.6401
20.7075
-4.72067
-4.95593
-5.12586
-5.56756
-5.94832
-5.5589
-2.73921
1.41499
0.379482
-7.12405
-16.4254
-19.9338
-20.9921
-22.6474
-21.6508
-18.6596
-15.806
-12.6783
-9.5344
-6.41736
-3.34935
-0.346895
5.03653
15.6155
21.9109
22.4
22.2302
21.9134
21.5646
21.2197
20.9027
20.6285
20.4021
20.2283
20.1165
20.0851
20.1407
20.2203
-4.33663
-4.42303
-4.62789
-5.12549
-5.4761
-5.60919
-5.70606
-5.78104
-5.80085
-5.26046
-2.13236
1.74637
0.147821
-11.7081
-18.835
-20.6194
-21.4797
-18.7208
-14.9197
-11.225
-7.59206
-4.08134
-0.287818
6.81998
17.6805
21.5521
21.798
21.4946
21.1171
20.7367
20.3879
20.0889
19.8455
19.6603
19.5411
19.5087
19.5738
19.6663
-4.48842
-4.65242
-4.82974
-5.04678
-5.22345
-5.32978
-5.40025
-5.43688
-5.45997
-5.57984
-5.90195
-6.0554
-5.94902
-4.12768
0.403359
-3.78934
-16.7997
-20.9914
-20.6006
-16.8958
-12.3371
-8.06751
-4.04078
0.661863
10.8098
19.5109
20.9888
20.9241
20.5537
20.1428
19.7712
19.4558
19.2019
19.0111
18.8892
18.8585
18.9341
19.0399
-4.56302
-4.74153
-4.91707
-5.10988
-5.2745
-5.3932
-5.47516
-5.52831
-5.56066
-5.60727
-5.67314
-5.6832
-5.67309
-5.81628
-6.15138
-5.64302
-2.41632
-6.23067
-18.4478
-21.4215
-17.8221
-12.5235
-7.44393
-1.72975
4.70859
14.7695
19.5323
20.187
19.8406
19.4111
19.031
18.7145
18.4612
18.2736
18.1557
18.1309
18.218
18.3371
-4.61288
-4.7897
-4.96048
-5.13225
-5.28704
-5.40608
-5.49603
-5.5651
-5.61858
-5.67059
-5.72558
-5.7557
-5.75739
-5.76273
-5.7685
-5.82358
-6.11868
-5.70879
-5.29272
-15.8085
-21.4498
-17.6894
-11.656
-6.13081
-0.541766
8.49961
17.3357
19.0528
18.9067
18.5193
18.1506
17.8519
17.6156
17.443
17.3379
17.3244
17.4242
17.5559
-4.66491
-4.8381
-5.00222
-5.15936
-5.29982
-5.41433
-5.506
-5.57995
-5.64015
-5.69414
-5.74497
-5.78082
-5.79982
-5.82079
-5.83514
-5.83312
-5.82502
-5.91163
-6.11746
-6.71281
-16.5377
-21.3477
-16.4366
-10.0796
-4.43637
3.56095
14.0909
17.2285
17.746
17.4502
17.1113
16.8588
16.6611
16.518
16.4365
16.4405
16.5545
16.6977
-4.72018
-4.88937
-5.04703
-5.1935
-5.32391
-5.43363
-5.52385
-5.5978
-5.65853
-5.71042
-5.75589
-5.79115
-5.81744
-5.843
-5.86358
-5.87291
-5.87726
-5.87522
-5.91597
-6.09071
-8.60574
-19.0217
-20.5559
-14.132
-7.78369
-0.761565
9.06192
14.9423
16.4488
16.1849
15.9032
15.7344
15.5994
15.5027
15.4563
15.4847
15.6141
15.7672
-4.77843
-4.94329
-5.09504
-5.23351
-5.3564
-5.46121
-5.54869
-5.62118
-5.68119
-5.73158
-5.77415
-5.80821
-5.83452
-5.85661
-5.8734
-5.88521
-5.89774
-5.90372
-5.9013
-5.89474
-6.1729
-12.1797
-21.7458
-18.2186
-11.0799
-4.60571
4.37983
12.8606
14.933
14.697
14.537
14.4911
14.441
14.4072
14.4075
14.4667
14.6122
14.7731
-4.84053
-5.00098
-5.1472
-5.27889
-5.39517
-5.49482
-5.5788
-5.64923
-5.70829
-5.75801
-5.7996
-5.83274
-5.85732
-5.87437
-5.88451
-5.89066
-5.89735
-5.90485
-5.90172
-5.86515
-5.93643
-7.21501
-18.1637
-20.9582
-14.1124
-7.13222
1.47515
10.5874
12.8555
12.9417
13.027
13.1484
13.2046
13.2488
13.3054
13.4001
13.5617
13.7279
-4.90674
-5.06297
-5.20407
-5.32975
-5.44
-5.53456
-5.61475
-5.68271
-5.74046
-5.78951
-5.83047
-5.86273
-5.88537
-5.89804
-5.90127
-5.89898
-5.89706
-5.89863
-5.90148
-5.88293
-5.86892
-6.07658
-12.0998
-21.5121
-16.4995
-8.82477
-0.330562
8.17898
10.5476
11.0388
11.4372
11.7476
11.9216
12.0524
12.1704
12.3027
12.4789
12.6474
-4.97661
-5.12897
-5.26539
-5.3857
-5.49058
-5.58055
-5.65734
-5.72306
-5.77945
-5.82748
-5.86722
-5.89777
-5.91783
-5.92643
-5.92385
-5.91324
-5.9015
-5.89462
-5.89299
-5.87946
-5.8334
-5.98613
-8.65033
-20.3184
-17.8802
-9.91234
-1.75238
5.98155
8.49028
9.11934
9.83817
10.3411
10.6303
10.8475
11.026
11.1942
11.3822
11.5496
-5.04986
-5.19866
-5.33077
-5.4462
-5.54634
-5.63245
-5.70664
-5.77092
-5.82648
-5.87344
-5.91114
-5.93853
-5.9546
-5.95868
-5.951
-5.93386
-5.91269
-5.89561
-5.8874
-5.8746
-5.82884
-5.92721
-7.16305
-17.8088
-18.1828
-10.3918
-2.62683
4.47022
6.84733
7.36912
8.35036
8.98706
9.37054
9.66414
9.89576
10.0947
10.2903
10.4532
-5.12645
-5.27199
-5.40013
-5.51114
-5.60711
-5.69005
-5.76243
-5.82611
-5.8815
-5.9276
-5.96269
-5.98547
-5.99576
-5.9942
-5.98159
-5.95924
-5.93072
-5.90368
-5.88749
-5.87591
-5.83937
-5.90304
-6.50979
-15.3961
-17.816
-10.2638
-2.59932
3.43596
5.56359
6.07972
7.094
7.74129
8.18025
8.52914
8.80047
9.02231
9.2208
9.37622
-5.2061
-5.34872
-5.47337
-5.5806
-5.6731
-5.75353
-5.8247
-5.8882
-5.94368
-5.98886
-6.02082
-6.03789
-6.04086
-6.03223
-6.01423
-5.98751
-5.95334
-5.91824
-5.89383
-5.88201
-5.84987
-5.8898
-6.25898
-14.1195
-17.3703
-9.48347
-1.24521
2.80133
4.15596
5.11469
6.01354
6.61066
7.07772
7.45916
7.75557
7.99179
8.18844
8.33405
-5.28808
-5.42821
-5.55
-5.6543
-5.74426
-5.823
-5.8934
-5.95672
-6.01182
-6.05535
-6.08336
-6.09391
-6.08866
-6.07199
-6.04778
-6.01675
-5.97805
-5.93642
-5.90463
-5.88665
-5.84631
-5.88902
-6.40015
-14.478
-16.8643
-8.65949
1.11232
2.72593
2.74586
4.22585
5.01158
5.57855
6.06288
6.46054
6.77047
7.01363
7.20465
7.33911
-5.37157
-5.50962
-5.62918
-5.73143
-5.81987
-5.89779
-5.96786
-6.03072
-6.08443
-6.12491
-6.14773
-6.15108
-6.13751
-6.11279
-6.08199
-6.04616
-6.00324
-5.95599
-5.91767
-5.89091
-5.83879
-5.90668
-6.80384
-15.4118
-16.3841
-7.91474
1.50448
2.50225
1.82938
3.36343
4.07403
4.6382
5.13184
5.53504
5.85042
6.0947
6.27741
6.40047
-5.45594
-5.59221
-5.71008
-5.81099
-5.89866
-5.97638
-6.04636
-6.10834
-6.15949
-6.19526
-6.21148
-6.2072
-6.18594
-6.15414
-6.11711
-6.07597
-6.02845
-5.97612
-5.93168
-5.89578
-5.83521
-5.96466
-7.69984
-16.4237
-14.3819
-6.2221
-0.0308021
1.39365
1.39348
2.58761
3.22543
3.78991
4.28176
4.68292
4.99792
5.23888
5.41139
5.52442
-5.54067
-5.67541
-5.79197
-5.89198
-5.97918
-6.05679
-6.12645
-6.18691
-6.23445
-6.2642
-6.27281
-6.26088
-6.23309
-6.19574
-6.15327
-6.10641
-6.05359
-5.99638
-5.94606
-5.89707
-5.83965
-6.12624
-9.46768
-16.0135
-10.6107
-2.85145
-0.139114
-0.0454446
1.01613
1.8571
2.45838
3.02429
3.5081
3.90304
4.21355
4.44776
4.60801
4.71501
-5.62497
-5.75844
-5.874
-5.97329
-6.05993
-6.13692
-6.20545
-6.2635
-6.30667
-6.32987
-6.33077
-6.31183
-6.27886
-6.23733
-6.18989
-6.13688
-6.07827
-6.01698
-5.95895
-5.89092
-5.90974
-6.69814
-13.0078
-14.7011
-8.30801
-1.03281
-0.510826
-0.840957
0.476082
1.15358
1.7651
2.33245
2.80707
3.19366
3.49665
3.72182
3.86656
3.97372
-5.70763
-5.84001
-5.95477
-6.05339
-6.13908
-6.21456
-6.28078
-6.33541
-6.37381
-6.39089
-6.38517
-6.36055
-6.32349
-6.27817
-6.22541
-6.16575
-6.10162
-6.03702
-5.96922
-5.88556
-6.10297
-8.84289
-15.2874
-11.8818
-4.69086
-1.99299
-1.98821
-1.11474
-0.0858927
0.534779
1.1613
1.71581
2.17746
2.55255
2.84504
3.05865
3.19014
3.29597
-5.78697
-5.91825
-6.03219
-6.12994
-6.21414
-6.28716
-6.34996
-6.40039
-6.43414
-6.44641
-6.43611
-6.40762
-6.36704
-6.31716
-6.25799
-6.19135
-6.12218
-6.05424
-5.97999
-6.00382
-6.93913
-13.6289
-13.6298
-6.94144
-1.4262
-2.16012
-2.47489
-1.34443
-0.59858
0.0221109
0.64264
1.17363
1.61718
1.97687
2.25621
2.45746
2.57568
2.6764
-5.86113
-5.9909
-6.10351
-6.19981
-6.28181
-6.3516
-6.41034
-6.4565
-6.48638
-6.49574
-6.48339
-6.45295
-6.40912
-6.35354
-6.2872
-6.21352
-6.13921
-6.05579
-5.98367
-6.2053
-11.0193
-14.6256
-9.09039
-2.84678
-1.78892
-2.68366
-2.2482
-1.59447
-1.01261
-0.387243
0.19977
0.701752
1.12219
1.46278
1.72645
1.91411
2.0198
2.11191
-5.92832
-6.05556
-6.1657
-6.25937
-6.33817
-6.40414
-6.45883
-6.50146
-6.52909
-6.53788
-6.52607
-6.49562
-6.44913
-6.38752
-6.31449
-6.23706
-6.14835
-6.0468
-6.12014
-9.22932
-14.5289
-10.6745
-4.01213
-1.46828
-2.80693
-2.84691
-2.29142
-1.85192
-1.30865
-0.713655
-0.173428
0.294079
0.686856
1.00536
1.25117
1.42401
1.5181
1.59976
-5.98705
-6.11009
-6.21584
-6.30501
-6.37928
-6.44099
-6.49211
-6.53265
-6.56015
-6.57104
-6.5625
-6.53456
-6.48717
-6.41992
-6.34395
-6.26015
-6.16827
-6.20974
-8.06104
-14.4513
-12.0393
-5.99565
-2.23748
-3.00203
-3.10931
-2.83404
-2.48982
-2.07527
-1.52715
-0.980953
-0.488173
-0.0582683
0.304165
0.59871
0.825212
0.982431
1.06579
1.13659
-6.0363
-6.15286
-6.25175
-6.334
-6.40196
-6.45866
-6.50678
-6.54683
-6.57669
-6.5926
-6.59072
-6.56958
-6.52486
-6.45366
-6.37202
-6.29133
-6.30313
-7.30822
-14.0198
-13.0836
-7.75097
-3.39681
-3.23762
-3.26805
-3.14156
-2.93475
-2.6426
-2.20254
-1.69163
-1.20211
-0.756118
-0.364741
-0.0333424
0.236538
0.443108
0.584533
0.65806
0.718373
-6.0757
-6.1831
-6.27231
-6.34492
-6.4044
-6.45505
-6.50062
-6.54208
-6.57684
-6.60047
-6.60949
-6.6022
-6.56787
-6.48759
-6.40843
-6.37784
-7.18497
-13.5845
-13.0089
-9.04319
-4.60284
-3.50432
-3.50596
-3.39209
-3.24709
-3.03243
-2.70627
-2.27849
-1.82544
-1.38896
-0.987742
-0.633861
-0.332777
-0.087307
0.0995189
0.22558
0.290204
0.340809
-6.10569
-6.20135
-6.27803
-6.33818
-6.38721
-6.43131
-6.47526
-6.52091
-6.56381
-6.59767
-6.62218
-6.63963
-6.62611
-6.54902
-6.44099
-7.8964
-13.629
-11.7504
-8.77597
-5.50759
-3.94714
-3.82211
-3.68647
-3.52897
-3.34479
-3.08394
-2.74146
-2.34812
-1.94334
-1.55232
-1.19203
-0.872983
-0.600529
-0.378452
-0.210525
-0.0989232
-0.0422515
-0.000368638
-6.12794
-6.20982
-6.2714
-6.31711
-6.35483
-6.39369
-6.4377
-6.48905
-6.5441
-6.59509
-6.6438
-6.70188
-6.7158
-6.70289
-9.42939
-12.1407
-9.74062
-7.91913
-5.90631
-4.35865
-4.17716
-4.02331
-3.82643
-3.63893
-3.40768
-3.11803
-2.7816
-2.41846
-2.05173
-1.69969
-1.37571
-1.0881
-0.842065
-0.641827
-0.491488
-0.393122
-0.343458
-0.30924
-6.1451
-6.21192
-6.25721
-6.28774
-6.31461
-6.34975
-6.39631
-6.45245
-6.51906
-6.59435
-6.67939
-6.80077
-6.83723
-6.56294
-4.10534
-5.16097
-5.19389
-5.04374
-4.67346
-4.5606
-4.32746
-4.10979
-3.93457
-3.71739
-3.45391
-3.15288
-2.82646
-2.48818
-2.15358
-1.83545
-1.54333
-1.28384
-1.06184
-0.881593
-0.747273
-0.660766
-0.61721
-0.589608
-6.16032
-6.21189
-6.24139
-6.25754
-6.27378
-6.30403
-6.35256
-6.41602
-6.49295
-6.58728
-6.70741
-6.87485
-6.96238
-6.7033
-1.39287
1.14683
0.604294
-3.13007
-5.40083
-4.77846
-4.40506
-4.23811
-4.03099
-3.7759
-3.49069
-3.18635
-2.87171
-2.55645
-2.25045
-1.96206
-1.69805
-1.4637
-1.26338
-1.10119
-0.981241
-0.905203
-0.866935
-0.844971
-6.17727
-6.21482
-6.23086
-6.23551
-6.24159
-6.26538
-6.31084
-6.37828
-6.46552
-6.57488
-6.71233
-6.89864
-7.12524
-7.33363
-7.04139
-4.27689
-3.88003
-5.38545
-5.49143
-4.96992
-4.63812
-4.3844
-4.10892
-3.81698
-3.51793
-3.21581
-2.91568
-2.62285
-2.34289
-2.08105
-1.84213
-1.63032
-1.44945
-1.30345
-1.19628
-1.1294
-1.09571
-1.07851
-6.19967
-6.22586
-6.23344
-6.2289
-6.22831
-6.24768
-6.2868
-6.34741
-6.43279
-6.54725
-6.6943
-6.8825
-7.13726
-7.50807
-7.9743
-8.17414
-7.37522
-6.36026
-5.78648
-5.26794
-4.84421
-4.4855
-4.15275
-3.83762
-3.53412
-3.24057
-2.9576
-2.68691
-2.43116
-2.19349
-1.97722
-1.78567
-1.62225
-1.49071
-1.39487
-1.336
-1.30628
-1.2931
-6.23105
-6.24992
-6.25406
-6.2454
-6.24502
-6.26405
-6.29781
-6.34212
-6.40526
-6.49555
-6.61864
-6.77103
-6.96249
-7.20409
-7.35835
-7.47038
-7.30648
-6.84246
-6.05602
-5.40756
-4.9084
-4.50257
-4.15157
-3.83399
-3.53854
-3.26021
-2.99694
-2.74843
-2.51562
-2.30024
-2.10456
-1.93127
-1.78353
-1.66495
-1.57918
-1.52731
-1.50107
-1.49128
-6.27417
-6.29205
-6.2968
-6.29379
-6.30096
-6.32704
-6.36215
-6.38653
-6.40745
-6.44275
-6.50029
-6.5812
-6.69273
-6.83762
-6.93093
-6.9077
-6.73367
-6.3739
-5.7983
-5.26241
-4.8146
-4.43649
-4.10628
-3.80796
-3.5325
-3.27521
-3.03389
-2.8077
-2.59678
-2.40204
-2.22511
-2.06836
-1.93477
-1.82784
-1.7511
-1.7054
-1.68224
-1.67531
-6.32988
-6.35305
-6.36331
-6.37777
-6.40169
-6.4464
-6.49696
-6.51258
-6.48385
-6.42541
-6.37638
-6.34825
-6.3462
-6.3638
-6.34961
-6.24566
-6.03439
-5.73542
-5.35787
-4.98129
-4.63446
-4.32
-4.03315
-3.76782
-3.51997
-3.28751
-3.06948
-2.8654
-2.67524
-2.49956
-2.33974
-2.19798
-2.07723
-1.9809
-1.9123
-1.87208
-1.85167
-1.84715
-6.39739
-6.43117
-6.45303
-6.4896
-6.54532
-6.62631
-6.71262
-6.75179
-6.69727
-6.50933
-6.26099
-6.08327
-5.95947
-5.86944
-5.77569
-5.64247
-5.45802
-5.23144
-4.9713
-4.70451
-4.44339
-4.19233
-3.95268
-3.72401
-3.50627
-3.29986
-3.1052
-2.92242
-2.75165
-2.59347
-2.44921
-2.32111
-2.21209
-2.12545
-2.06424
-2.02894
-2.01101
-2.00851
-6.47359
-6.52277
-6.56299
-6.61922
-6.71297
-6.85031
-6.98256
-7.02571
-6.97979
-6.67256
-6.07675
-5.74812
-5.53527
-5.38539
-5.26139
-5.13686
-4.99798
-4.8394
-4.66041
-4.47015
-4.27411
-4.07594
-3.87871
-3.68467
-3.49606
-3.31487
-3.1425
-2.97962
-2.82667
-2.6844
-2.55429
-2.43866
-2.34043
-2.26269
-2.20824
-2.17735
-2.16165
-2.16085
-6.55382
-6.62049
-6.68194
-6.75642
-6.87818
-7.05842
-7.22904
-7.29672
-6.78639
-5.75359
-5.56169
-5.27404
-5.06165
-4.91352
-4.80329
-4.7118
-4.62298
-4.52427
-4.40914
-4.27821
-4.1336
-3.9788
-3.81786
-3.65457
-3.49246
-3.33444
-3.18249
-3.03771
-2.90085
-2.77296
-2.65572
-2.55152
-2.46321
-2.39369
-2.34541
-2.31848
-2.30481
-2.3054
-6.63243
-6.71657
-6.79855
-6.89441
-7.03514
-7.20953
-7.25381
-7.78303
-9.55645
-5.85967
-5.19092
-4.73913
-4.52435
-4.44975
-4.39583
-4.35576
-4.32092
-4.27589
-4.21203
-4.12738
-4.02334
-3.90365
-3.77303
-3.63615
-3.49723
-3.35971
-3.2259
-3.09721
-2.97472
-2.85977
-2.75421
-2.66049
-2.58134
-2.51936
-2.47671
-2.45334
-2.44149
-2.44322
-6.70379
-6.80562
-6.90954
-7.03389
-7.2207
-7.35711
-7.43573
-5.95356
-2.93409
-7.99669
-5.41719
-4.34356
-3.87901
-3.964
-4.03296
-4.06408
-4.08561
-4.08864
-4.06588
-4.01663
-3.94366
-3.85151
-3.74539
-3.63041
-3.51114
-3.39121
-3.27312
-3.15851
-3.04874
-2.94538
-2.85043
-2.76632
-2.69558
-2.64052
-2.60297
-2.58276
-2.57255
-2.57521
-6.76152
-6.88108
-7.00728
-7.15683
-7.38089
-7.38646
-7.11498
-3.42022
-3.555
-8.3988
-8.91034
-3.95755
-3.57389
-3.49379
-3.71806
-3.84032
-3.9161
-3.95896
-3.96747
-3.94403
-3.89367
-3.82207
-3.73488
-3.6374
-3.53425
-3.42903
-3.3243
-3.22187
-3.12329
-3.03031
-2.94498
-2.86964
-2.8066
-2.75783
-2.72486
-2.70745
-2.6987
-2.7021
-6.80003
-6.93743
-7.08873
-7.25858
-7.46225
-7.59219
-7.78355
-4.15581
-6.67744
-9.56285
-9.75036
-4.97215
-3.37764
-3.1631
-3.489
-3.69642
-3.81611
-3.88605
-3.91437
-3.90715
-3.87148
-3.814
-3.7406
-3.65649
-3.56613
-3.47295
-3.37944
-3.28747
-3.1987
-3.11498
-3.03836
-2.97099
-2.91492
-2.87182
-2.84295
-2.828
-2.82055
-2.82453
-6.81506
-6.96673
-7.13952
-7.32832
-7.53631
-7.84071
-7.66165
-4.99346
-8.38697
-11.6116
-9.79408
-5.84953
-3.12638
-3.13638
-3.37499
-3.6455
-3.79016
-3.86932
-3.90384
-3.90288
-3.87442
-3.82522
-3.76098
-3.68659
-3.60608
-3.52258
-3.43839
-3.35536
-3.2752
-3.19974
-3.13095
-3.07078
-3.02099
-2.98295
-2.9577
-2.9449
-2.93861
-2.94305
-6.80571
-6.96542
-7.1494
-7.35454
-7.58122
-7.86759
-7.72917
-7.30681
-5.81895
-10.0914
-8.43113
-4.37243
-3.45891
-3.40899
-3.49347
-3.72209
-3.84225
-3.9055
-3.93131
-3.92693
-3.8989
-3.85297
-3.79405
-3.7263
-3.65319
-3.57737
-3.50091
-3.42552
-3.35289
-3.28479
-3.22302
-3.1693
-3.12511
-3.09157
-3.0695
-3.05858
-3.05331
-3.05812
-6.77244
-6.93529
-7.12611
-7.35008
-7.5954
-7.81823
-7.98665
-8.00251
-5.32092
-4.17082
-3.56932
-4.23484
-4.31601
-3.82958
-3.77374
-3.89471
-3.95419
-3.98265
-3.98841
-3.97319
-3.94047
-3.89406
-3.83753
-3.7741
-3.70645
-3.63672
-3.56666
-3.49782
-3.43181
-3.37024
-3.31473
-3.26676
-3.22755
-3.19797
-3.17868
-3.16939
-3.16503
-3.17015
-6.71472
-6.8738
-7.0617
-7.28639
-7.54459
-7.79207
-8.06191
-8.42752
-9.28229
-8.46967
-7.16966
-6.42585
-4.88984
-4.22912
-4.10274
-4.10658
-4.0957
-4.08334
-4.06421
-4.03447
-3.99423
-3.94508
-3.88909
-3.82836
-3.76478
-3.69993
-3.63523
-3.57206
-3.51186
-3.4561
-3.40617
-3.36331
-3.32848
-3.30238
-3.28553
-3.27766
-3.27411
-3.27949
-6.63344
-6.78114
-6.95397
-7.15665
-7.38851
-7.62733
-7.86438
-8.2043
-8.7111
-8.86547
-7.35363
-6.21528
-5.2705
-4.62109
-4.424
-4.31266
-4.2404
-4.19102
-4.14804
-4.10373
-4.05546
-4.00283
-3.94652
-3.88758
-3.82714
-3.76631
-3.70618
-3.64796
-3.59292
-3.54232
-3.49736
-3.45902
-3.42807
-3.40501
-3.39029
-3.38367
-3.38085
-3.38645
-6.53314
-6.66291
-6.81199
-6.98066
-7.16337
-7.34313
-7.49371
-7.63216
-7.75093
-7.56635
-7.02942
-6.24263
-5.47557
-4.91928
-4.64848
-4.47701
-4.36858
-4.29288
-4.23142
-4.17528
-4.12025
-4.06458
-4.00787
-3.95035
-3.89254
-3.83515
-3.77904
-3.72522
-3.67479
-3.62883
-3.58829
-3.55397
-3.52643
-3.50606
-3.49321
-3.48768
-3.48553
-3.49131
-6.42047
-6.5285
-6.64954
-6.78138
-6.91581
-7.03701
-7.12702
-7.17381
-7.14075
-6.91192
-6.51847
-5.98126
-5.44171
-5.02801
-4.769
-4.59264
-4.47176
-4.38213
-4.30936
-4.24545
-4.18589
-4.1283
-4.07163
-4.01553
-3.96012
-3.90584
-3.85336
-3.80354
-3.75729
-3.71551
-3.67895
-3.64821
-3.6237
-3.60569
-3.59449
-3.58994
-3.5884
-3.59431
-6.3028
-6.38832
-6.48051
-6.57629
-6.66734
-6.74014
-6.78038
-6.77553
-6.69341
-6.47656
-6.13765
-5.7422
-5.36053
-5.05394
-4.83445
-4.67291
-4.55245
-4.45818
-4.38034
-4.31257
-4.25085
-4.19267
-4.13668
-4.08222
-4.02919
-3.97786
-3.92878
-3.88267
-3.84028
-3.80231
-3.76934
-3.7418
-3.71998
-3.70407
-3.69434
-3.69068
-3.68971
-3.6957
-6.18684
-6.25165
-6.31728
-6.38068
-6.43495
-6.46934
-6.47251
-6.43328
-6.33227
-6.14545
-5.88217
-5.58595
-5.3014
-5.06228
-4.87666
-4.73152
-4.61676
-4.52341
-4.44487
-4.37637
-4.31451
-4.25697
-4.2023
-4.14979
-4.09922
-4.05081
-4.00501
-3.96241
-3.92362
-3.88917
-3.85946
-3.83481
-3.81541
-3.80138
-3.79296
-3.79009
-3.78965
-3.79568
-6.07717
-6.12436
-6.16787
-6.20481
-6.23022
-6.23636
-6.21474
-6.15739
-6.0539
-5.89611
-5.6934
-5.46982
-5.25242
-5.06206
-4.90497
-4.77599
-4.66963
-4.5805
-4.50422
-4.43725
-4.3768
-4.32086
-4.26809
-4.21783
-4.16988
-4.12443
-4.08186
-4.04265
-4.00726
-3.97607
-3.94936
-3.92733
-3.9101
-3.89776
-3.89052
-3.88838
-3.88842
-3.89445
-5.97633
-6.00893
-6.0351
-6.05223
-6.05688
-6.04409
-6.00809
-5.94376
-5.8462
-5.71358
-5.55348
-5.38052
-5.21099
-5.05755
-4.92484
-4.81151
-4.71491
-4.63198
-4.55982
-4.49586
-4.4379
-4.38427
-4.33387
-4.28615
-4.241
-4.19859
-4.15924
-4.12332
-4.09117
-4.06304
-4.03909
-4.01945
-4.00419
-3.99338
-3.9872
-3.98571
-3.9862
-3.99221
-5.88601
-5.90662
-5.91951
-5.92264
-5.91363
-5.8894
-5.84639
-5.78159
-5.69303
-5.58137
-5.45223
-5.31493
-5.1795
-5.0538
-4.94137
-4.84243
-4.75589
-4.68005
-4.61302
-4.55294
-4.49812
-4.44728
-4.39961
-4.35471
-4.31254
-4.27327
-4.23715
-4.20445
-4.17539
-4.15012
-4.12872
-4.11126
-4.0978
-4.08836
-4.08316
-4.08226
-4.08316
-4.0891
-5.80726
-5.81822
-5.82117
-5.81479
-5.79746
-5.76715
-5.72182
-5.65985
-5.5808
-5.48617
-5.38007
-5.26859
-5.1581
-5.05368
-4.95804
-4.87194
-4.79506
-4.72648
-4.66494
-4.60912
-4.55781
-4.51012
-4.46546
-4.42362
-4.38459
-4.34854
-4.31564
-4.28607
-4.25996
-4.23737
-4.21833
-4.20288
-4.19103
-4.18285
-4.17853
-4.17816
-4.17943
-4.18529
-5.74
-5.74357
-5.73941
-5.72686
-5.70482
-5.67193
-5.62702
-5.56939
-5.49935
-5.41853
-5.33001
-5.23786
-5.14627
-5.05862
-4.97696
-4.90213
-4.83414
-4.7725
-4.7164
-4.66496
-4.61737
-4.57305
-4.53164
-4.49305
-4.4573
-4.42452
-4.39481
-4.36828
-4.34496
-4.32486
-4.308
-4.29437
-4.28401
-4.27697
-4.27343
-4.27355
-4.27513
-4.28091
-5.68358
-5.68179
-5.67288
-5.65659
-5.63223
-5.59892
-5.55599
-5.50331
-5.44154
-5.37217
-5.2975
-5.22035
-5.14353
-5.06936
-4.99935
-4.93423
-4.87417
-4.81893
-4.76804
-4.72095
-4.6772
-4.63642
-4.59846
-4.56326
-4.53087
-4.50136
-4.47477
-4.45113
-4.43044
-4.41267
-4.39781
-4.38585
-4.37683
-4.37081
-4.36798
-4.36852
-4.37039
-4.37605
-5.63767
-5.63212
-5.62024
-5.60196
-5.57685
-5.54443
-5.50438
-5.45685
-5.4026
-5.34291
-5.27947
-5.21428
-5.14925
-5.08601
-5.02567
-4.96884
-4.91574
-4.86632
-4.82036
-4.77757
-4.73772
-4.70063
-4.66624
-4.63452
-4.6055
-4.5792
-4.55562
-4.53473
-4.51649
-4.50086
-4.48782
-4.47737
-4.46957
-4.46447
-4.46228
-4.46319
-4.46529
-4.47083
-5.6023
-5.5941
-5.5805
-5.56141
-5.53661
-5.50589
-5.46914
-5.42668
-5.37921
-5.32774
-5.27355
-5.21803
-5.16254
-5.10823
-5.05592
-5.00616
-4.95919
-4.9151
-4.87383
-4.83529
-4.79939
-4.76607
-4.7353
-4.70708
-4.68138
-4.65818
-4.63745
-4.61912
-4.60315
-4.58947
-4.57809
-4.56901
-4.56229
-4.55802
-4.55639
-4.55762
-4.5599
-4.56531
-5.57699
-5.567
-5.55255
-5.53343
-5.50963
-5.48106
-5.44777
-5.4101
-5.36865
-5.32419
-5.27765
-5.23005
-5.18236
-5.13542
-5.0899
-5.04626
-5.00479
-4.96564
-4.9289
-4.89456
-4.86264
-4.8331
-4.80595
-4.78114
-4.75864
-4.73839
-4.72032
-4.70436
-4.69045
-4.67855
-4.66867
-4.66082
-4.65507
-4.65153
-4.65039
-4.65189
-4.65431
-4.65956
-5.56033
-5.54936
-5.53473
-5.51618
-5.49384
-5.46768
-5.43784
-5.40461
-5.36847
-5.32999
-5.28989
-5.24889
-5.20772
-5.16705
-5.12741
-5.08923
-5.05282
-5.01837
-4.98602
-4.95583
-4.92784
-4.90204
-4.8784
-4.85687
-4.83739
-4.81987
-4.80425
-4.79045
-4.77841
-4.76812
-4.75958
-4.75283
-4.74795
-4.74505
-4.74433
-4.74603
-4.74856
-4.75363
-5.55032
-5.53921
-5.52501
-5.50756
-5.48703
-5.46347
-5.43701
-5.40792
-5.37652
-5.34329
-5.30873
-5.27342
-5.23792
-5.20276
-5.16841
-5.13527
-5.10362
-5.07368
-5.04561
-5.01947
-4.9953
-4.97309
-4.95279
-4.93434
-4.91765
-4.90265
-4.88926
-4.8774
-4.86705
-4.85819
-4.85085
-4.84507
-4.84096
-4.83861
-4.83824
-4.84011
-4.84269
-4.84757
-5.5452
-5.53468
-5.52151
-5.50562
-5.48725
-5.46647
-5.44339
-5.41822
-5.39122
-5.36273
-5.33316
-5.30295
-5.27257
-5.24246
-5.21303
-5.18463
-5.15753
-5.13193
-5.10798
-5.08572
-5.0652
-5.04637
-5.02919
-5.01357
-4.99944
-4.9867
-4.97531
-4.9652
-4.95635
-4.94877
-4.9425
-4.93758
-4.93413
-4.93226
-4.93217
-4.93413
-4.93672
-4.94138
-5.54393
-5.53458
-5.52294
-5.50904
-5.49317
-5.47537
-5.45573
-5.4344
-5.41159
-5.38756
-5.36264
-5.33719
-5.3116
-5.28624
-5.26147
-5.23759
-5.21484
-5.19338
-5.17333
-5.15474
-5.13762
-5.12192
-5.10758
-5.09453
-5.08269
-5.07199
-5.06238
-5.05382
-5.04632
-5.03987
-5.03454
-5.03038
-5.0275
-5.02601
-5.02612
-5.02813
-5.03067
-5.03509
-5.54624
-5.53843
-5.52875
-5.51724
-5.50417
-5.48955
-5.47345
-5.45596
-5.43725
-5.41752
-5.39705
-5.37614
-5.35511
-5.33427
-5.31394
-5.29434
-5.2757
-5.25813
-5.24173
-5.22653
-5.21252
-5.19966
-5.18789
-5.17713
-5.16734
-5.15845
-5.15042
-5.14325
-5.13693
-5.13149
-5.12698
-5.12347
-5.12107
-5.11989
-5.12013
-5.12211
-5.12455
-5.12869
-5.55219
-5.54622
-5.53889
-5.53014
-5.52015
-5.50892
-5.49645
-5.48281
-5.46814
-5.4526
-5.43642
-5.41985
-5.40317
-5.38664
-5.37049
-5.35493
-5.34011
-5.32615
-5.31311
-5.30099
-5.28979
-5.27948
-5.26999
-5.26128
-5.2533
-5.24601
-5.2394
-5.23345
-5.22818
-5.22363
-5.21984
-5.21689
-5.21487
-5.2139
-5.21419
-5.21607
-5.21835
-5.22214
-5.56179
-5.5582
-5.55363
-5.54796
-5.54131
-5.5336
-5.52481
-5.515
-5.50427
-5.49278
-5.48072
-5.4683
-5.45574
-5.44324
-5.431
-5.41918
-5.4079
-5.39723
-5.38722
-5.37789
-5.36921
-5.36117
-5.35371
-5.34682
-5.34045
-5.3346
-5.32924
-5.32439
-5.32006
-5.31629
-5.31313
-5.31064
-5.30892
-5.30808
-5.30832
-5.31
-5.31204
-5.31543
-5.5742
-5.57417
-5.57294
-5.5707
-5.56763
-5.56355
-5.55845
-5.55238
-5.54548
-5.53787
-5.52973
-5.52123
-5.51253
-5.50379
-5.49517
-5.48679
-5.47872
-5.47104
-5.46377
-5.45693
-5.45051
-5.44449
-5.43885
-5.43359
-5.42867
-5.4241
-5.41988
-5.41601
-5.41253
-5.40945
-5.40684
-5.40473
-5.40323
-5.40242
-5.40251
-5.40386
-5.40555
-5.4084
-5.58142
-5.58931
-5.59362
-5.59593
-5.59712
-5.59713
-5.59598
-5.59382
-5.59082
-5.58712
-5.58285
-5.57817
-5.57319
-5.56804
-5.56283
-5.55764
-5.55253
-5.54757
-5.54278
-5.53818
-5.53377
-5.52956
-5.52554
-5.52172
-5.51809
-5.51467
-5.51145
-5.50846
-5.50572
-5.50325
-5.50109
-5.49928
-5.49789
-5.49703
-5.49686
-5.49777
-5.49899
-5.50119
-5.5625
-5.59174
-5.60897
-5.6187
-5.62574
-5.63093
-5.63456
-5.63697
-5.63841
-5.63906
-5.63903
-5.63844
-5.63738
-5.63593
-5.63416
-5.63214
-5.62992
-5.62756
-5.62509
-5.62256
-5.61998
-5.61739
-5.6148
-5.61224
-5.60972
-5.60725
-5.60486
-5.60256
-5.60037
-5.5983
-5.59638
-5.59463
-5.59311
-5.59187
-5.59107
-5.59109
-5.59144
-5.59278
-5.56963
-5.62404
-5.6489
-5.66159
-5.67058
-5.67761
-5.68322
-5.68784
-5.69169
-5.69492
-5.69761
-5.69982
-5.70158
-5.70294
-5.70391
-5.70453
-5.70483
-5.70484
-5.70461
-5.70416
-5.70354
-5.70277
-5.70189
-5.70091
-5.69987
-5.69878
-5.69765
-5.6965
-5.69533
-5.69415
-5.69296
-5.69177
-5.69058
-5.68943
-5.68837
-5.68764
-5.68694
-5.68655
)
;

boundaryField
{
    leftWall
    {
        type            calculated;
        value           nonuniform List<scalar> 
100
(
893.83
864.315
834.12
803.652
773.186
742.676
712.031
681.239
650.311
619.252
588.06
556.738
525.287
493.711
462.015
430.213
380.296
311.773
242.76
173.069
102.949
39.2673
6.17986
-1.49205
-1.33835
-1.40759
-1.4617
-1.53453
-1.6112
-1.68923
-1.76793
-1.84718
-1.92711
-2.00784
-2.08937
-2.17156
-2.25416
-2.33691
-2.41953
-2.50177
-2.58339
-2.66421
-2.74411
-2.82301
-2.90088
-2.97773
-3.05356
-3.1284
-3.20229
-3.27524
-3.34726
-3.41836
-3.48856
-3.55785
-3.62622
-3.69369
-3.76026
-3.82592
-3.89068
-3.95455
-4.01754
-4.07965
-4.14091
-4.20131
-4.26089
-4.31966
-4.37768
-4.43487
-4.4913
-4.54701
-4.602
-4.65632
-4.70998
-4.76302
-4.81546
-4.86733
-4.91867
-4.96951
-5.01988
-5.06982
-5.11934
-5.1685
-5.21731
-5.2658
-5.31401
-5.36195
-5.40966
-5.45716
-5.50445
-5.55148
-5.5982
-5.64467
-5.69092
-5.73616
-5.7785
-5.81771
-5.85825
-5.89974
-5.91125
-5.84954
)
;
    }
    rightWall
    {
        type            calculated;
        value           nonuniform List<scalar> 
100
(
24.1284
24.0993
24.0695
24.0383
24.0056
23.9721
23.9378
23.9024
23.8656
23.8275
23.7879
23.7468
23.7042
23.6599
23.614
23.5664
23.489
23.3746
23.2489
23.11
22.9555
22.7828
22.5883
22.3684
22.1184
21.8333
21.5073
21.1342
20.7075
20.2203
19.6663
19.0399
18.3371
17.5559
16.6977
15.7672
14.7731
13.7279
12.6474
11.5496
10.4532
9.37622
8.33405
7.33911
6.40047
5.52442
4.71501
3.97372
3.29597
2.6764
2.11191
1.59976
1.13659
0.718373
0.340809
-0.000368638
-0.30924
-0.589608
-0.844971
-1.07851
-1.2931
-1.49128
-1.67531
-1.84715
-2.00851
-2.16085
-2.3054
-2.44322
-2.57521
-2.7021
-2.82453
-2.94305
-3.05812
-3.17015
-3.27949
-3.38645
-3.49131
-3.59431
-3.6957
-3.79568
-3.89445
-3.99221
-4.0891
-4.18529
-4.28091
-4.37605
-4.47083
-4.56531
-4.65956
-4.75363
-4.84757
-4.94138
-5.03509
-5.12869
-5.22214
-5.31543
-5.4084
-5.50119
-5.59278
-5.68655
)
;
    }
    lowerWall
    {
        type            calculated;
        value           nonuniform List<scalar> 
124
(
908.545
907.878
910.961
916.261
922.411
928.318
933.538
938.014
941.776
944.927
947.588
949.878
951.9
953.746
955.492
957.204
958.936
960.74
962.659
964.739
967.027
969.574
972.439
975.69
979.412
983.708
988.701
994.547
1001.43
1009.6
1019.37
1031.09
1045.08
1061.69
1081.31
1104.25
1130.56
1159.62
1189.92
1218.89
1243.56
1260.55
1266.55
1268.92
1284.36
1307.45
1292.76
1256.6
1222.71
1193.28
1169.91
1153.25
1141.27
1131.03
1119.96
1105.6
1085.51
1056.58
1013.98
949.731
848.708
689.089
-168.33
-115.214
-30.6994
-15.8079
-20.766
-6.15263
7.26458
19.2923
24.7621
24.7334
24.7048
24.6766
24.6487
24.6206
24.5922
24.5631
24.5333
24.5026
24.4708
24.4375
24.4025
24.3653
24.3261
24.286
24.7768
24.7712
24.7673
24.7621
24.758
24.7559
24.7561
24.7585
24.7623
24.767
24.7715
24.7749
24.7765
24.7753
24.7706
24.7618
24.7483
24.7298
24.7062
24.6778
24.645
24.6084
24.5687
24.527
24.4841
24.441
24.3985
24.3576
24.3188
24.2829
24.2505
24.2219
24.1975
24.1777
24.1624
24.1518
24.1454
24.1431
)
;
    }
    atmosphere
    {
        type            calculated;
        value           nonuniform List<scalar> 
92
(
-5.89439
-6.11207
-6.07966
-6.06466
-6.05626
-6.05062
-6.04638
-6.0429
-6.0398
-6.03686
-6.03398
-6.03106
-6.02805
-6.02491
-6.0216
-6.0181
-6.01438
-6.01041
-6.00617
-6.00164
-5.9968
-5.99161
-5.98606
-5.98013
-5.97379
-5.96703
-5.95982
-5.95215
-5.944
-5.93536
-5.92623
-5.91661
-5.90649
-5.89589
-5.88483
-5.87333
-5.86143
-5.84918
-5.83665
-5.82392
-5.81107
-5.79824
-5.78559
-5.77329
-5.76161
-5.75087
-5.74379
-5.73994
-5.7367
-5.73406
-5.73205
-5.73066
-5.72984
-5.72954
-5.72904
-5.72904
-5.72904
-5.72904
-5.72904
-5.72904
-5.72904
-5.72904
-5.72904
-5.72904
-5.72904
-5.72904
-5.72904
-5.72904
-5.72904
-5.72904
-5.72904
-5.72904
-5.72904
-5.72904
-5.72904
-5.72904
-5.72904
-5.72904
-5.72904
-5.72904
-5.72904
-5.72904
-5.72904
-5.72904
-5.72904
-5.72904
-5.72904
-5.72904
-5.72904
-5.72904
-5.72904
-5.72904
)
;
    }
    defaultFaces
    {
        type            empty;
    }
}


// ************************************************************************* //
