/*--------------------------------*- C++ -*----------------------------------*\
  =========                 |
  \\      /  F ield         | OpenFOAM: The Open Source CFD Toolbox
   \\    /   O peration     | Website:  https://openfoam.org
    \\  /    A nd           | Version:  7
     \\/     M anipulation  |
\*---------------------------------------------------------------------------*/
FoamFile
{
    version     2.0;
    format      ascii;
    class       volScalarField;
    location    "0.4";
    object      p_rgh;
}
// * * * * * * * * * * * * * * * * * * * * * * * * * * * * * * * * * * * * * //

dimensions      [1 -1 -2 0 0 0 0];

internalField   nonuniform List<scalar> 
9072
(
908.545
907.878
910.961
916.261
922.411
928.318
933.538
938.014
941.776
944.927
947.588
949.878
951.9
953.746
955.492
957.204
958.936
960.74
962.659
964.739
967.027
969.574
972.439
975.69
979.412
983.708
988.701
994.547
1001.43
1009.6
1019.37
1031.09
1045.08
1061.69
1081.31
1104.25
1130.56
1159.62
1189.92
1218.89
1243.56
1260.55
1266.55
1268.92
1284.36
1307.45
908.459
907.295
909.662
914.286
919.888
925.341
930.317
934.666
938.382
941.534
944.222
946.547
948.606
950.486
952.262
953.998
955.753
957.577
959.52
961.631
963.959
966.56
969.497
972.845
976.691
981.145
986.337
992.429
999.614
1008.13
1018.26
1030.37
1044.87
1062.12
1082.56
1106.51
1134.03
1164.61
1196.7
1227.44
1253.24
1269.84
1271.17
1268.39
1273.93
1300.72
907.694
906.751
908.803
912.666
917.448
922.295
926.831
930.88
934.4
937.428
940.038
942.314
944.339
946.193
947.948
949.667
951.411
953.231
955.181
957.312
959.681
962.345
965.375
968.849
972.863
977.532
982.992
989.413
996.996
1005.98
1016.66
1029.38
1044.56
1062.61
1083.9
1108.74
1137.15
1168.6
1201.56
1233.15
1259.33
1277.92
1274.87
1266.47
1266.32
1296.24
906.655
906.24
908.18
911.47
915.57
919.82
923.866
927.534
930.766
933.578
936.023
938.17
940.091
941.858
943.539
945.198
946.89
948.674
950.602
952.731
955.119
957.83
960.938
964.527
968.697
973.57
979.287
986.022
993.981
1003.41
1014.59
1027.86
1043.62
1062.28
1084.17
1109.54
1138.36
1170.01
1203
1234.6
1260.72
1278.97
1275.78
1267.74
1261.57
1296.23
905.618
905.803
907.693
910.587
914.155
917.879
921.46
924.736
927.649
930.202
932.437
934.409
936.183
937.825
939.398
940.963
942.577
944.297
946.179
948.281
950.665
953.398
956.558
960.233
964.528
969.565
975.493
982.488
990.755
1000.54
1012.12
1025.82
1042.01
1061.07
1083.3
1108.88
1137.7
1169.12
1201.69
1232.94
1259.1
1277.46
1280.71
1270.09
1266.19
1302.26
904.537
905.359
907.23
909.83
912.966
916.232
919.382
922.279
924.868
927.15
929.155
930.933
932.54
934.036
935.482
936.935
938.454
940.095
941.914
943.972
946.333
949.068
952.256
955.99
960.376
965.541
971.634
978.831
987.34
997.4
1009.28
1023.29
1039.76
1059.05
1081.41
1106.95
1135.51
1166.45
1198.4
1229.17
1255.52
1274.69
1284.7
1274.27
1277.63
1314.99
903.322
904.748
906.667
909.062
911.844
914.709
917.463
920
922.273
924.281
926.052
927.627
929.057
930.398
931.707
933.04
934.454
936.005
937.752
939.755
942.08
944.801
947.999
951.768
956.218
961.476
967.692
975.042
983.729
993.987
1006.08
1020.28
1036.91
1056.27
1078.58
1103.9
1132.02
1162.3
1193.51
1223.74
1250.28
1270.62
1283
1287.49
1293.93
1332.49
901.959
903.905
905.932
908.196
910.691
913.203
915.598
917.796
919.765
921.506
923.043
924.414
925.665
926.847
928.015
929.223
930.528
931.984
933.652
935.592
937.872
940.567
943.759
947.545
952.034
957.355
963.656
971.111
979.918
990.304
1002.51
1016.81
1033.48
1052.78
1074.9
1099.84
1127.37
1156.88
1187.26
1216.88
1243.5
1264.97
1279.77
1290.48
1305.87
1351.71
900.461
902.835
905
907.181
909.438
911.641
913.709
915.592
917.273
918.756
920.065
921.235
922.308
923.333
924.359
925.441
926.634
927.993
929.578
931.451
933.679
936.338
939.512
943.298
947.806
953.162
959.514
967.032
975.907
986.355
998.61
1012.91
1029.51
1048.64
1070.43
1094.87
1121.7
1150.35
1179.83
1208.73
1235.25
1257.63
1274.8
1290.06
1315.57
1370.04
898.831
901.561
903.871
905.99
908.043
909.971
911.741
913.333
914.743
915.98
917.069
918.044
918.942
919.81
920.697
921.654
922.735
923.996
925.496
927.297
929.468
932.085
935.231
939.003
943.511
948.879
955.251
962.794
971.69
982.144
994.374
1008.59
1025.03
1043.89
1065.27
1089.11
1115.15
1142.85
1171.33
1199.4
1225.58
1248.5
1267.7
1286.97
1321.9
1385.1
897.068
900.105
902.549
904.612
906.481
908.16
909.659
910.981
912.136
913.139
914.017
914.801
915.53
916.245
916.994
917.826
918.797
919.96
921.374
923.102
925.212
927.78
930.89
934.637
939.128
944.487
950.855
958.388
967.265
977.675
989.821
1003.89
1020.1
1038.6
1059.48
1082.64
1107.82
1134.51
1161.9
1188.96
1214.49
1237.41
1257.96
1280.19
1323.28
1394.43
895.175
898.485
901.044
903.047
904.743
906.193
907.44
908.512
909.427
910.208
910.883
911.483
912.045
912.61
913.223
913.934
914.794
915.859
917.187
918.84
920.886
923.401
926.468
930.18
934.642
939.975
946.314
953.81
962.632
972.956
984.967
998.837
1014.74
1032.83
1053.14
1075.56
1099.83
1125.43
1151.63
1177.49
1201.97
1224.23
1245.04
1268.44
1317.99
1394.93
893.154
896.714
899.365
901.299
902.829
904.064
905.077
905.914
906.603
907.172
907.651
908.071
908.47
908.887
909.366
909.955
910.705
911.672
912.913
914.49
916.47
918.928
921.946
925.615
930.038
935.33
941.621
949.056
957.793
967.995
979.83
993.451
1009.01
1026.63
1046.32
1067.98
1091.29
1115.75
1140.65
1165.09
1188.08
1208.85
1228.49
1250.42
1304.03
1381.75
891.007
894.807
897.524
899.375
900.743
901.773
902.565
903.18
903.655
904.02
904.307
904.551
904.788
905.056
905.399
905.866
906.505
907.373
908.525
910.023
911.934
914.331
917.295
920.914
925.288
930.527
936.755
944.11
952.739
962.793
974.421
987.758
1002.93
1020.05
1039.12
1059.97
1082.31
1105.61
1129.12
1151.93
1172.99
1191.38
1208.04
1224.94
1279.27
1346.93
888.741
892.78
895.535
897.289
898.495
899.328
899.909
900.312
900.58
900.748
900.848
900.917
900.991
901.11
901.317
901.658
902.185
902.95
904.011
905.428
907.266
909.599
912.504
916.069
920.386
925.562
931.715
938.976
947.48
957.364
968.762
981.792
996.562
1013.16
1031.58
1051.65
1073.02
1095.13
1117.21
1138.21
1156.91
1171.97
1183.49
1190.95
1239.92
1275.33
886.368
890.624
893.412
895.062
896.108
896.756
897.138
897.34
897.413
897.394
897.318
897.22
897.14
897.117
897.193
897.417
897.838
898.507
899.482
900.822
902.591
904.862
907.709
911.216
915.471
920.575
926.641
933.789
942.146
951.832
962.965
975.647
989.974
1006.02
1023.76
1043.01
1063.39
1084.29
1104.84
1123.84
1139.73
1150.44
1154.29
1147.65
1171.89
1145.14
24.7768
24.7712
24.7673
24.7621
24.758
24.7559
24.7561
24.7585
24.7623
24.767
24.7715
24.7749
24.7765
24.7753
24.7706
24.7618
24.7483
24.7298
24.7062
24.6778
24.645
24.6084
24.5687
24.527
24.4841
24.441
24.3985
24.3576
24.3188
24.2829
24.2505
24.2219
24.1975
24.1777
24.1624
24.1518
24.1454
24.1431
24.7775
24.7725
24.7697
24.7643
24.7595
24.7565
24.7557
24.7571
24.7601
24.764
24.7678
24.7707
24.7718
24.7703
24.7654
24.7565
24.7431
24.7248
24.7017
24.6737
24.6415
24.6055
24.5665
24.5253
24.483
24.4402
24.3983
24.3576
24.3191
24.2834
24.2511
24.2226
24.1982
24.1783
24.1629
24.1521
24.1455
24.1435
24.7784
24.7733
24.7709
24.7655
24.7603
24.7567
24.7552
24.7558
24.758
24.7611
24.7643
24.7667
24.7673
24.7655
24.7605
24.7515
24.7382
24.7203
24.6975
24.6701
24.6385
24.6031
24.5647
24.5241
24.4821
24.4398
24.3979
24.3574
24.319
24.2833
24.251
24.2224
24.198
24.178
24.1624
24.1515
24.1446
24.143
24.7796
24.7734
24.771
24.7657
24.7602
24.7562
24.7542
24.7543
24.7559
24.7585
24.7612
24.7632
24.7636
24.7615
24.7563
24.7474
24.7342
24.7165
24.6942
24.6672
24.636
24.6011
24.5631
24.5228
24.4811
24.439
24.3971
24.3565
24.318
24.2822
24.2497
24.221
24.1964
24.1763
24.1607
24.1496
24.1425
24.1413
24.7811
24.7732
24.7702
24.7649
24.7592
24.7552
24.7529
24.7526
24.7539
24.7562
24.7586
24.7604
24.7606
24.7584
24.7532
24.7443
24.7313
24.7138
24.6917
24.6651
24.6342
24.5996
24.5618
24.5217
24.48
24.4377
24.3957
24.3549
24.3161
24.28
24.2472
24.2183
24.1935
24.1733
24.1576
24.1464
24.1394
24.1381
24.7825
24.7725
24.7689
24.7635
24.7577
24.7536
24.7513
24.7508
24.752
24.7542
24.7565
24.7583
24.7585
24.7562
24.7511
24.7422
24.7293
24.712
24.6901
24.6637
24.633
24.5985
24.5607
24.5205
24.4787
24.4362
24.3938
24.3526
24.3133
24.2768
24.2436
24.2143
24.1894
24.169
24.1532
24.1421
24.1353
24.134
24.7835
24.7713
24.7671
24.7614
24.7556
24.7516
24.7495
24.7491
24.7503
24.7526
24.7549
24.7568
24.757
24.7549
24.7499
24.741
24.7282
24.711
24.6892
24.6628
24.6322
24.5976
24.5598
24.5193
24.4772
24.4343
24.3915
24.3497
24.3099
24.2727
24.239
24.2094
24.1841
24.1636
24.1477
24.1366
24.1302
24.1291
24.7839
24.7693
24.7649
24.7586
24.753
24.7492
24.7475
24.7473
24.7487
24.7512
24.7537
24.7558
24.7562
24.7542
24.7493
24.7407
24.7279
24.7108
24.689
24.6626
24.6318
24.5971
24.559
24.5182
24.4756
24.4321
24.3887
24.3463
24.3058
24.2679
24.2336
24.2034
24.1777
24.1569
24.141
24.1299
24.1239
24.1231
24.7835
24.7664
24.7624
24.7553
24.7501
24.7465
24.7454
24.7454
24.7472
24.75
24.7528
24.7553
24.7559
24.7541
24.7495
24.741
24.7283
24.7113
24.6894
24.6629
24.6319
24.5969
24.5583
24.517
24.4738
24.4297
24.3856
24.3424
24.3011
24.2625
24.2274
24.1965
24.1704
24.1492
24.133
24.1219
24.1162
24.1158
24.7822
24.7622
24.7596
24.7514
24.7467
24.7436
24.7431
24.7436
24.7456
24.7489
24.7521
24.755
24.756
24.7546
24.7503
24.742
24.7294
24.7124
24.6906
24.6638
24.6325
24.597
24.5579
24.5159
24.4719
24.427
24.382
24.338
24.2958
24.2563
24.2205
24.1888
24.162
24.1403
24.1238
24.1126
24.1071
24.1071
24.7798
24.7566
24.7569
24.7471
24.7431
24.7405
24.7407
24.7417
24.7441
24.7478
24.7516
24.7549
24.7565
24.7555
24.7516
24.7437
24.7313
24.7144
24.6924
24.6655
24.6338
24.5977
24.5578
24.515
24.47
24.4241
24.3781
24.3331
24.2899
24.2495
24.2127
24.1803
24.1527
24.1303
24.1134
24.1019
24.0966
24.0969
24.7759
24.7493
24.7545
24.7424
24.7391
24.7373
24.7383
24.7399
24.7426
24.7468
24.7512
24.7551
24.7573
24.7569
24.7534
24.7459
24.7338
24.717
24.695
24.6678
24.6357
24.599
24.5583
24.5144
24.4683
24.4211
24.3739
24.3276
24.2833
24.2418
24.2041
24.1707
24.1423
24.1192
24.1015
24.0897
24.0845
24.0853
24.7704
24.7403
24.753
24.7379
24.7352
24.7342
24.7361
24.7382
24.7412
24.746
24.7511
24.7555
24.7584
24.7587
24.7558
24.7487
24.737
24.7204
24.6983
24.671
24.6384
24.601
24.5593
24.5143
24.4669
24.4182
24.3695
24.3217
24.276
24.2332
24.1943
24.16
24.1307
24.1067
24.0883
24.076
24.0709
24.0721
24.7626
24.73
24.7532
24.7344
24.7319
24.7316
24.7345
24.737
24.74
24.7454
24.7514
24.7564
24.76
24.7611
24.7588
24.7523
24.741
24.7246
24.7026
24.6749
24.6419
24.6036
24.561
24.5146
24.4658
24.4155
24.365
24.3155
24.268
24.2237
24.1834
24.1478
24.1174
24.0925
24.0734
24.0606
24.0556
24.0572
24.7528
24.7174
24.7547
24.7316
24.7289
24.7299
24.7339
24.7366
24.7393
24.7453
24.7522
24.7579
24.7622
24.7642
24.7626
24.7567
24.746
24.7298
24.7078
24.6799
24.6463
24.6072
24.5633
24.5155
24.4649
24.4128
24.3604
24.3089
24.2594
24.2132
24.1711
24.1341
24.1024
24.0765
24.0565
24.0435
24.0387
24.0407
24.7422
24.6927
24.7544
24.7238
24.7221
24.7276
24.7334
24.7363
24.7386
24.7451
24.7531
24.7594
24.7644
24.7672
24.7664
24.7612
24.7512
24.7355
24.7137
24.6856
24.6514
24.6114
24.5662
24.5168
24.4644
24.4102
24.3556
24.3019
24.2502
24.2018
24.1578
24.1188
24.0856
24.0584
24.0377
24.0245
24.0201
24.0225
882.465
886.963
889.827
891.348
892.167
892.555
892.66
892.579
892.375
892.091
891.767
891.438
891.145
890.928
890.831
890.9
891.183
891.731
892.598
893.84
895.521
897.708
900.473
903.892
908.045
913.02
918.92
925.855
933.933
943.247
953.884
965.926
979.456
994.533
1011.11
1028.98
1047.71
1066.59
1084.59
1100.19
1111.21
1114.22
1104.03
1071.22
1003.39
761.256
876.539
881.385
884.215
885.579
886.188
886.313
886.11
885.699
885.161
884.553
883.921
883.307
882.754
882.303
881.998
881.886
882.011
882.421
883.166
884.298
885.874
887.96
890.621
893.921
897.924
902.7
908.341
914.945
922.595
931.343
941.227
952.304
964.655
978.353
993.366
1009.46
1026.14
1042.6
1057.61
1069.47
1075.67
1072.46
1053.79
1009.01
925.386
810.475
870.123
875.087
877.8
879.078
879.581
879.514
879.045
878.329
877.475
876.552
875.616
874.715
873.895
873.2
872.678
872.373
872.331
872.596
873.211
874.223
875.689
877.669
880.227
883.414
887.268
891.84
897.212
903.486
910.725
918.923
928.037
938.093
949.207
961.53
975.108
989.743
1004.9
1019.69
1032.84
1042.62
1046.82
1042.51
1025.79
991.938
939.05
885.473
863.028
867.644
870.398
871.635
872.042
871.794
871.057
870.031
868.85
867.597
866.335
865.118
863.998
863.026
862.253
861.731
861.505
861.614
862.095
862.989
864.349
866.244
868.741
871.873
875.636
880.043
885.187
891.207
898.164
905.939
914.338
923.33
933.132
944.094
956.407
969.986
984.238
998.216
1010.58
1019.63
1023.57
1020.33
1007.31
981.909
942.583
894.349
855.456
859.007
861.581
862.414
862.644
862.237
861.258
859.955
858.491
856.944
855.377
853.852
852.433
851.181
850.154
849.417
849.013
848.975
849.33
850.102
851.344
853.149
855.607
858.737
862.443
866.667
871.549
877.382
884.3
891.941
899.72
907.484
915.691
925.194
936.411
949.593
963.933
978.227
990.951
1000.28
1004.99
1003.78
994.652
975.605
945.623
907.821
810.195
737.783
746.886
779.509
807.879
820.974
826.04
827.985
828.457
827.865
826.551
824.789
822.905
821.065
819.46
818.336
817.813
817.91
818.672
820.012
822.013
825.235
830.132
836.88
844.188
851.077
858.003
865.684
872.771
879.998
886.585
892.036
897.125
903.465
913.004
926.098
941.852
958.438
973.414
984.147
990.42
992.188
987.703
975.338
954.98
929.205
231.277
132.388
140.165
185.439
239.267
273.519
291.532
301.598
307.329
309.399
308.944
306.641
303.547
300.134
296.94
294.947
294.284
295.007
297.094
300.242
304.702
312.482
326.567
349.043
376.324
404.249
436.593
487.643
567.452
656.602
727.782
776.024
815.47
854.321
887.802
904.859
918.63
937.058
956.117
969.16
977.561
983.685
984.909
979.161
967.233
951.216
-0.551703
-0.172835
-0.170751
-0.303711
-0.317383
-0.314716
-0.318839
-0.322569
-0.32639
-0.331681
-0.33901
-0.348276
-0.35824
-0.36899
-0.380336
-0.391877
-0.403395
-0.414891
-0.426494
-0.438625
-0.451307
-0.463707
-0.474623
-0.484653
-0.496115
-0.510768
-0.525185
-0.528892
10.0087
46.1048
90.3471
130.426
168.549
231.517
397.268
681.048
901.497
931.579
946.716
956.272
963.373
974.717
983.282
984.148
979.983
973.179
-0.335399
-0.320035
-0.289062
-0.271733
-0.251297
-0.234257
-0.22269
-0.214874
-0.210003
-0.207828
-0.208115
-0.210597
-0.215069
-0.221374
-0.229379
-0.238951
-0.249963
-0.262293
-0.275825
-0.290447
-0.305955
-0.321947
-0.337798
-0.352751
-0.36562
-0.373573
-0.368436
-0.3381
-0.337058
-0.448857
-0.605539
-0.720437
-0.837606
-0.947004
-1.02717
0.548946
39.3684
380.997
925.819
978.003
969.119
975.842
985.999
989.387
991.089
993.857
-0.342048
-0.320436
-0.302252
-0.289103
-0.278933
-0.269112
-0.26102
-0.255352
-0.25214
-0.251343
-0.252848
-0.256476
-0.262027
-0.269314
-0.278153
-0.288374
-0.299814
-0.312329
-0.325787
-0.34004
-0.354869
-0.369943
-0.384823
-0.398987
-0.411722
-0.421626
-0.425739
-0.421785
-0.430325
-0.474145
-0.527685
-0.569486
-0.60136
-0.617852
-0.61122
-0.651101
-0.929562
5.35791
59.4426
126.413
289.238
769.448
1032.04
1022.59
1018.36
1021.24
-0.333563
-0.325348
-0.313974
-0.303843
-0.295846
-0.288508
-0.282459
-0.278317
-0.276291
-0.276445
-0.278746
-0.283079
-0.289284
-0.297182
-0.306588
-0.317314
-0.32919
-0.342064
-0.355803
-0.370264
-0.385256
-0.400521
-0.415754
-0.430673
-0.445055
-0.458652
-0.471112
-0.483577
-0.503814
-0.539365
-0.582498
-0.624445
-0.661999
-0.691752
-0.705166
-0.685514
-0.621798
-0.701566
-1.0975
-1.86189
-2.10234
41.1879
152.387
272.831
519.036
956.853
-0.343796
-0.336126
-0.326435
-0.317126
-0.309462
-0.302978
-0.297915
-0.294622
-0.293278
-0.293961
-0.296668
-0.301331
-0.307829
-0.316011
-0.325707
-0.33674
-0.348945
-0.362173
-0.376295
-0.391182
-0.406685
-0.422621
-0.4388
-0.455077
-0.471438
-0.488053
-0.505356
-0.524701
-0.549983
-0.584209
-0.624163
-0.665164
-0.704846
-0.74166
-0.773806
-0.799963
-0.81093
-0.856743
-0.952599
-1.05123
-1.04241
-1.22901
-2.04305
-2.46707
4.6723
67.3489
-0.357863
-0.349507
-0.340082
-0.331208
-0.324096
-0.3185
-0.314425
-0.312045
-0.311488
-0.312823
-0.316064
-0.321168
-0.328049
-0.33658
-0.346614
-0.357989
-0.370553
-0.384171
-0.398728
-0.414119
-0.430238
-0.446974
-0.464223
-0.481929
-0.500167
-0.519224
-0.53966
-0.56255
-0.589847
-0.622793
-0.659811
-0.698577
-0.737894
-0.777405
-0.817822
-0.86199
-0.915082
-0.988588
-1.08889
-1.19492
-1.23508
-1.26419
-1.42533
-1.49717
-1.61191
-2.01515
-0.373299
-0.364079
-0.354844
-0.346642
-0.340335
-0.33569
-0.332601
-0.331143
-0.331406
-0.333448
-0.337289
-0.342904
-0.350227
-0.359157
-0.369564
-0.381308
-0.394254
-0.408284
-0.423303
-0.439231
-0.456
-0.473556
-0.491863
-0.510921
-0.530839
-0.551907
-0.574625
-0.599751
-0.628295
-0.660786
-0.696546
-0.734581
-0.774424
-0.816315
-0.861472
-0.912641
-0.974014
-1.05242
-1.15067
-1.25745
-1.34436
-1.43019
-1.56593
-1.67518
-1.73936
-1.86078
-0.389402
-0.379818
-0.371052
-0.363687
-0.358225
-0.354458
-0.352247
-0.351618
-0.352633
-0.355339
-0.359755
-0.365866
-0.373623
-0.382941
-0.393712
-0.405814
-0.419133
-0.433571
-0.449053
-0.465518
-0.482928
-0.501266
-0.520543
-0.540797
-0.56214
-0.584821
-0.60924
-0.635924
-0.66545
-0.69813
-0.733778
-0.772062
-0.812947
-0.856939
-0.905216
-0.959768
-1.02325
-1.09923
-1.1889
-1.28677
-1.38417
-1.491
-1.62345
-1.75154
-1.8671
-2.01839
-0.406053
-0.396725
-0.388798
-0.382367
-0.377712
-0.374707
-0.37324
-0.37332
-0.37499
-0.378287
-0.383223
-0.389789
-0.397945
-0.407622
-0.418729
-0.431165
-0.444834
-0.459659
-0.475582
-0.492563
-0.510577
-0.529633
-0.549766
-0.571036
-0.593549
-0.617507
-0.643213
-0.671045
-0.701385
-0.734489
-0.770423
-0.809213
-0.851063
-0.89656
-0.946766
-1.00316
-1.06749
-1.14157
-1.22582
-1.31793
-1.41514
-1.52171
-1.6432
-1.76908
-1.89841
-2.04494
-0.423387
-0.414856
-0.407985
-0.402497
-0.398584
-0.396232
-0.395387
-0.396065
-0.398297
-0.402107
-0.407503
-0.414473
-0.422985
-0.432985
-0.444397
-0.457136
-0.471123
-0.486298
-0.502624
-0.520074
-0.538637
-0.558328
-0.579196
-0.601308
-0.624767
-0.649736
-0.676449
-0.705183
-0.736221
-0.769807
-0.806135
-0.845415
-0.887977
-0.934404
-0.985609
-1.04275
-1.10706
-1.1796
-1.26068
-1.34942
-1.44492
-1.54884
-1.66331
-1.785
-1.91415
-2.05545
-0.441523
-0.434153
-0.428364
-0.423758
-0.420513
-0.418724
-0.418408
-0.419594
-0.422307
-0.42656
-0.432354
-0.439678
-0.448506
-0.458792
-0.470477
-0.483488
-0.49776
-0.513247
-0.529924
-0.547781
-0.566818
-0.587054
-0.608537
-0.631335
-0.655546
-0.68131
-0.708816
-0.738281
-0.769929
-0.803991
-0.840719
-0.880409
-0.923443
-0.970371
-1.02196
-1.07915
-1.14285
-1.21382
-1.29243
-1.37845
-1.47171
-1.57305
-1.68343
-1.80182
-1.92875
-2.06665
-0.460454
-0.454403
-0.449586
-0.445753
-0.443104
-0.441814
-0.441959
-0.443585
-0.446713
-0.451351
-0.457493
-0.465126
-0.474229
-0.484768
-0.496695
-0.509952
-0.524482
-0.540247
-0.55723
-0.575434
-0.59487
-0.615562
-0.637553
-0.660906
-0.68571
-0.712089
-0.740206
-0.770246
-0.802398
-0.836879
-0.873957
-0.913959
-0.957279
-1.00442
-1.05603
-1.11288
-1.1757
-1.24513
-1.32153
-1.40503
-1.49581
-1.59444
-1.70154
-1.81692
-1.94129
-2.07607
-0.480039
-0.475286
-0.471267
-0.468087
-0.465965
-0.465121
-0.465678
-0.467692
-0.471186
-0.47616
-0.482607
-0.490512
-0.499857
-0.510618
-0.522759
-0.536237
-0.551001
-0.567017
-0.584271
-0.602772
-0.622541
-0.643608
-0.666014
-0.689815
-0.71509
-0.741946
-0.770527
-0.801
-0.833539
-0.868349
-0.905693
-0.9459
-0.989354
-1.03651
-1.08793
-1.14425
-1.2061
-1.27404
-1.34849
-1.42971
-1.51805
-1.61402
-1.71816
-1.83063
-1.95232
-2.08427
-0.500044
-0.496447
-0.493054
-0.490415
-0.488754
-0.488314
-0.489243
-0.491605
-0.495423
-0.500697
-0.507415
-0.515563
-0.525125
-0.536083
-0.548415
-0.562087
-0.577058
-0.593298
-0.610791
-0.629546
-0.64959
-0.670957
-0.693693
-0.71785
-0.743496
-0.770725
-0.799662
-0.830459
-0.863285
-0.898335
-0.93586
-0.976176
-1.01965
-1.06669
-1.11778
-1.17348
-1.23434
-1.30089
-1.37358
-1.45278
-1.53891
-1.63248
-1.73404
-1.8439
-1.96309
-2.09259
-0.520197
-0.517556
-0.514653
-0.512468
-0.511214
-0.511142
-0.51241
-0.515089
-0.519201
-0.524745
-0.53171
-0.540081
-0.549843
-0.560983
-0.573485
-0.587328
-0.602479
-0.618911
-0.636609
-0.655578
-0.675842
-0.697442
-0.720425
-0.744846
-0.77077
-0.79828
-0.827488
-0.85853
-0.891567
-0.926788
-0.96443
-1.00479
-1.0482
-1.09505
-1.14577
-1.20083
-1.26074
-1.32602
-1.39715
-1.47457
-1.55875
-1.65026
-1.74966
-1.85737
-1.97452
-2.10214
-0.540222
-0.538328
-0.535827
-0.534036
-0.533151
-0.533421
-0.535007
-0.537979
-0.542361
-0.548156
-0.555351
-0.563931
-0.573883
-0.585197
-0.597859
-0.611854
-0.627162
-0.643757
-0.661626
-0.68077
-0.701209
-0.722982
-0.746138
-0.770738
-0.796848
-0.82455
-0.853944
-0.885159
-0.918345
-0.953683
-0.991396
-1.03176
-1.07508
-1.12173
-1.17207
-1.22655
-1.28564
-1.34984
-1.41964
-1.49555
-1.57812
-1.66791
-1.76555
-1.87153
-1.98711
-2.11332
-0.55986
-0.558527
-0.556378
-0.554946
-0.554406
-0.555003
-0.556893
-0.560145
-0.564784
-0.570814
-0.578227
-0.587009
-0.597146
-0.608628
-0.621444
-0.635583
-0.651029
-0.667765
-0.685778
-0.705066
-0.725644
-0.747546
-0.770821
-0.795532
-0.821751
-0.849562
-0.879064
-0.910379
-0.943653
-0.979058
-1.0168
-1.05714
-1.10037
-1.14681
-1.19683
-1.25083
-1.30926
-1.3726
-1.44137
-1.51613
-1.59745
-1.68595
-1.78229
-1.88698
-2.00139
-2.12662
-0.578885
-0.577963
-0.57614
-0.575047
-0.57484
-0.575756
-0.577942
-0.581465
-0.586352
-0.592609
-0.600232
-0.609207
-0.619524
-0.631171
-0.644138
-0.658414
-0.673989
-0.69085
-0.708987
-0.728397
-0.74909
-0.771095
-0.794457
-0.819239
-0.845516
-0.873378
-0.902926
-0.934284
-0.967594
-1.00303
-1.04077
-1.08108
-1.12421
-1.17048
-1.22023
-1.27385
-1.33177
-1.39448
-1.46252
-1.53647
-1.61695
-1.70462
-1.80013
-1.90405
-2.01778
-2.1425
-0.597113
-0.596494
-0.594982
-0.594213
-0.59433
-0.595559
-0.598037
-0.601826
-0.606955
-0.613432
-0.621256
-0.630418
-0.640908
-0.652714
-0.665826
-0.680235
-0.695931
-0.712906
-0.731153
-0.750669
-0.771462
-0.793555
-0.816989
-0.841826
-0.868142
-0.896028
-0.925594
-0.956964
-0.990284
-1.02572
-1.06346
-1.10374
-1.1468
-1.19295
-1.24251
-1.29587
-1.35344
-1.41574
-1.48331
-1.55678
-1.63678
-1.72401
-1.81916
-1.92279
-2.03635
-2.16107
-0.614416
-0.614023
-0.61281
-0.612352
-0.612784
-0.614318
-0.617081
-0.621131
-0.626496
-0.633187
-0.641205
-0.650546
-0.661201
-0.673158
-0.686408
-0.700942
-0.716752
-0.733832
-0.752177
-0.771785
-0.792665
-0.814838
-0.838341
-0.863231
-0.889585
-0.917497
-0.947079
-0.978463
-1.0118
-1.04725
-1.08501
-1.12529
-1.16835
-1.21446
-1.26395
-1.31719
-1.37461
-1.43673
-1.5041
-1.57739
-1.65726
-1.74444
-1.83964
-1.9434
-2.05722
-2.18236
-0.630719
-0.630496
-0.629571
-0.62941
-0.630144
-0.631974
-0.635014
-0.639317
-0.644911
-0.651809
-0.660015
-0.669526
-0.680336
-0.692436
-0.705815
-0.720466
-0.736382
-0.753556
-0.771988
-0.791676
-0.812632
-0.834875
-0.858444
-0.883391
-0.909793
-0.937746
-0.967365
-0.998786
-1.03216
-1.06767
-1.10549
-1.14585
-1.18898
-1.23518
-1.28474
-1.33805
-1.39555
-1.45774
-1.52523
-1.59868
-1.67879
-1.76631
-1.86194
-1.96624
-2.08069
-2.20656
-0.645993
-0.645898
-0.645249
-0.645368
-0.646391
-0.648505
-0.65181
-0.656357
-0.662173
-0.669271
-0.677658
-0.687332
-0.698289
-0.710522
-0.724021
-0.73878
-0.754792
-0.772052
-0.790559
-0.810317
-0.831337
-0.853644
-0.877274
-0.902282
-0.928743
-0.956756
-0.986439
-1.01793
-1.05139
-1.08699
-1.12494
-1.16545
-1.20877
-1.25517
-1.30497
-1.35856
-1.41637
-1.47894
-1.54687
-1.62084
-1.70158
-1.78983
-1.88628
-1.9915
-2.1069
-2.23375
-0.660237
-0.660242
-0.659855
-0.660238
-0.661535
-0.663918
-0.667477
-0.672258
-0.678288
-0.685579
-0.69414
-0.70397
-0.715066
-0.727424
-0.741035
-0.755894
-0.771995
-0.789332
-0.807906
-0.827724
-0.848802
-0.871166
-0.894855
-0.919926
-0.946457
-0.974549
-1.00432
-1.03592
-1.06951
-1.10526
-1.1434
-1.18414
-1.22774
-1.27447
-1.32467
-1.37873
-1.43709
-1.50031
-1.569
-1.64384
-1.72556
-1.81491
-1.91256
-2.019
-2.13562
-2.26362
-0.673471
-0.673553
-0.673413
-0.674045
-0.675602
-0.67824
-0.682041
-0.687046
-0.69328
-0.700757
-0.709485
-0.719464
-0.730694
-0.74317
-0.756888
-0.771841
-0.788023
-0.805431
-0.824068
-0.843943
-0.865075
-0.887494
-0.911243
-0.936384
-0.962996
-0.991186
-1.02108
-1.05281
-1.08657
-1.12253
-1.16093
-1.20198
-1.24595
-1.29313
-1.34387
-1.39857
-1.45769
-1.52179
-1.5915
-1.6675
-1.75052
-1.84127
-1.94037
-2.04829
-2.16627
-2.29543
-0.685721
-0.685861
-0.685954
-0.68682
-0.688624
-0.691505
-0.695535
-0.700753
-0.707184
-0.714839
-0.723727
-0.73385
-0.745207
-0.757796
-0.771614
-0.786656
-0.802916
-0.820393
-0.839091
-0.859024
-0.880214
-0.902692
-0.926508
-0.951726
-0.978435
-1.00674
-1.03677
-1.06869
-1.10266
-1.13889
-1.17759
-1.21903
-1.26346
-1.31121
-1.36261
-1.4181
-1.47815
-1.54333
-1.61428
-1.69166
-1.7762
-1.86855
-1.96929
-2.07878
-2.19813
-2.32832
-0.69701
-0.697197
-0.697506
-0.698594
-0.700631
-0.703742
-0.707991
-0.713413
-0.72003
-0.727855
-0.736896
-0.747154
-0.758632
-0.771329
-0.785243
-0.80037
-0.816706
-0.834252
-0.853015
-0.873011
-0.894264
-0.916811
-0.940705
-0.966018
-0.992841
-1.02129
-1.05149
-1.08362
-1.11785
-1.15439
-1.19348
-1.23537
-1.28036
-1.32876
-1.38095
-1.43735
-1.49848
-1.56489
-1.63724
-1.71617
-1.80237
-1.89643
-1.99887
-2.10991
-2.2305
-2.36143
-0.70736
-0.707582
-0.708092
-0.70939
-0.711649
-0.714978
-0.719433
-0.725047
-0.731841
-0.739827
-0.749011
-0.759398
-0.77099
-0.783789
-0.797794
-0.813002
-0.829412
-0.847029
-0.865861
-0.885927
-0.907253
-0.929881
-0.95387
-0.979295
-1.00625
-1.03487
-1.06528
-1.09765
-1.13218
-1.1691
-1.20863
-1.25105
-1.29667
-1.34583
-1.3989
-1.45634
-1.51866
-1.58644
-1.6603
-1.74089
-1.82881
-1.92462
-2.02869
-2.14116
-2.26271
-2.39395
-0.716784
-0.717035
-0.71773
-0.719225
-0.721692
-0.725227
-0.729877
-0.735672
-0.742631
-0.750766
-0.760083
-0.770589
-0.782288
-0.795181
-0.809271
-0.824557
-0.84104
-0.858729
-0.877635
-0.897778
-0.919188
-0.941911
-0.96601
-0.991567
-1.01869
-1.04749
-1.07814
-1.1108
-1.14568
-1.18301
-1.22305
-1.26607
-1.3124
-1.3624
-1.41645
-1.47502
-1.53864
-1.60786
-1.68331
-1.76559
-1.85523
-1.95271
-2.05828
-2.17191
-2.29405
-2.42503
-0.725292
-0.725569
-0.72643
-0.72811
-0.730773
-0.734499
-0.739329
-0.745292
-0.752403
-0.760674
-0.770114
-0.780728
-0.792523
-0.805504
-0.819672
-0.83503
-0.851584
-0.869345
-0.888326
-0.908551
-0.930053
-0.952882
-0.977107
-1.00281
-1.03011
-1.05914
-1.09005
-1.12303
-1.1583
-1.1961
-1.23669
-1.28038
-1.32749
-1.37839
-1.4335
-1.49328
-1.55825
-1.62897
-1.70603
-1.78996
-1.88124
-1.98021
-2.08701
-2.20143
-2.32365
-2.45372
-0.732889
-0.733192
-0.734202
-0.736052
-0.738894
-0.742796
-0.747792
-0.753907
-0.761156
-0.76955
-0.779098
-0.78981
-0.80169
-0.814747
-0.828984
-0.844408
-0.861029
-0.878858
-0.897914
-0.918223
-0.939821
-0.962765
-0.987125
-1.013
-1.04049
-1.06975
-1.10095
-1.13429
-1.16998
-1.20828
-1.24947
-1.29387
-1.34181
-1.39368
-1.4499
-1.51092
-1.57727
-1.64948
-1.72809
-1.81357
-1.9063
-2.0065
-2.11415
-2.22888
-2.35057
-2.47898
-0.739578
-0.739906
-0.741048
-0.743052
-0.746057
-0.750119
-0.755264
-0.761515
-0.768886
-0.777389
-0.787032
-0.797827
-0.80978
-0.822901
-0.837196
-0.852676
-0.869354
-0.887246
-0.906371
-0.92676
-0.948455
-0.971515
-0.996016
-1.02206
-1.04976
-1.07927
-1.11078
-1.14449
-1.18062
-1.21945
-1.26127
-1.30641
-1.35521
-1.40807
-1.46541
-1.52769
-1.59539
-1.66902
-1.74905
-1.83589
-1.9298
-2.03086
-2.13888
-2.25334
-2.37381
-2.49977
-0.745359
-0.745714
-0.74697
-0.749112
-0.752264
-0.756467
-0.761745
-0.768116
-0.775592
-0.784187
-0.79391
-0.804772
-0.816783
-0.829954
-0.844294
-0.859817
-0.87654
-0.894482
-0.913667
-0.934129
-0.955914
-0.979086
-1.00373
-1.02994
-1.05785
-1.08762
-1.11944
-1.15352
-1.19011
-1.22948
-1.27194
-1.31783
-1.3675
-1.42135
-1.47979
-1.54327
-1.61224
-1.68716
-1.76843
-1.85636
-1.95108
-2.05253
-2.16037
-2.27393
-2.39248
-2.5152
-0.750232
-0.750615
-0.751972
-0.754235
-0.757516
-0.761843
-0.767236
-0.773708
-0.781273
-0.789942
-0.799728
-0.810641
-0.822693
-0.835897
-0.850265
-0.865816
-0.882568
-0.900545
-0.919775
-0.940296
-0.962159
-0.985432
-1.0102
-1.03657
-1.06469
-1.09471
-1.12683
-1.16128
-1.19831
-1.23822
-1.28131
-1.32794
-1.37846
-1.43326
-1.49275
-1.55734
-1.62745
-1.70347
-1.78571
-1.87438
-1.96949
-2.07083
-2.17791
-2.28992
-2.40589
-2.52473
-0.754198
-0.754612
-0.756055
-0.758426
-0.761818
-0.766252
-0.771741
-0.778297
-0.785932
-0.794658
-0.804487
-0.815432
-0.827505
-0.840722
-0.8551
-0.870659
-0.887421
-0.905414
-0.92467
-0.945231
-0.967154
-0.990509
-1.01539
-1.0419
-1.0702
-1.10045
-1.13286
-1.16766
-1.20512
-1.24554
-1.28923
-1.33656
-1.38787
-1.44356
-1.504
-1.56957
-1.64063
-1.7175
-1.8004
-1.88942
-1.98445
-2.08516
-2.19094
-2.30085
-2.41374
-2.52827
-0.75726
-0.757709
-0.759226
-0.761689
-0.765178
-0.769701
-0.775267
-0.781888
-0.789573
-0.798335
-0.808188
-0.819143
-0.831218
-0.844428
-0.858794
-0.874338
-0.891088
-0.909073
-0.928331
-0.948909
-0.970866
-0.994276
-1.01924
-1.04587
-1.07432
-1.10477
-1.13744
-1.17255
-1.2104
-1.25128
-1.29553
-1.3435
-1.39553
-1.45201
-1.51326
-1.57963
-1.65142
-1.72885
-1.81206
-1.90102
-1.99552
-2.09511
-2.19912
-2.30655
-2.41608
-2.5262
-0.759425
-0.759912
-0.761492
-0.764035
-0.767603
-0.772197
-0.777823
-0.784488
-0.792204
-0.800982
-0.810836
-0.821781
-0.833833
-0.847013
-0.861343
-0.876848
-0.893559
-0.91151
-0.930742
-0.951306
-0.973265
-0.996698
-1.02171
-1.04842
-1.07699
-1.1076
-1.14047
-1.17585
-1.21403
-1.25533
-1.30006
-1.34858
-1.40123
-1.45836
-1.52027
-1.58723
-1.65949
-1.73717
-1.82032
-1.90882
-2.00236
-2.10044
-2.20236
-2.30712
-2.41331
-2.51932
-0.760698
-0.761227
-0.762862
-0.765471
-0.769103
-0.773752
-0.779418
-0.786108
-0.793833
-0.802606
-0.812439
-0.82335
-0.835357
-0.848482
-0.862749
-0.878189
-0.894832
-0.912717
-0.931889
-0.952404
-0.974327
-0.997743
-1.02276
-1.0495
-1.07814
-1.10886
-1.14188
-1.17747
-1.21592
-1.25754
-1.30267
-1.35164
-1.40479
-1.46241
-1.52478
-1.5921
-1.66454
-1.74216
-1.82489
-1.91255
-2.00479
-2.10109
-2.20078
-2.30292
-2.40611
-2.50864
-0.76109
-0.761662
-0.763345
-0.766009
-0.76969
-0.774375
-0.780063
-0.786759
-0.794473
-0.803218
-0.813008
-0.823861
-0.835798
-0.848841
-0.863019
-0.878361
-0.894904
-0.912689
-0.931765
-0.95219
-0.974034
-0.997386
-1.02236
-1.04908
-1.07773
-1.10849
-1.1416
-1.17732
-1.21596
-1.25781
-1.30323
-1.35253
-1.40602
-1.46396
-1.52658
-1.59402
-1.66636
-1.74358
-1.82557
-1.91208
-2.00276
-2.09714
-2.19464
-2.29445
-2.39521
-2.49524
-0.760608
-0.761228
-0.762951
-0.765659
-0.769376
-0.774082
-0.779773
-0.786455
-0.794137
-0.802832
-0.812556
-0.823327
-0.835167
-0.848101
-0.862158
-0.877372
-0.89378
-0.911428
-0.930366
-0.950656
-0.972373
-0.995609
-1.02048
-1.04712
-1.07571
-1.10645
-1.13956
-1.17533
-1.21405
-1.25604
-1.30163
-1.35111
-1.40478
-1.46286
-1.5255
-1.5928
-1.66475
-1.74128
-1.82222
-1.90732
-1.99629
-2.08874
-2.18426
-2.2822
-2.38131
-2.47992
-0.759264
-0.759933
-0.761693
-0.764436
-0.768175
-0.772885
-0.778562
-0.785211
-0.79284
-0.801464
-0.811098
-0.821761
-0.833477
-0.846273
-0.860179
-0.87523
-0.891466
-0.908935
-0.927691
-0.947799
-0.969336
-0.9924
-1.01711
-1.0436
-1.07206
-1.10269
-1.13572
-1.17144
-1.21015
-1.25215
-1.29776
-1.34728
-1.40095
-1.45895
-1.52139
-1.58829
-1.65958
-1.73514
-1.81479
-1.8983
-1.98547
-2.0761
-2.16995
-2.26658
-2.36487
-2.46312
-0.757071
-0.757788
-0.759587
-0.762356
-0.766103
-0.770802
-0.776448
-0.783043
-0.7906
-0.79913
-0.808649
-0.81918
-0.830744
-0.843372
-0.857093
-0.871945
-0.887971
-0.905219
-0.923746
-0.94362
-0.964923
-0.987753
-1.01223
-1.03851
-1.06675
-1.09719
-1.13005
-1.16561
-1.20417
-1.24605
-1.29155
-1.34093
-1.39442
-1.45214
-1.51415
-1.5804
-1.65078
-1.72512
-1.80326
-1.88505
-1.97043
-2.05939
-2.15193
-2.24781
-2.34597
-2.44482
-0.754048
-0.754803
-0.756651
-0.759435
-0.763176
-0.767849
-0.773446
-0.779972
-0.787434
-0.795849
-0.80523
-0.815601
-0.826987
-0.839414
-0.852917
-0.867534
-0.883308
-0.900291
-0.918541
-0.938128
-0.959137
-0.981669
-1.00585
-1.03183
-1.05978
-1.08992
-1.1225
-1.15779
-1.19609
-1.23771
-1.28293
-1.33201
-1.38512
-1.44236
-1.50371
-1.56908
-1.63831
-1.71122
-1.78769
-1.86767
-1.95129
-2.03875
-2.1303
-2.22591
-2.32452
-2.42456
-0.750229
-0.751009
-0.752883
-0.755683
-0.759411
-0.764045
-0.769578
-0.776015
-0.783364
-0.791641
-0.800861
-0.811047
-0.822224
-0.834421
-0.847672
-0.862016
-0.877498
-0.894169
-0.912092
-0.931338
-0.951993
-0.974161
-0.997967
-1.02356
-1.05113
-1.08088
-1.11307
-1.14797
-1.18588
-1.22708
-1.27188
-1.32047
-1.37302
-1.42957
-1.49005
-1.55432
-1.62218
-1.69346
-1.7681
-1.8462
-1.92807
-2.01417
-2.10498
-2.20062
-2.30001
-2.40155
-0.745653
-0.746401
-0.748303
-0.751121
-0.754827
-0.759409
-0.764862
-0.771193
-0.77841
-0.786528
-0.795564
-0.805539
-0.81648
-0.828415
-0.84138
-0.855414
-0.870563
-0.886879
-0.904425
-0.923274
-0.943514
-0.965249
-0.988606
-1.01374
-1.04082
-1.07009
-1.10177
-1.13615
-1.17352
-1.21417
-1.25836
-1.3063
-1.35809
-1.41375
-1.47315
-1.5361
-1.60239
-1.67187
-1.74455
-1.82068
-1.90079
-1.98558
-2.07574
-2.17149
-2.27168
-2.3747
-0.740241
-0.741064
-0.742959
-0.745774
-0.749446
-0.753963
-0.759322
-0.76553
-0.772596
-0.780534
-0.789362
-0.799101
-0.809779
-0.821423
-0.834068
-0.847756
-0.862531
-0.878447
-0.895567
-0.913965
-0.933728
-0.954963
-0.977794
-1.00237
-1.02889
-1.05755
-1.08861
-1.12234
-1.15903
-1.19896
-1.24239
-1.28949
-1.34034
-1.39491
-1.45303
-1.51446
-1.579
-1.6465
-1.71708
-1.79114
-1.86942
-1.95284
-2.04224
-2.13794
-2.23867
-2.34286
-0.734078
-0.734961
-0.736861
-0.739664
-0.743291
-0.747729
-0.75298
-0.759049
-0.765945
-0.773683
-0.782281
-0.791761
-0.802148
-0.813471
-0.825765
-0.839071
-0.853434
-0.868906
-0.885552
-0.903444
-0.922671
-0.943336
-0.965564
-0.989509
-1.01535
-1.04331
-1.07363
-1.10658
-1.14245
-1.1815
-1.22399
-1.27007
-1.31979
-1.37307
-1.42972
-1.48946
-1.55206
-1.61743
-1.68575
-1.75761
-1.83391
-1.91576
-2.00414
-2.09938
-2.20012
-2.30491
-0.727184
-0.728123
-0.730028
-0.732812
-0.736383
-0.740732
-0.74586
-0.751774
-0.758484
-0.766003
-0.77435
-0.783547
-0.793618
-0.804592
-0.816504
-0.829394
-0.843306
-0.858292
-0.874416
-0.89175
-0.91038
-0.930409
-0.95196
-0.975186
-1.00027
-1.02742
-1.05687
-1.08891
-1.12381
-1.16183
-1.20321
-1.24809
-1.29649
-1.34831
-1.4033
-1.46117
-1.52167
-1.58474
-1.65066
-1.72012
-1.79421
-1.87417
-1.96107
-2.05527
-2.15529
-2.2599
-0.719583
-0.720578
-0.722483
-0.725241
-0.728747
-0.732995
-0.737988
-0.743733
-0.750239
-0.757522
-0.765599
-0.77449
-0.78422
-0.794819
-0.806318
-0.818759
-0.832184
-0.846644
-0.8622
-0.878924
-0.896901
-0.91623
-0.937033
-0.959459
-0.983686
-1.00992
-1.03841
-1.0694
-1.10319
-1.14002
-1.18012
-1.22362
-1.27052
-1.32069
-1.37386
-1.4297
-1.48795
-1.54857
-1.61191
-1.67876
-1.75032
-1.82796
-1.9128
-2.00518
-2.1036
-2.2071
-0.711301
-0.71235
-0.714251
-0.716975
-0.720407
-0.724544
-0.72939
-0.734952
-0.741241
-0.74827
-0.756057
-0.764622
-0.773989
-0.784185
-0.795245
-0.807205
-0.820107
-0.834002
-0.848948
-0.865015
-0.882284
-0.900853
-0.92084
-0.942391
-0.965678
-0.990904
-1.0183
-1.04813
-1.08066
-1.11615
-1.1548
-1.19675
-1.24198
-1.29033
-1.34151
-1.39517
-1.45103
-1.50905
-1.56963
-1.63362
-1.7023
-1.77711
-1.85919
-1.94889
-2.0447
-2.14602
-0.702365
-0.703466
-0.705357
-0.708041
-0.711391
-0.715407
-0.720096
-0.725463
-0.731519
-0.738279
-0.745758
-0.753977
-0.762958
-0.772729
-0.783322
-0.794772
-0.80712
-0.820413
-0.834709
-0.850073
-0.866585
-0.884339
-0.903448
-0.924052
-0.946318
-0.970441
-0.996649
-1.02519
-1.05633
-1.09032
-1.12737
-1.16759
-1.21098
-1.25736
-1.3064
-1.35774
-1.41107
-1.46636
-1.52399
-1.58486
-1.65029
-1.72171
-1.80029
-1.88637
-1.97849
-2.07644
-0.692803
-0.693954
-0.69583
-0.698467
-0.701727
-0.705614
-0.710134
-0.715295
-0.721106
-0.727581
-0.734736
-0.74259
-0.751166
-0.760489
-0.77059
-0.781503
-0.793266
-0.805925
-0.819534
-0.834157
-0.849866
-0.866753
-0.884927
-0.90452
-0.925691
-0.948627
-0.973546
-1.00069
-1.03032
-1.06267
-1.09796
-1.1363
-1.17768
-1.22192
-1.26868
-1.31757
-1.36827
-1.4207
-1.47522
-1.53273
-1.59451
-1.66201
-1.73636
-1.81789
-1.90522
-1.99852
-0.682645
-0.683844
-0.685699
-0.688281
-0.691445
-0.695194
-0.699537
-0.70448
-0.710033
-0.71621
-0.723026
-0.730499
-0.73865
-0.747505
-0.757093
-0.767444
-0.778596
-0.790591
-0.803481
-0.817325
-0.832193
-0.848169
-0.865357
-0.883882
-0.903892
-0.925564
-0.949106
-0.974751
-1.00274
-1.03333
-1.06672
-1.10302
-1.14224
-1.18419
-1.22854
-1.27487
-1.32283
-1.37229
-1.42356
-1.47748
-1.5353
-1.59838
-1.66783
-1.74396
-1.82549
-1.91287
-0.671922
-0.673165
-0.674992
-0.677514
-0.680574
-0.684178
-0.688334
-0.69305
-0.698335
-0.704201
-0.710665
-0.717741
-0.725452
-0.733821
-0.742874
-0.752642
-0.763159
-0.774465
-0.786609
-0.799643
-0.813635
-0.828662
-0.844821
-0.862226
-0.881017
-0.90136
-0.923449
-0.947505
-0.973764
-1.00247
-1.03382
-1.06794
-1.10485
-1.14437
-1.18618
-1.22985
-1.27497
-1.32138
-1.3693
-1.41947
-1.47304
-1.5313
-1.5953
-1.66532
-1.74019
-1.8205
-0.660666
-0.661949
-0.66374
-0.666195
-0.669145
-0.672597
-0.676559
-0.681039
-0.686046
-0.691591
-0.697689
-0.704356
-0.711612
-0.719479
-0.727981
-0.737148
-0.74701
-0.757606
-0.768978
-0.781178
-0.794264
-0.80831
-0.823403
-0.839648
-0.857172
-0.876129
-0.896701
-0.919094
-0.943532
-0.970247
-0.999446
-1.03127
-1.06573
-1.10269
-1.14183
-1.18273
-1.22495
-1.26825
-1.31275
-1.35906
-1.40819
-1.46135
-1.51949
-1.58289
-1.65046
-1.72283
-0.648909
-0.650225
-0.651974
-0.654355
-0.657189
-0.660483
-0.664246
-0.668482
-0.673202
-0.678416
-0.684138
-0.690384
-0.697172
-0.704524
-0.712462
-0.721011
-0.730203
-0.74007
-0.750653
-0.761997
-0.774155
-0.787193
-0.80119
-0.816241
-0.832462
-0.849992
-0.868997
-0.889667
-0.912213
-0.936858
-0.963807
-0.993209
-1.0251
-1.05938
-1.09574
-1.13378
-1.17304
-1.21319
-1.25424
-1.29664
-1.34126
-1.38915
-1.4412
-1.49767
-1.55757
-1.62144
-0.636683
-0.638026
-0.639724
-0.642025
-0.644739
-0.647871
-0.651428
-0.655415
-0.65984
-0.664714
-0.670051
-0.675866
-0.682177
-0.689003
-0.696364
-0.704285
-0.712793
-0.721918
-0.731697
-0.742168
-0.75338
-0.765391
-0.778272
-0.792106
-0.806997
-0.823069
-0.840472
-0.859377
-0.87998
-0.902492
-0.927115
-0.954005
-0.983225
-1.0147
-1.04818
-1.08327
-1.1195
-1.15649
-1.19412
-1.23264
-1.27275
-1.31534
-1.36124
-1.41067
-1.46277
-1.51798
-0.62402
-0.625381
-0.627021
-0.629237
-0.631829
-0.634795
-0.638142
-0.641874
-0.645998
-0.650525
-0.65547
-0.660847
-0.666672
-0.672963
-0.679739
-0.687022
-0.694837
-0.703211
-0.712174
-0.721762
-0.732017
-0.742988
-0.754739
-0.767341
-0.780886
-0.795482
-0.811262
-0.828378
-0.847008
-0.867347
-0.88959
-0.913899
-0.94036
-0.968935
-0.999428
-1.03148
-1.06464
-1.09846
-1.1327
-1.16744
-1.20316
-1.24057
-1.28039
-1.32288
-1.36727
-1.41392
-0.61095
-0.612321
-0.613896
-0.616026
-0.618492
-0.62129
-0.624424
-0.627896
-0.631714
-0.63589
-0.640437
-0.645369
-0.650702
-0.656452
-0.662637
-0.669277
-0.676394
-0.68401
-0.692153
-0.700851
-0.710142
-0.720069
-0.730683
-0.742047
-0.75424
-0.767354
-0.781504
-0.796824
-0.81347
-0.831619
-0.851455
-0.873141
-0.896782
-0.922381
-0.949797
-0.97873
-1.00875
-1.03941
-1.07033
-1.10144
-1.13297
-1.16544
-1.19943
-1.23518
-1.2721
-1.31049
-0.597507
-0.598875
-0.60038
-0.602423
-0.604763
-0.607393
-0.610311
-0.61352
-0.617029
-0.620849
-0.624993
-0.629476
-0.634314
-0.63952
-0.645112
-0.651106
-0.657521
-0.664378
-0.671699
-0.679507
-0.687834
-0.696716
-0.706195
-0.716324
-0.727169
-0.738807
-0.751336
-0.764868
-0.77954
-0.795507
-0.812936
-0.831987
-0.852779
-0.87535
-0.899616
-0.925348
-0.952174
-0.979641
-1.00733
-1.03498
-1.06261
-1.0905
-1.11906
-1.14848
-1.17831
-1.2088
-0.58372
-0.585071
-0.586505
-0.588463
-0.59068
-0.593141
-0.595842
-0.598787
-0.601983
-0.605443
-0.609182
-0.613215
-0.617555
-0.622217
-0.627215
-0.632564
-0.63828
-0.64438
-0.650881
-0.657804
-0.665172
-0.673014
-0.681366
-0.69027
-0.699779
-0.709959
-0.720887
-0.732657
-0.745383
-0.759199
-0.774251
-0.790688
-0.808634
-0.828157
-0.849227
-0.871689
-0.895246
-0.91949
-0.943978
-0.968347
-0.992411
-1.0162
-1.03991
-1.06362
-1.08696
-1.1101
-0.569618
-0.570939
-0.572304
-0.574183
-0.57628
-0.578573
-0.581057
-0.583734
-0.586615
-0.589714
-0.593048
-0.596629
-0.600474
-0.604593
-0.609
-0.613709
-0.618731
-0.62408
-0.629769
-0.635814
-0.642232
-0.649047
-0.656286
-0.663982
-0.672177
-0.680923
-0.690282
-0.700328
-0.711155
-0.722871
-0.735602
-0.749479
-0.764623
-0.781119
-0.798982
-0.818127
-0.838342
-0.859298
-0.880583
-0.901786
-0.922581
-0.942787
-0.962347
-0.981202
-0.998954
-1.01563
-0.555227
-0.556511
-0.557813
-0.559621
-0.561602
-0.563728
-0.565993
-0.568401
-0.570965
-0.573703
-0.576631
-0.579763
-0.583115
-0.586697
-0.59052
-0.594596
-0.598932
-0.60354
-0.608428
-0.613607
-0.619091
-0.624896
-0.631042
-0.637554
-0.644464
-0.65181
-0.659641
-0.668013
-0.677
-0.686687
-0.697176
-0.708577
-0.721
-0.734535
-0.749228
-0.765051
-0.781876
-0.799465
-0.817484
-0.83554
-0.85325
-0.870286
-0.886392
-0.901326
-0.914619
-0.926102
-0.540574
-0.541821
-0.543067
-0.544815
-0.546685
-0.548644
-0.550688
-0.552825
-0.555072
-0.557448
-0.559972
-0.56266
-0.565525
-0.568577
-0.571825
-0.575276
-0.578939
-0.582818
-0.58692
-0.591251
-0.59582
-0.600637
-0.605716
-0.611073
-0.616731
-0.622719
-0.629071
-0.635828
-0.643046
-0.650788
-0.659133
-0.668169
-0.677988
-0.688674
-0.700289
-0.712842
-0.726276
-0.740443
-0.755106
-0.769946
-0.784602
-0.798693
-0.811845
-0.823667
-0.833612
-0.841328
-0.525686
-0.526906
-0.528105
-0.529807
-0.531567
-0.533359
-0.53518
-0.537044
-0.538973
-0.540989
-0.543113
-0.545362
-0.547747
-0.550278
-0.552961
-0.555802
-0.558806
-0.561973
-0.565307
-0.56881
-0.572486
-0.576341
-0.580382
-0.58462
-0.589067
-0.593743
-0.59867
-0.603879
-0.609405
-0.615297
-0.62161
-0.628411
-0.63577
-0.643761
-0.652442
-0.661844
-0.671957
-0.682711
-0.693959
-0.705482
-0.716997
-0.728158
-0.73857
-0.747778
-0.755208
-0.760398
-0.510589
-0.511807
-0.51296
-0.514634
-0.516288
-0.51791
-0.519505
-0.521095
-0.522706
-0.524364
-0.526093
-0.52791
-0.529825
-0.531846
-0.533978
-0.536224
-0.538585
-0.541059
-0.543647
-0.546346
-0.549157
-0.552081
-0.555119
-0.558275
-0.561556
-0.56497
-0.568534
-0.572264
-0.576185
-0.580327
-0.58473
-0.589436
-0.594499
-0.599973
-0.605909
-0.612342
-0.619286
-0.626721
-0.634576
-0.642728
-0.650992
-0.659113
-0.666756
-0.673493
-0.67881
-0.68223
-0.495284
-0.496552
-0.497658
-0.49933
-0.500883
-0.502334
-0.503701
-0.505015
-0.506309
-0.507614
-0.508954
-0.510347
-0.511803
-0.513328
-0.514924
-0.516591
-0.518328
-0.520131
-0.521997
-0.52392
-0.525898
-0.527925
-0.529998
-0.532116
-0.534278
-0.536488
-0.538753
-0.54108
-0.543484
-0.54598
-0.548594
-0.551353
-0.554291
-0.557447
-0.560854
-0.564544
-0.568539
-0.572844
-0.57744
-0.582274
-0.587252
-0.592225
-0.596962
-0.601132
-0.604354
-0.606214
-0.479716
-0.481167
-0.48222
-0.483935
-0.485395
-0.486672
-0.487808
-0.488846
-0.489824
-0.49078
-0.49174
-0.492721
-0.49373
-0.494773
-0.495849
-0.496957
-0.498092
-0.499249
-0.50042
-0.501597
-0.502773
-0.50394
-0.505091
-0.506218
-0.507317
-0.508383
-0.509418
-0.51042
-0.511396
-0.512354
-0.513304
-0.514261
-0.515246
-0.516282
-0.517388
-0.518587
-0.519898
-0.521336
-0.522906
-0.5246
-0.526393
-0.528228
-0.529976
-0.531434
-0.532389
-0.532528
-0.463833
-0.465708
-0.466679
-0.468496
-0.469868
-0.470965
-0.471866
-0.472625
-0.473291
-0.473905
-0.474494
-0.475072
-0.475649
-0.476227
-0.476802
-0.477372
-0.477929
-0.478465
-0.47897
-0.479434
-0.479846
-0.480195
-0.480469
-0.480656
-0.480747
-0.480734
-0.48061
-0.480371
-0.480013
-0.479537
-0.478946
-0.478245
-0.477443
-0.476553
-0.475583
-0.474545
-0.473454
-0.472324
-0.471171
-0.47001
-0.468856
-0.467711
-0.46654
-0.465255
-0.463805
-0.461978
-0.447705
-0.450301
-0.45107
-0.453071
-0.454354
-0.455257
-0.455913
-0.45639
-0.456746
-0.457025
-0.457251
-0.457441
-0.4576
-0.457729
-0.457823
-0.457876
-0.457879
-0.457822
-0.457694
-0.457481
-0.457168
-0.456741
-0.456186
-0.455487
-0.454632
-0.453607
-0.452402
-0.451005
-0.449409
-0.447608
-0.445598
-0.443377
-0.440948
-0.438314
-0.435478
-0.432446
-0.429228
-0.425836
-0.422287
-0.418607
-0.414834
-0.411005
-0.407145
-0.40326
-0.399432
-0.39553
-0.431363
-0.435132
-0.4354
-0.43771
-0.438911
-0.439597
-0.439993
-0.440183
-0.440229
-0.440176
-0.440049
-0.439861
-0.439616
-0.439312
-0.438943
-0.438502
-0.437978
-0.437359
-0.436631
-0.435776
-0.434779
-0.433623
-0.432291
-0.430764
-0.429026
-0.42706
-0.424852
-0.422384
-0.419647
-0.416629
-0.41332
-0.409714
-0.40581
-0.401605
-0.397101
-0.3923
-0.387209
-0.381841
-0.376214
-0.37036
-0.364325
-0.358171
-0.351958
-0.345761
-0.339756
-0.333865
-0.414001
-0.420498
-0.419747
-0.422509
-0.423626
-0.424055
-0.424163
-0.424053
-0.423785
-0.423402
-0.422927
-0.422369
-0.421732
-0.421012
-0.420202
-0.419291
-0.418266
-0.417114
-0.415819
-0.414362
-0.412724
-0.410888
-0.408831
-0.406535
-0.40398
-0.401148
-0.398017
-0.39457
-0.39079
-0.386664
-0.382177
-0.377321
-0.37209
-0.366481
-0.360492
-0.354128
-0.347396
-0.340309
-0.332891
-0.325177
-0.317224
-0.309106
-0.300909
-0.292748
-0.284865
-0.277219
-0.393744
-0.406875
-0.404462
-0.40766
-0.408617
-0.408703
-0.408478
-0.408047
-0.407454
-0.406737
-0.405915
-0.404996
-0.403978
-0.402858
-0.401625
-0.400267
-0.398769
-0.397117
-0.395291
-0.393271
-0.391036
-0.388568
-0.385843
-0.382841
-0.37954
-0.375916
-0.371947
-0.367612
-0.362892
-0.357769
-0.352228
-0.346256
-0.339846
-0.332994
-0.325699
-0.317967
-0.309806
-0.301234
-0.29228
-0.282987
-0.273418
-0.263659
-0.253814
-0.244027
-0.234576
-0.22545
-0.370356
-0.394816
-0.389965
-0.39327
-0.39393
-0.393571
-0.392953
-0.392169
-0.391233
-0.390171
-0.389
-0.387722
-0.386334
-0.384828
-0.383192
-0.381411
-0.379468
-0.377346
-0.375025
-0.372483
-0.369698
-0.366651
-0.363316
-0.359669
-0.355689
-0.351351
-0.34663
-0.341502
-0.335946
-0.329941
-0.323471
-0.316522
-0.309085
-0.301155
-0.292733
-0.283823
-0.274441
-0.264608
-0.254355
-0.243733
-0.232815
-0.221696
-0.210491
-0.199365
-0.188612
-0.178251
-0.348304
-0.385629
-0.376585
-0.379305
-0.379649
-0.378801
-0.377717
-0.376527
-0.375214
-0.373789
-0.37226
-0.370624
-0.368874
-0.366997
-0.364978
-0.362798
-0.360439
-0.357882
-0.355104
-0.352082
-0.348795
-0.345219
-0.341331
-0.337105
-0.332519
-0.327546
-0.322158
-0.316332
-0.310044
-0.303276
-0.296006
-0.288222
-0.279913
-0.271075
-0.261708
-0.25182
-0.241426
-0.230552
-0.219235
-0.20753
-0.195514
-0.183288
-0.170976
-0.158755
-0.146908
-0.135462
-0.327189
-0.386937
-0.368401
-0.36709
-0.366526
-0.36507
-0.363383
-0.361679
-0.35993
-0.358115
-0.356223
-0.354237
-0.352142
-0.349917
-0.347542
-0.344997
-0.342259
-0.339308
-0.336118
-0.332667
-0.328933
-0.324891
-0.320516
-0.315782
-0.310666
-0.305142
-0.299182
-0.292761
-0.285856
-0.278446
-0.270514
-0.262044
-0.253027
-0.243459
-0.233341
-0.222682
-0.211501
-0.199823
-0.18769
-0.175158
-0.162306
-0.149237
-0.13608
-0.12301
-0.110278
-0.097843
-0.276102
-0.42148
-0.377184
-0.359441
-0.355051
-0.352301
-0.349698
-0.347313
-0.345054
-0.342826
-0.34057
-0.338248
-0.335828
-0.333282
-0.330583
-0.327705
-0.324626
-0.321321
-0.317766
-0.313937
-0.30981
-0.305361
-0.300565
-0.295397
-0.289832
-0.283844
-0.277408
-0.270499
-0.263097
-0.255181
-0.246735
-0.237746
-0.228205
-0.218111
-0.207468
-0.196287
-0.184586
-0.172398
-0.159764
-0.146744
-0.133415
-0.119878
-0.106262
-0.0927305
-0.0795033
-0.0668311
-0.151799
-0.495356
-0.392234
-0.350796
-0.340451
-0.335122
-0.331151
-0.327932
-0.325082
-0.322383
-0.319719
-0.317018
-0.31423
-0.311317
-0.308245
-0.304986
-0.301515
-0.297807
-0.293835
-0.289577
-0.285011
-0.280111
-0.274852
-0.269212
-0.263166
-0.256694
-0.249772
-0.242378
-0.234496
-0.22611
-0.217208
-0.207783
-0.197831
-0.187356
-0.17637
-0.16489
-0.152943
-0.140569
-0.127817
-0.114751
-0.101453
-0.0880171
-0.074551
-0.0611568
-0.0478676
-0.0342631
302.48
355.609
440.165
390.433
-5.97069
-5.68176
7.73545
19.7631
685.856
640.327
591.61
536.367
498.108
464.261
448.022
362.498
824.231
772.28
725.012
690.704
671.898
660.103
642.399
620.665
847.254
818.112
793.649
772.22
753.033
736.273
722.06
709.924
877.981
861.151
846.364
832.411
819.365
807.876
798.159
789.519
910.042
899.287
889.693
880.762
872.57
865.289
858.866
852.743
939.286
933.186
927.971
923.01
918.415
914.428
911.036
907.552
967.91
965.692
964.039
962.355
960.754
959.522
958.694
957.513
995.961
997.57
998.986
999.988
1000.75
1001.69
1003.02
1003.91
1022.22
1024.97
1028.97
1032.88
1035.85
1038.68
1042.54
1046.25
1091.74
1084.47
1079.61
1079.14
1078.28
1076.94
1079.87
1086.68
121.711
139.622
305.222
660.832
579.465
466.74
692.041
1099.21
-2.66122
-2.93781
-2.73286
0.446323
-0.75879
-0.509284
11.1074
53.1477
-1.98059
-2.03744
-2.07724
-2.17205
-2.30697
-2.399
-2.51684
-2.79379
-2.1947
-2.30641
-2.40177
-2.49517
-2.59322
-2.67489
-2.73831
-2.81695
-2.174
-2.26539
-2.36127
-2.46173
-2.56814
-2.67784
-2.78889
-2.89846
-2.17957
-2.27054
-2.36684
-2.46662
-2.56992
-2.67662
-2.78652
-2.89709
-2.188
-2.27728
-2.37241
-2.4714
-2.57346
-2.67812
-2.7847
-2.89077
-2.19471
-2.28236
-2.37587
-2.47353
-2.57435
-2.67752
-2.782
-2.88527
-2.20089
-2.28739
-2.37968
-2.47622
-2.57588
-2.67763
-2.78026
-2.88135
-2.20761
-2.29327
-2.38472
-2.48043
-2.57918
-2.67981
-2.7809
-2.88009
-2.21645
-2.30186
-2.3929
-2.48809
-2.58612
-2.68576
-2.78545
-2.8828
-2.22723
-2.3127
-2.40369
-2.49873
-2.59643
-2.69536
-2.79388
-2.88952
-2.24028
-2.32585
-2.41692
-2.51199
-2.60951
-2.70791
-2.80542
-2.89954
-2.25631
-2.34216
-2.43342
-2.52855
-2.62587
-2.72368
-2.82013
-2.91272
-2.27539
-2.36172
-2.45336
-2.54866
-2.6458
-2.74299
-2.8383
-2.92927
-2.29732
-2.38419
-2.47625
-2.57174
-2.66874
-2.76532
-2.85949
-2.94883
-2.3222
-2.40949
-2.50178
-2.59729
-2.69398
-2.78983
-2.88283
-2.97055
-2.35007
-2.43757
-2.52982
-2.62499
-2.72104
-2.81591
-2.90755
-2.99362
-2.38054
-2.46807
-2.55999
-2.65449
-2.74954
-2.84309
-2.93314
-3.01748
-2.41277
-2.50009
-2.59142
-2.68495
-2.77871
-2.8707
-2.95904
-3.04161
-2.44572
-2.5325
-2.62291
-2.71515
-2.80736
-2.89765
-2.98425
-3.06515
-2.47837
-2.56416
-2.65321
-2.74376
-2.8341
-2.92252
-3.00739
-3.0868
-2.50978
-2.59402
-2.68115
-2.76948
-2.85754
-2.94383
-3.02692
-3.10496
-2.53905
-2.62113
-2.70571
-2.79124
-2.87649
-2.96027
-3.04137
-3.11801
-2.5652
-2.64453
-2.72595
-2.80807
-2.88998
-2.97078
-3.04955
-3.12455
-2.5872
-2.66325
-2.74095
-2.81915
-2.89722
-2.9746
-3.0506
-3.1235
-2.60406
-2.67641
-2.74999
-2.82389
-2.89776
-2.9713
-3.04405
-3.11426
-2.61503
-2.68339
-2.75265
-2.82207
-2.89152
-2.96092
-3.02995
-3.09676
-2.61975
-2.68407
-2.74902
-2.81399
-2.87902
-2.9441
-3.00898
-3.07163
-2.61842
-2.67888
-2.73979
-2.80062
-2.86139
-2.92213
-2.98252
-3.04032
-2.61177
-2.66883
-2.72627
-2.78345
-2.84035
-2.89688
-2.95259
-3.00502
-2.60096
-2.65533
-2.71006
-2.76431
-2.81788
-2.87048
-2.92148
-2.96828
-2.58732
-2.63991
-2.69285
-2.74499
-2.79587
-2.84499
-2.89155
-2.93282
-2.5721
-2.62388
-2.67601
-2.72691
-2.77584
-2.82209
-2.8648
-2.9012
-2.55616
-2.60808
-2.66034
-2.71085
-2.75866
-2.80289
-2.84272
-2.87568
-2.53973
-2.59264
-2.64585
-2.69681
-2.74444
-2.78788
-2.82638
-2.85786
-2.52274
-2.5772
-2.63199
-2.68414
-2.73259
-2.7767
-2.81588
-2.84818
-2.5044
-2.56084
-2.61762
-2.6716
-2.72191
-2.76825
-2.81045
-2.84622
-2.48358
-2.54213
-2.6012
-2.6576
-2.71082
-2.76098
-2.8083
-2.85
-2.45889
-2.5195
-2.581
-2.64031
-2.69737
-2.75271
-2.80682
-2.85596
-2.4289
-2.49137
-2.55525
-2.61775
-2.67927
-2.74068
-2.80263
-2.85995
-2.39231
-2.45625
-2.52229
-2.58791
-2.65397
-2.72161
-2.79156
-2.85705
-2.34799
-2.41291
-2.4806
-2.54884
-2.6188
-2.6918
-2.76866
-2.84142
-2.29512
-2.36039
-2.42906
-2.49905
-2.5717
-2.64838
-2.7299
-2.80798
-2.23309
-2.29802
-2.36684
-2.43751
-2.51131
-2.58958
-2.67292
-2.75374
-2.16152
-2.22532
-2.29338
-2.3636
-2.43708
-2.51506
-2.59778
-2.67875
-2.08035
-2.142
-2.20818
-2.27673
-2.3485
-2.42456
-2.50498
-2.58393
-1.99013
-2.04852
-2.11153
-2.17698
-2.24542
-2.31773
-2.39387
-2.4687
-1.89184
-1.94586
-2.00447
-2.06554
-2.12927
-2.19618
-2.26599
-2.33418
-1.7871
-1.83573
-1.88867
-1.944
-2.00175
-2.06203
-2.12422
-2.18413
-1.67794
-1.72055
-1.76694
-1.81547
-1.86612
-1.91873
-1.97241
-2.02324
-1.56645
-1.60278
-1.64217
-1.68325
-1.72605
-1.77037
-1.81521
-1.85705
-1.45463
-1.48493
-1.51749
-1.55106
-1.58579
-1.62165
-1.65778
-1.69129
-1.34392
-1.36873
-1.3951
-1.42178
-1.44892
-1.47665
-1.50443
-1.53029
-1.23517
-1.2548
-1.2756
-1.2963
-1.31689
-1.33745
-1.35769
-1.37665
-1.12952
-1.14403
-1.15957
-1.17506
-1.19029
-1.20508
-1.21914
-1.23219
-1.02858
-1.03811
-1.04855
-1.05923
-1.06993
-1.08022
-1.08959
-1.09798
-0.933668
-0.93874
-0.944367
-0.95042
-0.956868
-0.963242
-0.968913
-0.973769
-0.845098
-0.846804
-0.8484
-0.850201
-0.85247
-0.854956
-0.857168
-0.859064
-0.762051
-0.761811
-0.760701
-0.759209
-0.757782
-0.756476
-0.755156
-0.754154
-0.682961
-0.682009
-0.679649
-0.676264
-0.672255
-0.667864
-0.663309
-0.659476
-0.606412
-0.605359
-0.602772
-0.598789
-0.593582
-0.587361
-0.580519
-0.574403
-0.531921
-0.530706
-0.528197
-0.524335
-0.51902
-0.512266
-0.504421
-0.497032
-0.460055
-0.45824
-0.455546
-0.451863
-0.446902
-0.440451
-0.432684
-0.42509
-0.391918
-0.389058
-0.385705
-0.381848
-0.377138
-0.371213
-0.364065
-0.356986
-0.328492
-0.324373
-0.320002
-0.315544
-0.310706
-0.305083
-0.298554
-0.292208
-0.270272
-0.264948
-0.259455
-0.254134
-0.248797
-0.243084
-0.236848
-0.231041
-0.21726
-0.210975
-0.204485
-0.198248
-0.192183
-0.186012
-0.179628
-0.173927
-0.169189
-0.162255
-0.155005
-0.14793
-0.141016
-0.134064
-0.127047
-0.120939
-0.125795
-0.118487
-0.110716
-0.102904
-0.0950394
-0.0869882
-0.0788247
-0.0716621
-0.0874567
-0.0797827
-0.0716172
-0.0631796
-0.0543796
-0.0449367
-0.034381
-0.0230823
-0.0580179
-0.0515039
-0.044201
-0.0361857
-0.0267657
-0.0136509
0.0080244
0.0396649
-0.0225383
-0.0135365
-0.00286181
0.0104494
0.028271
0.0550253
0.0975965
0.144928
24.6081
24.638
24.7593
24.7016
24.7039
24.7187
24.7324
24.7362
24.7374
24.745
24.7551
24.7626
24.7686
24.7727
24.7731
24.769
24.7599
24.7451
24.7238
24.6958
24.6609
24.6195
24.5721
24.52
24.4643
24.4065
24.3481
24.2904
24.2349
24.1828
24.1352
24.093
24.0569
24.0274
24.0054
23.9919
23.9881
23.9911
40.8933
24.4459
24.887
24.9011
24.8211
24.7685
24.7599
24.7548
24.746
24.7531
24.7664
24.7741
24.7809
24.7868
24.7886
24.7855
24.7771
24.7628
24.7417
24.7134
24.6776
24.6341
24.5837
24.5273
24.4662
24.4023
24.3372
24.2727
24.2104
24.1519
24.0982
24.0505
24.0097
23.9765
23.9522
23.9381
23.9351
23.9393
566.691
463.582
178.288
24.5121
24.7028
24.8287
24.8807
24.8449
24.7791
24.7843
24.8034
24.8026
24.8025
24.8076
24.8099
24.8073
24.7993
24.7851
24.7637
24.7346
24.6973
24.6516
24.5977
24.5366
24.4695
24.3984
24.3251
24.2518
24.1808
24.1138
24.0524
23.9979
23.9512
23.9136
23.8866
23.872
23.8704
23.8763
693.201
686.422
655.637
601.351
471.703
174.931
27.3782
24.7707
24.7146
24.8329
24.9068
24.8709
24.8512
24.8521
24.848
24.8381
24.8268
24.8123
24.7903
24.7599
24.7203
24.6715
24.6135
24.547
24.4733
24.3941
24.3113
24.2276
24.1455
24.0678
23.9965
23.9333
23.8796
23.8367
23.8066
23.7917
23.7919
23.8
774.38
761.205
755.822
754.82
751.566
721.044
680.287
541.015
207.813
38.5976
26.6754
25.1078
24.883
24.9496
24.9311
24.8952
24.8707
24.8491
24.8223
24.7896
24.7472
24.6941
24.6307
24.5578
24.4764
24.388
24.2947
24.1989
24.104
24.0131
23.9294
23.8553
23.7928
23.7436
23.71
23.6947
23.6973
23.7081
841.374
828.711
822.579
820.034
818.346
817.736
818.408
815.437
800.013
764.283
548.56
167.24
41.7132
28.1092
25.4666
24.9631
24.9605
24.9163
24.8692
24.8272
24.7784
24.7197
24.6497
24.5687
24.478
24.3789
24.2734
24.1641
24.0544
23.9482
23.8495
23.7619
23.6884
23.6315
23.5937
23.5781
23.5837
23.5979
899.869
889.391
883.397
880.563
879.256
879.162
879.929
881.032
883.403
887.012
879.775
872.463
768.92
371.603
78.033
31.994
26.7397
25.1753
24.9457
24.8875
24.8195
24.7487
24.6698
24.5796
24.4778
24.3659
24.2459
24.1207
23.9942
23.8706
23.7545
23.6508
23.5639
23.4973
23.4543
23.4384
23.4477
23.4661
953.111
945.558
941.022
938.87
937.801
937.567
938.188
939.534
941.411
942.937
941.863
941.835
941.719
941.123
868.262
472.913
97.741
31.498
26.8422
25.2021
24.8769
24.7871
24.6912
24.5888
24.475
24.348
24.2105
24.0664
23.9202
23.7766
23.6408
23.5185
23.4158
23.3376
23.288
23.2714
23.2852
23.3087
1002.61
998.341
996.05
995.379
995.086
995.114
995.741
996.901
998.279
999.479
1000.2
1001.24
1002.3
1003.52
1004.12
1004.16
889.007
414.307
67.3912
28.0859
25.8106
24.8882
24.7183
24.5968
24.4668
24.3237
24.1657
23.9985
23.8287
23.6619
23.5038
23.3607
23.2398
23.1479
23.0903
23.0725
23.0915
23.1214
1048.77
1047.97
1048.5
1050.15
1051.16
1051.74
1052.72
1054.12
1055.51
1056.73
1057.84
1059.19
1060.81
1062.72
1064.42
1065.82
1066.52
1056.55
779.534
220.57
31.3278
25.4619
24.8779
24.6289
24.4576
24.2899
24.1085
23.9138
23.7153
23.5211
23.3378
23.1717
23.0309
22.9234
22.8562
22.8365
22.8615
22.8988
1095.8
1096.6
1098.95
1103.18
1105.77
1106.9
1108.52
1110.71
1112.59
1114.04
1115.44
1117.05
1118.77
1120.63
1122.7
1124.94
1126.87
1128.37
1129.48
999.204
428.611
47.3273
25.8459
24.8639
24.4809
24.25
24.0347
23.8075
23.5745
23.3478
23.1356
22.9446
22.7825
22.6582
22.58
22.5577
22.5894
22.6354
1170.45
1162.66
1159.48
1161.77
1163.29
1163.32
1164.04
1166.48
1168.73
1170.4
1172.19
1174.38
1176.48
1178.39
1180.52
1182.88
1185.27
1187.7
1189.84
1191.55
1114.75
560.447
63.8199
26.4638
24.7675
24.2419
23.9446
23.6726
23.3989
23.1338
22.889
22.6712
22.4869
22.3452
22.2554
22.2298
22.2688
22.325
128.253
278.994
666.582
1104.29
1210.44
1209.99
1221.12
1230.55
1230.48
1229.66
1229.33
1230.98
1233.19
1235.19
1237.73
1240.53
1243.07
1245.73
1248.52
1251.14
1253.47
1181.12
584.795
60.6312
26.8727
24.5695
23.8827
23.5043
23.1775
22.8688
22.5876
22.3415
22.1354
21.9767
21.8753
21.8465
21.8935
21.9608
-3.40299
-2.23974
15.8697
50.7323
74.148
146.463
495.57
993.015
1150.97
1195.44
1255.18
1292.87
1294.78
1293.21
1294.26
1297.26
1300.12
1303.25
1306.4
1309.52
1312.58
1315.59
1199.62
489.869
40.4725
26.1285
24.0414
23.3257
22.8977
22.5383
22.219
21.9445
21.718
21.5442
21.4325
21.401
21.4567
21.5362
-2.95808
-3.04449
-3.24935
-3.74695
-4.09755
-4.23065
-4.32753
-4.40251
0.825248
75.0407
425.166
902.769
1145.43
1261.86
1338.95
1356.91
1356.88
1359.66
1363.52
1367.28
1370.94
1374.45
1378.24
1128.19
295.239
30.7167
24.7948
23.1988
22.5565
22.1254
21.768
21.4676
21.2241
21.0388
20.9196
20.8872
20.9523
21.0449
-3.04729
-3.21129
-3.38861
-3.60555
-3.78228
-3.88865
-3.95912
-3.99576
-4.01885
-4.13871
-4.46082
-4.61427
1.96232
208.501
789.176
1232.93
1378.42
1412.91
1418.83
1423.81
1428.73
1433.05
1437.06
1433.16
883.904
104.605
26.8161
23.2668
22.1704
21.6148
21.2171
20.8975
20.6431
20.4523
20.3303
20.2997
20.3752
20.4811
-3.0593
-3.23781
-3.41334
-3.60615
-3.77077
-3.88947
-3.97142
-4.02456
-4.05692
-4.10354
-4.16942
-4.17948
-4.16937
-4.31255
-4.64765
51.6366
528.064
1226.83
1455.82
1477.13
1485.07
1491.15
1496.24
1501.88
1363.69
465.307
31.9932
23.941
21.7898
20.9957
20.5476
20.22
19.9652
19.7774
19.6594
19.6347
19.7217
19.8408
-3.04656
-3.22337
-3.39416
-3.56593
-3.72072
-3.83975
-3.92971
-3.99878
-4.05225
-4.10426
-4.15926
-4.18938
-4.19107
-4.19642
-4.20218
-4.25727
-4.55236
76.2427
696.535
1421.01
1541.7
1548.1
1554.53
1560.01
1565.34
986.821
108.219
25.2788
21.4005
20.2585
19.7455
19.4222
19.1824
19.0093
18.9042
18.8907
18.9906
19.1222
-3.03599
-3.20919
-3.3733
-3.53044
-3.6709
-3.78541
-3.87708
-3.95103
-4.01124
-4.06522
-4.11605
-4.1519
-4.17091
-4.19189
-4.20627
-4.20427
-4.19616
-4.28273
4.02259
429.089
1346.36
1602.27
1611.31
1618.38
1622.96
1407.22
364.275
27.9759
21.1673
19.4153
18.7971
18.4959
18.291
18.147
18.0654
18.0694
18.1834
18.3266
-3.02866
-3.19786
-3.35551
-3.50198
-3.6324
-3.74211
-3.83234
-3.90628
-3.96701
-4.0189
-4.06437
-4.09964
-4.12593
-4.15148
-4.17207
-4.18139
-4.18574
-4.1837
-4.22445
-4.39919
446.183
1438
1662.89
1675.31
1681.47
1641.37
732.041
38.937
21.2236
18.4533
17.6933
17.4404
17.2927
17.1944
17.1479
17.1763
17.3056
17.4587
-3.02432
-3.18918
-3.34093
-3.47939
-3.60229
-3.7071
-3.79457
-3.86707
-3.92708
-3.97746
-4.02004
-4.05409
-4.08041
-4.1025
-4.11928
-4.13109
-4.14363
-4.14961
-4.1472
-4.14064
14.8865
719.743
1641.57
1728.02
1739.32
1740.78
1110.37
104.187
21.3461
17.3155
16.4391
16.2671
16.1978
16.1615
16.1616
16.2208
16.3663
16.5272
-3.02382
-3.18427
-3.33049
-3.46218
-3.57846
-3.67811
-3.76209
-3.83252
-3.89158
-3.9413
-3.98288
-4.01603
-4.04061
-4.05766
-4.0678
-4.07395
-4.08064
-4.08814
-4.08501
-4.04844
-4.11972
169.277
1277.56
1774.94
1793.56
1792.9
1388.86
217.387
21.2119
15.947
15.0476
14.995
15.025
15.0659
15.1221
15.2168
15.3784
15.5446
-3.02743
-3.18366
-3.32476
-3.45044
-3.56069
-3.65525
-3.73544
-3.8034
-3.86115
-3.9102
-3.95116
-3.98343
-4.00606
-4.01873
-4.02196
-4.01967
-4.01776
-4.01932
-4.02217
-4.00362
-3.98961
-4.19727
752.218
1780.14
1841.28
1850.65
1537.47
311.569
20.5812
14.3796
13.5586
13.6614
13.805
13.9321
14.0498
14.182
14.3582
14.5267
-3.03471
-3.18707
-3.32348
-3.44379
-3.54867
-3.63865
-3.71543
-3.78115
-3.83755
-3.88558
-3.92531
-3.95587
-3.97592
-3.98452
-3.98194
-3.97134
-3.95959
-3.95272
-3.95108
-3.93755
-3.89149
-4.04422
356.393
1652.64
1885.23
1903.98
1662.5
415.303
19.9654
12.7128
12.036
12.3178
12.5762
12.7898
12.968
13.1361
13.3241
13.4915
-3.04536
-3.19416
-3.32627
-3.4417
-3.54184
-3.62795
-3.70214
-3.76642
-3.82197
-3.86894
-3.90664
-3.93403
-3.9501
-3.95417
-3.9465
-3.92936
-3.90819
-3.89111
-3.8829
-3.8701
-3.82434
-3.92271
171.235
1507.16
1930.48
1951.63
1683.47
404.184
18.2693
10.9407
10.592
11.024
11.3787
11.669
11.9003
12.0992
12.2948
12.4577
-3.05935
-3.20489
-3.33303
-3.44404
-3.54001
-3.62295
-3.69533
-3.75901
-3.8144
-3.8605
-3.89559
-3.91837
-3.92866
-3.9271
-3.91449
-3.89214
-3.86362
-3.83658
-3.82039
-3.80881
-3.77227
-3.83594
84.2053
1396.48
1972.16
1999.25
1648.9
338.849
15.7713
9.43746
9.3674
9.83596
10.2503
10.5965
10.8676
11.0894
11.2879
11.4433
-3.0764
-3.21902
-3.34367
-3.4509
-3.5434
-3.62384
-3.695
-3.7585
-3.81398
-3.85917
-3.89112
-3.90819
-3.91116
-3.90253
-3.88454
-3.85781
-3.82364
-3.78854
-3.76413
-3.75232
-3.72017
-3.7601
38.0282
1344.65
2004.92
2040.75
1521.93
225.204
12.4485
8.16826
8.29915
8.75778
9.20959
9.58907
9.88528
10.1215
10.3181
10.4638
-3.09579
-3.23592
-3.3577
-3.462
-3.55197
-3.63071
-3.70111
-3.76443
-3.81952
-3.86306
-3.89107
-3.90161
-3.89637
-3.87969
-3.85549
-3.82446
-3.78575
-3.74413
-3.71234
-3.69435
-3.65401
-3.69673
65.6975
1478.83
2014.41
2060.21
1268.78
103.675
9.00255
7.00597
7.29907
7.78952
8.25754
8.65307
8.96279
9.20592
9.39694
9.5314
-3.11668
-3.25472
-3.37429
-3.47654
-3.56498
-3.64289
-3.71297
-3.77583
-3.82954
-3.87002
-3.89284
-3.89618
-3.88262
-3.8579
-3.8271
-3.79127
-3.74835
-3.70109
-3.66278
-3.63602
-3.5839
-3.65179
160.023
1699.79
1999.93
2000.1
909.742
30.2653
6.48692
5.99344
6.43187
6.91519
7.3894
7.7902
8.10534
8.34959
8.5323
8.65537
-3.13845
-3.27472
-3.39259
-3.49351
-3.58117
-3.65889
-3.72887
-3.79085
-3.842
-3.87777
-3.894
-3.88971
-3.86845
-3.83665
-3.79962
-3.75848
-3.71096
-3.65863
-3.61419
-3.57829
-3.51773
-3.64717
386.83
1890.18
2017.91
1831.55
487.748
13.4539
5.24113
5.25952
5.66072
6.12676
6.60149
7.00063
7.31543
7.55637
7.72888
7.84191
-3.16058
-3.29533
-3.41189
-3.51189
-3.5991
-3.6767
-3.74636
-3.80683
-3.85437
-3.88411
-3.89272
-3.88079
-3.85301
-3.81566
-3.77318
-3.72633
-3.67351
-3.6163
-3.56598
-3.51698
-3.45956
-3.74615
852.933
1986.36
2075.56
1421.59
161.788
7.26547
4.38613
4.70857
4.94824
5.41926
5.88987
6.28329
6.59365
6.82785
6.9881
7.0951
-3.18229
-3.31576
-3.43132
-3.53061
-3.61725
-3.69423
-3.76276
-3.82082
-3.86398
-3.88718
-3.88808
-3.86915
-3.83618
-3.79464
-3.74721
-3.69419
-3.63558
-3.5743
-3.51627
-3.44824
-3.46706
69.8364
1536.4
1972.6
1929.7
850.557
24.5634
4.23675
3.71115
4.03063
4.28613
4.78458
5.25081
5.63645
5.93934
6.16451
6.30925
6.4164
-3.20235
-3.33473
-3.44949
-3.54811
-3.6338
-3.70928
-3.7755
-3.83013
-3.86852
-3.8856
-3.87988
-3.85527
-3.8182
-3.77288
-3.72013
-3.66047
-3.59633
-3.53174
-3.46394
-3.38028
-3.59769
577.29
1922.52
1940.64
1594.24
296.962
7.40433
3.0543
3.43521
3.2841
3.70384
4.22542
4.68323
5.05788
5.35032
5.56393
5.69543
5.80125
-3.21909
-3.35038
-3.46431
-3.56206
-3.64626
-3.71929
-3.78208
-3.83251
-3.86626
-3.87852
-3.86822
-3.83973
-3.79915
-3.74927
-3.6901
-3.62347
-3.5543
-3.48636
-3.41211
-3.43594
90.0071
1514.35
1918.28
1885.49
860.772
30.2104
3.61191
2.9152
2.77934
2.68989
3.22227
3.74303
4.18525
4.54477
4.82409
5.02534
5.14356
5.24428
-3.23065
-3.36042
-3.47303
-3.56934
-3.65133
-3.72112
-3.77986
-3.82601
-3.8559
-3.86525
-3.8529
-3.82246
-3.77863
-3.72305
-3.65671
-3.58303
-3.50873
-3.42532
-3.3532
-3.57483
907.694
1883.75
1898.44
1339.63
177.262
6.27206
2.50573
2.61253
1.8358
2.2651
2.83312
3.33269
3.75273
4.09326
4.35692
4.54459
4.65027
4.74239
-3.23524
-3.36248
-3.47262
-3.56629
-3.6451
-3.71099
-3.765
-3.80808
-3.83601
-3.8448
-3.83299
-3.80254
-3.75605
-3.69444
-3.6214
-3.54398
-3.45527
-3.35373
-3.42707
452.636
1774.97
1873.84
1590.86
405.163
10.1569
3.19939
2.43399
1.33922
1.40044
1.98183
2.51998
2.98722
3.37995
3.69843
3.94425
4.11709
4.21117
4.29284
-3.23138
-3.35442
-3.46017
-3.54934
-3.62345
-3.6804
-3.7214
-3.76463
-3.80366
-3.81536
-3.80682
-3.77889
-3.7315
-3.66425
-3.58827
-3.50447
-3.4126
-3.45407
218.807
1596.5
1823.48
1704.31
630.503
17.5632
3.24359
1.212
0.840634
0.715295
1.23458
1.77564
2.26763
2.69742
3.05984
3.35438
3.58088
3.7381
3.82146
3.89226
-3.21803
-3.33459
-3.43347
-3.51569
-3.57151
-3.62501
-3.67312
-3.71578
-3.75453
-3.7632
-3.75656
-3.74398
-3.70659
-3.63539
-3.55375
-3.47306
-3.48486
109.844
1423.42
1748.56
1760.98
816.715
37.8132
3.18486
0.825393
0.232075
0.240148
0.628666
1.12901
1.61651
2.06221
2.45353
2.78493
3.05481
3.26138
3.4028
3.47633
3.53664
-3.19483
-3.30199
-3.39132
-3.45132
-3.50818
-3.55854
-3.60405
-3.65457
-3.69255
-3.70486
-3.71157
-3.70427
-3.68117
-3.60669
-3.52756
-3.49697
83.0172
1317.73
1731.95
1752.33
998.121
74.072
3.45818
0.641909
-0.0174571
-0.0556296
0.19791
0.607118
1.05631
1.49204
1.89315
2.24701
2.54809
2.79356
2.98038
3.10644
3.17107
3.22167
-3.1613
-3.25719
-3.30273
-3.36323
-3.43222
-3.48512
-3.52183
-3.57373
-3.61684
-3.6507
-3.66496
-3.68154
-3.68
-3.60549
-3.49749
170.007
1369.74
1721.32
1734.24
1264.07
160.961
3.91853
0.390261
-0.246435
-0.307048
-0.110698
0.210093
0.597034
1.00044
1.39119
1.75144
2.07048
2.34293
2.56501
2.73294
2.84454
2.90121
2.94309
-3.11904
-3.1994
-3.18201
-3.27868
-3.34798
-3.3868
-3.38012
-3.32991
-3.4243
-3.57374
-3.63513
-3.69428
-3.70845
4.04621
460.603
1578.75
1738.79
1752.95
1584.49
388.695
5.42576
0.142713
-0.481024
-0.545872
-0.374223
-0.101913
0.227289
0.588197
0.954446
1.30639
1.63035
1.91796
2.16399
2.36423
2.51457
2.61294
2.6626
2.69682
-3.07529
-3.13122
-3.10302
-3.20735
-3.24516
-3.28028
-3.27148
-3.10233
-3.16882
-3.30876
-3.59343
-3.73055
-3.76701
243.67
1666.69
1766.49
1773.1
1779.9
757.137
16.9071
0.199106
-0.68598
-0.780526
-0.625552
-0.376555
-0.0807814
0.243176
0.580685
0.91512
1.23322
1.52533
1.78482
2.00682
2.18706
2.32138
2.40789
2.45145
2.47905
-3.02905
-3.07176
-3.02281
-3.12507
-3.14172
-3.17111
-3.22104
-3.26778
-3.11039
-3.19043
-3.45284
-3.74181
-3.82956
45.5212
1174.54
1787.67
1805.85
958.228
62.639
0.490974
-0.841836
-1.02311
-0.878123
-0.637504
-0.356578
-0.0539353
0.259877
0.574881
0.880821
1.16919
1.4332
1.66755
1.86788
2.03006
2.15001
2.22605
2.26432
2.28628
-2.98339
-3.01856
-2.94791
-3.04094
-3.04707
-3.07052
-3.11676
-3.18439
-3.27151
-3.2457
-3.36795
-3.58247
-3.92853
-4.13042
121.378
553.691
451.423
103.486
0.934012
-1.10402
-1.35317
-1.16869
-0.908725
-0.620892
-0.323146
-0.0215696
0.278288
0.571032
0.850971
1.1128
1.35172
1.56353
1.7444
1.8904
1.99757
2.06445
2.09814
2.11534
-2.94267
-2.96816
-2.88616
-2.95211
-2.97182
-2.99084
-3.0301
-3.09093
-3.17631
-3.29066
-3.42378
-3.29403
-3.33411
-4.06633
-4.50201
-3.54775
-2.10251
-1.68641
-1.80155
-1.89578
-1.56343
-1.22264
-0.894439
-0.580471
-0.27737
0.0160092
0.29889
0.569548
0.825293
1.06296
1.27923
1.47078
1.63419
1.76574
1.86158
1.92045
1.95017
1.96335
-2.91005
-2.9277
-2.8916
-2.6753
-2.92594
-2.9448
-2.97856
-3.02305
-3.0862
-3.17647
-3.29941
-3.43436
-3.51049
-3.66896
-3.95876
-4.00613
-3.67355
-3.26692
-2.60936
-2.05827
-1.58262
-1.18168
-0.831977
-0.514726
-0.219396
0.0588796
0.322118
0.570614
0.803423
1.01881
1.21449
1.38777
1.53551
1.6541
1.73986
1.79174
1.81797
1.82777
-2.89115
-2.89676
-2.89907
-2.61825
-2.91929
-2.94538
-2.98047
-3.00487
-3.02581
-3.06111
-3.11863
-3.19938
-3.30688
-3.41671
-3.48627
-3.48728
-3.29509
-2.94215
-2.38945
-1.87275
-1.43108
-1.05434
-0.724476
-0.426246
-0.150821
0.106445
0.347759
0.573944
0.784863
0.979605
1.15653
1.31329
1.44688
1.5538
1.63054
1.67624
1.6994
1.70633
-2.8852
-2.89469
-2.90495
-2.63493
-2.80058
-3.00216
-3.05272
-3.06833
-3.03961
-2.98117
-2.93214
-2.90401
-2.90116
-2.91191
-2.89263
-2.79034
-2.58045
-2.28188
-1.90794
-1.53512
-1.18972
-0.875626
-0.588867
-0.323563
-0.0757189
0.156735
0.374766
0.578842
0.769002
0.944678
1.1045
1.24626
1.36701
1.46334
1.53194
1.57216
1.59256
1.59709
-2.89036
-2.91769
-2.92659
-2.81105
-2.82148
-3.07608
-3.20579
-3.24495
-3.19043
-3.00249
-2.75415
-2.57643
-2.45263
-2.36236
-2.26781
-2.13386
-1.94948
-1.72284
-1.4633
-1.19724
-0.936428
-0.685452
-0.445828
-0.21717
0.000570439
0.206977
0.401641
0.584418
0.755183
0.913368
1.05762
1.18573
1.29474
1.38139
1.44259
1.47789
1.49583
1.49832
-2.90405
-2.95323
-2.97711
-3.03311
-2.93727
-3.17531
-3.41313
-3.45628
-3.41036
-3.10313
-2.50733
-2.1787
-1.96584
-1.81594
-1.69188
-1.56724
-1.42824
-1.26963
-1.09074
-0.90062
-0.704648
-0.506498
-0.309269
-0.115236
0.0733779
0.254563
0.426937
0.589814
0.742767
0.885039
1.01514
1.13077
1.22901
1.30674
1.36119
1.39209
1.40778
1.40859
-2.92176
-2.98749
-3.02187
-3.09861
-3.20903
-3.37594
-3.59394
-3.66468
-3.15436
-2.12156
-1.92966
-1.64202
-1.42962
-1.28149
-1.17126
-1.07974
-0.990887
-0.892172
-0.777061
-0.646156
-0.501565
-0.346762
-0.185825
-0.0225407
0.139572
0.29759
0.449542
0.594325
0.731179
0.859071
0.976313
1.08051
1.16882
1.23835
1.28662
1.31355
1.32723
1.32663
-2.93775
-3.02188
-3.07351
-3.10249
-3.31199
-3.50609
-3.55511
168.972
1049.96
281.646
-1.49629
-1.04452
-0.829765
-0.75512
-0.701204
-0.661121
-0.626278
-0.581248
-0.517392
-0.432743
-0.328707
-0.209022
-0.0784039
0.0584834
0.197395
0.334917
0.468732
0.597421
0.719904
0.834864
0.940421
1.03414
1.11329
1.17527
1.21791
1.24129
1.25314
1.2514
-2.94648
-3.04833
-3.15119
-3.18999
-3.43879
-3.586
99.929
1236.2
1760.57
1681.58
135.799
-0.586337
-0.122565
-0.206775
-0.27573
-0.306847
-0.328382
-0.331406
-0.308646
-0.259407
-0.186434
-0.094283
0.0118371
0.126818
0.246084
0.366015
0.48411
0.598718
0.708487
0.811851
0.906795
0.990908
1.06165
1.1167
1.15425
1.17447
1.18468
1.18202
-2.94168
-3.06123
-3.18735
-3.29654
-3.4283
-3.54769
122.318
1784.41
1802.51
1801.17
1213.45
37.3855
0.243383
0.325716
0.101761
-0.0204954
-0.0962779
-0.139131
-0.147644
-0.124208
-0.0738413
-0.00224332
0.0849394
0.182421
0.285578
0.390795
0.495519
0.597951
0.69653
0.789518
0.874841
0.95018
1.01323
1.062
1.09496
1.11237
1.12112
1.11773
-2.9176
-3.05499
-3.20621
-3.28628
-3.15481
-3.68251
-3.87147
1609.73
1831.5
1828.96
1826.82
417.397
0.743516
0.717585
0.393423
0.186003
0.0663165
-0.00363215
-0.0319513
-0.0247244
0.0109384
0.0684168
0.141824
0.22593
0.316293
0.40947
0.502977
0.594954
0.683717
0.767436
0.84406
0.911427
0.967497
1.0106
1.03947
1.05442
1.06187
1.05789
-2.87003
-3.0217
-3.19446
-3.3829
-3.22494
-0.818293
-2.96288
1082.15
1862.72
1858.19
1858.37
1330.35
44.3915
0.793351
0.570024
0.299523
0.154859
0.075694
0.0411755
0.0421338
0.0706004
0.119799
0.184037
0.258433
0.338941
0.422441
0.506626
0.58966
0.669821
0.745276
0.814068
0.874239
0.92403
0.962066
0.987318
1.00012
1.00641
1.00197
-2.79808
-2.95778
-3.14175
-3.34676
-3.55656
-3.35404
-3.21047
156.93
1881.37
1887.72
1887.65
1400
47.5317
0.598065
0.514147
0.285527
0.165368
0.102118
0.0763073
0.0806883
0.10872
0.154644
0.21357
0.281312
0.354425
0.430241
0.506708
0.582097
0.654723
0.722825
0.784597
0.838315
0.882501
0.916044
0.938114
0.949037
0.954308
0.949495
-2.70222
-2.86506
-3.05582
-3.2795
-3.52227
-3.26981
2.37578
2.33181
850.025
1869.76
1684.16
698.525
24.8364
0.504456
0.296477
0.175499
0.116019
0.0875586
0.0818047
0.0970187
0.129741
0.176157
0.232685
0.296117
0.363765
0.433492
0.503557
0.572388
0.638405
0.699975
0.755481
0.803449
0.842662
0.872246
0.891529
0.900823
0.905185
0.900064
-2.5819
-2.74097
-2.92882
-3.15307
-3.40892
-3.63694
-0.722475
5.46164
14.2849
371.955
241.332
25.7961
12.3918
-0.100628
0.0300715
0.0262295
0.0371079
0.0494732
0.0686036
0.0983431
0.13858
0.187729
0.24372
0.304445
0.368028
0.432876
0.497577
0.560746
0.620946
0.676711
0.72664
0.769502
0.804325
0.830432
0.84728
0.855153
0.858703
0.853323
-2.43803
-2.58572
-2.75853
-2.96101
-3.19161
-3.42212
-3.18275
-1.52244
-1.47207
-1.21172
0.942994
-0.342052
-1.07708
-0.429082
-0.228591
-0.117251
-0.0449886
0.00438641
0.0473714
0.0916807
0.13995
0.192576
0.248892
0.307831
0.368265
0.429101
0.489225
0.547444
0.60249
0.653084
0.698049
0.736387
0.767338
0.790394
0.805113
0.81174
0.814558
0.80896
-2.27514
-2.4049
-2.55398
-2.72257
-2.90486
-3.08172
-3.16305
-2.49952
-2.27954
-2.88124
-2.16411
-1.66894
-1.21446
-0.661631
-0.390475
-0.219009
-0.110578
-0.0348728
0.0265841
0.0827242
0.137755
0.193422
0.250133
0.307654
0.365462
0.422854
0.478966
0.532785
0.583216
0.629179
0.669714
0.704037
0.731572
0.751947
0.764797
0.770322
0.772474
0.766698
-2.09987
-2.20789
-2.32894
-2.46077
-2.59516
-2.71617
-2.78489
-2.75993
-2.70957
-2.52398
-2.11166
-1.60828
-1.12032
-0.707467
-0.448399
-0.272034
-0.151162
-0.0615239
0.011239
0.0751513
0.134716
0.1923
0.248975
0.305072
0.360477
0.414759
0.467239
0.517062
0.563307
0.605088
0.641649
0.672396
0.696906
0.714913
0.726114
0.730657
0.732197
0.726287
-1.9196
-2.00512
-2.09731
-2.19309
-2.28413
-2.35691
-2.39654
-2.38537
-2.30284
-2.0847
-1.74287
-1.35101
-0.977163
-0.670746
-0.451252
-0.289708
-0.169252
-0.0749861
0.00286316
0.070624
0.132352
0.190524
0.246522
0.300979
0.354009
0.405338
0.454418
0.500532
0.542922
0.580889
0.61386
0.641403
0.663219
0.679125
0.68886
0.692522
0.693493
0.687498
-1.74104
-1.80586
-1.87148
-1.93488
-1.98915
-2.02354
-2.02667
-1.98707
-1.88575
-1.69857
-1.43491
-1.13903
-0.855567
-0.616489
-0.430866
-0.28572
-0.170968
-0.0776137
0.000928682
0.0694231
0.131281
0.188827
0.243492
0.296009
0.346574
0.394988
0.440789
0.483386
0.522177
0.55663
0.586333
0.610987
0.630389
0.644416
0.65284
0.655706
0.65615
0.650115
-1.56878
-1.61597
-1.65948
-1.69642
-1.72182
-1.72796
-1.70634
-1.64897
-1.54544
-1.38759
-1.18483
-0.961282
-0.744021
-0.553671
-0.396572
-0.267593
-0.161236
-0.0721111
0.00417211
0.0711464
0.131589
0.187535
0.240299
0.290564
0.338511
0.383966
0.426537
0.465748
0.501138
0.532325
0.559032
0.581063
0.598291
0.61063
0.617872
0.620018
0.619973
0.613939
-1.40534
-1.43794
-1.46411
-1.48124
-1.48589
-1.4731
-1.43709
-1.37277
-1.2752
-1.14258
-0.982465
-0.809516
-0.639999
-0.486558
-0.353849
-0.240518
-0.143921
-0.0609863
0.0111666
0.075127
0.133089
0.186725
0.237125
0.28484
0.32999
0.372404
0.411753
0.447669
0.47982
0.507955
0.5319
0.551541
0.5668
0.577614
0.583788
0.585279
0.584786
0.578784
-1.25243
-1.27303
-1.28592
-1.28905
-1.28005
-1.25581
-1.2128
-1.148
-1.05944
-0.947785
-0.818641
-0.681336
-0.545913
-0.420212
-0.307785
-0.208839
-0.122298
-0.0464606
0.0205635
0.080651
0.135469
0.186304
0.233977
0.278874
0.321044
0.36032
0.396441
0.42914
0.4582
0.483473
0.504867
0.522323
0.535792
0.545224
0.55043
0.551329
0.550428
0.544485
-1.11108
-1.12203
-1.12498
-1.1186
-1.10127
-1.07097
-1.02563
-0.963667
-0.884619
-0.78998
-0.683887
-0.572406
-0.461914
-0.35749
-0.261852
-0.17575
-0.0988752
-0.0302901
0.0312491
0.087069
0.138371
0.186069
0.230724
0.272569
0.311592
0.347648
0.380545
0.410111
0.436225
0.458817
0.477854
0.49331
0.505151
0.513331
0.51766
0.518023
0.516758
0.510891
-0.981221
-0.984783
-0.980631
-0.968081
-0.946036
-0.913152
-0.86824
-0.810609
-0.740572
-0.659752
-0.57123
-0.479082
-0.387487
-0.299837
-0.218179
-0.143344
-0.075357
-0.0137137
0.0423839
0.0938247
0.141411
0.185737
0.227139
0.265733
0.301479
0.334265
0.363971
0.390507
0.413827
0.433918
0.45078
0.464408
0.47477
0.481815
0.485352
0.485235
0.483649
0.477875
-0.8622
-0.860407
-0.851497
-0.835215
-0.810846
-0.777539
-0.734608
-0.68193
-0.620162
-0.550791
-0.476123
-0.398972
-0.322153
-0.247981
-0.177966
-0.112848
-0.0527899
0.00245029
0.0533417
0.100426
0.144184
0.184958
0.222922
0.258119
0.290508
0.320023
0.346609
0.370245
0.390936
0.408705
0.423571
0.435531
0.444551
0.450571
0.453396
0.452855
0.450992
0.445327
-0.753698
-0.748143
-0.736265
-0.717985
-0.692878
-0.660457
-0.620398
-0.572871
-0.518628
-0.458929
-0.395494
-0.3303
-0.265278
-0.202037
-0.141691
-0.0848581
-0.0317629
0.0176541
0.0636167
0.106403
0.146257
0.183345
0.217742
0.249458
0.278475
0.304774
0.328356
0.349247
0.367487
0.383116
0.396157
0.406604
0.414412
0.41951
0.4217
0.420787
0.418692
0.41315
-0.655723
-0.647527
-0.63393
-0.614832
-0.590038
-0.559312
-0.522565
-0.480106
-0.432637
-0.38117
-0.326977
-0.271459
-0.215969
-0.161653
-0.109348
-0.0595815
-0.0126161
0.0314776
0.0727466
0.111285
0.147184
0.180504
0.211272
0.239499
0.265197
0.288391
0.309124
0.327451
0.343428
0.3571
0.368484
0.377562
0.38428
0.388554
0.390184
0.388953
0.386669
0.381266
-0.567815
-0.557828
-0.543374
-0.524257
-0.500461
-0.47189
-0.438599
-0.400933
-0.359478
-0.315014
-0.26848
-0.220879
-0.173187
-0.12625
-0.0807273
-0.0370849
0.00438558
0.0435273
0.0802736
0.114608
0.146535
0.176067
0.203223
0.22803
0.25053
0.270782
0.288854
0.304815
0.318724
0.330619
0.340506
0.348355
0.354098
0.357641
0.358782
0.357286
0.354859
0.349611
-0.488559
-0.477592
-0.462959
-0.444414
-0.422067
-0.395914
-0.366068
-0.332842
-0.296697
-0.258226
-0.21812
-0.177121
-0.135954
-0.0952781
-0.0556394
-0.017461
0.0189524
0.0533972
0.0857475
0.115934
0.143928
0.169732
0.193373
0.2149
0.234381
0.251894
0.267516
0.28132
0.293356
0.303649
0.312192
0.318942
0.323818
0.32672
0.327442
0.325735
0.323209
0.318134
-0.415958
-0.404842
-0.390648
-0.373191
-0.35266
-0.329103
-0.302648
-0.273549
-0.242159
-0.208925
-0.174368
-0.139054
-0.10355
-0.0683914
-0.0340456
-0.000899167
0.030749
0.0606829
0.0887598
0.114899
0.139068
0.16128
0.181578
0.200028
0.216712
0.231713
0.245111
0.256966
0.267317
0.276175
0.283518
0.289291
0.293405
0.295752
0.296125
0.29426
0.291681
0.286798
-0.348236
-0.337721
-0.324545
-0.308655
-0.290285
-0.269503
-0.24643
-0.221259
-0.194257
-0.165767
-0.136194
-0.105985
-0.0756033
-0.0454952
-0.0160673
0.0123342
0.0394337
0.0650289
0.0889874
0.111239
0.131765
0.150592
0.167777
0.183394
0.197528
0.210259
0.221655
0.231764
0.240611
0.248189
0.254467
0.259379
0.262829
0.264704
0.264798
0.262833
0.260246
0.25558
-0.284371
-0.275023
-0.263376
-0.249484
-0.233607
-0.215805
-0.196169
-0.174844
-0.152032
-0.128002
-0.10308
-0.077631
-0.0520393
-0.026684
-0.00191436
0.0219685
0.0447249
0.0661816
0.0862292
0.104817
0.121943
0.137644
0.151983
0.165034
0.176874
0.187573
0.197182
0.205737
0.213244
0.219687
0.225024
0.229183
0.232064
0.233551
0.233438
0.231433
0.22889
0.22447
-0.224086
-0.216275
-0.206588
-0.195081
-0.182007
-0.167395
-0.151294
-0.133807
-0.115092
-0.0953652
-0.0748934
-0.0539805
-0.0329486
-0.0121163
0.00822192
0.0278141
0.0464622
0.0640265
0.080424
0.095623
0.109634
0.122497
0.134272
0.145025
0.154821
0.163712
0.171735
0.178908
0.185227
0.190666
0.195177
0.198685
0.201089
0.202272
0.202028
0.200051
0.197607
0.193471
-0.167431
-0.161468
-0.154139
-0.14538
-0.135398
-0.124168
-0.111697
-0.0980588
-0.0833807
-0.0678412
-0.051663
-0.0350994
-0.0184179
-0.00188173
0.0142684
0.0298291
0.0446433
0.0586035
0.0716497
0.0837639
0.094961
0.105279
0.114766
0.123477
0.131458
0.138744
0.145359
0.151305
0.156571
0.161124
0.164914
0.167867
0.169886
0.170852
0.170561
0.168689
0.166408
0.162611
-0.114441
-0.110844
-0.106282
-0.100603
-0.0939581
-0.0862524
-0.0774616
-0.0676454
-0.0569161
-0.0454279
-0.0333688
-0.0209487
-0.00838526
0.00411043
0.0163481
0.0281693
0.0394537
0.0501207
0.0601273
0.0694626
0.0781393
0.0861858
0.0936382
0.100532
0.106898
0.112756
0.118114
0.122966
0.127294
0.131064
0.134227
0.136714
0.138435
0.139274
0.139028
0.137351
0.135308
0.131924
-0.0642462
-0.0642179
-0.0629951
-0.0607519
-0.0576763
-0.0536028
-0.0484962
-0.0424315
-0.0355267
-0.0279239
-0.0197839
-0.0112773
-0.00257628
0.00615618
0.0147755
0.0231627
0.0312279
0.0389109
0.046179
0.0530214
0.0594436
0.0654614
0.0710949
0.0763629
0.0812794
0.0858507
0.0900745
0.093939
0.0974231
0.100495
0.103113
0.105216
0.106724
0.10753
0.10744
0.106087
0.104403
0.101545
-0.00887702
-0.0167615
-0.0210761
-0.0233828
-0.0245751
-0.0245829
-0.0234332
-0.0212775
-0.0182742
-0.0145702
-0.0103067
-0.00562085
-0.000643453
0.00450515
0.00971931
0.0149114
0.0200133
0.0249762
0.0297682
0.0343716
0.038779
0.0429894
0.0470047
0.0508263
0.054453
0.0578792
0.0610949
0.0640846
0.066828
0.0692983
0.0714609
0.0732683
0.0746529
0.0755206
0.0756901
0.074778
0.0735538
0.071355
0.072644
0.0434004
0.0261691
0.0164424
0.00940067
0.00421529
0.000583132
-0.00182914
-0.00327067
-0.00391302
-0.00388569
-0.00329507
-0.00223292
-0.000780991
0.0009876
0.003008
0.0052234
0.00758481
0.0100506
0.0125859
0.0151617
0.0177534
0.0203402
0.0229034
0.0254254
0.0278897
0.03028
0.03258
0.0347732
0.0368416
0.0387636
0.0405102
0.0420367
0.0432761
0.0440779
0.0440548
0.0436998
0.0423663
0.128114
0.0736967
0.0488435
0.0361562
0.0271604
0.0201356
0.0145167
0.00990434
0.00605301
0.00282313
0.00013095
-0.00207805
-0.00384293
-0.00519548
-0.00616562
-0.00678414
-0.00708386
-0.00709954
-0.00686702
-0.00642213
-0.00579945
-0.00503129
-0.00414695
-0.00317225
-0.00212927
-0.00103633
9.20182e-05
0.00124478
0.00241417
0.00359489
0.00478301
0.00597362
0.00715665
0.00831159
0.00937015
0.0101031
0.0108053
0.0111881
)
;

boundaryField
{
    leftWall
    {
        type            fixedFluxPressure;
        gradient        uniform 0;
        value           nonuniform List<scalar> 
100
(
908.545
908.459
907.694
906.655
905.618
904.537
903.322
901.959
900.461
898.831
897.068
895.175
893.154
891.007
888.741
886.368
882.465
876.539
870.123
863.028
855.456
810.195
231.277
-0.551703
-0.335399
-0.342048
-0.333563
-0.343796
-0.357863
-0.373299
-0.389402
-0.406053
-0.423387
-0.441523
-0.460454
-0.480039
-0.500044
-0.520197
-0.540222
-0.55986
-0.578885
-0.597113
-0.614416
-0.630719
-0.645993
-0.660237
-0.673471
-0.685721
-0.69701
-0.70736
-0.716784
-0.725292
-0.732889
-0.739578
-0.745359
-0.750232
-0.754198
-0.75726
-0.759425
-0.760698
-0.76109
-0.760608
-0.759264
-0.757071
-0.754048
-0.750229
-0.745653
-0.740241
-0.734078
-0.727184
-0.719583
-0.711301
-0.702365
-0.692803
-0.682645
-0.671922
-0.660666
-0.648909
-0.636683
-0.62402
-0.61095
-0.597507
-0.58372
-0.569618
-0.555227
-0.540574
-0.525686
-0.510589
-0.495284
-0.479716
-0.463833
-0.447705
-0.431363
-0.414001
-0.393744
-0.370356
-0.348304
-0.327189
-0.276102
-0.151799
)
;
    }
    rightWall
    {
        type            fixedFluxPressure;
        gradient        uniform 0;
        value           nonuniform List<scalar> 
100
(
24.1431
24.1435
24.143
24.1413
24.1381
24.134
24.1291
24.1231
24.1158
24.1071
24.0969
24.0853
24.0721
24.0572
24.0407
24.0225
23.9911
23.9393
23.8763
23.8
23.7081
23.5979
23.4661
23.3087
23.1214
22.8988
22.6354
22.325
21.9608
21.5362
21.0449
20.4811
19.8408
19.1222
18.3266
17.4587
16.5272
15.5446
14.5267
13.4915
12.4577
11.4433
10.4638
9.5314
8.65537
7.84191
7.0951
6.4164
5.80125
5.24428
4.74239
4.29284
3.89226
3.53664
3.22167
2.94309
2.69682
2.47905
2.28628
2.11534
1.96335
1.82777
1.70633
1.59709
1.49832
1.40859
1.32663
1.2514
1.18202
1.11773
1.05789
1.00197
0.949495
0.900064
0.853323
0.80896
0.766698
0.726287
0.687498
0.650115
0.613939
0.578784
0.544485
0.510891
0.477875
0.445327
0.41315
0.381266
0.349611
0.318134
0.286798
0.25558
0.22447
0.193471
0.162611
0.131924
0.101545
0.071355
0.0423663
0.0111881
)
;
    }
    lowerWall
    {
        type            fixedFluxPressure;
        gradient        uniform 0;
        value           nonuniform List<scalar> 
124
(
908.545
907.878
910.961
916.261
922.411
928.318
933.538
938.014
941.776
944.927
947.588
949.878
951.9
953.746
955.492
957.204
958.936
960.74
962.659
964.739
967.027
969.574
972.439
975.69
979.412
983.708
988.701
994.547
1001.43
1009.6
1019.37
1031.09
1045.08
1061.69
1081.31
1104.25
1130.56
1159.62
1189.92
1218.89
1243.56
1260.55
1266.55
1268.92
1284.36
1307.45
1307.45
1300.72
1296.24
1296.23
1302.26
1314.99
1332.49
1351.71
1370.04
1385.1
1394.43
1394.93
1381.75
1346.93
1275.33
1145.14
302.48
355.609
440.165
390.433
-5.97069
-5.68176
7.73545
19.7631
24.7768
24.7775
24.7784
24.7796
24.7811
24.7825
24.7835
24.7839
24.7835
24.7822
24.7798
24.7759
24.7704
24.7626
24.7528
24.7422
24.7768
24.7712
24.7673
24.7621
24.758
24.7559
24.7561
24.7585
24.7623
24.767
24.7715
24.7749
24.7765
24.7753
24.7706
24.7618
24.7483
24.7298
24.7062
24.6778
24.645
24.6084
24.5687
24.527
24.4841
24.441
24.3985
24.3576
24.3188
24.2829
24.2505
24.2219
24.1975
24.1777
24.1624
24.1518
24.1454
24.1431
)
;
    }
    atmosphere
    {
        type            totalPressure;
        rho             rho;
        psi             none;
        gamma           1;
        p0              uniform 0;
        value           nonuniform List<scalar> 
92
(
-0.165347
-0.383032
-0.350618
-0.335619
-0.327225
-0.321576
-0.317342
-0.313858
-0.310755
-0.307824
-0.304938
-0.302018
-0.299008
-0.295868
-0.292561
-0.289061
-0.285339
-0.281372
-0.277135
-0.272605
-0.267758
-0.262572
-0.257024
-0.251092
-0.244754
-0.23799
-0.23078
-0.223108
-0.21496
-0.206324
-0.197194
-0.187568
-0.17745
-0.166849
-0.155786
-0.144286
-0.132389
-0.120144
-0.107614
-0.0948771
-0.0820332
-0.0692047
-0.0565453
-0.0442499
-0.03257
-0.0218332
-0.014745
-0.0108961
-0.00765558
-0.00502477
-0.0030126
-0.0016177
-0.000804885
-0.000499054
0
0
0
0
0
0
0
0
0
0
0
0
0
0
0
0
0
0
0
0
0
0
0
0
0
0
0
0
0
0
0
0
0
0
0
0
0
0
)
;
    }
    defaultFaces
    {
        type            empty;
    }
}


// ************************************************************************* //
