/*--------------------------------*- C++ -*----------------------------------*\
  =========                 |
  \\      /  F ield         | OpenFOAM: The Open Source CFD Toolbox
   \\    /   O peration     | Website:  https://openfoam.org
    \\  /    A nd           | Version:  7
     \\/     M anipulation  |
\*---------------------------------------------------------------------------*/
FoamFile
{
    version     2.0;
    format      ascii;
    class       volScalarField;
    location    "0.1";
    object      epsilon;
}
// * * * * * * * * * * * * * * * * * * * * * * * * * * * * * * * * * * * * * //

dimensions      [0 2 -3 0 0 0 0];

internalField   nonuniform List<scalar> 
9072
(
0.14909
0.340255
0.523805
0.667187
0.776829
0.861781
0.929384
0.985294
1.03381
1.07816
1.12084
1.1639
1.20909
1.25806
1.31256
1.3745
1.44625
1.53065
1.63109
1.75118
1.89343
2.05651
2.23071
2.39268
2.50401
2.51912
2.40455
2.1859
1.93461
1.67183
1.42623
1.22352
1.09306
1.02827
0.985211
0.950433
0.952426
1.10087
1.48129
0.456707
0.509826
0.519014
0.503924
0.46547
0.387588
0.253067
0.192706
0.24288
0.294671
0.332867
0.360769
0.381735
0.398217
0.41193
0.424073
0.435496
0.44683
0.458578
0.471185
0.485083
0.500745
0.518728
0.539723
0.564601
0.594405
0.630234
0.672836
0.721761
0.774044
0.822935
0.858035
0.86889
0.853061
0.82098
0.788724
0.737001
0.669809
0.604395
0.557847
0.532277
0.50801
0.520294
0.579959
0.658481
0.694433
0.537221
0.47558
0.451681
0.43792
0.416319
0.365124
0.370655
0.252343
0.252345
0.27012
0.282237
0.290354
0.296289
0.301202
0.305796
0.310492
0.315552
0.321161
0.327479
0.334668
0.342927
0.352508
0.363745
0.37708
0.393081
0.412426
0.435779
0.463491
0.494999
0.527992
0.557781
0.57783
0.582788
0.574041
0.561038
0.552528
0.53886
0.515226
0.489843
0.471714
0.464131
0.456052
0.467732
0.519129
0.570644
0.567923
0.503787
0.453763
0.426252
0.412487
0.398888
0.369174
0.440569
0.298382
0.267003
0.265869
0.264417
0.262643
0.261295
0.260757
0.261171
0.262555
0.264881
0.268121
0.272275
0.277383
0.283542
0.290916
0.299749
0.310385
0.323264
0.33889
0.357705
0.379806
0.404467
0.429514
0.451023
0.464034
0.465273
0.457519
0.449648
0.448171
0.448202
0.445194
0.440403
0.437529
0.438887
0.452402
0.478195
0.502186
0.514124
0.498564
0.459827
0.424055
0.401385
0.390877
0.384642
0.374442
0.512524
0.335706
0.278968
0.264758
0.254477
0.246456
0.240584
0.236691
0.234545
0.233907
0.234572
0.236385
0.239252
0.243141
0.248087
0.254199
0.261664
0.270755
0.281817
0.295224
0.311244
0.329796
0.350046
0.369974
0.386284
0.395197
0.394821
0.388626
0.384764
0.388653
0.396943
0.404911
0.412032
0.418886
0.432281
0.461624
0.48233
0.477086
0.462954
0.443529
0.416952
0.39172
0.375177
0.369365
0.370682
0.378436
0.580437
0.366665
0.287693
0.263693
0.247189
0.234856
0.225874
0.219662
0.215726
0.213653
0.213122
0.213894
0.215813
0.218797
0.222839
0.228002
0.234427
0.242321
0.251945
0.263556
0.277284
0.29292
0.309607
0.325558
0.338132
0.344615
0.344199
0.340646
0.341141
0.349803
0.363345
0.378139
0.392472
0.404597
0.430529
0.461539
0.462547
0.438602
0.416073
0.397616
0.378136
0.360201
0.349241
0.348454
0.357256
0.381438
0.643558
0.392695
0.293769
0.262178
0.241121
0.22568
0.214446
0.206528
0.201246
0.198068
0.196592
0.196523
0.19766
0.199887
0.203159
0.207503
0.213012
0.219834
0.228148
0.238109
0.249738
0.262745
0.276319
0.288965
0.298703
0.30378
0.304265
0.304025
0.309131
0.321491
0.338252
0.356949
0.369602
0.390429
0.423163
0.441531
0.426922
0.398043
0.375182
0.358683
0.343608
0.330817
0.324633
0.328707
0.344672
0.383885
0.702422
0.414834
0.297892
0.260321
0.235864
0.21812
0.205195
0.195969
0.189626
0.185553
0.183291
0.182507
0.182966
0.184523
0.187103
0.190699
0.195357
0.201171
0.208245
0.216648
0.226314
0.236917
0.247729
0.257574
0.265082
0.269315
0.271033
0.27418
0.283598
0.298503
0.316394
0.329338
0.345715
0.376318
0.405553
0.409671
0.388579
0.360914
0.339962
0.32525
0.313107
0.304128
0.301993
0.310582
0.333271
0.386344
0.758184
0.433835
0.300666
0.258356
0.231321
0.211829
0.197596
0.18733
0.180122
0.175299
0.172365
0.170956
0.170814
0.171768
0.173716
0.176619
0.180484
0.18535
0.191258
0.198203
0.206061
0.214496
0.222888
0.230357
0.236054
0.239675
0.242453
0.248361
0.261061
0.277288
0.290236
0.301677
0.326362
0.361491
0.381883
0.376333
0.353592
0.328486
0.309559
0.296299
0.28631
0.280333
0.28168
0.294429
0.323445
0.38955
0.812581
0.450205
0.302559
0.256499
0.227482
0.20663
0.191353
0.180234
0.172298
0.166833
0.163313
0.161353
0.160674
0.161083
0.162456
0.164724
0.167857
0.171847
0.176681
0.182299
0.188535
0.195065
0.201379
0.206858
0.211051
0.214099
0.217436
0.224726
0.238521
0.253288
0.262601
0.277811
0.311301
0.345462
0.357
0.345804
0.323181
0.300404
0.283167
0.271131
0.262901
0.259433
0.263852
0.280498
0.315619
0.394462
0.868075
0.46425
0.303921
0.254914
0.224351
0.20241
0.186271
0.17443
0.165867
0.159841
0.155805
0.153354
0.152195
0.152117
0.152973
0.154667
0.157138
0.160338
0.16421
0.168652
0.173475
0.178379
0.182958
0.186799
0.189741
0.192187
0.195528
0.20259
0.214198
0.222891
0.234746
0.257215
0.297092
0.327617
0.332681
0.318639
0.296808
0.275971
0.260152
0.249242
0.242575
0.241311
0.248532
0.268965
0.310282
0.402445
0.928197
0.476133
0.305006
0.253708
0.221913
0.199071
0.182197
0.169728
0.160612
0.154088
0.149592
0.146707
0.145121
0.14461
0.145006
0.146192
0.148078
0.150583
0.153617
0.157047
0.160677
0.164233
0.167402
0.169932
0.171848
0.173682
0.176645
0.182621
0.190968
0.196884
0.211161
0.239235
0.281679
0.308045
0.309248
0.29428
0.273669
0.254558
0.240032
0.230233
0.22503
0.225774
0.235641
0.259941
0.308031
0.415666
0.998223
0.485959
0.305998
0.252927
0.220125
0.196513
0.178993
0.165964
0.156354
0.149383
0.144477
0.141204
0.139242
0.13835
0.138345
0.139089
0.140469
0.142379
0.144702
0.147287
0.149937
0.15241
0.154467
0.155974
0.157073
0.158333
0.160767
0.165675
0.172158
0.176778
0.193016
0.224328
0.265435
0.287576
0.286776
0.272169
0.253129
0.235686
0.222432
0.213764
0.209957
0.212563
0.224996
0.253435
0.309587
0.437699
1.08637
0.493875
0.307024
0.252567
0.218916
0.194626
0.176526
0.16299
0.152931
0.145558
0.140285
0.136669
0.134377
0.133154
0.132804
0.133171
0.134124
0.135538
0.137275
0.139174
0.141042
0.142668
0.143874
0.144605
0.145072
0.145828
0.14772
0.151786
0.15732
0.16105
0.179375
0.212713
0.249465
0.267235
0.265475
0.251997
0.234778
0.219017
0.207051
0.199522
0.197033
0.201356
0.216288
0.249251
0.315657
0.474
1.20555
0.500156
0.308147
0.252566
0.218179
0.193281
0.174655
0.160658
0.150192
0.142457
0.136857
0.132939
0.13036
0.128854
0.128213
0.128267
0.128869
0.129878
0.131146
0.132506
0.13377
0.134753
0.135322
0.135479
0.135461
0.135788
0.137178
0.1405
0.145106
0.148278
0.1694
0.203841
0.234498
0.247892
0.245655
0.233664
0.218387
0.204309
0.193629
0.187205
0.185908
0.191747
0.209012
0.246758
0.326244
0.528887
1.37546
0.505222
0.309328
0.252803
0.217767
0.192326
0.173226
0.158814
0.147983
0.139926
0.134038
0.129858
0.127033
0.125289
0.124407
0.124206
0.124527
0.125218
0.126122
0.12707
0.127881
0.12839
0.128494
0.128226
0.127832
0.127783
0.128711
0.131386
0.135046
0.137798
0.162769
0.197209
0.221001
0.230129
0.227542
0.217107
0.203761
0.191321
0.181876
0.176459
0.176157
0.183195
0.202364
0.244496
0.338602
0.599328
1.64317
0.211861
0.328348
0.414536
0.470675
0.50493
0.522312
0.522895
0.522191
0.528281
0.526183
0.529008
0.522179
0.517987
0.528116
0.536626
0.540099
0.540906
0.54084
0.540588
0.540333
0.540112
0.53992
0.539747
0.539582
0.539399
0.539163
0.538806
0.538208
0.537157
0.535274
0.5319
0.525911
0.515403
0.497225
0.466229
0.414361
0.330268
0.207519
0.237535
0.255705
0.290849
0.313102
0.325743
0.33155
0.331048
0.330329
0.33258
0.332389
0.333898
0.332586
0.33175
0.334941
0.337718
0.338932
0.339266
0.339287
0.339225
0.33914
0.339051
0.338959
0.338866
0.338772
0.338673
0.338568
0.338442
0.338269
0.337993
0.337502
0.336575
0.334793
0.33136
0.324811
0.312542
0.290293
0.25331
0.23284
0.268401
0.252691
0.263532
0.269204
0.271071
0.270877
0.269159
0.267889
0.268103
0.268085
0.268786
0.269059
0.26917
0.26977
0.27022
0.270391
0.270427
0.270415
0.270383
0.270331
0.270265
0.270188
0.270105
0.270022
0.269946
0.269884
0.269849
0.269853
0.269911
0.27003
0.270191
0.270302
0.270104
0.268996
0.265748
0.258238
0.245094
0.267884
0.303591
0.261509
0.256561
0.251517
0.246303
0.241845
0.238321
0.235998
0.234944
0.234523
0.234705
0.23518
0.235429
0.235269
0.234988
0.234799
0.23472
0.234692
0.234669
0.234631
0.234576
0.234508
0.234433
0.234363
0.234308
0.234288
0.234329
0.234473
0.234782
0.23534
0.236254
0.237637
0.239564
0.241986
0.244576
0.246699
0.249551
0.305412
0.335934
0.271469
0.255306
0.24258
0.232103
0.224214
0.218718
0.215151
0.213097
0.21211
0.211847
0.212106
0.212257
0.211946
0.211532
0.211275
0.211175
0.211148
0.211134
0.211107
0.211063
0.211006
0.210944
0.210892
0.210865
0.210891
0.211011
0.211289
0.211823
0.212755
0.214279
0.21665
0.220174
0.225178
0.231979
0.241043
0.255762
0.34028
0.364223
0.280625
0.256242
0.237601
0.222847
0.211987
0.204535
0.199678
0.196715
0.195124
0.194432
0.194369
0.194361
0.194057
0.193692
0.193467
0.193382
0.193364
0.193359
0.193342
0.193309
0.193265
0.19322
0.193189
0.193195
0.193273
0.193475
0.193886
0.19463
0.195894
0.197938
0.201119
0.205903
0.212892
0.222869
0.237155
0.261118
0.370964
0.388962
0.289454
0.258916
0.235256
0.216646
0.203006
0.193631
0.187477
0.183634
0.181435
0.180316
0.17992
0.179736
0.179447
0.179154
0.178978
0.178913
0.178904
0.178905
0.178895
0.178872
0.178842
0.178815
0.178809
0.178851
0.178982
0.179268
0.179808
0.18075
0.182314
0.18481
0.188667
0.194471
0.203022
0.215458
0.233789
0.265174
0.397213
0.411152
0.299362
0.263983
0.235416
0.21287
0.196399
0.185072
0.177607
0.172886
0.170079
0.168535
0.167814
0.167449
0.167142
0.166892
0.166749
0.166697
0.16669
0.166693
0.166688
0.166674
0.166656
0.166646
0.166666
0.166745
0.166931
0.1673
0.167963
0.169091
0.170926
0.173816
0.178245
0.184887
0.194691
0.209071
0.23061
0.268072
0.419267
0.432059
0.3124
0.272607
0.238407
0.211355
0.19177
0.178379
0.169563
0.163951
0.160534
0.158566
0.157533
0.156981
0.156619
0.156375
0.156241
0.156188
0.156177
0.156177
0.156174
0.156165
0.156158
0.156165
0.156209
0.156324
0.156565
0.157014
0.157796
0.159095
0.161175
0.164411
0.169328
0.176666
0.187492
0.20344
0.227573
0.270067
0.437569
0.453359
0.331272
0.28623
0.244713
0.212085
0.188891
0.173247
0.163017
0.156496
0.152467
0.150079
0.148743
0.148
0.147554
0.147283
0.147135
0.14707
0.147047
0.147039
0.147033
0.147027
0.147028
0.14705
0.147117
0.147268
0.147561
0.148087
0.14898
0.150437
0.152738
0.156279
0.161616
0.169541
0.181213
0.198447
0.224712
0.271397
0.452627
0.47773
0.359336
0.306354
0.254776
0.215028
0.187564
0.169432
0.157717
0.15027
0.145633
0.142832
0.141203
0.140267
0.139717
0.139394
0.139215
0.139125
0.139084
0.139064
0.139052
0.139046
0.139053
0.139087
0.139176
0.13936
0.139703
0.140302
0.141299
0.142902
0.145402
0.149212
0.154914
0.163339
0.175721
0.194027
0.222068
0.272252
0.464944
0.510733
0.400447
0.334195
0.268764
0.220002
0.187543
0.166694
0.153441
0.145068
0.139833
0.136632
0.134721
0.133594
0.132929
0.132537
0.132314
0.132192
0.132127
0.132091
0.13207
0.132061
0.132072
0.132117
0.132225
0.13244
0.13283
0.133498
0.134592
0.136328
0.139008
0.143058
0.149078
0.157935
0.170922
0.190132
0.219664
0.272776
0.47499
0.565845
0.458771
0.370112
0.286233
0.226538
0.188476
0.164772
0.149975
0.1407
0.134898
0.131316
0.129136
0.127826
0.12704
0.126571
0.126296
0.126137
0.126045
0.12599
0.125958
0.125945
0.125957
0.126011
0.126136
0.12638
0.126814
0.127545
0.128729
0.130588
0.133431
0.137695
0.143996
0.153228
0.166736
0.186718
0.217512
0.273075
0.483194
0.672855
0.538237
0.412781
0.305646
0.233741
0.189872
0.16336
0.1471
0.136988
0.130667
0.126735
0.12431
0.122827
0.121924
0.121376
0.121045
0.120846
0.120725
0.12065
0.120605
0.120585
0.120598
0.120659
0.120801
0.121071
0.121546
0.122337
0.123604
0.125575
0.128566
0.133022
0.139573
0.149133
0.163093
0.183739
0.215607
0.27323
0.489952
0.870231
0.63532
0.45724
0.323838
0.240207
0.19109
0.162115
0.144592
0.13376
0.126993
0.122758
0.120117
0.118478
0.117466
0.116841
0.116456
0.116218
0.116068
0.115973
0.115914
0.115888
0.1159
0.115968
0.116124
0.116419
0.116933
0.11778
0.119124
0.121198
0.124323
0.128953
0.135726
0.145577
0.159932
0.181152
0.213937
0.273299
0.495636
1.15153
0.710941
0.48941
0.335878
0.244174
0.191419
0.160679
0.142225
0.130851
0.123737
0.119259
0.11644
0.114671
0.113563
0.11287
0.112435
0.11216
0.111984
0.11187
0.1118
0.111767
0.111779
0.111853
0.112022
0.112342
0.112891
0.11379
0.115207
0.117376
0.120624
0.125411
0.132383
0.142492
0.157195
0.178913
0.212483
0.273325
0.500567
0.509819
0.310667
0.253206
0.217404
0.191277
0.171562
0.156601
0.145286
0.136804
0.130538
0.12602
0.122886
0.120849
0.119678
0.11918
0.119183
0.119522
0.120034
0.120546
0.120888
0.120913
0.120544
0.119832
0.119003
0.118457
0.11875
0.120592
0.123176
0.126811
0.157375
0.189934
0.202802
0.205305
0.201899
0.193661
0.183161
0.173146
0.1655
0.161438
0.162288
0.170495
0.191363
0.237625
0.345524
0.626639
1.25615
0.515727
0.312364
0.253609
0.216932
0.190103
0.169791
0.154315
0.142551
0.133677
0.127069
0.122248
0.11884
0.11655
0.115135
0.114393
0.11414
0.114205
0.114416
0.114601
0.114596
0.114262
0.113529
0.112442
0.111197
0.110148
0.109863
0.110942
0.112613
0.120478
0.160622
0.187177
0.188158
0.183421
0.17813
0.171335
0.163381
0.155725
0.149818
0.146875
0.148276
0.156356
0.175915
0.217912
0.30998
0.523529
0.991899
0.521646
0.313505
0.253549
0.216181
0.188855
0.168153
0.152355
0.14032
0.131214
0.124404
0.119404
0.115834
0.113392
0.11183
0.110937
0.110526
0.110418
0.110441
0.110422
0.110201
0.109645
0.108687
0.107367
0.105868
0.104547
0.103989
0.104617
0.1057
0.123133
0.169994
0.188193
0.179735
0.169059
0.161389
0.154891
0.148487
0.14253
0.137937
0.13574
0.137196
0.144291
0.160777
0.194433
0.262405
0.402759
0.665753
0.527946
0.314164
0.253013
0.215079
0.187409
0.166471
0.150499
0.138327
0.129106
0.122197
0.117107
0.113452
0.110924
0.109272
0.108281
0.107758
0.107526
0.10741
0.107241
0.106863
0.106152
0.105047
0.103594
0.101975
0.100574
0.0999555
0.100373
0.101363
0.131066
0.180076
0.18931
0.174348
0.159564
0.149789
0.143023
0.137465
0.132684
0.129087
0.12744
0.128787
0.134704
0.147899
0.173354
0.220323
0.304169
0.43253
0.53461
0.314514
0.252143
0.213712
0.185794
0.16472
0.14867
0.136448
0.127192
0.120253
0.115132
0.111441
0.108868
0.107159
0.106097
0.105488
0.105154
0.104923
0.104632
0.104131
0.103307
0.102112
0.1006
0.0989642
0.0976135
0.0970622
0.0974496
0.0992592
0.141172
0.188235
0.189029
0.170033
0.152813
0.141557
0.134403
0.12929
0.125311
0.122466
0.121245
0.122447
0.127264
0.137555
0.156308
0.188055
0.237861
0.303096
0.541519
0.314675
0.251078
0.212191
0.184079
0.162929
0.146856
0.134638
0.125394
0.118466
0.11335
0.109652
0.107058
0.105313
0.104196
0.103517
0.103096
0.102767
0.102373
0.101775
0.100874
0.0996344
0.0981231
0.0965446
0.0953204
0.0948992
0.0953709
0.0997498
0.154961
0.194405
0.187716
0.166155
0.147595
0.135436
0.12797
0.123103
0.119669
0.117378
0.116473
0.117524
0.121386
0.12929
0.142937
0.164348
0.194609
0.229787
0.548554
0.31473
0.249922
0.210609
0.182335
0.161139
0.145074
0.132887
0.123681
0.116786
0.111694
0.108006
0.105406
0.103636
0.102477
0.101737
0.101242
0.100831
0.100355
0.0996869
0.0987404
0.0974951
0.0960297
0.0945576
0.0934954
0.0932228
0.0938414
0.105739
0.170616
0.198961
0.185881
0.16252
0.143266
0.130639
0.12299
0.118272
0.115206
0.113305
0.112616
0.113505
0.116558
0.122557
0.132421
0.14693
0.165811
0.185843
0.555614
0.31473
0.248748
0.209034
0.180618
0.159392
0.143349
0.131205
0.122046
0.115195
0.110135
0.106466
0.103868
0.102082
0.100889
0.1001
0.0995447
0.0990675
0.0985295
0.0978161
0.0968534
0.0956343
0.0942469
0.0929094
0.0920177
0.0918733
0.0925922
0.119764
0.184998
0.201706
0.18349
0.15896
0.139481
0.126707
0.118994
0.114381
0.111556
0.109915
0.109355
0.110074
0.11245
0.116961
0.124077
0.134003
0.146119
0.158065
0.562624
0.314706
0.247598
0.207509
0.178966
0.157719
0.141702
0.129605
0.120497
0.113692
0.108668
0.105021
0.102429
0.100633
0.0994145
0.0985868
0.0979839
0.0974575
0.0968777
0.096141
0.0951861
0.0940165
0.0927265
0.0915369
0.0908073
0.0907738
0.0916514
0.135337
0.195728
0.20232
0.180466
0.155437
0.136093
0.123391
0.1157
0.111168
0.108497
0.107017
0.106516
0.107067
0.10889
0.112267
0.117418
0.124312
0.132316
0.139719
0.569527
0.314675
0.246496
0.20606
0.177403
0.156139
0.14015
0.128098
0.11904
0.112281
0.107293
0.103669
0.101086
0.099285
0.0980484
0.0971919
0.0965543
0.0959942
0.0953902
0.0946491
0.09372
0.0926148
0.0914312
0.09039
0.0898082
0.08989
0.0912852
0.148821
0.203027
0.201359
0.177165
0.152113
0.133092
0.120565
0.112939
0.108468
0.105892
0.104504
0.10402
0.104414
0.105801
0.108335
0.112106
0.116997
0.122458
0.127209
0.576281
0.314646
0.245453
0.204697
0.175939
0.154663
0.138702
0.126693
0.117682
0.110966
0.106013
0.102412
0.0998412
0.0980391
0.0967907
0.0959145
0.0952538
0.0946734
0.09406
0.0933289
0.092438
0.0914052
0.0903293
0.0894284
0.0889793
0.0891817
0.0915693
0.16322
0.20838
0.199936
0.174153
0.14921
0.130507
0.118158
0.110603
0.106179
0.10366
0.102323
0.101831
0.102092
0.103147
0.10507
0.107888
0.111461
0.115327
0.118488
0.582854
0.314624
0.244474
0.203425
0.174576
0.153292
0.137359
0.125392
0.116425
0.10975
0.10483
0.101253
0.098695
0.0968957
0.0956414
0.0947533
0.0940792
0.0934896
0.0928781
0.0921676
0.0913224
0.090365
0.0893931
0.0886208
0.0882926
0.0886384
0.0933081
0.17844
0.212942
0.198953
0.171823
0.146841
0.128324
0.116106
0.108614
0.104228
0.101748
0.10044
0.0999324
0.100089
0.1009
0.102395
0.104565
0.107274
0.110131
0.112316
0.589224
0.314609
0.243557
0.202241
0.173314
0.152026
0.13612
0.124193
0.115269
0.108632
0.103744
0.10019
0.097647
0.0958535
0.0945981
0.0937047
0.0930251
0.092435
0.0918338
0.0911507
0.0903553
0.0894725
0.0885983
0.0879403
0.0877211
0.0882623
0.0991858
0.194052
0.217629
0.198822
0.170219
0.144941
0.126467
0.114335
0.106905
0.102561
0.100115
0.0988281
0.0983084
0.0983901
0.0990309
0.100232
0.10197
0.104116
0.106332
0.107907
0.595376
0.314601
0.2427
0.201142
0.172147
0.150859
0.134982
0.123093
0.114209
0.107609
0.102752
0.0992219
0.0966942
0.0949092
0.0936566
0.0927631
0.092084
0.0914995
0.0909145
0.090263
0.0895188
0.088708
0.0879239
0.0873645
0.0872356
0.0879879
0.114667
0.209362
0.222606
0.199268
0.169022
0.143298
0.124812
0.11277
0.105421
0.101134
0.0987271
0.0974627
0.0969393
0.0969729
0.0975014
0.0985095
0.0999645
0.101746
0.103549
0.104735
0.6013
0.314597
0.241898
0.20012
0.171069
0.149785
0.133937
0.122087
0.113241
0.106677
0.101849
0.0983428
0.0958317
0.0940572
0.0928106
0.0919208
0.0912467
0.0906724
0.0901071
0.0894894
0.088796
0.0880536
0.0873523
0.0868766
0.0868124
0.0876402
0.140198
0.2225
0.226714
0.199423
0.167721
0.141656
0.123237
0.111345
0.104118
0.0999101
0.097553
0.0963176
0.0958004
0.0958086
0.0962682
0.0971535
0.0984269
0.0999731
0.101508
0.102441
0.60699
0.314594
0.241145
0.19917
0.170073
0.148798
0.132979
0.121166
0.112359
0.105828
0.10103
0.0975474
0.0950536
0.0932912
0.0920529
0.0911698
0.0905038
0.0899425
0.0893991
0.0888156
0.0881714
0.0874933
0.0868685
0.0864656
0.0864572
0.0873094
0.163358
0.231608
0.228769
0.198555
0.165949
0.13985
0.121668
0.110019
0.102962
0.098859
0.0965645
0.0953655
0.094864
0.0948644
0.0952862
0.0960972
0.0972563
0.0986505
0.100009
0.10077
0.61244
0.314589
0.240437
0.198285
0.169151
0.147888
0.132101
0.120325
0.111555
0.105058
0.100289
0.0968291
0.0943532
0.092604
0.0913757
0.0905014
0.0898456
0.0892992
0.0887785
0.0882288
0.0876315
0.0870133
0.0864597
0.0861235
0.0861808
0.0873194
0.177663
0.237283
0.22888
0.196629
0.163668
0.13786
0.120092
0.108774
0.101932
0.0979563
0.0957352
0.0945795
0.0941015
0.0941069
0.0945122
0.095281
0.0963691
0.0976639
0.0989014
0.0995417
0.617647
0.314579
0.239766
0.197458
0.168296
0.14705
0.131296
0.119557
0.110823
0.104359
0.0996181
0.0961813
0.0937236
0.0919886
0.0907715
0.0899074
0.0892632
0.0887326
0.0882348
0.0877178
0.0871645
0.0866019
0.0861132
0.085837
0.0859599
0.0874741
0.190321
0.241528
0.227952
0.194039
0.161055
0.135767
0.118538
0.107613
0.101016
0.0971821
0.0950422
0.0939348
0.0934857
0.0935046
0.0939072
0.0946541
0.0956981
0.0969255
0.098076
0.098625
0.622607
0.314559
0.239128
0.196683
0.167502
0.146276
0.130556
0.118855
0.110156
0.103725
0.0990115
0.0955977
0.0931584
0.091438
0.0902329
0.0893801
0.0887484
0.088234
0.0877588
0.0872729
0.0867609
0.0862496
0.0858206
0.0855999
0.0857876
0.087827
0.202379
0.245135
0.226508
0.191108
0.158304
0.133672
0.117051
0.106548
0.100207
0.0965206
0.0944655
0.0934094
0.0929927
0.0930303
0.0934382
0.094175
0.0951906
0.096369
0.097452
0.0979271
0.62732
0.314525
0.238517
0.195952
0.166761
0.14556
0.129876
0.118212
0.109549
0.103149
0.0984631
0.0950719
0.092651
0.0909456
0.0897532
0.0889123
0.0882936
0.0877955
0.0873422
0.0868858
0.0864123
0.0859486
0.0855746
0.0854063
0.0856618
0.088487
0.213389
0.247821
0.224546
0.18798
0.15556
0.13167
0.115676
0.105591
0.0995012
0.0959593
0.0939891
0.0929855
0.0926026
0.0926613
0.0930784
0.0938109
0.094806
0.0959453
0.0969711
0.0973818
0.631789
0.314473
0.237926
0.19526
0.166067
0.144895
0.129248
0.117622
0.108995
0.102626
0.0979668
0.0945981
0.0921957
0.0905054
0.0893261
0.0884975
0.087892
0.0874101
0.0869779
0.0865494
0.0861116
0.0856919
0.0853688
0.0852517
0.0855844
0.0897052
0.222858
0.249305
0.222075
0.184825
0.152982
0.129857
0.114454
0.104753
0.0988947
0.0954891
0.0936012
0.0926494
0.0923003
0.0923802
0.0928072
0.0935371
0.0945144
0.0956183
0.0965915
0.0969421
0.636016
0.314399
0.237351
0.1946
0.165414
0.144275
0.128667
0.11708
0.108488
0.10215
0.0975174
0.0941708
0.0917868
0.0901119
0.0889457
0.0881296
0.0875375
0.0870715
0.0866596
0.0862573
0.0858527
0.0854733
0.0851972
0.0851319
0.0855588
0.0919316
0.23121
0.249823
0.219467
0.181968
0.150766
0.128323
0.113421
0.104043
0.0983855
0.0951041
0.0932941
0.0923924
0.0920756
0.0921748
0.0926097
0.0933354
0.094294
0.0953624
0.0962835
0.0965755
0.640013
0.314301
0.236786
0.193966
0.164796
0.143694
0.128127
0.116579
0.108022
0.101716
0.0971096
0.0937851
0.0914193
0.0897596
0.0886068
0.0878031
0.0872243
0.086774
0.0863817
0.086004
0.08563
0.0852873
0.0850541
0.0850427
0.085597
0.0963194
0.239494
0.250338
0.217481
0.179838
0.149099
0.127131
0.112588
0.10346
0.0979709
0.0948014
0.0930649
0.0922104
0.0919225
0.0920372
0.0924759
0.0931933
0.0941296
0.0951593
0.0960263
0.0962589
0.643805
0.314181
0.236225
0.19335
0.164202
0.143143
0.12762
0.116114
0.107593
0.101318
0.0967385
0.0934361
0.0910885
0.089444
0.0883042
0.087513
0.0869473
0.0865124
0.086139
0.0857847
0.0854389
0.0851294
0.0849342
0.0849774
0.0857152
0.105948
0.249418
0.252297
0.216933
0.178755
0.148056
0.126278
0.111943
0.102996
0.097649
0.0945822
0.0929148
0.0921033
0.0918392
0.0919633
0.0923995
0.0931023
0.0940103
0.0949963
0.0958053
0.0959766
0.647449
0.314046
0.235662
0.192741
0.163624
0.142611
0.127138
0.115676
0.107194
0.100952
0.0963997
0.0931197
0.0907902
0.0891604
0.0880334
0.0872542
0.0867014
0.0862816
0.0859266
0.085595
0.0852758
0.0849958
0.0848319
0.0849222
0.085884
0.127613
0.26198
0.256471
0.218019
0.17863
0.147506
0.125673
0.11144
0.102637
0.0974203
0.094452
0.0928494
0.0920747
0.0918266
0.0919516
0.0923765
0.0930563
0.0939285
0.0948641
0.0956099
0.0957169
0.651078
0.313916
0.235083
0.19212
0.163041
0.142086
0.126668
0.115257
0.106818
0.100612
0.0960889
0.092832
0.0905206
0.0889051
0.0877901
0.0870222
0.0864816
0.0860765
0.0857399
0.0854308
0.0851376
0.0848849
0.0847451
0.0848587
0.0859216
0.166914
0.275475
0.261682
0.219823
0.178862
0.147116
0.12516
0.11102
0.10237
0.097291
0.0944219
0.0928785
0.0921312
0.0918879
0.0920022
0.0924046
0.0930512
0.0938782
0.0947554
0.0954319
0.0954713
0.654974
0.313814
0.234471
0.191459
0.162429
0.141544
0.126196
0.114846
0.106459
0.100294
0.0958026
0.09257
0.0902766
0.0886745
0.0875703
0.0868125
0.0862832
0.0858923
0.0855742
0.0852881
0.0850216
0.0847963
0.0846778
0.0847962
0.0857649
0.209912
0.286202
0.265473
0.220831
0.178636
0.1465
0.124583
0.110639
0.102195
0.0972765
0.0945083
0.093015
0.0922811
0.0920274
0.0921161
0.0924824
0.0930835
0.0938544
0.0946642
0.0952647
0.0952328
0.6597
0.313766
0.23379
0.190713
0.161748
0.140956
0.125701
0.11443
0.106107
0.0999923
0.095538
0.0923315
0.090056
0.0884662
0.0873709
0.0866213
0.0861019
0.0857244
0.0854248
0.0851629
0.0849253
0.0847305
0.0846375
0.0847747
0.0857409
0.237476
0.291904
0.266309
0.220038
0.17739
0.145404
0.123862
0.110293
0.102138
0.0974041
0.0947335
0.0932743
0.0925337
0.0922492
0.0922939
0.092608
0.0931494
0.0938523
0.0945848
0.0951021
0.0949956
0.666301
0.313836
0.233008
0.189821
0.160942
0.140283
0.125157
0.113995
0.105757
0.0997042
0.0952936
0.0921159
0.0898581
0.0882787
0.0871899
0.0864459
0.0859342
0.0855691
0.0852882
0.0850522
0.0848468
0.0846871
0.0846265
0.0848088
0.0860396
0.250761
0.294118
0.264598
0.217375
0.175043
0.14381
0.123005
0.110004
0.102221
0.0976962
0.095115
0.0936685
0.0928959
0.0925565
0.0925353
0.0927782
0.0932444
0.0938663
0.0945112
0.0949384
0.0947542
0.676674
0.314321
0.232139
0.188723
0.159952
0.139482
0.124538
0.113526
0.105401
0.0994282
0.0950702
0.0919244
0.089684
0.0881126
0.087027
0.0862856
0.0857791
0.0854248
0.0851628
0.0849548
0.0847857
0.0846672
0.0846452
0.0848806
0.086477
0.261065
0.295155
0.261167
0.213145
0.171734
0.141774
0.122056
0.109811
0.102478
0.098176
0.0956673
0.0942046
0.0933697
0.0929477
0.0928371
0.092989
0.0933627
0.0938894
0.0944365
0.0947672
0.0945033
0.694113
0.316017
0.23122
0.187344
0.158716
0.138515
0.123826
0.113017
0.10504
0.0991667
0.0948712
0.0917608
0.0895372
0.0879712
0.0868855
0.0861432
0.0856393
0.0852943
0.0850512
0.0848734
0.0847459
0.0846764
0.0847013
0.0849943
0.0871388
0.269275
0.294211
0.25543
0.20721
0.167445
0.13935
0.121082
0.109769
0.102948
0.0988669
0.0964016
0.0948857
0.0939527
0.0934172
0.093192
0.0932323
0.093497
0.0939153
0.0943536
0.0945814
0.0942376
0.720098
0.318851
0.229926
0.185543
0.157175
0.137359
0.123018
0.112472
0.104679
0.0989255
0.0947022
0.0916305
0.0894235
0.087861
0.0867726
0.0860271
0.0855237
0.0851868
0.0849627
0.0848173
0.0847367
0.0847264
0.0848121
0.0851696
0.0880632
0.271917
0.287258
0.245447
0.198852
0.162056
0.136606
0.120176
0.109951
0.103673
0.0997887
0.0973228
0.0957078
0.0946364
0.0939546
0.0935887
0.0934972
0.0936371
0.0939345
0.0942552
0.0943747
0.0939511
0.756986
0.322578
0.227843
0.183109
0.155276
0.136043
0.122144
0.111911
0.104332
0.0987142
0.0945711
0.0915417
0.0893527
0.0877943
0.0867038
0.0859555
0.0854531
0.0851246
0.0849192
0.0848064
0.0847758
0.0848361
0.0850101
0.0854796
0.0893821
0.264031
0.27016
0.229512
0.187735
0.1557
0.133744
0.11949
0.110444
0.104693
0.100951
0.0984245
0.0966568
0.095404
0.094543
0.0940118
0.09377
0.093771
0.0939371
0.0941334
0.0941419
0.0936403
0.821818
0.329524
0.225214
0.180307
0.153121
0.134585
0.121233
0.111377
0.104035
0.0985584
0.0944997
0.0915161
0.0893488
0.0877984
0.0867097
0.0859621
0.0854631
0.0851434
0.0849547
0.0848698
0.0848853
0.0850276
0.0853534
0.0862768
0.0925931
0.248238
0.243991
0.208934
0.174976
0.14913
0.131199
0.119245
0.111342
0.106033
0.102346
0.0996827
0.0977047
0.0962286
0.0951587
0.0944411
0.0940339
0.0938853
0.0939128
0.0939806
0.0938779
0.0933023
0.872086
0.345316
0.224517
0.178816
0.151757
0.13349
0.120526
0.110964
0.103828
0.0984893
0.0945095
0.0915738
0.0894334
0.0878979
0.0868187
0.0860791
0.0855897
0.0852831
0.0851128
0.0850539
0.0851114
0.0853584
0.0860409
0.0900982
0.109216
0.22989
0.216134
0.188533
0.163194
0.143629
0.129552
0.119673
0.11271
0.107682
0.10393
0.10105
0.0988068
0.0970721
0.0957707
0.094852
0.0942699
0.0939655
0.0938509
0.0937896
0.0935784
0.0929353
0.907528
0.377613
0.241393
0.186168
0.154021
0.134015
0.120717
0.11106
0.103892
0.0985458
0.0945707
0.0916482
0.0895298
0.088027
0.0869951
0.0863227
0.085924
0.0857414
0.0857428
0.0859211
0.0862999
0.0869707
0.0880165
0.106803
0.168405
0.208793
0.193811
0.173323
0.154964
0.140356
0.129253
0.120894
0.114527
0.109568
0.105624
0.102451
0.0999013
0.0978858
0.0963416
0.0952168
0.0944576
0.0939971
0.0937416
0.0935544
0.0932403
0.092538
0.904991
0.388688
0.250751
0.194169
0.161427
0.139838
0.124863
0.114285
0.106884
0.101882
0.0987675
0.0971517
0.0967821
0.0975259
0.0993267
0.102115
0.105682
0.110155
0.115717
0.122507
0.130641
0.140376
0.152345
0.162826
0.192436
0.19588
0.181508
0.16539
0.151242
0.139657
0.13034
0.122811
0.116649
0.111548
0.107303
0.103787
0.100913
0.0986137
0.096831
0.0955064
0.0945767
0.0939663
0.0935763
0.0932704
0.0928622
0.0921109
0.86617
0.372279
0.249961
0.195054
0.163279
0.142207
0.127453
0.117031
0.109912
0.105404
0.10301
0.102354
0.10319
0.105384
0.108879
0.113629
0.119585
0.126843
0.135536
0.145709
0.157231
0.169803
0.182795
0.193898
0.198113
0.190843
0.176999
0.163115
0.151056
0.140927
0.132384
0.125092
0.118817
0.113419
0.108815
0.104947
0.10176
0.0991982
0.0971984
0.095693
0.0946087
0.0938617
0.0933488
0.0929352
0.0924443
0.091656
0.835135
0.35233
0.2432
0.192103
0.161983
0.142093
0.128326
0.118682
0.112167
0.108171
0.106274
0.106169
0.107655
0.110621
0.11502
0.120824
0.128021
0.13663
0.14664
0.157896
0.169967
0.181989
0.192394
0.198492
0.197077
0.188173
0.175788
0.163525
0.15259
0.143055
0.134681
0.127267
0.120705
0.114956
0.110002
0.105819
0.102367
0.099587
0.0974086
0.0957537
0.0945395
0.0936754
0.0930558
0.092549
0.0919891
0.0911768
0.830746
0.341066
0.237093
0.188719
0.160096
0.14137
0.128511
0.119596
0.113631
0.110038
0.108451
0.108619
0.110385
0.113658
0.118399
0.124584
0.132181
0.141131
0.151287
0.162313
0.173572
0.183999
0.192002
0.195586
0.193146
0.185437
0.175072
0.164318
0.154192
0.144931
0.136503
0.128861
0.122002
0.115952
0.110725
0.106312
0.102672
0.0997405
0.0974364
0.095673
0.0943603
0.0934038
0.0926974
0.0921145
0.0915011
0.0906783
0.837827
0.336237
0.23402
0.186756
0.158778
0.140622
0.128322
0.119917
0.114362
0.111065
0.109672
0.10996
0.111795
0.1151
0.119837
0.125971
0.133444
0.142137
0.15181
0.162028
0.172088
0.180966
0.187368
0.189967
0.187965
0.181952
0.173492
0.164115
0.154724
0.145722
0.137282
0.129503
0.122472
0.116257
0.110891
0.106368
0.102641
0.0996369
0.0972691
0.0954446
0.0940696
0.0930485
0.0922776
0.0916373
0.0909866
0.0901667
0.842
0.334615
0.233025
0.186119
0.158241
0.140185
0.128069
0.119894
0.114558
0.111425
0.110123
0.110428
0.112208
0.115386
0.119917
0.125752
0.132808
0.140927
0.149825
0.159042
0.167905
0.175533
0.180927
0.183188
0.181859
0.177279
0.170378
0.162212
0.153573
0.144965
0.136701
0.128994
0.121996
0.115807
0.110468
0.105971
0.102266
0.0992752
0.0969089
0.0950726
0.0936728
0.092616
0.0918039
0.0911253
0.0904534
0.0896491
0.840134
0.333686
0.232906
0.186264
0.158319
0.14013
0.127941
0.119764
0.11446
0.111352
0.110035
0.110265
0.111898
0.114845
0.119046
0.124437
0.130914
0.138299
0.146299
0.154471
0.162216
0.168802
0.17346
0.175543
0.174729
0.171196
0.165514
0.158417
0.150589
0.142558
0.134709
0.127323
0.12059
0.114628
0.109483
0.105148
0.101571
0.0986751
0.0963722
0.0945709
0.0931819
0.0921175
0.0912864
0.0905883
0.0899103
0.0891329
0.833903
0.332524
0.232914
0.186657
0.158689
0.140325
0.127953
0.119637
0.114231
0.11103
0.109601
0.109674
0.111081
0.113718
0.117505
0.122359
0.128164
0.134731
0.141778
0.148901
0.155582
0.161224
0.165223
0.167089
0.166575
0.163769
0.159051
0.152927
0.145973
0.138689
0.131478
0.124639
0.11838
0.112823
0.10802
0.103963
0.100604
0.0978731
0.0956867
0.093961
0.0926145
0.0915672
0.0907377
0.0900368
0.0893666
0.0886257
0.824669
0.330956
0.232732
0.186967
0.159076
0.140586
0.128022
0.119513
0.11393
0.110559
0.108943
0.10879
0.109909
0.112173
0.115484
0.11974
0.124815
0.130521
0.136594
0.142677
0.148332
0.153071
0.156422
0.158006
0.15763
0.155341
0.151408
0.146189
0.14015
0.133736
0.127322
0.121198
0.115567
0.11055
0.106196
0.102504
0.099432
0.0969175
0.0948881
0.0932698
0.091991
0.0909817
0.0901711
0.089482
0.0888312
0.0881343
0.813821
0.329067
0.232292
0.187057
0.159318
0.14077
0.128048
0.119346
0.113559
0.109976
0.108128
0.107702
0.108487
0.110335
0.113129
0.116753
0.121072
0.125906
0.131014
0.136087
0.140761
0.144643
0.147363
0.148632
0.148301
0.146402
0.143135
0.138758
0.13364
0.128151
0.122618
0.117302
0.112388
0.107986
0.104147
0.100871
0.0981262
0.0958612
0.0940153
0.0925262
0.0913334
0.0903779
0.0895999
0.0889345
0.0883123
0.0876648
0.802269
0.326988
0.231629
0.18691
0.159356
0.140803
0.127967
0.119094
0.113106
0.109299
0.107196
0.106473
0.1069
0.108311
0.110573
0.113559
0.11713
0.121116
0.125302
0.129427
0.133192
0.136286
0.138422
0.139382
0.139058
0.137474
0.134779
0.131182
0.126947
0.122373
0.117732
0.113244
0.109069
0.105306
0.102001
0.0991593
0.0967578
0.0947563
0.0931066
0.0917585
0.0906629
0.0897719
0.0890365
0.0884036
0.0878169
0.0872221
0.79053
0.32483
0.230816
0.186564
0.159197
0.140669
0.127754
0.118739
0.112567
0.108541
0.106184
0.105159
0.105226
0.106203
0.107944
0.110315
0.113178
0.116375
0.119716
0.122984
0.125938
0.128337
0.129962
0.130652
0.130328
0.129012
0.126814
0.123914
0.120486
0.116765
0.112966
0.109269
0.105804
0.102658
0.0998714
0.0974535
0.0953891
0.0936488
0.092196
0.090992
0.0899985
0.0891779
0.0884916
0.0878974
0.0873508
0.0868101
0.77882
0.322664
0.22992
0.186079
0.158878
0.140386
0.127419
0.118287
0.111953
0.107726
0.105127
0.103814
0.103536
0.104102
0.105357
0.107163
0.109384
0.111874
0.114472
0.116996
0.119258
0.12107
0.12227
0.122741
0.122426
0.121345
0.119581
0.117274
0.114552
0.111586
0.10854
0.105555
0.102736
0.100153
0.0978437
0.0958186
0.0940694
0.0925758
0.0913114
0.0902477
0.0893559
0.0886078
0.0879739
0.0874219
0.0869178
0.0864311
0.767251
0.320529
0.228989
0.185505
0.158448
0.139991
0.126986
0.11776
0.111287
0.10688
0.104062
0.102485
0.101892
0.102086
0.102905
0.104212
0.105873
0.107757
0.109724
0.111628
0.11332
0.114656
0.115519
0.115821
0.115526
0.114649
0.113252
0.111436
0.109311
0.106986
0.104584
0.102212
0.099953
0.0978635
0.0959751
0.0942996
0.0928336
0.0915643
0.0904736
0.0895413
0.088747
0.0880702
0.0874896
0.0869814
0.0865207
0.0860864
0.755949
0.318446
0.228051
0.184884
0.157946
0.139521
0.126487
0.117184
0.110593
0.10603
0.103018
0.101208
0.100339
0.100208
0.100653
0.101533
0.102725
0.104106
0.105558
0.10696
0.108197
0.109162
0.109765
0.109946
0.109679
0.108975
0.107881
0.106468
0.104825
0.103024
0.101152
0.0992896
0.0974996
0.0958265
0.0942969
0.0929224
0.0917031
0.0906316
0.0896963
0.0888838
0.08818
0.0875713
0.087043
0.0865783
0.0861605
0.085776
0.744996
0.316435
0.227132
0.184248
0.15741
0.13901
0.125952
0.116585
0.109893
0.105198
0.102021
0.100012
0.0989073
0.0985029
0.0986341
0.0991637
0.0999715
0.100948
0.10199
0.103
0.103886
0.104567
0.104978
0.105075
0.104839
0.10428
0.103429
0.10234
0.101074
0.0996895
0.0982426
0.0967911
0.0953826
0.0940514
0.0928194
0.0916973
0.0906875
0.0897864
0.0889871
0.0882811
0.0876597
0.0871144
0.0866359
0.0862136
0.085837
0.0854991
0.73439
0.314508
0.226251
0.183623
0.156869
0.138487
0.125406
0.115985
0.10921
0.104403
0.101087
0.0989119
0.0976124
0.096983
0.0968594
0.0971066
0.0976101
0.0982694
0.0989946
0.0997041
0.100325
0.100796
0.101068
0.101108
0.100905
0.100462
0.0998039
0.0989663
0.0979935
0.0969323
0.0958172
0.0946896
0.0935844
0.0925279
0.0915377
0.0906232
0.089788
0.089031
0.0883485
0.0877358
0.0871881
0.0867008
0.0862689
0.0858868
0.0855491
0.0852542
0.724123
0.31267
0.225419
0.183025
0.15634
0.13797
0.124868
0.1154
0.108555
0.103657
0.100227
0.0979156
0.0964575
0.0956468
0.0953202
0.0953452
0.0956119
0.0960275
0.0965122
0.0969969
0.0974226
0.0977407
0.0979141
0.0979188
0.0977446
0.097395
0.0968858
0.0962421
0.0954949
0.0946778
0.0938181
0.0929415
0.0920736
0.0912343
0.0904375
0.0896913
0.0889996
0.0883628
0.0877795
0.0872475
0.0867648
0.0863298
0.0859411
0.0855965
0.085295
0.0850392
0.714261
0.310923
0.224636
0.182459
0.155833
0.137471
0.12435
0.114842
0.10794
0.102966
0.0994436
0.0970225
0.0954374
0.0944831
0.0939974
0.0938502
0.0939359
0.0941675
0.0944728
0.0947919
0.0950756
0.0952846
0.0953899
0.0953727
0.0952248
0.094948
0.0945527
0.0940562
0.09348
0.0928475
0.0921814
0.091497
0.0908127
0.0901433
0.0894996
0.0888885
0.0883136
0.0877762
0.0872764
0.0868136
0.0863879
0.0859998
0.0856504
0.0853405
0.0850724
0.0848518
0.704889
0.30927
0.223903
0.181928
0.155354
0.136997
0.123859
0.114318
0.107368
0.102334
0.0987369
0.096228
0.0945424
0.0934755
0.0928665
0.0925877
0.0925366
0.0926309
0.0928041
0.0930028
0.0931845
0.0933167
0.0933755
0.0933459
0.0932206
0.0930002
0.0926913
0.0923058
0.0918586
0.0913661
0.0908446
0.0903067
0.0897636
0.0892263
0.0887032
0.0881998
0.0877196
0.0872642
0.0868343
0.0864307
0.0860546
0.0857082
0.0853943
0.0851162
0.0848785
0.0846893
0.696014
0.307713
0.223222
0.181437
0.154909
0.136556
0.123403
0.113834
0.106845
0.101761
0.0981042
0.0955254
0.0937606
0.092606
0.0919022
0.0915234
0.0913698
0.0913625
0.0914391
0.0915509
0.0916602
0.0917387
0.0917664
0.0917303
0.0916242
0.0914474
0.0912042
0.0909022
0.090552
0.0901649
0.0897526
0.0893258
0.088891
0.0884562
0.0880279
0.0876104
0.0872068
0.0868187
0.0864473
0.0860942
0.0857613
0.0854518
0.0851701
0.0849208
0.0847105
0.0845492
0.687562
0.306246
0.222595
0.18099
0.154505
0.136153
0.122986
0.113393
0.106371
0.101246
0.097541
0.0949065
0.0930792
0.0918564
0.0910799
0.0906255
0.0903953
0.0903131
0.0903195
0.0903689
0.090427
0.0904685
0.0904756
0.0904372
0.0903471
0.0902042
0.0900107
0.0897719
0.0894948
0.0891875
0.0888584
0.0885153
0.0881639
0.0878089
0.0874552
0.0871063
0.0867647
0.086432
0.0861097
0.0857995
0.0855042
0.0852274
0.0849744
0.0847512
0.0845656
0.0844289
0.679461
0.304863
0.222024
0.18059
0.154142
0.135791
0.12261
0.112996
0.105946
0.100786
0.0970416
0.0943623
0.0924857
0.0912099
0.0903776
0.089866
0.0895788
0.0894415
0.0893968
0.0894016
0.0894237
0.0894397
0.0894337
0.0893953
0.0893188
0.0892023
0.089047
0.088856
0.0886344
0.0883878
0.0881222
0.0878433
0.0875561
0.0872634
0.0869687
0.0866748
0.0863836
0.0860968
0.0858157
0.0855422
0.0852795
0.0850317
0.0848045
0.0846047
0.0844412
0.0843259
0.671698
0.303559
0.221504
0.180235
0.153822
0.135469
0.122274
0.11264
0.105565
0.100377
0.0965997
0.0938842
0.0919686
0.0906514
0.0897763
0.0892213
0.0888915
0.0887136
0.088632
0.0886049
0.0886016
0.0886004
0.0885862
0.0885494
0.0884843
0.0883886
0.0882627
0.0881085
0.0879294
0.0877293
0.0875126
0.0872836
0.0870459
0.0868022
0.0865545
0.0863049
0.0860551
0.0858062
0.0855598
0.0853179
0.0850836
0.0848613
0.0846572
0.0844785
0.0843346
0.0842381
0.664308
0.302334
0.221033
0.17992
0.153539
0.135184
0.121976
0.112323
0.105227
0.100014
0.0962095
0.0934647
0.0915179
0.0901683
0.0892602
0.0886723
0.0883105
0.0881026
0.087994
0.087944
0.0879231
0.0879103
0.0878912
0.0878567
0.0878012
0.0877222
0.0876193
0.0874936
0.0873473
0.0871832
0.0870046
0.0868146
0.0866159
0.086411
0.086201
0.0859874
0.0857714
0.0855543
0.0853374
0.0851226
0.0849131
0.0847134
0.0845298
0.08437
0.0842436
0.0841634
0.657336
0.301192
0.220607
0.179643
0.153291
0.134933
0.121712
0.112042
0.104927
0.0996931
0.095866
0.0930972
0.0911254
0.0897502
0.0888163
0.0882031
0.0878172
0.0875869
0.0874585
0.0873921
0.0873587
0.0873382
0.0873166
0.0872848
0.0872375
0.0871719
0.0870872
0.0869838
0.0868632
0.0867274
0.0865788
0.0864196
0.086252
0.0860778
0.0858983
0.0857142
0.0855264
0.0853359
0.085144
0.0849526
0.0847648
0.0845852
0.0844199
0.0842769
0.084166
0.0840999
0.65081
0.300134
0.220224
0.179401
0.153075
0.134714
0.121481
0.111795
0.104663
0.0994111
0.0955648
0.0927761
0.0907839
0.0893881
0.0884339
0.087801
0.0873966
0.0871496
0.0870065
0.0869282
0.0868862
0.0868605
0.0868377
0.0868089
0.0867686
0.086714
0.0866438
0.0865581
0.0864579
0.0863445
0.0862197
0.0860852
0.0859426
0.0857934
0.0856386
0.0854787
0.0853144
0.0851464
0.0849759
0.0848048
0.084636
0.0844741
0.0843253
0.0841973
0.0841001
0.0840461
0.644735
0.299157
0.21988
0.17919
0.15289
0.134526
0.121281
0.111581
0.104433
0.0991648
0.0953018
0.0924963
0.0904871
0.0890745
0.088104
0.0874557
0.0870369
0.0867771
0.0866232
0.0865362
0.086488
0.0864591
0.0864361
0.0864102
0.086376
0.0863304
0.086272
0.0862006
0.0861167
0.0860213
0.0859156
0.0858009
0.0856786
0.0855498
0.0854153
0.0852755
0.0851308
0.0849819
0.0848298
0.0846763
0.0845243
0.0843782
0.0842439
0.0841293
0.0840441
0.0840007
0.639081
0.29825
0.219573
0.17901
0.152736
0.134368
0.12111
0.111396
0.104234
0.0989509
0.0950732
0.092253
0.0902295
0.088803
0.0878193
0.0871586
0.0867286
0.086459
0.0862969
0.0862036
0.0861512
0.0861203
0.0860977
0.0860746
0.0860456
0.0860076
0.0859589
0.085899
0.0858283
0.0857474
0.0856572
0.0855587
0.085453
0.0853409
0.0852231
0.0851001
0.084972
0.0848394
0.0847031
0.084565
0.0844276
0.0842954
0.0841741
0.0840714
0.0839968
0.0839623
0.633759
0.297405
0.219304
0.178864
0.152611
0.134238
0.120968
0.11124
0.104063
0.0987663
0.0948753
0.0920423
0.0900065
0.0885684
0.0875738
0.0869033
0.0864645
0.0861873
0.0860191
0.0859212
0.0858659
0.0858339
0.085812
0.0857916
0.0857671
0.0857353
0.0856945
0.0856442
0.0855842
0.085515
0.0854374
0.0853522
0.0852602
0.0851619
0.0850581
0.084949
0.0848349
0.0847161
0.0845935
0.0844687
0.0843442
0.0842243
0.0841145
0.0840223
0.083957
0.08393
0.62863
0.296609
0.219073
0.178751
0.152517
0.134136
0.120852
0.111108
0.103917
0.0986075
0.0947045
0.0918604
0.0898143
0.0883667
0.0873634
0.086685
0.0862393
0.0859564
0.0857836
0.0856823
0.0856251
0.0855925
0.0855715
0.0855534
0.0855327
0.0855062
0.085472
0.0854293
0.085378
0.0853185
0.0852512
0.0851769
0.085096
0.0850092
0.084917
0.0848195
0.0847172
0.0846102
0.0844994
0.0843861
0.0842729
0.0841637
0.084064
0.083981
0.0839237
0.0839032
0.623555
0.29586
0.218882
0.178671
0.15245
0.134057
0.120757
0.110997
0.103793
0.0984713
0.094558
0.0917047
0.0896502
0.0881951
0.087185
0.0865005
0.0860497
0.0857624
0.0855861
0.0854825
0.0854239
0.0853911
0.085371
0.0853549
0.0853374
0.0853152
0.0852863
0.0852499
0.0852057
0.085154
0.0850951
0.0850296
0.0849579
0.0848806
0.0847979
0.0847102
0.0846177
0.0845206
0.0844197
0.0843162
0.0842127
0.0841128
0.0840219
0.0839469
0.0838964
0.0838811
0.618479
0.295157
0.21873
0.178618
0.152403
0.133994
0.120676
0.110902
0.103685
0.0983543
0.0944331
0.0915731
0.0895128
0.0880523
0.0870374
0.0863486
0.085894
0.0856036
0.0854248
0.0853195
0.0852599
0.085227
0.0852077
0.0851933
0.0851783
0.0851595
0.0851348
0.0851034
0.085065
0.0850195
0.0849674
0.084909
0.0848447
0.084775
0.0847002
0.0846204
0.0845359
0.084447
0.0843542
0.084259
0.0841635
0.0840714
0.0839879
0.0839195
0.0838747
0.0838634
0.613494
0.294512
0.218605
0.178579
0.152362
0.133936
0.120602
0.110815
0.10359
0.0982534
0.0943281
0.0914648
0.0894016
0.0879384
0.0869209
0.0862297
0.0857728
0.0854803
0.0852999
0.0851933
0.085133
0.0851
0.0850812
0.085068
0.085055
0.0850388
0.0850174
0.0849899
0.0849558
0.0849152
0.0848684
0.0848156
0.0847572
0.0846935
0.0846247
0.0845511
0.0844728
0.0843902
0.0843038
0.084215
0.0841258
0.0840399
0.0839621
0.0838989
0.0838584
0.0838501
0.608845
0.293939
0.218496
0.178534
0.15231
0.133868
0.120522
0.110729
0.103502
0.0981656
0.0942416
0.0913799
0.089318
0.0878556
0.0868382
0.0861466
0.085689
0.0853955
0.0852141
0.0851066
0.0850458
0.0850125
0.0849939
0.0849815
0.0849698
0.0849553
0.0849363
0.0849116
0.0848808
0.0848438
0.0848009
0.0847522
0.0846981
0.0846387
0.0845744
0.0845051
0.0844311
0.0843528
0.0842707
0.0841861
0.0841012
0.0840193
0.0839454
0.0838857
0.0838479
0.0838413
0.604877
0.293462
0.218383
0.17846
0.152225
0.133773
0.120423
0.110635
0.103415
0.0980882
0.0941737
0.0913205
0.0892655
0.0878082
0.0867945
0.086105
0.0856484
0.0853552
0.0851735
0.0850655
0.0850041
0.0849704
0.0849517
0.0849395
0.0849283
0.0849149
0.0848972
0.0848743
0.0848456
0.0848111
0.0847707
0.0847248
0.0846733
0.0846166
0.0845547
0.0844878
0.0844159
0.0843394
0.084259
0.084176
0.0840926
0.0840122
0.0839396
0.0838811
0.083844
0.0838374
0.601964
0.293108
0.218252
0.178331
0.152082
0.133628
0.120289
0.11052
0.103323
0.098019
0.0941256
0.0912905
0.0892501
0.0878041
0.0867984
0.0861143
0.085661
0.0853694
0.0851883
0.0850801
0.0850181
0.0849838
0.0849644
0.0849517
0.0849404
0.0849271
0.0849099
0.0848877
0.08486
0.0848267
0.0847876
0.0847428
0.0846925
0.0846365
0.084575
0.0845079
0.0844354
0.0843577
0.0842756
0.0841906
0.084105
0.0840224
0.0839478
0.0838872
0.0838483
0.0838395
0.600474
0.292923
0.218087
0.178116
0.151846
0.133403
0.120097
0.110369
0.103217
0.097956
0.0941003
0.0912968
0.0892816
0.0878548
0.086863
0.0861885
0.0857412
0.085453
0.0852733
0.0851654
0.0851028
0.0850675
0.085047
0.0850332
0.0850209
0.0850068
0.0849891
0.0849666
0.0849388
0.0849053
0.0848661
0.084821
0.08477
0.0847128
0.0846492
0.0845792
0.0845025
0.0844196
0.0843313
0.0842392
0.0841462
0.0840562
0.0839745
0.0839075
0.0838628
0.0838487
0.600872
0.293003
0.217888
0.177776
0.151471
0.133057
0.119813
0.110163
0.103088
0.0978973
0.0941026
0.0913492
0.0893735
0.0879766
0.0870065
0.0863469
0.0859092
0.0856266
0.0854496
0.0853424
0.0852793
0.0852427
0.0852205
0.0852049
0.0851908
0.0851751
0.0851558
0.0851319
0.0851028
0.0850679
0.0850272
0.0849802
0.0849267
0.084866
0.0847977
0.0847213
0.0846363
0.084543
0.0844423
0.0843361
0.0842281
0.0841229
0.0840267
0.0839467
0.0838908
0.0838671
0.604011
0.293573
0.217679
0.177262
0.150887
0.132526
0.119393
0.10987
0.10292
0.0978405
0.0941396
0.0914618
0.0895449
0.088192
0.0872535
0.0866156
0.086192
0.0859177
0.085745
0.0856392
0.0855757
0.0855375
0.0855131
0.085495
0.0854783
0.08546
0.0854382
0.0854119
0.0853803
0.0853429
0.0852994
0.085249
0.0851911
0.0851248
0.0850488
0.0849622
0.0848638
0.0847535
0.0846321
0.084502
0.0843678
0.0842359
0.0841142
0.0840115
0.0839363
0.0838968
0.611751
0.29515
0.217551
0.176509
0.149992
0.131718
0.118767
0.109449
0.102694
0.0977836
0.0942216
0.0916536
0.0898206
0.0885297
0.0876355
0.0870279
0.0866239
0.0863615
0.0861951
0.0860917
0.0860281
0.0859882
0.0859611
0.0859399
0.0859198
0.0858981
0.0858729
0.0858432
0.0858083
0.0857674
0.0857199
0.0856649
0.0856011
0.0855271
0.0854408
0.08534
0.0852227
0.0850875
0.0849347
0.084767
0.0845906
0.0844147
0.0842508
0.0841106
0.0840045
0.0839406
0.628013
0.298827
0.217712
0.175428
0.148634
0.130502
0.117845
0.10885
0.102389
0.0977264
0.0943636
0.0919499
0.0902328
0.0890264
0.0881919
0.087625
0.0872474
0.0870011
0.0868434
0.0867438
0.0866806
0.0866391
0.0866092
0.0865844
0.0865605
0.0865348
0.0865056
0.0864719
0.0864329
0.0863878
0.0863358
0.0862754
0.086205
0.0861221
0.0860235
0.0859054
0.0857638
0.0855953
0.0853981
0.0851746
0.0849325
0.0846864
0.0844547
0.0842552
0.0841013
0.084001
0.660816
0.306703
0.218501
0.173857
0.146581
0.128697
0.116514
0.108011
0.101984
0.0976751
0.0945886
0.0923842
0.0908217
0.0897266
0.08897
0.0884558
0.0881125
0.0878873
0.0877414
0.0876473
0.0875856
0.087543
0.0875105
0.0874822
0.0874543
0.0874245
0.0873912
0.0873534
0.0873103
0.087261
0.0872045
0.0871391
0.0870623
0.0869708
0.0868599
0.0867235
0.0865544
0.0863451
0.0860896
0.0857868
0.0854457
0.0850886
0.0847495
0.0844581
0.0842325
0.08408
0.727263
0.322287
0.220136
0.171381
0.14345
0.126058
0.114645
0.106881
0.101471
0.0976486
0.0949312
0.0930006
0.0916368
0.090683
0.0900244
0.0895764
0.0892761
0.0890776
0.0889473
0.0888612
0.0888026
0.08876
0.0887256
0.0886945
0.0886633
0.08863
0.0885932
0.088552
0.0885056
0.0884533
0.0883936
0.0883247
0.0882438
0.0881463
0.0880262
0.0878745
0.0876796
0.0874271
0.0871018
0.0866928
0.0862043
0.0856714
0.0851625
0.084731
0.0844015
0.084177
0.864736
0.349926
0.221707
0.166913
0.138611
0.12229
0.112123
0.105435
0.100872
0.097689
0.0954436
0.0938557
0.0927371
0.0919556
0.0914158
0.0910478
0.0907999
0.0906344
0.0905239
0.0904489
0.0903958
0.0903552
0.0903208
0.0902885
0.0902557
0.0902206
0.0901821
0.0901396
0.0900922
0.0900392
0.0899794
0.0899107
0.0898301
0.0897327
0.0896109
0.0894533
0.0892432
0.0889565
0.088561
0.0880213
0.0873184
0.0864976
0.0857186
0.0850785
0.0846051
0.0842875
1.15393
0.389688
0.218579
0.158098
0.131164
0.117119
0.108915
0.103725
0.100261
0.0978738
0.0962004
0.0950206
0.0941903
0.09361
0.0932085
0.0929337
0.0927474
0.0926215
0.0925358
0.0924758
0.0924316
0.0923961
0.0923647
0.0923344
0.0923031
0.0922696
0.0922331
0.092193
0.0921488
0.0920998
0.0920449
0.0919825
0.0919097
0.0918218
0.0917112
0.0915655
0.0913641
0.0910726
0.0906346
0.0899641
0.0889623
0.0876336
0.0864214
0.0854846
0.084827
0.0843998
1.79763
0.416856
0.198304
0.14136
0.120337
0.110546
0.105195
0.10193
0.0997896
0.0983253
0.0973013
0.0965792
0.0960702
0.0957136
0.095466
0.0952956
0.0951791
0.0950994
0.095044
0.095004
0.0949733
0.0949476
0.094924
0.0949005
0.094876
0.0948497
0.0948211
0.0947898
0.0947555
0.0947177
0.0946759
0.0946288
0.0945744
0.0945093
0.0944278
0.0943195
0.0941653
0.0939282
0.0935319
0.0928159
0.0914664
0.0891021
0.0872069
0.0858904
0.08503
0.0844943
3.57396
0.315912
0.142997
0.115051
0.106752
0.103289
0.101486
0.100403
0.0996939
0.0992065
0.0988638
0.0986208
0.0984487
0.0983278
0.0982436
0.0981856
0.0981459
0.0981185
0.0980994
0.0980854
0.0980745
0.098065
0.0980561
0.098047
0.0980372
0.0980267
0.098015
0.0980023
0.0979882
0.0979727
0.0979556
0.0979365
0.0979147
0.097889
0.0978573
0.0978153
0.0977549
0.0976565
0.0974671
0.0970152
0.0956565
0.0906524
0.0878458
0.0861726
0.0851573
0.0845486
2.42707
2.06111
1.69014
1.40885
1.28704
1.24694
1.23966
1.27054
1.27511
1.26441
1.14455
1.01006
0.896323
0.802714
0.725392
0.66511
0.802509
0.839912
0.817479
0.769066
0.711264
0.651582
0.594046
0.541212
0.502417
0.535919
0.543074
0.52948
0.502558
0.468787
0.433029
0.398318
0.339129
0.357142
0.363605
0.359679
0.348034
0.33157
0.312777
0.293431
0.248426
0.257274
0.26062
0.258905
0.253167
0.24465
0.234537
0.223777
0.195704
0.199927
0.201182
0.199781
0.196254
0.191216
0.185266
0.178917
0.163337
0.165206
0.165292
0.163862
0.161256
0.157833
0.153934
0.14986
0.142498
0.143138
0.142604
0.141134
0.138977
0.136374
0.133548
0.130693
0.128587
0.128567
0.127712
0.126233
0.124331
0.122187
0.119963
0.117794
0.119057
0.118674
0.117655
0.11619
0.114451
0.112586
0.110722
0.108961
0.112407
0.111821
0.110721
0.109282
0.107657
0.105973
0.104336
0.10283
0.107708
0.107007
0.10587
0.104459
0.102917
0.101358
0.099873
0.0985333
0.104357
0.10359
0.102437
0.101056
0.0995767
0.0981061
0.0967267
0.0955002
0.101948
0.101142
0.0999856
0.09863
0.0972004
0.0957958
0.0944928
0.0933465
0.1002
0.0993708
0.0982167
0.0968843
0.0954941
0.0941404
0.0928949
0.0918078
0.0989169
0.0980731
0.0969237
0.0956117
0.0942541
0.0929411
0.091741
0.0906995
0.0979589
0.0971053
0.0959617
0.094668
0.0933381
0.0920593
0.0908963
0.0898917
0.0972273
0.0963666
0.095229
0.093952
0.0926466
0.0913975
0.0902665
0.089293
0.0966523
0.0957861
0.0946546
0.0933931
0.0921102
0.0908879
0.0897854
0.0888393
0.0961854
0.0953143
0.094189
0.0929423
0.0916805
0.0904832
0.0894071
0.088486
0.0957924
0.0949168
0.0937978
0.0925656
0.0913242
0.0901508
0.0890998
0.0882024
0.0954498
0.0945701
0.0934574
0.0922397
0.0910185
0.0898685
0.0888418
0.0879671
0.0951413
0.0942576
0.0931516
0.0919487
0.0907477
0.0896211
0.0886183
0.0877659
0.0948551
0.0939678
0.092869
0.0916813
0.090501
0.089398
0.0884192
0.087589
0.0945829
0.0936923
0.0926014
0.0914298
0.0902709
0.089192
0.0882375
0.0874297
0.0943178
0.0934246
0.0923427
0.0911883
0.0900518
0.0889978
0.0880683
0.0872832
0.0940544
0.0931597
0.0920881
0.0909524
0.0898397
0.0888118
0.0879081
0.0871462
0.0937878
0.092893
0.0918335
0.0907183
0.0896312
0.0886308
0.0877541
0.0870164
0.0935136
0.0926206
0.0915755
0.0904832
0.0894237
0.0884527
0.0876043
0.086892
0.0932276
0.0923391
0.0913113
0.0902446
0.0892152
0.0882757
0.0874574
0.0867715
0.0929262
0.0920454
0.0910384
0.0900007
0.0890044
0.0880986
0.0873121
0.086654
0.0926052
0.0917357
0.0907534
0.0897487
0.088789
0.08792
0.0871675
0.0865388
0.0922627
0.0914086
0.0904552
0.0894872
0.0885675
0.0877381
0.0870219
0.086424
0.0918976
0.0910633
0.090143
0.0892157
0.0883394
0.0875524
0.0868747
0.0863095
0.0915098
0.0907
0.0898172
0.0889343
0.0881048
0.0873628
0.0867258
0.0861948
0.0911001
0.0903196
0.0894786
0.0886441
0.0878643
0.0871699
0.0865753
0.08608
0.0906709
0.0899244
0.0891294
0.0883465
0.0876191
0.0869743
0.0864238
0.0859653
0.0902256
0.0895176
0.0887721
0.0880437
0.087371
0.0867773
0.0862719
0.0858509
0.0897687
0.0891033
0.0884103
0.0877386
0.087122
0.0865804
0.0861206
0.0857376
0.0893058
0.0886861
0.088048
0.0874343
0.0868745
0.0863853
0.0859712
0.0856258
0.0888428
0.0882713
0.0876893
0.0871342
0.0866311
0.0861938
0.0858247
0.0855164
0.0883857
0.087864
0.0873385
0.0868415
0.0863943
0.0860077
0.0856824
0.0854101
0.0879406
0.0874692
0.0869995
0.0865594
0.0861663
0.0858286
0.0855454
0.0853076
0.0875128
0.0870912
0.086676
0.0862906
0.0859493
0.0856581
0.0854146
0.0852095
0.0871069
0.0867339
0.0863709
0.0860374
0.0857448
0.0854972
0.085291
0.0851162
0.0867266
0.0864
0.0860863
0.0858014
0.0855542
0.0853469
0.0851749
0.0850282
0.0863744
0.0860917
0.0858238
0.0855838
0.0853782
0.0852076
0.0850668
0.0849455
0.086052
0.0858099
0.0855841
0.085385
0.085217
0.0850795
0.0849667
0.0848682
0.0857598
0.085555
0.0853674
0.0852049
0.0850706
0.0849626
0.0848746
0.0847963
0.0854976
0.0853264
0.0851729
0.0850432
0.0849385
0.0848564
0.0847902
0.0847296
0.0852643
0.0851232
0.085
0.0848988
0.0848201
0.0847605
0.084713
0.0846677
0.0850583
0.0849439
0.0848471
0.0847709
0.0847145
0.0846742
0.0846427
0.0846104
0.0848778
0.0847866
0.0847128
0.084658
0.0846206
0.0845966
0.0845787
0.0845574
0.0847206
0.0846496
0.0845954
0.0845587
0.0845375
0.0845271
0.0845204
0.0845082
0.0845844
0.0845307
0.0844932
0.0844718
0.0844639
0.0844648
0.0844673
0.0844625
0.0844669
0.0844279
0.0844045
0.0843958
0.0843989
0.0844089
0.0844188
0.0844201
0.084366
0.0843394
0.0843277
0.0843294
0.0843414
0.0843587
0.0843745
0.0843806
0.0842795
0.0842633
0.0842612
0.0842715
0.0842906
0.0843136
0.0843339
0.0843437
0.0842056
0.0841981
0.0842038
0.0842209
0.0842455
0.0842729
0.0842966
0.0843093
0.0841426
0.0841421
0.0841542
0.0841766
0.0842055
0.0842361
0.0842623
0.084277
0.0840888
0.0840942
0.0841114
0.0841378
0.0841699
0.0842028
0.0842307
0.0842469
0.0840431
0.0840532
0.0840743
0.0841038
0.0841382
0.0841726
0.0842016
0.0842186
0.0840042
0.084018
0.0840422
0.084074
0.0841098
0.0841452
0.0841747
0.0841922
0.0839712
0.083988
0.0840144
0.0840478
0.0840845
0.0841202
0.0841499
0.0841675
0.0839433
0.0839623
0.0839904
0.0840247
0.0840618
0.0840976
0.084127
0.0841445
0.0839199
0.0839405
0.0839697
0.0840045
0.0840416
0.084077
0.0841059
0.0841231
0.0839004
0.0839222
0.083952
0.0839869
0.0840236
0.0840584
0.0840866
0.0841033
0.0838845
0.0839071
0.083937
0.0839717
0.0840078
0.0840417
0.084069
0.084085
0.0838722
0.0838951
0.0839248
0.0839588
0.0839941
0.0840269
0.0840532
0.0840684
0.0838636
0.0838862
0.0839153
0.0839484
0.0839825
0.084014
0.0840391
0.0840533
0.0838589
0.0838807
0.0839088
0.0839405
0.0839731
0.0840031
0.0840268
0.0840399
0.0838589
0.0838792
0.0839055
0.0839354
0.0839661
0.0839943
0.0840163
0.0840281
0.0838643
0.0838821
0.0839059
0.0839334
0.0839616
0.0839875
0.0840075
0.0840177
0.0838764
0.0838904
0.0839107
0.0839347
0.0839598
0.0839828
0.0840004
0.0840086
0.0838966
0.0839051
0.0839202
0.0839397
0.0839606
0.0839801
0.0839946
0.0840004
0.0839264
0.0839269
0.083935
0.0839483
0.0839639
0.0839788
0.0839895
0.0839923
0.083967
0.0839564
0.0839551
0.0839603
0.083969
0.0839781
0.0839842
0.0839833
0.0840187
0.0839934
0.0839797
0.0839746
0.0839747
0.0839768
0.0839772
0.083972
0.0840802
0.0840361
0.0840071
0.0839893
0.0839793
0.0839731
0.083967
0.0839568
0.0841472
0.0840809
0.084034
0.0840019
0.0839805
0.0839653
0.0839522
0.0839367
0.0842118
0.0841216
0.084056
0.0840094
0.0839764
0.0839522
0.0839322
0.0839116
0.0842626
0.0841511
0.0840691
0.0840098
0.083967
0.0839352
0.0839094
0.0838847
0.0842892
0.0841644
0.0840725
0.0840055
0.0839567
0.0839204
0.083891
0.0838637
0.835766
0.662405
0.486409
0.337445
0.244127
0.189625
0.157681
0.138454
0.126583
0.119116
0.114372
0.111347
0.109419
0.108192
0.10741
0.106909
0.106585
0.106374
0.106235
0.106149
0.106109
0.106121
0.106205
0.106396
0.106752
0.107356
0.108332
0.109852
0.112159
0.115584
0.120593
0.127846
0.138314
0.153496
0.175891
0.210515
0.273342
0.507475
0.585652
0.501616
0.395379
0.296297
0.225221
0.179307
0.150585
0.132587
0.121154
0.113803
0.109042
0.10595
0.103942
0.10264
0.101794
0.101242
0.100879
0.100638
0.100479
0.100381
0.100337
0.100354
0.100454
0.100674
0.101074
0.101744
0.102812
0.104455
0.10692
0.110546
0.115804
0.123367
0.134225
0.149912
0.173
0.208659
0.273388
0.514537
0.461926
0.383344
0.310041
0.247067
0.198835
0.164738
0.141611
0.126203
0.115978
0.109188
0.104676
0.101681
0.099698
0.098387
0.0975203
0.0969453
0.0965614
0.0963039
0.0961334
0.096029
0.095985
0.0960092
0.0961242
0.0963706
0.0968116
0.0975401
0.0986878
0.100437
0.103036
0.106829
0.112293
0.120107
0.131277
0.147357
0.170965
0.207379
0.273481
0.519961
0.344287
0.291583
0.245391
0.205952
0.174136
0.149907
0.132268
0.119796
0.111123
0.105148
0.101061
0.0982821
0.0964018
0.0951345
0.0942815
0.093706
0.0933162
0.0930518
0.0928759
0.0927693
0.0927272
0.0927589
0.0928887
0.0931591
0.0936362
0.0944157
0.095632
0.0974703
0.100183
0.104115
0.109748
0.117767
0.129183
0.145569
0.16957
0.206531
0.273602
0.523903
0.261856
0.228964
0.19992
0.174724
0.153597
0.136616
0.123528
0.113778
0.106688
0.101622
0.0980506
0.0955587
0.0938348
0.0926492
0.0918361
0.0912781
0.0908943
0.0906309
0.0904548
0.090349
0.0903104
0.0903498
0.0904931
0.0907849
0.0912932
0.0921162
0.0933908
0.0953041
0.0981105
0.102158
0.107928
0.116111
0.127723
0.144345
0.16864
0.205995
0.273744
0.526756
0.205757
0.18571
0.167538
0.151332
0.137243
0.125407
0.115845
0.108391
0.102747
0.0985721
0.095539
0.0933675
0.0918306
0.0907513
0.0899966
0.0894694
0.089101
0.088845
0.0886728
0.0885703
0.0885364
0.0885834
0.088739
0.0890493
0.0895843
0.0904439
0.0917669
0.0937421
0.0966255
0.100766
0.106647
0.11496
0.126726
0.143528
0.16804
0.205677
0.273901
0.528871
0.168251
0.155883
0.144422
0.133923
0.124491
0.116264
0.109345
0.103736
0.0993317
0.0959656
0.0934492
0.0916011
0.0902625
0.0893023
0.0886174
0.08813
0.0877837
0.0875399
0.0873749
0.0872776
0.0872492
0.0873037
0.0874702
0.0877964
0.0883537
0.0892437
0.0906063
0.0926319
0.0955772
0.0997919
0.105761
0.114176
0.126059
0.142998
0.16767
0.20551
0.274072
0.530498
0.143121
0.135236
0.127876
0.121006
0.114667
0.108958
0.103989
0.0998186
0.0964344
0.0937684
0.0917199
0.0901774
0.089034
0.0881959
0.0875858
0.0871431
0.0868232
0.0865949
0.0864394
0.0863489
0.0863267
0.0863884
0.0865646
0.0869042
0.0874799
0.0883945
0.089789
0.0918547
0.094849
0.0991223
0.10516
0.113653
0.125626
0.142666
0.167456
0.205441
0.27425
0.531807
0.126097
0.120836
0.115987
0.111437
0.10716
0.103206
0.0996603
0.09659
0.0940224
0.0919413
0.0902993
0.089032
0.0880707
0.0873503
0.0868148
0.0864185
0.086127
0.0859162
0.0857717
0.0856889
0.0856732
0.0857418
0.0859265
0.0862773
0.086868
0.0878023
0.0892221
0.0913192
0.0943518
0.0986702
0.10476
0.113313
0.125353
0.142469
0.167344
0.205437
0.274433
0.532905
0.114412
0.110711
0.107416
0.104357
0.101461
0.0987291
0.0962144
0.0939745
0.0920471
0.0904416
0.0891415
0.0881132
0.0873146
0.0867027
0.0862378
0.0858868
0.085624
0.0854314
0.0852987
0.0852241
0.0852151
0.0852901
0.0854822
0.0858424
0.0864451
0.087395
0.0888345
0.090956
0.0940179
0.0983709
0.104501
0.113099
0.125189
0.142361
0.1673
0.205473
0.274617
0.53386
0.106298
0.103543
0.10122
0.0991292
0.0971593
0.0952782
0.0935068
0.0918861
0.0904524
0.0892253
0.0882054
0.0873783
0.0867205
0.0862046
0.085804
0.0854954
0.0852602
0.0850855
0.0849648
0.0848986
0.0848961
0.0849772
0.0851758
0.0855437
0.0861562
0.0871182
0.0885731
0.0907132
0.0937975
0.0981767
0.104337
0.112969
0.125097
0.142311
0.167299
0.205535
0.2748
0.534712
0.10061
0.0984434
0.0967374
0.0952777
0.0939319
0.0926416
0.0914027
0.0902393
0.0891808
0.0882491
0.0874537
0.0867919
0.0862523
0.0858192
0.0854753
0.0852049
0.0849952
0.0848376
0.0847284
0.0846705
0.0846744
0.0847611
0.0849654
0.0853398
0.0859601
0.0869318
0.0883984
0.090553
0.0936543
0.0980535
0.104236
0.112895
0.125052
0.142299
0.167326
0.205613
0.274981
0.535485
0.0965972
0.0948045
0.0934942
0.0924488
0.0915238
0.0906428
0.0897832
0.088954
0.0881768
0.0874721
0.0868532
0.0863242
0.0858819
0.0855182
0.0852229
0.0849861
0.0847994
0.0846575
0.0845593
0.0845092
0.0845192
0.0846112
0.0848206
0.0852005
0.0858271
0.0868065
0.0882824
0.0904481
0.0935626
0.0979773
0.104178
0.112857
0.125037
0.142311
0.167369
0.2057
0.275158
0.536192
0.0937535
0.0922033
0.0911499
0.0903775
0.0897359
0.0891374
0.0885459
0.0879588
0.0873899
0.0868571
0.0863747
0.0859506
0.0855867
0.0852802
0.0850259
0.084818
0.0846515
0.0845238
0.0844357
0.084393
0.0844088
0.0845056
0.0847196
0.0851042
0.0857362
0.0867218
0.0882051
0.0903797
0.0935047
0.0979317
0.104147
0.112842
0.125042
0.142338
0.167424
0.205792
0.275331
0.536841
0.0917309
0.0903418
0.0894567
0.0888646
0.0884135
0.088009
0.0876057
0.0871922
0.0867759
0.0863716
0.0859933
0.0856509
0.0853492
0.085089
0.0848686
0.0846852
0.0845363
0.0844212
0.0843423
0.0843065
0.0843277
0.0844291
0.0846472
0.0850361
0.0856727
0.0866635
0.088153
0.0903348
0.0934685
0.0979057
0.104133
0.112842
0.125059
0.142375
0.167486
0.205889
0.275499
0.537436
0.0902866
0.089007
0.0882336
0.0877608
0.0874373
0.0871651
0.0868928
0.0866026
0.0862971
0.0859878
0.0856881
0.0854085
0.0851557
0.0849327
0.0847401
0.0845772
0.0844434
0.0843395
0.0842688
0.0842394
0.0842656
0.0843713
0.0845933
0.084986
0.0856267
0.0866221
0.0881169
0.090305
0.0934462
0.0978923
0.10413
0.112852
0.125084
0.142418
0.167552
0.205987
0.275662
0.537979
0.0892492
0.0880466
0.0873482
0.0869544
0.0867159
0.0865334
0.0863516
0.0861483
0.0859223
0.0856829
0.085442
0.0852103
0.0849956
0.0848022
0.0846322
0.0844865
0.0843656
0.0842714
0.0842083
0.0841847
0.0842156
0.0843253
0.084551
0.0849473
0.0855917
0.0865913
0.0880909
0.0902847
0.0934327
0.0978868
0.104134
0.112868
0.125114
0.142466
0.167622
0.206087
0.27582
0.538471
0.0884974
0.0873508
0.0867038
0.0863626
0.0861805
0.0860582
0.0859383
0.0857958
0.0856267
0.0854382
0.0852411
0.085046
0.0848609
0.084691
0.0845395
0.0844081
0.0842982
0.0842126
0.0841561
0.0841379
0.0841732
0.0842867
0.0845159
0.0849156
0.0855636
0.0865672
0.0880713
0.0902705
0.0934248
0.0978865
0.104143
0.112888
0.125148
0.142518
0.167695
0.206187
0.275972
0.538913
0.087945
0.0868412
0.0862305
0.0859244
0.0857795
0.0856974
0.0856197
0.0855195
0.0853908
0.0852392
0.0850748
0.0849074
0.0847454
0.0845944
0.0844579
0.0843384
0.0842381
0.08416
0.0841095
0.0840961
0.0841356
0.0842528
0.0844853
0.0848883
0.0855398
0.0865472
0.0880558
0.0902601
0.0934205
0.0978898
0.104155
0.112912
0.125185
0.142572
0.167769
0.206289
0.276119
0.539306
0.0875315
0.0864622
0.0858781
0.0855958
0.0854754
0.0854197
0.0853704
0.0852995
0.0851995
0.0850749
0.0849348
0.0847887
0.0846448
0.0845088
0.0843847
0.0842753
0.0841831
0.0841116
0.0840666
0.0840578
0.0841012
0.0842218
0.0844576
0.0848639
0.0855188
0.08653
0.0880429
0.0902523
0.0934189
0.0978955
0.10417
0.112938
0.125225
0.142628
0.167846
0.20639
0.27626
0.53965
0.0872144
0.0861744
0.0856108
0.085345
0.0852406
0.0852023
0.085172
0.0851212
0.0850416
0.0849367
0.0848149
0.0846852
0.0845556
0.0844318
0.084318
0.0842172
0.0841321
0.0840665
0.0840264
0.0840218
0.0840689
0.0841929
0.0844318
0.0848413
0.0854996
0.0865146
0.0880318
0.0902464
0.0934191
0.0979032
0.104187
0.112966
0.125266
0.142686
0.167924
0.206492
0.276395
0.539947
0.0869646
0.0859507
0.0854037
0.0851498
0.0850558
0.0850287
0.0850109
0.0849738
0.0849088
0.0848184
0.0847104
0.0845936
0.0844754
0.0843617
0.0842565
0.084163
0.0840842
0.0840239
0.0839883
0.0839876
0.0840382
0.0841654
0.0844075
0.0848201
0.0854818
0.0865006
0.0880222
0.0902419
0.0934209
0.0979125
0.104205
0.112995
0.12531
0.142746
0.168003
0.206594
0.276525
0.540196
0.0867617
0.0857723
0.0852395
0.0849944
0.0849073
0.084887
0.0848773
0.0848497
0.0847949
0.0847153
0.084618
0.0845113
0.0844025
0.0842971
0.0841993
0.0841122
0.0840389
0.0839834
0.083952
0.0839549
0.0840088
0.0841391
0.0843842
0.0848001
0.0854652
0.0864877
0.0880138
0.0902388
0.093424
0.0979232
0.104225
0.113026
0.125355
0.142807
0.168084
0.206695
0.276649
0.5404
0.0865921
0.0856262
0.0851063
0.0848681
0.0847853
0.0847692
0.0847645
0.0847431
0.0846957
0.0846242
0.0845352
0.0844366
0.0843355
0.0842372
0.0841458
0.0840643
0.0839959
0.0839447
0.0839171
0.0839236
0.0839806
0.0841139
0.084362
0.084781
0.0854495
0.0864759
0.0880065
0.0902368
0.0934284
0.0979353
0.104247
0.113059
0.125401
0.14287
0.168165
0.206796
0.276766
0.54056
0.0864465
0.0855037
0.084996
0.0847634
0.0846833
0.0846693
0.0846674
0.08465
0.0846079
0.0845425
0.0844601
0.0843682
0.0842736
0.0841813
0.0840954
0.084019
0.083955
0.0839078
0.0838838
0.0838935
0.0839535
0.0840897
0.0843408
0.0847629
0.0854348
0.0864651
0.0880003
0.0902359
0.093434
0.0979487
0.10427
0.113093
0.125449
0.142934
0.168247
0.206896
0.276878
0.540676
0.0863186
0.085399
0.0849029
0.0846752
0.0845967
0.0845833
0.0845827
0.0845677
0.0845292
0.0844684
0.0843913
0.084305
0.0842159
0.084129
0.084048
0.083976
0.0839162
0.0838726
0.0838519
0.0838646
0.0839275
0.0840666
0.0843206
0.0847457
0.0854211
0.0864553
0.0879951
0.0902362
0.0934407
0.0979633
0.104294
0.113129
0.125498
0.142999
0.16833
0.206996
0.276984
0.540751
0.086204
0.085308
0.0848235
0.0846001
0.0845222
0.0845085
0.0845079
0.0844941
0.0844581
0.0844008
0.084328
0.0842464
0.0841621
0.0840798
0.0840032
0.0839353
0.0838792
0.083839
0.0838215
0.0838371
0.0839028
0.0840446
0.0843014
0.0847296
0.0854084
0.0864466
0.0879909
0.0902375
0.0934486
0.097979
0.104319
0.113165
0.125548
0.143065
0.168413
0.207094
0.277084
0.540785
0.0860998
0.085228
0.0847551
0.0845355
0.0844577
0.0844427
0.0844412
0.0844276
0.0843932
0.0843386
0.0842693
0.0841917
0.0841116
0.0840335
0.0839609
0.0838967
0.0838441
0.0838071
0.0837924
0.0838108
0.0838791
0.0840236
0.0842832
0.0847144
0.0853966
0.0864388
0.0879878
0.0902399
0.0934576
0.097996
0.104345
0.113203
0.1256
0.143132
0.168497
0.207192
0.277179
0.540781
0.0860038
0.085157
0.0846958
0.0844798
0.0844014
0.0843845
0.0843813
0.0843673
0.0843337
0.0842811
0.0842148
0.0841406
0.0840642
0.0839899
0.0839209
0.0838602
0.0838107
0.0837767
0.0837648
0.0837858
0.0838567
0.0840038
0.0842661
0.0847003
0.0853859
0.086432
0.0879857
0.0902434
0.0934677
0.0980139
0.104373
0.113242
0.125652
0.143199
0.16858
0.207287
0.277267
0.54074
0.0859144
0.0850937
0.0846443
0.0844317
0.0843523
0.0843328
0.0843274
0.0843122
0.0842788
0.0842278
0.0841638
0.0840927
0.0840196
0.0839487
0.0838831
0.0838256
0.0837791
0.0837479
0.0837387
0.0837622
0.0838355
0.0839851
0.0842501
0.0846873
0.0853763
0.0864263
0.0879846
0.0902479
0.0934788
0.0980329
0.104401
0.113282
0.125704
0.143267
0.168663
0.207382
0.277349
0.540664
0.0858306
0.085037
0.0845998
0.0843903
0.0843094
0.0842868
0.0842786
0.0842617
0.0842281
0.0841781
0.0841161
0.0840477
0.0839777
0.0839099
0.0838474
0.0837929
0.0837492
0.0837206
0.0837139
0.0837398
0.0838155
0.0839675
0.0842352
0.0846753
0.0853676
0.0864216
0.0879846
0.0902533
0.0934909
0.0980529
0.10443
0.113322
0.125758
0.143335
0.168746
0.207474
0.277425
0.540555
0.0857516
0.0849864
0.0845615
0.0843548
0.084272
0.0842458
0.0842343
0.0842153
0.084181
0.0841317
0.0840715
0.0840054
0.0839381
0.0838733
0.0838137
0.083762
0.0837209
0.0836949
0.0836905
0.0837187
0.0837967
0.0839511
0.0842213
0.0846643
0.08536
0.0864179
0.0879855
0.0902598
0.0935039
0.0980736
0.10446
0.113363
0.125811
0.143403
0.168828
0.207564
0.277496
0.540415
0.0856771
0.0849415
0.084529
0.0843248
0.0842396
0.0842094
0.084194
0.0841725
0.0841372
0.0840883
0.0840295
0.0839656
0.0839009
0.0838388
0.0837819
0.0837328
0.0836943
0.0836706
0.0836685
0.0836989
0.0837791
0.0839359
0.0842086
0.0846544
0.0853534
0.0864151
0.0879873
0.0902671
0.0935177
0.0980951
0.104491
0.113404
0.125865
0.14347
0.168909
0.207653
0.27756
0.540244
0.0856054
0.0849015
0.0845019
0.0842999
0.0842116
0.0841769
0.0841574
0.0841331
0.0840965
0.0840477
0.0839901
0.0839282
0.0838658
0.0838062
0.0837519
0.0837053
0.0836692
0.0836477
0.0836478
0.0836803
0.0837627
0.0839217
0.0841969
0.0846455
0.0853477
0.0864133
0.08799
0.0902752
0.0935322
0.0981173
0.104522
0.113446
0.125919
0.143537
0.168989
0.207738
0.277619
0.540046
0.085536
0.0848653
0.084479
0.0842791
0.0841877
0.084148
0.0841241
0.0840966
0.0840585
0.0840097
0.0839531
0.0838929
0.0838327
0.0837755
0.0837237
0.0836794
0.0836455
0.0836263
0.0836284
0.083663
0.0837475
0.0839086
0.0841862
0.0846375
0.0853429
0.0864123
0.0879935
0.090284
0.0935474
0.09814
0.104554
0.113488
0.125972
0.143604
0.169068
0.207822
0.277672
0.539823
0.0854682
0.084832
0.0844596
0.0842619
0.0841671
0.0841223
0.0840936
0.0840628
0.0840231
0.083974
0.0839183
0.0838597
0.0838016
0.0837466
0.0836971
0.0836551
0.0836234
0.0836062
0.0836103
0.0836468
0.0837333
0.0838966
0.0841765
0.0846305
0.0853391
0.0864121
0.0879978
0.0902936
0.0935631
0.0981631
0.104585
0.113529
0.126026
0.143669
0.169145
0.207902
0.27772
0.539575
0.0854019
0.0848011
0.0844429
0.0842475
0.0841492
0.0840991
0.0840655
0.0840314
0.0839899
0.0839405
0.0838856
0.0838285
0.0837723
0.0837195
0.0836721
0.0836322
0.0836026
0.0835874
0.0835934
0.0836318
0.0837203
0.0838856
0.0841678
0.0846244
0.085336
0.0864128
0.0880028
0.0903037
0.0935794
0.0981865
0.104617
0.113571
0.126078
0.143734
0.16922
0.20798
0.277762
0.539306
0.0853367
0.0847721
0.0844285
0.0842354
0.0841336
0.0840781
0.0840397
0.084002
0.0839587
0.0839089
0.0838547
0.0837991
0.0837448
0.083694
0.0836487
0.0836109
0.0835832
0.0835698
0.0835777
0.083618
0.0837082
0.0838756
0.08416
0.0846192
0.0853338
0.0864141
0.0880083
0.0903143
0.0935959
0.0982101
0.104649
0.113612
0.12613
0.143797
0.169293
0.208055
0.277799
0.539017
0.0852726
0.0847446
0.0844157
0.084225
0.0841197
0.084059
0.0840156
0.0839745
0.0839293
0.0838791
0.0838257
0.0837714
0.0837189
0.08367
0.0836267
0.0835909
0.0835651
0.0835535
0.0835632
0.0836051
0.0836972
0.0838665
0.0841531
0.0846147
0.0853323
0.086416
0.0880144
0.0903253
0.0936128
0.0982338
0.104681
0.113653
0.126181
0.143859
0.169364
0.208126
0.27783
0.53871
0.0852095
0.0847183
0.0844041
0.084216
0.0841073
0.0840414
0.0839932
0.0839487
0.0839017
0.0838511
0.0837982
0.0837453
0.0836945
0.0836476
0.0836062
0.0835722
0.0835482
0.0835384
0.0835497
0.0835933
0.0836871
0.0838583
0.0841469
0.084611
0.0853314
0.0864186
0.088021
0.0903367
0.0936299
0.0982574
0.104712
0.113693
0.126231
0.14392
0.169433
0.208194
0.277856
0.538387
0.0851477
0.0846928
0.0843933
0.0842078
0.0840959
0.0840249
0.0839721
0.0839243
0.0838755
0.0838245
0.0837723
0.0837207
0.0836715
0.0836264
0.0835869
0.0835548
0.0835325
0.0835244
0.0835373
0.0835825
0.083678
0.0838509
0.0841416
0.084608
0.0853312
0.0864216
0.088028
0.0903484
0.093647
0.098281
0.104743
0.113733
0.12628
0.143978
0.1695
0.208259
0.277877
0.538049
0.0850872
0.0846679
0.084383
0.0842001
0.0840853
0.0840095
0.0839522
0.0839012
0.0838507
0.0837994
0.0837478
0.0836975
0.0836499
0.0836066
0.0835689
0.0835385
0.083518
0.0835114
0.0835259
0.0835727
0.0836697
0.0838444
0.084137
0.0846057
0.0853316
0.0864252
0.0880354
0.0903603
0.0936643
0.0983044
0.104774
0.113771
0.126328
0.144035
0.169563
0.20832
0.277893
0.537699
0.0850282
0.0846434
0.0843727
0.0841926
0.084075
0.0839947
0.0839332
0.0838792
0.0838272
0.0837756
0.0837247
0.0836756
0.0836296
0.0835881
0.0835521
0.0835234
0.0835044
0.0834994
0.0835154
0.0835637
0.0836623
0.0838387
0.0841332
0.0846041
0.0853325
0.0864293
0.0880432
0.0903725
0.0936815
0.0983277
0.104804
0.113809
0.126374
0.14409
0.169625
0.208378
0.277905
0.537338
0.0849708
0.0846192
0.0843623
0.084185
0.0840649
0.0839804
0.083915
0.0838583
0.0838049
0.0837531
0.0837028
0.083655
0.0836105
0.0835706
0.0835364
0.0835093
0.0834919
0.0834884
0.0835058
0.0835556
0.0836557
0.0838337
0.0841302
0.0846032
0.0853342
0.086434
0.0880515
0.090385
0.0936989
0.0983508
0.104833
0.113846
0.126419
0.144143
0.169684
0.208433
0.277912
0.536965
0.0849153
0.0845951
0.0843514
0.084177
0.0840548
0.0839664
0.0838975
0.0838382
0.0837837
0.0837317
0.0836821
0.0836355
0.0835926
0.0835543
0.0835217
0.0834962
0.0834803
0.0834782
0.083497
0.0835482
0.0836499
0.0838295
0.0841277
0.084603
0.0853365
0.0864394
0.0880604
0.0903981
0.093717
0.0983744
0.104863
0.113883
0.126464
0.144195
0.169742
0.208487
0.277924
0.536605
0.0848617
0.084571
0.0843399
0.0841685
0.0840444
0.0839527
0.0838805
0.083819
0.0837634
0.0837115
0.0836626
0.0836172
0.0835758
0.083539
0.0835079
0.0834839
0.0834695
0.0834688
0.083489
0.0835415
0.0836446
0.0838258
0.0841259
0.0846032
0.0853393
0.0864451
0.0880697
0.0904116
0.0937353
0.0983983
0.104894
0.113921
0.126509
0.144248
0.169801
0.208545
0.277954
0.536335
0.0848101
0.0845468
0.0843277
0.0841592
0.0840337
0.083939
0.0838639
0.0838006
0.0837441
0.0836922
0.0836442
0.0835999
0.0835599
0.0835247
0.0834951
0.0834726
0.0834595
0.0834602
0.0834816
0.0835355
0.0836399
0.0838227
0.0841245
0.0846039
0.0853424
0.0864512
0.0880793
0.0904252
0.0937536
0.0984221
0.104924
0.113958
0.126554
0.1443
0.169859
0.208605
0.27799
0.536094
0.0847606
0.0845224
0.0843146
0.0841491
0.0840225
0.0839252
0.0838478
0.0837828
0.0837257
0.083674
0.0836267
0.0835837
0.0835451
0.0835114
0.0834832
0.0834621
0.0834503
0.0834522
0.0834749
0.08353
0.0836358
0.08382
0.0841235
0.0846049
0.0853458
0.0864573
0.0880888
0.0904386
0.0937717
0.0984454
0.104953
0.113994
0.126597
0.144351
0.169917
0.208663
0.278026
0.535854
0.0847132
0.0844978
0.0843005
0.0841381
0.0840107
0.0839114
0.0838319
0.0837656
0.083708
0.0836566
0.0836102
0.0835684
0.0835312
0.0834988
0.0834721
0.0834523
0.0834418
0.0834449
0.0834687
0.083525
0.0836321
0.0838176
0.0841228
0.0846061
0.0853492
0.0864635
0.0880982
0.0904518
0.0937893
0.0984681
0.104981
0.114028
0.126639
0.144401
0.169972
0.208719
0.278058
0.535606
0.0846677
0.084473
0.0842854
0.0841261
0.0839984
0.0838975
0.0838163
0.083749
0.0836912
0.0836402
0.0835946
0.083554
0.0835181
0.0834871
0.0834617
0.0834432
0.0834339
0.0834381
0.0834631
0.0835205
0.0836287
0.0838156
0.0841223
0.0846074
0.0853527
0.0864696
0.0881073
0.0904645
0.0938061
0.0984897
0.105008
0.114062
0.126679
0.144447
0.170024
0.208771
0.278084
0.535349
0.0846242
0.084448
0.0842694
0.0841133
0.0839856
0.0838834
0.083801
0.0837329
0.083675
0.0836245
0.0835799
0.0835405
0.0835059
0.0834762
0.0834521
0.0834347
0.0834266
0.0834319
0.0834579
0.0835164
0.0836257
0.0838139
0.084122
0.0846088
0.0853561
0.0864754
0.088116
0.0904766
0.0938222
0.0985102
0.105034
0.114093
0.126716
0.14449
0.170072
0.208817
0.278104
0.535086
0.0845825
0.0844227
0.0842524
0.0840995
0.0839721
0.0838692
0.0837859
0.0837174
0.0836595
0.0836096
0.083566
0.0835277
0.0834944
0.083466
0.0834431
0.0834269
0.0834198
0.0834261
0.0834532
0.0835126
0.083623
0.0838124
0.0841218
0.0846102
0.0853594
0.086481
0.0881243
0.090488
0.0938372
0.0985294
0.105058
0.114122
0.12675
0.14453
0.170115
0.208859
0.278117
0.534817
0.0845425
0.0843971
0.0842346
0.0840849
0.0839582
0.0838548
0.0837711
0.0837023
0.0836447
0.0835955
0.0835529
0.0835157
0.0834836
0.0834565
0.0834347
0.0834196
0.0834135
0.0834208
0.0834488
0.0835092
0.0836206
0.083811
0.0841217
0.0846115
0.0853625
0.0864862
0.088132
0.0904986
0.0938511
0.0985471
0.10508
0.114148
0.126782
0.144566
0.170154
0.208895
0.278125
0.534545
0.0845041
0.0843715
0.084216
0.0840695
0.0839438
0.0838404
0.0837565
0.0836878
0.0836306
0.0835821
0.0835405
0.0835045
0.0834735
0.0834475
0.0834269
0.0834128
0.0834077
0.0834159
0.0834447
0.083506
0.0836183
0.0838097
0.0841216
0.0846128
0.0853654
0.086491
0.088139
0.0905083
0.0938639
0.0985633
0.1051
0.114172
0.12681
0.144598
0.170189
0.208926
0.278126
0.534272
0.0844672
0.0843457
0.0841968
0.0840535
0.083929
0.083826
0.0837421
0.0836737
0.083617
0.0835694
0.0835288
0.0834939
0.0834641
0.0834392
0.0834196
0.0834065
0.0834023
0.0834114
0.083441
0.0835031
0.0836162
0.0838086
0.0841215
0.0846139
0.085368
0.0864953
0.0881454
0.0905171
0.0938754
0.0985779
0.105118
0.114194
0.126835
0.144627
0.170219
0.208952
0.278122
0.533999
0.0844318
0.0843199
0.084177
0.0840369
0.0839139
0.0838115
0.0837281
0.0836601
0.0836041
0.0835573
0.0835177
0.0834839
0.0834552
0.0834314
0.0834128
0.0834006
0.0833973
0.0834071
0.0834375
0.0835004
0.0836143
0.0838075
0.0841213
0.0846149
0.0853703
0.0864992
0.0881512
0.090525
0.0938857
0.0985908
0.105133
0.114213
0.126858
0.144652
0.170245
0.208972
0.278112
0.533728
0.0843977
0.0842941
0.0841568
0.08402
0.0838987
0.0837972
0.0837143
0.0836469
0.0835917
0.0835459
0.0835073
0.0834746
0.083447
0.0834241
0.0834065
0.0833952
0.0833926
0.0834032
0.0834343
0.0834978
0.0836124
0.0838064
0.0841211
0.0846157
0.0853723
0.0865026
0.0881562
0.0905319
0.0938947
0.0986022
0.105147
0.114229
0.126877
0.144673
0.170266
0.208988
0.278097
0.53346
0.0843649
0.0842685
0.0841363
0.0840027
0.0838834
0.083783
0.0837009
0.0836343
0.08358
0.083535
0.0834975
0.0834658
0.0834392
0.0834173
0.0834006
0.0833901
0.0833882
0.0833995
0.0834312
0.0834954
0.0836107
0.0838053
0.0841208
0.0846163
0.0853739
0.0865054
0.0881604
0.0905378
0.0939024
0.0986119
0.105159
0.114243
0.126892
0.14469
0.170283
0.208998
0.278078
0.533197
0.0843334
0.0842431
0.0841157
0.0839854
0.083868
0.0837689
0.0836879
0.0836222
0.0835687
0.0835248
0.0834882
0.0834576
0.0834319
0.083411
0.083395
0.0833853
0.0833842
0.0833961
0.0834284
0.0834931
0.083609
0.0838042
0.0841204
0.0846166
0.0853752
0.0865078
0.088164
0.0905427
0.0939088
0.0986199
0.105169
0.114255
0.126905
0.144703
0.170295
0.209004
0.278054
0.532939
0.0843032
0.0842181
0.0840951
0.083968
0.0838528
0.0837552
0.0836752
0.0836105
0.083558
0.0835151
0.0834795
0.0834498
0.0834251
0.083405
0.0833899
0.0833808
0.0833804
0.0833929
0.0834257
0.083491
0.0836073
0.0838031
0.0841199
0.0846168
0.0853761
0.0865095
0.0881668
0.0905466
0.093914
0.0986264
0.105177
0.114264
0.126915
0.144713
0.170303
0.209005
0.278026
0.532687
0.0842741
0.0841936
0.0840748
0.0839507
0.0838378
0.0837417
0.083663
0.0835993
0.0835479
0.0835059
0.0834713
0.0834426
0.0834187
0.0833995
0.0833851
0.0833767
0.0833768
0.0833898
0.0834232
0.0834889
0.0836057
0.0838019
0.0841192
0.0846167
0.0853766
0.0865108
0.0881688
0.0905495
0.0939179
0.0986312
0.105182
0.11427
0.126922
0.14472
0.170308
0.209002
0.277995
0.532444
0.0842463
0.0841697
0.0840547
0.0839337
0.083823
0.0837287
0.0836512
0.0835887
0.0835383
0.0834973
0.0834636
0.0834358
0.0834128
0.0833943
0.0833805
0.0833728
0.0833735
0.083387
0.0834208
0.0834869
0.0836041
0.0838007
0.0841184
0.0846163
0.0853768
0.0865115
0.0881702
0.0905516
0.0939205
0.0986345
0.105186
0.114274
0.126926
0.144723
0.170308
0.208995
0.27796
0.532209
0.0842198
0.0841465
0.084035
0.0839171
0.0838086
0.083716
0.0836399
0.0835786
0.0835292
0.0834892
0.0834564
0.0834294
0.0834072
0.0833894
0.0833763
0.0833691
0.0833703
0.0833843
0.0834185
0.083485
0.0836025
0.0837995
0.0841175
0.0846158
0.0853766
0.0865117
0.0881708
0.0905526
0.093922
0.0986363
0.105188
0.114276
0.126927
0.144723
0.170305
0.208984
0.277922
0.531984
0.0841945
0.0841241
0.0840159
0.0839008
0.0837947
0.0837038
0.0836291
0.0835689
0.0835206
0.0834815
0.0834497
0.0834235
0.083402
0.0833849
0.0833724
0.0833657
0.0833674
0.0833817
0.0834163
0.0834831
0.0836009
0.0837982
0.0841164
0.084615
0.085376
0.0865114
0.0881708
0.0905528
0.0939224
0.0986367
0.105188
0.114276
0.126926
0.14472
0.170298
0.20897
0.277881
0.531769
0.0841705
0.0841025
0.0839974
0.0838851
0.0837813
0.0836922
0.0836189
0.0835598
0.0835125
0.0834743
0.0834433
0.0834179
0.0833971
0.0833806
0.0833687
0.0833625
0.0833646
0.0833793
0.0834142
0.0834813
0.0835994
0.0837968
0.0841152
0.0846139
0.0853751
0.0865107
0.0881701
0.0905521
0.0939216
0.0986357
0.105187
0.114273
0.126922
0.144713
0.170288
0.208951
0.277839
0.531566
0.0841478
0.0840819
0.0839797
0.0838701
0.0837684
0.083681
0.0836091
0.0835512
0.0835049
0.0834676
0.0834374
0.0834127
0.0833926
0.0833766
0.0833652
0.0833595
0.083362
0.083377
0.0834122
0.0834795
0.0835978
0.0837954
0.0841139
0.0846127
0.0853739
0.0865094
0.0881688
0.0905506
0.0939198
0.0986333
0.105184
0.114269
0.126916
0.144705
0.170275
0.20893
0.277794
0.531374
0.0841264
0.0840623
0.0839627
0.0838556
0.0837561
0.0836704
0.0835999
0.0835432
0.0834978
0.0834614
0.0834319
0.0834079
0.0833883
0.0833729
0.083362
0.0833567
0.0833595
0.0833749
0.0834103
0.0834778
0.0835962
0.0837939
0.0841125
0.0846112
0.0853724
0.0865078
0.0881668
0.0905483
0.0939169
0.0986297
0.105179
0.114263
0.126907
0.144693
0.170259
0.208906
0.277747
0.531195
0.0841063
0.0840438
0.0839466
0.0838419
0.0837444
0.0836604
0.0835913
0.0835356
0.0834911
0.0834555
0.0834267
0.0834033
0.0833844
0.0833695
0.083359
0.083354
0.0833572
0.0833728
0.0834084
0.0834761
0.0835946
0.0837924
0.0841109
0.0846096
0.0853706
0.0865056
0.0881644
0.0905453
0.0939132
0.0986249
0.105173
0.114255
0.126897
0.144679
0.17024
0.208879
0.2777
0.531028
0.0840876
0.0840264
0.0839314
0.083829
0.0837334
0.083651
0.0835831
0.0835285
0.0834849
0.08345
0.0834219
0.0833991
0.0833807
0.0833662
0.0833561
0.0833516
0.083355
0.0833709
0.0834067
0.0834745
0.083593
0.0837908
0.0841092
0.0846077
0.0853684
0.0865032
0.0881613
0.0905416
0.0939085
0.098619
0.105165
0.114245
0.126884
0.144663
0.170219
0.20885
0.277651
0.530875
0.0840703
0.0840101
0.0839171
0.0838168
0.083723
0.0836421
0.0835754
0.0835218
0.083479
0.0834449
0.0834174
0.0833952
0.0833772
0.0833632
0.0833535
0.0833492
0.0833529
0.083369
0.083405
0.0834729
0.0835915
0.0837891
0.0841075
0.0846057
0.0853661
0.0865003
0.0881578
0.0905372
0.093903
0.0986121
0.105157
0.114234
0.12687
0.144645
0.170196
0.208819
0.277602
0.530734
0.0840543
0.0839949
0.0839037
0.0838053
0.0837132
0.0836337
0.0835682
0.0835155
0.0834736
0.0834401
0.0834132
0.0833915
0.083374
0.0833604
0.083351
0.083347
0.083351
0.0833672
0.0834033
0.0834713
0.0835899
0.0837875
0.0841056
0.0846035
0.0853635
0.0864971
0.0881539
0.0905323
0.0938968
0.0986043
0.105147
0.114222
0.126855
0.144625
0.170171
0.208786
0.277553
0.530606
0.0840398
0.0839809
0.0838911
0.0837944
0.0837039
0.0836258
0.0835613
0.0835095
0.0834683
0.0834355
0.0834092
0.083388
0.0833709
0.0833576
0.0833486
0.0833449
0.0833491
0.0833655
0.0834017
0.0834697
0.0835883
0.0837857
0.0841036
0.0846012
0.0853606
0.0864936
0.0881495
0.0905268
0.0938899
0.0985957
0.105136
0.114208
0.126838
0.144604
0.170145
0.208753
0.277504
0.530489
0.0840265
0.0839677
0.0838792
0.083784
0.0836949
0.083618
0.0835546
0.0835037
0.0834632
0.0834311
0.0834053
0.0833845
0.0833679
0.083355
0.0833463
0.0833428
0.0833472
0.0833638
0.0834001
0.0834681
0.0835866
0.0837839
0.0841016
0.0845988
0.0853576
0.0864898
0.0881447
0.0905208
0.0938824
0.0985863
0.105124
0.114193
0.12682
0.144582
0.170117
0.208718
0.277455
0.530384
0.0840143
0.0839553
0.0838677
0.0837737
0.083686
0.0836103
0.0835479
0.0834978
0.0834581
0.0834266
0.0834014
0.0833811
0.0833649
0.0833524
0.0833439
0.0833408
0.0833454
0.0833621
0.0833985
0.0834666
0.083585
0.0837821
0.0840995
0.0845962
0.0853544
0.0864858
0.0881397
0.0905144
0.0938745
0.0985763
0.105112
0.114178
0.126801
0.144559
0.170089
0.208683
0.277408
0.530288
0.084003
0.0839432
0.0838562
0.0837633
0.0836768
0.0836022
0.0835409
0.0834917
0.0834528
0.0834219
0.0833973
0.0833775
0.0833617
0.0833496
0.0833415
0.0833386
0.0833434
0.0833603
0.0833968
0.0834649
0.0835832
0.0837802
0.0840972
0.0845935
0.085351
0.0864816
0.0881343
0.0905077
0.0938661
0.0985659
0.105099
0.114162
0.126781
0.144535
0.17006
0.208648
0.277362
0.530198
0.0839918
0.0839307
0.083844
0.0837521
0.0836668
0.0835935
0.0835332
0.083485
0.0834469
0.0834168
0.0833928
0.0833736
0.0833583
0.0833466
0.0833389
0.0833363
0.0833413
0.0833584
0.083395
0.0834631
0.0835814
0.0837782
0.0840949
0.0845906
0.0853475
0.0864772
0.0881288
0.0905008
0.0938574
0.0985551
0.105086
0.114146
0.126762
0.144512
0.170032
0.208615
0.277318
0.530112
0.08398
0.083917
0.0838303
0.0837394
0.0836554
0.0835834
0.0835244
0.0834773
0.0834402
0.0834109
0.0833877
0.0833691
0.0833544
0.0833432
0.0833359
0.0833337
0.083339
0.0833563
0.083393
0.0834612
0.0835794
0.083776
0.0840924
0.0845876
0.0853439
0.0864726
0.0881231
0.0904936
0.0938485
0.0985442
0.105072
0.11413
0.126742
0.144489
0.170005
0.208583
0.277276
0.530023
0.0839664
0.083901
0.0838143
0.0837244
0.0836419
0.0835714
0.083514
0.0834682
0.0834323
0.0834041
0.0833817
0.0833639
0.0833499
0.0833392
0.0833324
0.0833306
0.0833363
0.0833538
0.0833908
0.083459
0.0835772
0.0837736
0.0840897
0.0845845
0.0853401
0.0864679
0.0881172
0.0904864
0.0938396
0.0985333
0.105059
0.114114
0.126724
0.144467
0.16998
0.208554
0.277238
0.529926
0.0839498
0.0838815
0.0837947
0.0837061
0.0836255
0.0835571
0.0835015
0.0834574
0.0834229
0.0833959
0.0833746
0.0833578
0.0833445
0.0833345
0.0833283
0.083327
0.0833331
0.083351
0.0833881
0.0834565
0.0835747
0.0837711
0.0840869
0.0845812
0.0853362
0.0864631
0.0881114
0.0904792
0.0938308
0.0985226
0.105046
0.114099
0.126706
0.144447
0.169958
0.20853
0.277205
0.52981
0.0839286
0.0838575
0.0837709
0.0836842
0.083606
0.0835401
0.0834868
0.0834447
0.083412
0.0833864
0.0833664
0.0833506
0.0833382
0.083329
0.0833235
0.0833228
0.0833293
0.0833476
0.0833851
0.0834537
0.083572
0.0837683
0.0840839
0.0845779
0.0853322
0.0864584
0.0881056
0.0904722
0.0938223
0.0985125
0.105034
0.114085
0.12669
0.14443
0.16994
0.208511
0.277177
0.529664
0.0839022
0.0838285
0.0837429
0.0836587
0.0835837
0.0835207
0.0834701
0.0834304
0.0833996
0.0833757
0.0833571
0.0833425
0.0833311
0.0833229
0.0833181
0.083318
0.0833251
0.0833439
0.0833817
0.0834506
0.0835691
0.0837653
0.0840808
0.0845745
0.0853284
0.0864538
0.0881002
0.0904656
0.0938144
0.0985031
0.105023
0.114073
0.126677
0.144416
0.169927
0.208499
0.277157
0.529474
0.0838713
0.0837959
0.0837121
0.0836313
0.0835598
0.0835003
0.0834527
0.0834155
0.0833867
0.0833646
0.0833474
0.083334
0.0833237
0.0833164
0.0833124
0.083313
0.0833207
0.08334
0.0833783
0.0834474
0.0835661
0.0837624
0.0840778
0.0845713
0.0853247
0.0864497
0.0880952
0.0904597
0.0938074
0.0984949
0.105014
0.114062
0.126665
0.144405
0.169918
0.208494
0.277147
0.529229
0.08384
0.083764
0.0836827
0.0836055
0.0835377
0.0834815
0.0834366
0.0834018
0.0833749
0.0833544
0.0833385
0.0833262
0.0833169
0.0833104
0.0833071
0.0833084
0.0833167
0.0833364
0.083375
0.0834444
0.0835633
0.0837598
0.0840752
0.0845685
0.0853217
0.0864462
0.0880912
0.090455
0.0938019
0.0984884
0.105006
0.114054
0.126657
0.144396
0.169912
0.208493
0.277145
0.528943
0.0838166
0.0837415
0.0836625
0.083588
0.0835228
0.0834688
0.0834259
0.0833926
0.083367
0.0833475
0.0833325
0.083321
0.0833123
0.0833064
0.0833036
0.0833052
0.0833139
0.0833339
0.0833728
0.0834425
0.0835615
0.0837581
0.0840735
0.0845668
0.0853198
0.0864441
0.0880888
0.0904522
0.0937985
0.0984845
0.105002
0.114048
0.126651
0.14439
0.169905
0.208484
0.277122
0.528656
)
;

boundaryField
{
    leftWall
    {
        type            epsilonWallFunction;
        value           nonuniform List<scalar> 
100
(
0.14909
0.192706
0.252343
0.298382
0.335706
0.366665
0.392695
0.414834
0.433835
0.450205
0.46425
0.476133
0.485959
0.493875
0.500156
0.505222
0.509819
0.515727
0.521646
0.527946
0.53461
0.541519
0.548554
0.555614
0.562624
0.569527
0.576281
0.582854
0.589224
0.595376
0.6013
0.60699
0.61244
0.617647
0.622607
0.62732
0.631789
0.636016
0.640013
0.643805
0.647449
0.651078
0.654974
0.6597
0.666301
0.676674
0.694113
0.720098
0.756986
0.821818
0.872086
0.907528
0.904991
0.86617
0.835135
0.830746
0.837827
0.842
0.840134
0.833903
0.824669
0.813821
0.802269
0.79053
0.77882
0.767251
0.755949
0.744996
0.73439
0.724123
0.714261
0.704889
0.696014
0.687562
0.679461
0.671698
0.664308
0.657336
0.65081
0.644735
0.639081
0.633759
0.62863
0.623555
0.618479
0.613494
0.608845
0.604877
0.601964
0.600474
0.600872
0.604011
0.611751
0.628013
0.660816
0.727263
0.864736
1.15393
1.79763
3.57396
)
;
    }
    rightWall
    {
        type            epsilonWallFunction;
        value           nonuniform List<scalar> 
100
(
0.207519
0.23284
0.267884
0.305412
0.34028
0.370964
0.397213
0.419267
0.437569
0.452627
0.464944
0.47499
0.483194
0.489952
0.495636
0.500567
0.507475
0.514537
0.519961
0.523903
0.526756
0.528871
0.530498
0.531807
0.532905
0.53386
0.534712
0.535485
0.536192
0.536841
0.537436
0.537979
0.538471
0.538913
0.539306
0.53965
0.539947
0.540196
0.5404
0.54056
0.540676
0.540751
0.540785
0.540781
0.54074
0.540664
0.540555
0.540415
0.540244
0.540046
0.539823
0.539575
0.539306
0.539017
0.53871
0.538387
0.538049
0.537699
0.537338
0.536965
0.536605
0.536335
0.536094
0.535854
0.535606
0.535349
0.535086
0.534817
0.534545
0.534272
0.533999
0.533728
0.53346
0.533197
0.532939
0.532687
0.532444
0.532209
0.531984
0.531769
0.531566
0.531374
0.531195
0.531028
0.530875
0.530734
0.530606
0.530489
0.530384
0.530288
0.530198
0.530112
0.530023
0.529926
0.52981
0.529664
0.529474
0.529229
0.528943
0.528656
)
;
    }
    lowerWall
    {
        type            epsilonWallFunction;
        value           nonuniform List<scalar> 
124
(
0.14909
0.340255
0.523805
0.667187
0.776829
0.861781
0.929384
0.985294
1.03381
1.07816
1.12084
1.1639
1.20909
1.25806
1.31256
1.3745
1.44625
1.53065
1.63109
1.75118
1.89343
2.05651
2.23071
2.39268
2.50401
2.51912
2.40455
2.1859
1.93461
1.67183
1.42623
1.22352
1.09306
1.02827
0.985211
0.950433
0.952426
1.10087
1.48129
0.456707
0.509826
0.519014
0.503924
0.46547
0.387588
0.253067
0.253067
0.370655
0.440569
0.512524
0.580437
0.643558
0.702422
0.758184
0.812581
0.868075
0.928197
0.998223
1.08637
1.20555
1.37546
1.64317
2.42707
2.06111
1.69014
1.40885
1.28704
1.24694
1.23966
1.27054
0.211861
0.237535
0.268401
0.303591
0.335934
0.364223
0.388962
0.411152
0.432059
0.453359
0.47773
0.510733
0.565845
0.672855
0.870231
1.15153
0.211861
0.328348
0.414536
0.470675
0.50493
0.522312
0.522895
0.522191
0.528281
0.526183
0.529008
0.522179
0.517987
0.528116
0.536626
0.540099
0.540906
0.54084
0.540588
0.540333
0.540112
0.53992
0.539747
0.539582
0.539399
0.539163
0.538806
0.538208
0.537157
0.535274
0.5319
0.525911
0.515403
0.497225
0.466229
0.414361
0.330268
0.207519
)
;
    }
    atmosphere
    {
        type            inletOutlet;
        inletValue      uniform 0.1;
        value           nonuniform List<scalar> 
92
(
0.1
0.1
0.1
0.1
0.1
0.1
0.1
0.1
0.1
0.1
0.1
0.1
0.1
0.1
0.1
0.1
0.1
0.1
0.1
0.1
0.1
0.1
0.1
0.1
0.1
0.1
0.1
0.1
0.1
0.1
0.1
0.1
0.1
0.1
0.1
0.1
0.1
0.1
0.1
0.1
0.1
0.0906524
0.0878458
0.0861726
0.0851573
0.0845486
0.0842892
0.0841644
0.0840725
0.0840055
0.0839567
0.0839204
0.083891
0.0838637
0.0838166
0.0837415
0.0836625
0.083588
0.0835228
0.0834688
0.0834259
0.0833926
0.083367
0.0833475
0.0833325
0.083321
0.0833123
0.0833064
0.0833036
0.0833052
0.0833139
0.0833339
0.0833728
0.0834425
0.0835615
0.0837581
0.0840735
0.0845668
0.0853198
0.0864441
0.0880888
0.0904522
0.0937985
0.0984845
0.105002
0.114048
0.126651
0.14439
0.169905
0.208484
0.277122
0.528656
)
;
    }
    defaultFaces
    {
        type            empty;
    }
}


// ************************************************************************* //
