/*--------------------------------*- C++ -*----------------------------------*\
  =========                 |
  \\      /  F ield         | OpenFOAM: The Open Source CFD Toolbox
   \\    /   O peration     | Website:  https://openfoam.org
    \\  /    A nd           | Version:  7
     \\/     M anipulation  |
\*---------------------------------------------------------------------------*/
FoamFile
{
    version     2.0;
    format      ascii;
    class       volScalarField;
    location    "0.1";
    object      k;
}
// * * * * * * * * * * * * * * * * * * * * * * * * * * * * * * * * * * * * * //

dimensions      [0 2 -2 0 0 0 0];

internalField   nonuniform List<scalar> 
9072
(
0.00803125
0.0115316
0.0154491
0.0182016
0.0201887
0.0216769
0.0228353
0.023778
0.0245844
0.0253112
0.0260003
0.0266845
0.0273908
0.0281439
0.0289675
0.0298874
0.0309327
0.0321371
0.0335379
0.0351708
0.0370542
0.0391588
0.0413633
0.0434068
0.0448816
0.0453044
0.0442575
0.0417481
0.0386658
0.0352042
0.0317052
0.0285543
0.0261728
0.0248706
0.0241539
0.0235175
0.023198
0.0242861
0.028644
0.0346794
0.0382112
0.0392177
0.0382984
0.0354448
0.0294605
0.0189742
0.0128769
0.0246691
0.0322327
0.0373394
0.0409179
0.0435156
0.0454739
0.0470158
0.0482926
0.0494101
0.0504459
0.0514605
0.0525043
0.0536228
0.0548609
0.0562658
0.0578902
0.0597922
0.0620306
0.0646499
0.0676459
0.0709078
0.0741401
0.0768014
0.0781351
0.0773988
0.0743649
0.0693298
0.0629598
0.0566182
0.0509852
0.0464063
0.0429108
0.0401655
0.0376804
0.034087
0.0322857
0.0347739
0.0409761
0.0469375
0.0499033
0.0502966
0.0488716
0.0453195
0.0375962
0.0204404
0.0154635
0.0310691
0.0402613
0.0463707
0.0506421
0.0537494
0.0561031
0.0579684
0.0595232
0.0608917
0.0621653
0.0634156
0.0647031
0.0660832
0.0676106
0.0693435
0.0713447
0.0736817
0.0764173
0.0795887
0.0831643
0.0869745
0.0906271
0.0934547
0.0945821
0.0932404
0.0893819
0.0838553
0.0775444
0.0710063
0.064701
0.0593234
0.0551931
0.0515101
0.0489709
0.0486501
0.0501104
0.052918
0.0567267
0.0594925
0.0601469
0.0591493
0.0568297
0.0525301
0.0437967
0.0230434
0.0173284
0.0354181
0.0456188
0.0522905
0.0569356
0.0603183
0.0628908
0.0649406
0.0666591
0.0681792
0.069599
0.0709957
0.0724351
0.0739778
0.0756837
0.077616
0.0798416
0.0824286
0.0854352
0.0888834
0.092712
0.0967059
0.100415
0.103122
0.103934
0.10214
0.0978435
0.0921039
0.0858531
0.0794857
0.0733996
0.0681259
0.0635827
0.0608034
0.0609348
0.0623033
0.0634185
0.0648192
0.0667777
0.0678656
0.0673742
0.065585
0.0626855
0.0578953
0.0485728
0.0255266
0.0187734
0.0386653
0.0495896
0.0566365
0.061518
0.0650713
0.0677789
0.0699433
0.0717638
0.0733788
0.0748899
0.0763776
0.0779102
0.0795512
0.0813627
0.0834089
0.085756
0.0884675
0.091591
0.0951302
0.0989971
0.102947
0.106508
0.108972
0.109507
0.107504
0.103178
0.0976066
0.0916433
0.0856509
0.0799609
0.0745799
0.0701643
0.0701502
0.0729474
0.0748119
0.0738354
0.0730044
0.0734266
0.0735338
0.0724293
0.070229
0.0670346
0.0620044
0.0523539
0.0277434
0.019935
0.0412001
0.0526743
0.0599922
0.0650351
0.0686997
0.0714927
0.0737274
0.0756089
0.0772788
0.078841
0.0803777
0.0819586
0.0836473
0.0855061
0.0875972
0.0899823
0.0927163
0.095833
0.0993173
0.10306
0.106804
0.110091
0.112273
0.112632
0.110698
0.106746
0.101702
0.0962469
0.0907309
0.0852496
0.0799009
0.0780978
0.0804976
0.0842821
0.0842095
0.0809462
0.078722
0.0781446
0.0775601
0.0760532
0.0736442
0.0703504
0.0652644
0.0554441
0.0297187
0.0208898
0.0432365
0.0551397
0.0626621
0.06782
0.0715587
0.0744045
0.0766792
0.0785922
0.0802873
0.0818701
0.0834231
0.0850161
0.0867118
0.0885702
0.0906493
0.0930035
0.0956766
0.0986872
0.102003
0.105501
0.108927
0.111863
0.11376
0.114052
0.112428
0.109207
0.10501
0.100206
0.095126
0.0897858
0.0865119
0.0870588
0.0907888
0.093001
0.0903763
0.0858585
0.0829295
0.081642
0.0805037
0.0787049
0.0762102
0.0729487
0.0679341
0.0580472
0.031502
0.0216882
0.0449079
0.0571507
0.0648314
0.0700743
0.0738632
0.0767401
0.0790339
0.0809573
0.0826561
0.0842363
0.0857807
0.0873579
0.0890286
0.0908489
0.0928708
0.0951397
0.097687
0.100516
0.103579
0.106749
0.109785
0.112329
0.113948
0.114248
0.113095
0.110872
0.107808
0.10375
0.0991688
0.0951055
0.0936402
0.0961101
0.0993868
0.0988767
0.094493
0.0894539
0.0861326
0.0842933
0.0827034
0.0806971
0.0782025
0.0750641
0.07021
0.0603309
0.0331485
0.0223643
0.0463021
0.0588165
0.0666233
0.0719316
0.0757556
0.0786498
0.0809489
0.0828685
0.0845558
0.0861173
0.0876352
0.0891762
0.0907983
0.0925526
0.094484
0.0966279
0.0990031
0.101599
0.104356
0.107146
0.109754
0.111888
0.113236
0.113572
0.112943
0.111842
0.110149
0.107051
0.103728
0.100568
0.101044
0.104456
0.105767
0.102893
0.0974816
0.0922159
0.0886137
0.0863316
0.0843889
0.0822539
0.0798288
0.0768848
0.0722629
0.062457
0.0347215
0.0229403
0.047477
0.0602125
0.0681234
0.0734857
0.0773361
0.0802395
0.0825355
0.0844424
0.0861088
0.0876413
0.089121
0.0906126
0.0921704
0.0938401
0.0956591
0.0976526
0.0998272
0.10216
0.104583
0.106973
0.109144
0.110869
0.111949
0.112307
0.112141
0.112065
0.111866
0.110289
0.107988
0.106065
0.108294
0.111242
0.110348
0.105797
0.0997841
0.0943831
0.0905513
0.0879223
0.0857258
0.0835397
0.0812484
0.0785665
0.0742512
0.0645985
0.0362966
0.0234294
0.048469
0.0613902
0.0693926
0.0748034
0.0786767
0.0815855
0.0838744
0.0857642
0.0874048
0.0889028
0.090338
0.0917731
0.0932581
0.0948333
0.0965283
0.0983588
0.100321
0.10238
0.104465
0.10646
0.108208
0.109543
0.110361
0.1107
0.110855
0.111479
0.112431
0.112658
0.110846
0.110637
0.114192
0.116112
0.11351
0.107917
0.101569
0.0960835
0.0920729
0.0891914
0.0868375
0.0846758
0.0825832
0.0802405
0.0763305
0.0669645
0.0379718
0.0238394
0.0492991
0.0623848
0.0704742
0.0759331
0.0798291
0.0827431
0.0850241
0.0868958
0.0885092
0.0899711
0.0913603
0.0927367
0.0941466
0.0956247
0.0971933
0.0988595
0.100609
0.102402
0.104164
0.105786
0.107143
0.108121
0.10869
0.108967
0.109284
0.110218
0.111606
0.112651
0.112222
0.113727
0.118089
0.119113
0.115493
0.109378
0.102908
0.0974024
0.0932774
0.0902368
0.087815
0.0857487
0.0839226
0.0820153
0.0786598
0.0698387
0.0398828
0.024176
0.0499787
0.0632202
0.0713983
0.0769086
0.0808302
0.0837513
0.0860259
0.0878808
0.0894686
0.0908961
0.0922409
0.0935607
0.094898
0.0962823
0.0977294
0.0992386
0.100789
0.102333
0.103798
0.105086
0.106097
0.106761
0.107101
0.107283
0.107636
0.108632
0.110079
0.11133
0.11258
0.115665
0.120294
0.120608
0.116507
0.110266
0.103859
0.0984111
0.094246
0.0911333
0.0887215
0.0868134
0.0853225
0.0839692
0.0814022
0.0736336
0.042229
0.0244458
0.0505166
0.0639136
0.0721862
0.0777532
0.0817046
0.0846363
0.0869076
0.0887488
0.0903142
0.091711
0.0930159
0.0942842
0.0955551
0.0968534
0.0981893
0.0995558
0.100926
0.102249
0.103453
0.104452
0.105168
0.105564
0.105702
0.105771
0.106079
0.10702
0.108419
0.10966
0.112534
0.117116
0.121393
0.12103
0.116778
0.110684
0.104488
0.0991783
0.0950462
0.0919356
0.0895947
0.0878926
0.0867977
0.0861318
0.0847063
0.0789193
0.0453047
0.0246597
0.0509255
0.0644792
0.0728522
0.0784813
0.0824672
0.0854136
0.0876856
0.0895172
0.0910647
0.092436
0.0937069
0.0949309
0.0961442
0.0973675
0.0986064
0.0998487
0.101063
0.102197
0.10318
0.103938
0.104409
0.104584
0.104547
0.104495
0.104709
0.105527
0.106777
0.107956
0.112551
0.118455
0.121857
0.120777
0.116535
0.110753
0.104875
0.0997716
0.0957328
0.0926783
0.0904454
0.0889724
0.0883081
0.0884454
0.0886298
0.0861473
0.0495212
0.0248327
0.051225
0.0649287
0.0734042
0.0790989
0.0831229
0.0860878
0.0883645
0.0901909
0.0917257
0.0930772
0.0943211
0.0955091
0.0966749
0.0978361
0.098994
0.100133
0.101218
0.102196
0.103
0.103562
0.103835
0.103828
0.103637
0.103456
0.103545
0.104203
0.105234
0.106352
0.112949
0.11984
0.122007
0.120159
0.11598
0.110587
0.105089
0.100239
0.0963338
0.0933639
0.0912469
0.0899892
0.0897344
0.0907014
0.0929015
0.0953074
0.0557951
0.0156296
0.0244675
0.0310268
0.035329
0.037981
0.0393643
0.039541
0.0395457
0.0399522
0.039848
0.0400112
0.039569
0.0392755
0.0399256
0.0405281
0.0407948
0.0408631
0.0408605
0.0408412
0.0408208
0.040803
0.0407874
0.0407734
0.0407598
0.0407447
0.0407251
0.0406954
0.0406459
0.0405596
0.0404063
0.0401345
0.0396571
0.0388282
0.0374088
0.0350117
0.0310345
0.0246273
0.0148307
0.015933
0.0293915
0.0374638
0.0425248
0.0456178
0.0473305
0.0479781
0.048283
0.0486427
0.048679
0.0487633
0.0485141
0.0483458
0.0486972
0.0490625
0.0492351
0.0492751
0.0492621
0.049236
0.0492094
0.0491857
0.0491645
0.0491448
0.0491251
0.0491023
0.0490719
0.049026
0.0489511
0.0488243
0.0486073
0.048237
0.0476112
0.0465654
0.044835
0.0419935
0.0373447
0.0296891
0.015727
0.0173074
0.0337113
0.0428367
0.0484153
0.051822
0.0537943
0.0547764
0.0553082
0.0556981
0.0558403
0.055924
0.0558154
0.0557312
0.0559
0.0560939
0.0561877
0.0562017
0.0561803
0.0561495
0.0561188
0.0560907
0.0560647
0.0560397
0.0560135
0.0559824
0.0559407
0.0558783
0.0557786
0.0556146
0.0553424
0.0548919
0.0541525
0.0529497
0.0510061
0.0478708
0.042779
0.0342493
0.0172965
0.0188091
0.0373723
0.0472667
0.0531966
0.0568111
0.0589619
0.0601614
0.0608498
0.061288
0.0615026
0.0616102
0.061588
0.0615528
0.0616247
0.0617142
0.0617541
0.0617489
0.0617219
0.0616888
0.061656
0.0616254
0.0615964
0.0615674
0.0615359
0.0614977
0.0614455
0.0613678
0.0612456
0.0610489
0.0607302
0.0602155
0.0593903
0.0580761
0.0559902
0.0526676
0.0472904
0.0381431
0.0189019
0.0201452
0.0404792
0.0509936
0.0571816
0.0609354
0.0632011
0.0645326
0.0653207
0.0658018
0.0660631
0.0661962
0.0662234
0.0662157
0.0662413
0.0662731
0.0662801
0.0662626
0.0662323
0.0661984
0.0661651
0.0661334
0.0661026
0.0660708
0.0660352
0.0659907
0.0659291
0.0658374
0.0656949
0.0654693
0.0651108
0.0645434
0.0636511
0.0622542
0.0600677
0.0566161
0.0510354
0.0414094
0.0203391
0.0212857
0.0431639
0.0542064
0.0605903
0.0644317
0.0667606
0.0681611
0.0690034
0.0695114
0.0697986
0.0699493
0.0700025
0.0700095
0.0700142
0.0700161
0.0700045
0.0699796
0.0699476
0.0699139
0.0698808
0.0698488
0.069817
0.0697833
0.0697444
0.0696943
0.0696242
0.0695198
0.0693588
0.0691075
0.0687146
0.0681031
0.0671565
0.0656951
0.0634322
0.0598826
0.0541404
0.0441184
0.0215676
0.022266
0.0455691
0.05707
0.0635943
0.0674743
0.0698188
0.0712384
0.0720965
0.0726109
0.0729056
0.0730622
0.0731257
0.0731385
0.073133
0.0731194
0.0730972
0.0730678
0.0730348
0.0730014
0.0729687
0.0729368
0.0729045
0.0728694
0.0728275
0.0727725
0.0726946
0.0725784
0.0724007
0.0721264
0.0717034
0.0710542
0.0700623
0.0685481
0.0662232
0.0625924
0.056712
0.0463509
0.0225956
0.023134
0.04783
0.0597313
0.0663363
0.0702002
0.0725116
0.0739057
0.0747451
0.0752439
0.0755285
0.0756786
0.0757403
0.0757514
0.0757386
0.0757155
0.0756862
0.0756534
0.0756193
0.0755857
0.0755533
0.0755213
0.0754885
0.0754519
0.0754073
0.0753477
0.0752624
0.0751354
0.0749422
0.0746472
0.0741976
0.0735157
0.0724849
0.0709258
0.0685476
0.0648453
0.0588415
0.0481855
0.0234454
0.0239412
0.0500544
0.0623147
0.068936
0.0727193
0.074944
0.0762688
0.0770569
0.0775178
0.0777756
0.0779068
0.0779564
0.0779589
0.0779377
0.0779062
0.0778707
0.0778342
0.0777982
0.0777638
0.0777309
0.0776985
0.0776648
0.0776266
0.0775792
0.077515
0.0774227
0.0772853
0.077078
0.0767641
0.0762906
0.0755797
0.074515
0.0729164
0.0704905
0.0667229
0.0606067
0.049692
0.0241423
0.0247482
0.0522931
0.0649117
0.0714885
0.075117
0.0771952
0.0784067
0.0791119
0.079513
0.0797283
0.0798288
0.0798573
0.0798449
0.0798121
0.0797712
0.0797287
0.0796874
0.0796484
0.079612
0.0795777
0.0795441
0.079509
0.0794689
0.0794183
0.0793494
0.0792502
0.0791031
0.0788824
0.0785512
0.0780561
0.0773193
0.0762241
0.0745899
0.0721204
0.0682921
0.0620726
0.0509298
0.0247111
0.0256467
0.0545104
0.0675651
0.0740589
0.0774534
0.0793212
0.0803751
0.0809676
0.0812886
0.0814473
0.0815066
0.0815061
0.0814732
0.0814251
0.0813727
0.0813215
0.0812739
0.0812305
0.081191
0.0811543
0.0811187
0.0810815
0.0810388
0.0809848
0.080911
0.0808048
0.0806482
0.0804149
0.0800676
0.0795528
0.0787923
0.0776696
0.0760028
0.0734927
0.0696076
0.0632927
0.0519482
0.0251741
0.0268274
0.0565969
0.0702588
0.0766747
0.0797602
0.0813547
0.0822098
0.082663
0.0828867
0.0829769
0.0829862
0.0829503
0.082892
0.0828254
0.0827591
0.0826974
0.082642
0.0825928
0.0825489
0.0825088
0.0824703
0.0824303
0.0823844
0.0823265
0.0822474
0.0821343
0.0819683
0.081723
0.0813607
0.0808276
0.0800454
0.0788973
0.0772004
0.0746523
0.0707139
0.0643111
0.0527878
0.0255506
0.0287517
0.0584874
0.0729354
0.0793188
0.0820366
0.0833048
0.0839278
0.0842214
0.0843348
0.0843471
0.0843007
0.0842249
0.0841377
0.0840499
0.0839677
0.0838939
0.0838293
0.0837731
0.0837238
0.0836794
0.0836371
0.0835936
0.083544
0.0834816
0.0833971
0.0832768
0.0831018
0.082845
0.0824685
0.0819183
0.0811161
0.0799444
0.0782194
0.0756358
0.0716475
0.0651638
0.0534823
0.0258578
0.0323832
0.0604623
0.0755862
0.0819305
0.0842462
0.085157
0.0855287
0.0856516
0.085648
0.0855777
0.0854726
0.0853547
0.0852367
0.0851261
0.0850267
0.0849399
0.0848652
0.0848011
0.0847456
0.0846961
0.0846495
0.0846018
0.084548
0.0844809
0.0843906
0.0842632
0.0840792
0.0838114
0.0834214
0.0828553
0.0820344
0.0808409
0.0790896
0.0764727
0.0724378
0.0658803
0.0540594
0.0261109
0.0386925
0.0632845
0.0783684
0.08442
0.0863193
0.0868748
0.0869966
0.0869503
0.0868312
0.0866786
0.0865154
0.0863556
0.086207
0.0860736
0.085957
0.0858568
0.0857717
0.0856995
0.0856374
0.0855824
0.085531
0.085479
0.0854206
0.0853486
0.0852524
0.0851179
0.0849252
0.0846467
0.0842441
0.083663
0.0828247
0.0816108
0.079835
0.0771869
0.073109
0.0664846
0.0545418
0.026324
0.0469301
0.0673297
0.0814175
0.0866914
0.0881685
0.0884083
0.088305
0.0881047
0.0878791
0.0876514
0.087435
0.0872368
0.0870599
0.0869053
0.0867725
0.0866599
0.086565
0.0864849
0.0864164
0.0863561
0.0863
0.0862435
0.0861806
0.0861035
0.0860016
0.0858602
0.0856591
0.0853706
0.0849561
0.084361
0.0835064
0.0822735
0.0804748
0.0777977
0.0736802
0.0669958
0.0549478
0.0265088
0.02499
0.0514912
0.0653937
0.0740248
0.0798277
0.0839206
0.0869247
0.0892193
0.0910482
0.0925738
0.0939061
0.0951203
0.0962669
0.0973764
0.0984628
0.0995229
0.100537
0.101467
0.102259
0.10285
0.103181
0.10322
0.102988
0.102589
0.102202
0.102077
0.102478
0.103201
0.104599
0.114377
0.12225
0.122165
0.118973
0.114821
0.110047
0.105182
0.100769
0.0971072
0.0942833
0.0923203
0.0913182
0.0915512
0.0935609
0.0983953
0.105737
0.0781963
0.0251949
0.0516676
0.0657432
0.0745172
0.0804282
0.084598
0.0876536
0.0899802
0.0918265
0.0933579
0.0946858
0.0958852
0.0970048
0.0980726
0.0990991
0.100078
0.100984
0.10178
0.102411
0.102816
0.102943
0.102765
0.10231
0.101677
0.101042
0.100678
0.100825
0.101308
0.104433
0.119011
0.126264
0.123066
0.117969
0.113435
0.109139
0.104951
0.101078
0.0977467
0.0950956
0.0932246
0.0922862
0.0925755
0.094614
0.0991781
0.106115
0.104064
0.0253991
0.0517722
0.0659291
0.0747763
0.0807489
0.084969
0.0880647
0.0904224
0.092292
0.0938394
0.0951758
0.0963751
0.0974841
0.0985285
0.0995162
0.100438
0.101268
0.101966
0.10248
0.10275
0.102729
0.102396
0.101781
0.100985
0.100199
0.0997205
0.0997423
0.100124
0.107432
0.125549
0.130782
0.124789
0.117912
0.112708
0.108542
0.104813
0.101397
0.0983885
0.0959186
0.0941168
0.093149
0.0932702
0.0948684
0.0984569
0.104471
0.11027
0.0256143
0.0518601
0.0660285
0.0748874
0.0808753
0.085114
0.08823
0.090608
0.0924965
0.0940595
0.0954063
0.0966087
0.097711
0.0987367
0.0996912
0.100564
0.101328
0.101942
0.102357
0.102519
0.102383
0.101935
0.101213
0.100327
0.0994898
0.0990034
0.0990073
0.0994405
0.11234
0.132015
0.134567
0.126564
0.118397
0.112539
0.108307
0.104857
0.101809
0.0991167
0.0968621
0.0951734
0.0942141
0.0942042
0.0954393
0.0982738
0.103001
0.108906
0.0258402
0.0519546
0.0660895
0.0749143
0.0808784
0.0851047
0.0882179
0.0905996
0.0924951
0.0940654
0.0954167
0.0966175
0.0977095
0.0987135
0.099633
0.100456
0.101156
0.101693
0.10202
0.102089
0.101862
0.101333
0.100551
0.0996362
0.098825
0.0983993
0.0984601
0.0992806
0.117741
0.13735
0.137141
0.127889
0.11897
0.112641
0.108299
0.105019
0.102269
0.0998773
0.0978664
0.0963429
0.0954588
0.0954091
0.0964349
0.0987998
0.10267
0.10765
0.0260729
0.052064
0.066139
0.0748986
0.0808094
0.0849974
0.0880856
0.0904528
0.0923404
0.0939057
0.0952511
0.0964417
0.097516
0.0984924
0.0993725
0.100144
0.100779
0.101243
0.101492
0.101483
0.101187
0.100609
0.0998051
0.0989089
0.0981716
0.0978444
0.0980017
0.0999614
0.124485
0.141616
0.138771
0.128707
0.11939
0.11278
0.108354
0.105192
0.102683
0.100566
0.0988057
0.0974769
0.0967122
0.0966818
0.0975815
0.0995934
0.102746
0.106532
0.0263087
0.0521896
0.0661911
0.0748665
0.0807038
0.0848336
0.0878783
0.0902141
0.0920789
0.0936261
0.0949543
0.0961249
0.0971735
0.098116
0.0989526
0.0996702
0.100244
0.10064
0.100821
0.100749
0.100406
0.0998041
0.0990108
0.0981668
0.0975272
0.0973099
0.0975789
0.102948
0.132009
0.145025
0.139768
0.12908
0.119565
0.112821
0.108356
0.105287
0.102973
0.101096
0.0995714
0.0984393
0.0978066
0.0978137
0.0986094
0.100297
0.102796
0.105546
0.0265442
0.0523303
0.0662527
0.0748339
0.0805854
0.0846433
0.0876306
0.0899213
0.0917505
0.0932678
0.0945683
0.0957102
0.096726
0.0976296
0.0984202
0.0990848
0.0996005
0.0999367
0.10006
0.0999419
0.0995706
0.0989682
0.0982082
0.097437
0.0969015
0.0967806
0.0971219
0.109674
0.13907
0.147482
0.140161
0.129028
0.11947
0.112708
0.108251
0.105262
0.103103
0.101426
0.100108
0.0991551
0.098646
0.0986889
0.0993876
0.100784
0.102735
0.104703
0.0267771
0.0524839
0.0663266
0.0748099
0.0804694
0.0844475
0.0873679
0.0896038
0.0913874
0.0928657
0.0941303
0.0952365
0.0962144
0.0970761
0.0978202
0.0984342
0.098897
0.0991817
0.0992601
0.09911
0.0987274
0.0981412
0.0974296
0.096742
0.0963063
0.0962645
0.0966858
0.117059
0.144447
0.148761
0.139929
0.128602
0.119139
0.112444
0.108027
0.105109
0.103072
0.101556
0.10041
0.0996116
0.09921
0.0992829
0.099897
0.101051
0.102579
0.103984
0.0270055
0.0526479
0.0664131
0.074799
0.080365
0.0842596
0.0871082
0.089283
0.0910147
0.0924474
0.0936704
0.0947364
0.0956734
0.0964922
0.097191
0.097758
0.0981744
0.0984166
0.0984611
0.0982919
0.097911
0.0973525
0.0966974
0.0960956
0.09575
0.0957818
0.0964471
0.123083
0.148061
0.149056
0.139258
0.127943
0.118654
0.112065
0.107704
0.104846
0.102903
0.101515
0.100508
0.0998378
0.0995275
0.0996279
0.100177
0.101146
0.102362
0.103377
0.0272282
0.0528198
0.0665113
0.0748029
0.0802769
0.0840879
0.0868628
0.0889736
0.0906498
0.0920335
0.0932116
0.094235
0.0951301
0.0959065
0.0965625
0.0970872
0.0974637
0.0976719
0.0976925
0.0975143
0.0971445
0.0966208
0.0960249
0.095505
0.0952396
0.0953395
0.0964623
0.129237
0.150626
0.148908
0.138469
0.127228
0.118104
0.111616
0.107307
0.104498
0.10263
0.101341
0.100447
0.0998826
0.0996504
0.0997787
0.100284
0.101122
0.102119
0.102869
0.0274441
0.0529976
0.0666196
0.0748216
0.0802073
0.0839367
0.0866385
0.088685
0.0903045
0.0916377
0.09277
0.0937503
0.0946038
0.0953397
0.0959561
0.0964434
0.0967865
0.0969681
0.0969729
0.0967937
0.0964413
0.0959559
0.0954184
0.094974
0.0947803
0.0949511
0.0970894
0.13557
0.152735
0.148801
0.137821
0.12658
0.117551
0.111132
0.106863
0.104095
0.102285
0.101076
0.100274
0.0997982
0.0996339
0.0997924
0.100274
0.101024
0.101873
0.102444
0.0276527
0.0531793
0.0667364
0.0748543
0.0801562
0.0838075
0.0864386
0.0884222
0.0899857
0.091269
0.0923557
0.0932938
0.0941074
0.0948053
0.0953859
0.0958404
0.0961558
0.0963174
0.0963127
0.0961381
0.095807
0.0953608
0.094879
0.0945018
0.0943718
0.0946315
0.099487
0.142046
0.154887
0.149007
0.137404
0.126027
0.117011
0.110628
0.106392
0.10366
0.101901
0.100758
0.100032
0.0996308
0.0995267
0.0997175
0.100191
0.100887
0.101637
0.102086
0.0278536
0.0533635
0.0668601
0.0748994
0.0801229
0.0837005
0.0862643
0.0881874
0.089697
0.0909318
0.0919746
0.0928723
0.0936483
0.0943111
0.0948595
0.0952857
0.0955784
0.095725
0.0957158
0.0955497
0.0952421
0.0948345
0.0944042
0.0940853
0.0940079
0.0943627
0.106131
0.148579
0.157238
0.149459
0.137117
0.125507
0.11646
0.110106
0.105906
0.103214
0.101502
0.100416
0.0997546
0.0994173
0.099367
0.0995909
0.100068
0.100731
0.101416
0.101781
0.0280464
0.053549
0.066989
0.0749555
0.080106
0.0836145
0.086115
0.0879809
0.0894392
0.090628
0.0916292
0.0924888
0.0932298
0.0938606
0.0943803
0.0947821
0.0950562
0.095192
0.0951818
0.0950266
0.0947433
0.0943729
0.0939901
0.0937205
0.0936806
0.0940695
0.117468
0.154449
0.159288
0.149774
0.136733
0.124916
0.115864
0.109561
0.105416
0.102771
0.101106
0.100072
0.0994665
0.0991847
0.0991822
0.0994384
0.0999252
0.100571
0.10121
0.101515
0.028231
0.0537345
0.0671217
0.0750208
0.0801037
0.0835481
0.0859895
0.0878018
0.089212
0.0903575
0.0913196
0.0921437
0.0928525
0.0934543
0.0939485
0.0943294
0.0945882
0.0947162
0.0947075
0.0945648
0.0943055
0.0939705
0.0936316
0.0934044
0.0933941
0.0937904
0.127802
0.158598
0.160418
0.149587
0.136073
0.124181
0.115202
0.108996
0.104929
0.102343
0.100727
0.0997415
0.099185
0.0989513
0.0989908
0.0992771
0.099776
0.100411
0.101019
0.101278
0.0284074
0.0539192
0.0672569
0.0750937
0.0801142
0.0834993
0.0858859
0.0876484
0.0890137
0.0901188
0.0910446
0.0918359
0.0925152
0.0930908
0.0935625
0.0939252
0.0941716
0.0942941
0.0942886
0.0941588
0.0939229
0.093621
0.0933227
0.0931337
0.0931569
0.0936832
0.133736
0.161029
0.160593
0.148854
0.135116
0.123302
0.114484
0.108421
0.104455
0.101938
0.100374
0.0994335
0.0989207
0.0987288
0.0988048
0.0991176
0.0996284
0.100257
0.100839
0.10106
0.0285755
0.0541023
0.0673933
0.0751728
0.0801359
0.0834663
0.0858022
0.0875186
0.0888423
0.0899101
0.0908023
0.0915634
0.0922157
0.0927676
0.0932193
0.0935664
0.0938024
0.0939212
0.0939199
0.0938031
0.0935895
0.0933183
0.0930571
0.0929017
0.0929579
0.0936539
0.13872
0.162695
0.160227
0.147763
0.133957
0.122331
0.113739
0.107852
0.104004
0.101563
0.100051
0.0991541
0.0986802
0.0985244
0.0986314
0.0989666
0.0994871
0.10011
0.100669
0.100857
0.0287352
0.0542831
0.0675301
0.0752567
0.0801671
0.0834472
0.0857365
0.0874104
0.0886957
0.0897289
0.0905901
0.0913235
0.0919513
0.0924818
0.0929157
0.0932492
0.0934767
0.0935931
0.0935965
0.0934925
0.0932999
0.0930571
0.0928297
0.092705
0.0927928
0.0937244
0.143335
0.164041
0.159607
0.14649
0.132705
0.121334
0.113003
0.10731
0.103586
0.101222
0.0997633
0.0989063
0.0984673
0.0983423
0.0984751
0.0988281
0.0993551
0.0999702
0.100508
0.100664
0.0288866
0.0544611
0.0676662
0.0753441
0.0802062
0.0834403
0.0856868
0.0873215
0.0885714
0.0895728
0.0904055
0.0911135
0.0917189
0.0922301
0.0926481
0.0929697
0.0931901
0.0933051
0.0933135
0.0932219
0.093049
0.0928326
0.0926362
0.09254
0.0926596
0.093941
0.147468
0.165019
0.158775
0.145127
0.131446
0.12037
0.112311
0.106812
0.10321
0.100921
0.0995119
0.0986923
0.098284
0.0981851
0.0983386
0.0987046
0.0992342
0.0998391
0.100353
0.100479
0.0290299
0.0546359
0.0678012
0.0754343
0.0802522
0.0834441
0.0856514
0.0872502
0.0884675
0.0894396
0.090246
0.0909307
0.0915155
0.0920093
0.092413
0.0927242
0.0929387
0.0930529
0.0930666
0.0929867
0.0928322
0.0926401
0.0924722
0.0924032
0.0925583
0.0944147
0.150937
0.165541
0.157754
0.143762
0.130268
0.119497
0.111696
0.106371
0.10288
0.100661
0.0992988
0.0985134
0.0981321
0.0980548
0.098224
0.0985982
0.099126
0.0997173
0.100206
0.100301
0.0291652
0.0548075
0.0679346
0.0755264
0.0803039
0.0834574
0.0856288
0.0871946
0.088382
0.089327
0.0901092
0.0907724
0.0913385
0.0918162
0.0922072
0.0925091
0.0927185
0.0928325
0.0928515
0.0927827
0.0926453
0.0924755
0.0923337
0.0922916
0.0924887
0.0953352
0.153957
0.165719
0.156707
0.142547
0.12927
0.118768
0.111179
0.106
0.102603
0.100446
0.0991261
0.0983717
0.0980137
0.0979535
0.0981333
0.0985103
0.0990315
0.0996053
0.100066
0.100128
0.0292933
0.0549763
0.0680664
0.0756201
0.0803608
0.0834792
0.0856178
0.0871534
0.0883132
0.0892333
0.0899931
0.0906364
0.091185
0.091648
0.0920273
0.0923209
0.092526
0.0926402
0.0926644
0.0926061
0.0924844
0.0923349
0.0922168
0.092202
0.0924545
0.0971706
0.156979
0.165952
0.155957
0.141678
0.128545
0.118219
0.110774
0.105701
0.10238
0.100278
0.0989968
0.0982701
0.0979314
0.0978833
0.0980683
0.0984428
0.0989521
0.0995038
0.0999332
0.0999614
0.0294151
0.0551434
0.0681972
0.0757156
0.0804225
0.0835089
0.0856175
0.0871254
0.0882597
0.0891567
0.0898957
0.0905204
0.0910528
0.091502
0.0918703
0.0921564
0.0923576
0.0924723
0.0925017
0.0924534
0.0923461
0.0922148
0.0921177
0.0921301
0.09246
0.101121
0.160742
0.166842
0.155857
0.141304
0.128133
0.11785
0.110475
0.105473
0.102214
0.100161
0.0989154
0.0982128
0.0978886
0.0978471
0.0980312
0.0983968
0.0988886
0.0994131
0.0998074
0.0997993
0.0295334
0.0553112
0.0683286
0.0758135
0.0804892
0.0835462
0.0856274
0.0871098
0.0882207
0.0890962
0.0898157
0.0904228
0.0909396
0.0913757
0.0917335
0.0920123
0.09221
0.0923255
0.0923601
0.0923214
0.0922276
0.0921125
0.0920328
0.0920686
0.0924914
0.109815
0.165772
0.168738
0.156497
0.141382
0.127968
0.117614
0.110257
0.105308
0.102106
0.1001
0.098888
0.098205
0.0978896
0.0978477
0.0980237
0.0983736
0.0988413
0.0993332
0.0996881
0.0996413
0.0296533
0.055485
0.0684638
0.0759156
0.0805616
0.0835913
0.0856472
0.0871062
0.0881955
0.089051
0.0897519
0.0903422
0.0908439
0.0912669
0.0916142
0.0918856
0.0920798
0.0921961
0.092236
0.092207
0.0921264
0.0920261
0.0919598
0.092008
0.0924718
0.125569
0.171534
0.171175
0.157477
0.141629
0.12788
0.117426
0.110087
0.105199
0.102062
0.100105
0.0989226
0.0982534
0.0979388
0.0978882
0.0980477
0.0983739
0.0988104
0.0992636
0.0995744
0.0994863
0.0297862
0.0556764
0.0686098
0.0760258
0.0806416
0.083645
0.0856774
0.0871149
0.0881841
0.0890209
0.0897041
0.0902777
0.0907641
0.0911735
0.0915098
0.0917734
0.0919638
0.0920807
0.0921261
0.0921073
0.0920402
0.0919547
0.0919001
0.0919512
0.0923715
0.14297
0.176407
0.173068
0.158101
0.141644
0.127666
0.117198
0.109937
0.105147
0.10209
0.100185
0.099029
0.0983649
0.0980408
0.0979711
0.0981042
0.0983976
0.098795
0.0992029
0.0994649
0.0993327
0.0299529
0.055907
0.0687794
0.0761508
0.0807328
0.0837092
0.0857189
0.0871366
0.0881874
0.0890065
0.0896724
0.090229
0.0906993
0.0910941
0.0914182
0.0916729
0.0918586
0.0919759
0.0920272
0.0920193
0.0919671
0.0918979
0.0918568
0.0919167
0.0923322
0.15397
0.179046
0.173616
0.157863
0.141141
0.127189
0.116881
0.109803
0.105163
0.102207
0.100356
0.0992178
0.0985464
0.0981997
0.0980982
0.0981933
0.0984439
0.0987935
0.0991491
0.0993573
0.0991786
0.0301911
0.0562159
0.0689961
0.0763028
0.0808411
0.083787
0.085774
0.0871731
0.088207
0.0890091
0.0896576
0.0901965
0.0906492
0.0910277
0.0913378
0.091582
0.0917619
0.091879
0.0919362
0.0919404
0.0919051
0.091855
0.0918309
0.0919117
0.0924388
0.158678
0.179806
0.172874
0.156692
0.140061
0.12643
0.116478
0.109697
0.105263
0.102427
0.100629
0.0994969
0.0988031
0.0984181
0.0982699
0.098314
0.0985107
0.0988033
0.0990995
0.0992489
0.0990213
0.0305666
0.0566573
0.0692992
0.0765047
0.0809786
0.0838849
0.0858469
0.0872276
0.0882453
0.0890308
0.0896614
0.0901811
0.0906143
0.0909741
0.0912679
0.0914996
0.0916722
0.0917883
0.0918518
0.0918694
0.0918537
0.0918262
0.0918227
0.0919278
0.0926072
0.161839
0.179739
0.171228
0.154737
0.138478
0.125429
0.116022
0.109648
0.105471
0.102768
0.101014
0.0998714
0.0991363
0.0986949
0.0984841
0.0984636
0.0985944
0.0988206
0.0990503
0.0991364
0.0988583
0.0311773
0.0572869
0.0697266
0.0767832
0.0811625
0.0840144
0.085945
0.0873054
0.0883063
0.0890745
0.0896857
0.0901842
0.0905956
0.0909344
0.0912095
0.0914267
0.0915905
0.091705
0.0917749
0.0918076
0.0918146
0.0918143
0.0918361
0.0919674
0.0928759
0.164133
0.178835
0.168615
0.152014
0.136432
0.124243
0.115567
0.109699
0.105815
0.103244
0.101519
0.100343
0.0995441
0.0990262
0.0987358
0.0986365
0.0986903
0.0988408
0.0989969
0.0990155
0.0986862
0.0320341
0.0582507
0.0703368
0.0771629
0.0814091
0.0841877
0.0860769
0.087412
0.0883931
0.0891417
0.0897316
0.090207
0.0905946
0.0909106
0.0911657
0.0913674
0.0915217
0.0916342
0.0917109
0.0917601
0.0917931
0.0918261
0.0918809
0.0920423
0.0932725
0.164715
0.175961
0.16446
0.148339
0.133942
0.122952
0.115189
0.109901
0.106324
0.10387
0.102146
0.100909
0.10002
0.0994042
0.0990169
0.0988252
0.0987911
0.0988576
0.0989342
0.098882
0.0985015
0.0332725
0.0597691
0.0712654
0.0777336
0.0817655
0.0844257
0.0862527
0.0875517
0.0885065
0.089232
0.0897985
0.09025
0.090614
0.0909081
0.0911443
0.0913317
0.0914777
0.0915889
0.0916729
0.0917391
0.0918002
0.0918728
0.0919753
0.0921917
0.0938863
0.162217
0.169883
0.158266
0.143685
0.131148
0.121703
0.114993
0.110315
0.107025
0.104652
0.10289
0.101557
0.100552
0.0998167
0.0993162
0.0990197
0.0988884
0.0988642
0.0988569
0.0987321
0.0983013
0.0359123
0.0622075
0.0726204
0.078626
0.0823517
0.0848101
0.0865177
0.0877471
0.0886588
0.0893532
0.0898935
0.0903216
0.0906646
0.0909405
0.0911621
0.091339
0.0914792
0.0915904
0.0916807
0.0917612
0.0918482
0.091967
0.0921507
0.0925915
0.0954346
0.15782
0.161041
0.150606
0.138599
0.128455
0.120747
0.115111
0.110997
0.107932
0.10558
0.103732
0.102268
0.10112
0.100246
0.0996193
0.0992081
0.0989727
0.098853
0.0987594
0.0985618
0.0980834
0.0365091
0.0628822
0.0728391
0.0791871
0.082947
0.0852733
0.0868625
0.0880108
0.0888668
0.0895215
0.0900329
0.0904383
0.0907637
0.0910263
0.0912386
0.09141
0.0915488
0.0916626
0.0917599
0.0918526
0.0919618
0.0921388
0.0925144
0.0945407
0.103396
0.153654
0.152059
0.143372
0.134233
0.126483
0.120381
0.115663
0.111977
0.109031
0.106625
0.104641
0.103011
0.101697
0.100671
0.0999084
0.0993767
0.0990334
0.0988165
0.0986364
0.098368
0.0978458
0.0372497
0.063595
0.0733312
0.0796421
0.0832347
0.0853919
0.086931
0.0880576
0.0889048
0.0895579
0.0900728
0.0904861
0.0908239
0.0911049
0.0913434
0.0915515
0.091739
0.0919178
0.092103
0.0923146
0.0925818
0.0929655
0.0935157
0.103158
0.132072
0.149701
0.145616
0.138589
0.131697
0.125746
0.120799
0.116688
0.113225
0.110269
0.10773
0.105564
0.103743
0.10225
0.101065
0.100164
0.0995108
0.09906
0.0987471
0.0984832
0.098148
0.0975874
0.0368538
0.0630288
0.0723812
0.0795858
0.0841538
0.0869387
0.0887118
0.0899706
0.0910153
0.0920292
0.0931266
0.094355
0.0957531
0.0973699
0.0992567
0.101427
0.10381
0.106486
0.109561
0.113105
0.11717
0.121867
0.127446
0.131894
0.145755
0.148172
0.143125
0.137003
0.131313
0.126321
0.121956
0.11809
0.114636
0.111549
0.108815
0.106436
0.104413
0.10274
0.1014
0.100365
0.0995956
0.0990424
0.0986385
0.098296
0.0978999
0.0973079
0.0357331
0.0610727
0.0715978
0.0791126
0.084316
0.0877881
0.0900738
0.091717
0.0931253
0.0945485
0.0961336
0.0979548
0.100064
0.102514
0.105354
0.108603
0.112255
0.116369
0.121012
0.126205
0.131873
0.137864
0.143878
0.148953
0.151462
0.148986
0.143489
0.137718
0.132471
0.127792
0.123552
0.119647
0.11604
0.112741
0.10978
0.107184
0.104968
0.103129
0.101648
0.100492
0.0996179
0.0989719
0.0984856
0.0980725
0.0976235
0.0970079
0.0350683
0.0596306
0.0713287
0.0789541
0.0843437
0.0881804
0.090926
0.0930311
0.0948508
0.0966395
0.0985686
0.100747
0.103252
0.106151
0.109498
0.113322
0.117636
0.122456
0.127779
0.133533
0.139519
0.145356
0.150378
0.153483
0.153386
0.149913
0.144678
0.139253
0.134186
0.12952
0.125167
0.121072
0.117237
0.113705
0.110526
0.107738
0.105359
0.103382
0.101784
0.100529
0.0995672
0.0988424
0.0982855
0.0978121
0.0973198
0.0966894
0.0350825
0.0594209
0.0716339
0.0792202
0.0845845
0.0885646
0.0915997
0.0940354
0.0961603
0.0982049
0.100345
0.102711
0.105401
0.108494
0.112049
0.116101
0.120656
0.125694
0.131148
0.136865
0.14256
0.147774
0.151826
0.153872
0.153206
0.150056
0.145497
0.14053
0.135626
0.130913
0.126397
0.122093
0.118045
0.114318
0.11097
0.108041
0.105545
0.103472
0.101792
0.100465
0.0994371
0.0986508
0.0980374
0.097516
0.096991
0.0963552
0.0353044
0.0599367
0.0722707
0.0797294
0.0849696
0.0889474
0.0921022
0.0947205
0.0970338
0.0992388
0.1015
0.103952
0.106702
0.109836
0.113416
0.117474
0.122008
0.126971
0.132254
0.137659
0.142871
0.147442
0.15081
0.152394
0.151817
0.149281
0.145434
0.140956
0.136264
0.13156
0.126949
0.122512
0.118333
0.114492
0.111054
0.108055
0.105503
0.103384
0.101663
0.100294
0.0992257
0.0983976
0.0977437
0.0971874
0.0966412
0.0960092
0.035408
0.0605342
0.0729764
0.0803507
0.0854511
0.0893358
0.0924781
0.0951461
0.0975353
0.0998116
0.102121
0.104589
0.107322
0.110405
0.113898
0.11783
0.12219
0.126914
0.131874
0.136858
0.141561
0.145589
0.148499
0.149886
0.149523
0.147527
0.144288
0.140273
0.135847
0.131256
0.126671
0.122226
0.118036
0.114192
0.110759
0.10777
0.105229
0.103117
0.101396
0.10002
0.0989362
0.0980868
0.0974089
0.0968314
0.0962752
0.0956559
0.0353439
0.0609639
0.0735658
0.0809414
0.0859463
0.0897161
0.0927738
0.0953981
0.0977717
0.10004
0.10233
0.104755
0.107413
0.110381
0.113716
0.117439
0.121533
0.125927
0.130488
0.13501
0.139215
0.142771
0.145329
0.146589
0.146391
0.144793
0.142035
0.138446
0.134339
0.129972
0.12555
0.121237
0.117165
0.113432
0.110101
0.107202
0.104737
0.102683
0.101003
0.0996509
0.0985766
0.0977257
0.0970397
0.0964543
0.0958988
0.0953003
0.0351585
0.0611834
0.0739614
0.0814015
0.0863681
0.0900434
0.0929959
0.095528
0.0978255
0.100025
0.102239
0.10457
0.107102
0.109907
0.11303
0.116488
0.120257
0.124265
0.128383
0.132421
0.136136
0.139251
0.141484
0.142606
0.142492
0.141167
0.138795
0.135604
0.131863
0.127818
0.123681
0.119625
0.115788
0.112268
0.109126
0.106389
0.104056
0.102105
0.100501
0.099201
0.0981586
0.097324
0.0966447
0.0960634
0.0955184
0.0949475
0.03489
0.0612249
0.0741575
0.0816869
0.086658
0.0902708
0.093126
0.0955502
0.0977399
0.0998303
0.101928
0.104122
0.106488
0.109087
0.111956
0.115106
0.118509
0.122095
0.125743
0.129286
0.132514
0.135195
0.137106
0.138064
0.137971
0.13684
0.134788
0.13198
0.128641
0.124991
0.121231
0.11753
0.114018
0.110791
0.107904
0.105383
0.103226
0.101413
0.0999137
0.0986887
0.0976964
0.0968932
0.0962332
0.0956664
0.0951402
0.0946024
0.0345755
0.0611355
0.0741826
0.0817972
0.0867931
0.0903695
0.0931444
0.0954629
0.0975332
0.0994935
0.101446
0.103474
0.105644
0.108006
0.110591
0.113403
0.116414
0.119557
0.122725
0.125771
0.128519
0.130779
0.132371
0.133152
0.133047
0.132064
0.130292
0.127856
0.124937
0.121726
0.118401
0.115115
0.111987
0.109103
0.106515
0.104245
0.102294
0.100644
0.0992681
0.098134
0.0972055
0.0964455
0.0958147
0.095271
0.0947702
0.0942696
0.0342392
0.0609574
0.0740754
0.0817556
0.0867791
0.090334
0.0930442
0.0952662
0.0972172
0.0990395
0.100834
0.102679
0.104633
0.106739
0.109023
0.111483
0.114092
0.116791
0.119484
0.122049
0.124338
0.126199
0.127489
0.128098
0.12797
0.127111
0.125591
0.123514
0.121018
0.118259
0.115391
0.112545
0.109826
0.107309
0.105039
0.103038
0.101306
0.0998313
0.0985905
0.097557
0.0967013
0.0959926
0.0953985
0.0948843
0.0944137
0.0939528
0.0338947
0.0607227
0.0738739
0.0815952
0.0866382
0.0901768
0.0928331
0.094969
0.0968073
0.0984931
0.100127
0.101783
0.103515
0.105361
0.10734
0.10945
0.111666
0.113936
0.116179
0.118293
0.120159
0.121657
0.122675
0.123131
0.122982
0.122235
0.120946
0.119207
0.117115
0.114796
0.112377
0.109967
0.107654
0.105501
0.103549
0.101817
0.100306
0.0990083
0.0979054
0.0969765
0.096198
0.0955454
0.0949927
0.0945122
0.0940751
0.0936551
0.0335486
0.0604541
0.0736097
0.0813486
0.0863992
0.0899206
0.0925299
0.0945893
0.096324
0.0978806
0.0993592
0.100831
0.102346
0.103938
0.105624
0.107402
0.109249
0.111121
0.112952
0.11466
0.116152
0.117332
0.118116
0.118443
0.118283
0.117643
0.116568
0.115131
0.113409
0.111498
0.109497
0.107495
0.105563
0.103755
0.102105
0.100628
0.0993293
0.0982021
0.0972338
0.0964082
0.0957075
0.0951128
0.0946041
0.0941599
0.0937579
0.0933788
0.0332044
0.060166
0.0733061
0.0810438
0.0860902
0.0895913
0.0921575
0.0941488
0.0957903
0.0972284
0.0985626
0.0998619
0.101174
0.102531
0.103947
0.105421
0.106935
0.108452
0.109921
0.111277
0.112446
0.113358
0.113949
0.114174
0.114012
0.113472
0.112587
0.111416
0.110022
0.108473
0.106845
0.105209
0.103621
0.102125
0.100748
0.0995057
0.0984021
0.0974337
0.0965918
0.0958647
0.0952395
0.0947022
0.094238
0.0938308
0.0934644
0.0931252
0.0328662
0.0598686
0.0729796
0.0807025
0.0857352
0.0892129
0.0917389
0.0936696
0.0952282
0.0965607
0.0977652
0.0989095
0.10004
0.101186
0.102362
0.103569
0.104792
0.106004
0.107165
0.108223
0.109126
0.109818
0.110255
0.110402
0.110248
0.109798
0.10908
0.108137
0.107022
0.105783
0.104477
0.103156
0.101867
0.100643
0.0995073
0.0984722
0.0975428
0.0967176
0.095991
0.0953551
0.0948009
0.0943186
0.0938979
0.0935275
0.093196
0.0928948
0.0325365
0.0595691
0.0726426
0.0803418
0.0853543
0.0888063
0.0912946
0.0931713
0.0946576
0.0958978
0.0969892
0.0979984
0.0989704
0.099934
0.100904
0.101884
0.102862
0.10382
0.104725
0.105541
0.106228
0.106746
0.107063
0.107155
0.107013
0.106644
0.106067
0.105316
0.10443
0.103449
0.102411
0.101356
0.100319
0.0993263
0.0983961
0.0975398
0.096762
0.0960627
0.0954387
0.0948851
0.094396
0.0939652
0.0935861
0.093251
0.0929531
0.0926876
0.0322155
0.0592724
0.0723045
0.0799748
0.084963
0.0883882
0.0908411
0.0926703
0.0940942
0.0952557
0.096251
0.0971457
0.097984
0.0987946
0.0995931
0.100384
0.101162
0.101912
0.102612
0.103235
0.103753
0.104136
0.104362
0.104415
0.104289
0.103988
0.103529
0.102935
0.102236
0.101464
0.100644
0.0998065
0.0989768
0.0981756
0.0974176
0.096712
0.0960633
0.0954726
0.0949382
0.0944576
0.0940272
0.0936437
0.0933032
0.0930017
0.0927353
0.0925027
0.0319033
0.0589815
0.0719713
0.0796103
0.0845722
0.0879705
0.0903909
0.0921785
0.0935495
0.0946452
0.0955607
0.0963605
0.0970887
0.0977739
0.0984325
0.0990713
0.0996881
0.100274
0.100813
0.101286
0.101673
0.101955
0.102114
0.10214
0.10203
0.101787
0.101423
0.100956
0.100407
0.099799
0.0991539
0.0984906
0.0978285
0.0971834
0.0965668
0.0959862
0.0954459
0.0949472
0.09449
0.094073
0.0936948
0.0933541
0.0930493
0.0927788
0.0925417
0.0923391
0.0316024
0.0586985
0.0716466
0.0792536
0.0841888
0.0875609
0.089952
0.091704
0.093031
0.0940728
0.0949233
0.0956463
0.0962857
0.0968702
0.0974174
0.0979358
0.0984264
0.098884
0.0992989
0.099658
0.0999472
0.100153
0.100264
0.100274
0.100179
0.0999833
0.0996953
0.0993277
0.0988962
0.0984179
0.0979098
0.0973844
0.0968559
0.0963361
0.0958341
0.0953559
0.0949052
0.0944838
0.0940922
0.0937303
0.093398
0.0930955
0.092823
0.0925811
0.0923708
0.0921954
0.031315
0.0584259
0.071333
0.0789082
0.0838172
0.087165
0.0895303
0.0912525
0.0925436
0.0935419
0.0943403
0.0950023
0.0955713
0.0960766
0.0965366
0.0969616
0.0973549
0.0977149
0.0980358
0.0983093
0.0985259
0.0986765
0.0987537
0.0987527
0.0986722
0.0985149
0.0982868
0.0979972
0.0976575
0.0972802
0.0968778
0.0964604
0.0960373
0.0956172
0.0952071
0.094812
0.094435
0.0940779
0.0937417
0.093427
0.0931348
0.0928662
0.092623
0.092407
0.092221
0.0920699
0.0310415
0.058165
0.0710327
0.0785774
0.0834614
0.0867871
0.0891302
0.0908277
0.0920898
0.0930537
0.0938111
0.0944253
0.0949395
0.0953833
0.0957761
0.0961296
0.0964492
0.0967357
0.0969864
0.0971966
0.0973601
0.0974712
0.0975248
0.0975181
0.0974503
0.0973235
0.0971423
0.0969133
0.0966447
0.0963455
0.096025
0.0956914
0.0953508
0.0950095
0.0946729
0.0943448
0.094028
0.0937242
0.0934345
0.0931602
0.0929028
0.0926642
0.0924471
0.0922545
0.0920905
0.0919608
0.0307797
0.0579161
0.0707474
0.0782636
0.0831246
0.0864304
0.0887546
0.0904319
0.0916709
0.0926076
0.0933332
0.0939103
0.0943823
0.0947792
0.095121
0.0954205
0.0956847
0.0959165
0.0961156
0.0962795
0.0964048
0.0964878
0.0965256
0.0965163
0.0964596
0.0963573
0.0962125
0.0960303
0.0958166
0.0955779
0.0953209
0.0950519
0.0947757
0.0944966
0.0942185
0.0939445
0.0936768
0.093417
0.0931664
0.0929266
0.0926992
0.092487
0.0922932
0.0921217
0.0919772
0.0918664
0.030528
0.0576789
0.0704774
0.0779678
0.0828081
0.0860965
0.0884047
0.0900654
0.0912862
0.0922018
0.0929029
0.0934517
0.0938917
0.0942531
0.0945566
0.0948158
0.095039
0.0952306
0.0953919
0.0955225
0.0956205
0.0956841
0.0957114
0.0957015
0.0956546
0.0955717
0.0954556
0.0953096
0.0951383
0.0949463
0.0947385
0.0945196
0.0942938
0.0940636
0.0938321
0.0936017
0.0933741
0.0931507
0.092933
0.0927225
0.0925213
0.0923323
0.0921592
0.0920063
0.0918793
0.0917851
0.0302863
0.0574528
0.0702226
0.0776902
0.0825122
0.0857855
0.0880801
0.0897276
0.090934
0.0918334
0.092516
0.0930436
0.0934597
0.0937947
0.0940698
0.0942993
0.0944925
0.0946548
0.0947888
0.0948955
0.0949743
0.0950246
0.0950454
0.0950363
0.0949977
0.0949305
0.0948367
0.094719
0.0945805
0.0944247
0.0942552
0.0940756
0.093889
0.0936977
0.0935034
0.0933082
0.0931134
0.0929203
0.0927302
0.0925448
0.0923661
0.0921975
0.0920427
0.0919066
0.091795
0.0917153
0.0300557
0.0572383
0.0699828
0.0774302
0.0822363
0.0854966
0.0877801
0.0894169
0.0906124
0.0914997
0.0921685
0.0926806
0.0930791
0.0933948
0.0936492
0.093857
0.0940284
0.0941696
0.0942841
0.0943739
0.0944394
0.0944807
0.0944976
0.0944902
0.0944588
0.0944043
0.0943282
0.0942325
0.0941196
0.093992
0.0938526
0.0937039
0.0935482
0.0933877
0.0932234
0.0930567
0.0928889
0.092721
0.0925542
0.0923902
0.0922312
0.0920804
0.0919418
0.0918206
0.0917226
0.0916555
0.0298375
0.0570358
0.0697577
0.0771875
0.0819797
0.085229
0.0875034
0.0891321
0.0903194
0.091198
0.091857
0.0923579
0.0927439
0.0930457
0.0932852
0.0934775
0.0936332
0.0937592
0.0938599
0.0939378
0.0939942
0.0940297
0.0940446
0.0940392
0.094014
0.0939698
0.0939078
0.0938296
0.0937368
0.0936315
0.0935157
0.0933914
0.0932605
0.0931244
0.0929843
0.092841
0.0926954
0.0925486
0.0924016
0.0922559
0.092114
0.0919788
0.0918547
0.0917466
0.0916606
0.0916043
0.0296325
0.0568457
0.0695475
0.0769616
0.0817418
0.0849821
0.0872493
0.0888719
0.0900535
0.0909261
0.0915783
0.0920715
0.0924488
0.0927409
0.0929697
0.093151
0.0932955
0.0934109
0.0935019
0.0935716
0.0936218
0.0936537
0.0936678
0.0936646
0.0936448
0.0936091
0.0935585
0.093494
0.0934172
0.0933296
0.0932326
0.0931278
0.0930167
0.0929004
0.0927799
0.0926558
0.0925287
0.0923996
0.0922693
0.0921395
0.0920124
0.091891
0.0917796
0.0916831
0.0916076
0.0915608
0.0294408
0.056668
0.0693516
0.0767522
0.0815223
0.0847553
0.0870171
0.0886355
0.0898132
0.0906819
0.0913298
0.0918179
0.0921893
0.0924747
0.0926962
0.0928697
0.0930065
0.0931143
0.0931986
0.0932627
0.0933089
0.0933386
0.0933527
0.093352
0.0933369
0.0933082
0.0932667
0.0932134
0.0931494
0.0930758
0.0929939
0.0929049
0.0928098
0.0927096
0.092605
0.0924967
0.0923851
0.0922709
0.0921549
0.0920388
0.0919246
0.0918153
0.0917151
0.0916288
0.0915626
0.0915237
0.0292616
0.056502
0.0691695
0.0765587
0.0813209
0.0845483
0.0868062
0.0884219
0.0895973
0.0904637
0.091109
0.091594
0.0919616
0.0922426
0.0924592
0.0926274
0.0927588
0.0928616
0.0929413
0.0930017
0.0930454
0.093074
0.0930887
0.0930902
0.0930792
0.0930563
0.0930224
0.0929781
0.0929244
0.0928622
0.0927924
0.0927161
0.092634
0.092547
0.0924556
0.0923604
0.0922617
0.09216
0.0920563
0.0919519
0.0918489
0.0917502
0.0916599
0.0915826
0.0915244
0.0914924
0.0290923
0.0563461
0.0690007
0.0763812
0.0811374
0.0843608
0.0866163
0.0882303
0.0894047
0.09027
0.0909141
0.0913975
0.0917629
0.0920412
0.0922546
0.0924194
0.0925473
0.0926467
0.0927233
0.0927814
0.0928236
0.0928519
0.0928674
0.092871
0.0928636
0.0928456
0.0928178
0.0927809
0.0927355
0.0926825
0.0926226
0.0925566
0.0924852
0.0924089
0.0923284
0.092244
0.0921561
0.0920651
0.0919718
0.0918775
0.0917842
0.0916948
0.091613
0.0915436
0.0914924
0.0914661
0.0289287
0.0561983
0.0688445
0.0762196
0.0809719
0.0841928
0.0864469
0.0880604
0.0892346
0.0900999
0.0907438
0.0912266
0.0915911
0.091868
0.0920797
0.0922425
0.0923682
0.0924654
0.0925401
0.0925968
0.0926382
0.0926665
0.092683
0.0926886
0.0926842
0.0926703
0.0926476
0.0926166
0.092578
0.0925324
0.0924805
0.0924229
0.0923601
0.0922927
0.0922211
0.0921457
0.0920667
0.0919847
0.0919002
0.0918145
0.0917296
0.0916481
0.0915738
0.0915112
0.0914658
0.0914442
0.0287667
0.0560568
0.0687007
0.076074
0.0808248
0.0840447
0.0862984
0.0879121
0.089087
0.0899531
0.0905977
0.0910809
0.0914455
0.091722
0.0919329
0.0920946
0.0922191
0.092315
0.0923887
0.0924445
0.0924856
0.0925141
0.0925315
0.0925389
0.092537
0.0925264
0.0925078
0.0924817
0.0924485
0.0924089
0.0923635
0.0923126
0.0922569
0.0921967
0.0921324
0.0920643
0.0919927
0.0919181
0.0918409
0.0917625
0.0916845
0.0916098
0.0915417
0.0914848
0.0914443
0.0914265
0.0286046
0.0559214
0.0685696
0.0759452
0.0806967
0.0839171
0.0861717
0.0877866
0.0889629
0.0898306
0.0904767
0.0909611
0.0913265
0.0916033
0.0918142
0.0919755
0.0920993
0.0921945
0.0922675
0.0923229
0.0923639
0.0923927
0.0924109
0.0924197
0.0924198
0.092412
0.0923966
0.0923743
0.0923455
0.0923107
0.0922704
0.092225
0.0921748
0.0921204
0.0920619
0.0919997
0.091934
0.0918652
0.0917939
0.0917213
0.091649
0.0915797
0.0915167
0.0914643
0.0914277
0.0914128
0.0284456
0.0557951
0.0684538
0.0758352
0.0805899
0.0838124
0.0860691
0.0876863
0.0888651
0.0897351
0.0903832
0.0908694
0.091236
0.0915136
0.0917248
0.0918861
0.0920096
0.0921044
0.092177
0.092232
0.0922729
0.0923019
0.0923208
0.0923306
0.0923323
0.0923264
0.0923136
0.0922943
0.0922688
0.0922378
0.0922014
0.0921602
0.0921144
0.0920644
0.0920104
0.0919526
0.0918913
0.0918269
0.09176
0.0916917
0.0916236
0.0915583
0.0914991
0.09145
0.0914161
0.091403
0.0282977
0.0556848
0.0683586
0.0757489
0.0805089
0.0837356
0.0859958
0.0876164
0.0887983
0.0896712
0.0903218
0.0908098
0.0911778
0.0914563
0.0916679
0.0918292
0.0919525
0.0920468
0.0921189
0.0921736
0.0922142
0.0922432
0.0922624
0.0922729
0.0922756
0.0922712
0.0922602
0.0922431
0.0922201
0.0921918
0.0921584
0.0921202
0.0920776
0.0920307
0.0919798
0.091925
0.0918666
0.091805
0.0917408
0.0916752
0.0916096
0.0915466
0.0914895
0.0914423
0.0914098
0.0913974
0.0281725
0.0556022
0.0682946
0.0756961
0.0804637
0.083696
0.0859609
0.0875855
0.0887709
0.0896466
0.0902993
0.090789
0.0911579
0.0914369
0.0916485
0.0918095
0.0919323
0.092026
0.0920973
0.0921513
0.0921914
0.0922201
0.0922392
0.0922499
0.0922532
0.0922496
0.0922398
0.0922241
0.0922028
0.0921763
0.0921449
0.0921088
0.0920681
0.0920231
0.0919739
0.0919206
0.0918634
0.0918028
0.0917394
0.0916742
0.0916091
0.0915464
0.0914895
0.0914423
0.0914095
0.0913965
0.0280826
0.0555645
0.0682794
0.0756946
0.0804712
0.0837099
0.0859794
0.0876075
0.0887953
0.0896726
0.0903262
0.0908161
0.0911849
0.0914633
0.0916741
0.091834
0.0919555
0.092048
0.0921181
0.092171
0.0922101
0.092238
0.0922566
0.0922671
0.0922703
0.0922671
0.0922578
0.0922428
0.0922225
0.0921971
0.0921667
0.0921316
0.0920917
0.0920473
0.0919983
0.0919448
0.0918869
0.0918251
0.09176
0.0916929
0.0916255
0.0915604
0.0915011
0.0914515
0.0914164
0.0914009
0.0280408
0.0555971
0.0683423
0.0757737
0.0805592
0.0838024
0.0860739
0.0877022
0.0888891
0.0897647
0.0904162
0.0909037
0.09127
0.0915459
0.0917542
0.0919118
0.0920311
0.0921214
0.0921897
0.0922408
0.0922783
0.092305
0.0923225
0.0923322
0.092335
0.0923315
0.0923221
0.0923073
0.0922872
0.092262
0.0922318
0.0921967
0.0921566
0.0921114
0.092061
0.0920054
0.0919446
0.091879
0.0918093
0.0917368
0.0916637
0.0915926
0.0915274
0.0914722
0.0914319
0.0914116
0.0280636
0.0557412
0.0685304
0.0759794
0.0807694
0.0840102
0.0862758
0.0878965
0.0890753
0.0899429
0.0905869
0.0910675
0.0914276
0.091698
0.0919015
0.0920548
0.0921703
0.0922574
0.0923227
0.0923713
0.0924067
0.0924315
0.0924474
0.0924558
0.0924576
0.0924532
0.0924432
0.0924279
0.0924074
0.0923818
0.092351
0.092315
0.0922736
0.0922264
0.092173
0.0921133
0.0920471
0.0919746
0.0918965
0.0918143
0.0917306
0.0916486
0.0915726
0.0915074
0.0914581
0.0914298
0.028181
0.0560669
0.0689198
0.0763817
0.0811621
0.0843835
0.0866265
0.0882247
0.0893825
0.0902315
0.0908593
0.0913262
0.0916746
0.0919354
0.0921307
0.0922773
0.0923871
0.0924694
0.0925307
0.0925759
0.0926084
0.0926306
0.0926445
0.0926511
0.0926512
0.0926456
0.0926345
0.0926182
0.0925967
0.0925701
0.0925381
0.0925005
0.0924568
0.0924065
0.0923487
0.0922828
0.0922084
0.0921252
0.0920341
0.0919366
0.0918358
0.0917359
0.0916423
0.0915609
0.0914973
0.0914569
0.0284553
0.056695
0.0696297
0.0770821
0.0818185
0.0849861
0.0871761
0.0887264
0.0898431
0.0906576
0.0912569
0.0917006
0.0920303
0.0922759
0.0924591
0.0925958
0.0926978
0.0927736
0.0928296
0.0928704
0.0928992
0.0929183
0.0929295
0.0929338
0.0929321
0.0929247
0.0929121
0.0928945
0.0928717
0.0928437
0.0928102
0.0927705
0.092724
0.0926696
0.0926061
0.0925323
0.0924469
0.0923492
0.0922394
0.0921192
0.0919924
0.0918649
0.091744
0.0916376
0.0915524
0.0914943
0.029013
0.0578252
0.0708371
0.0782173
0.0828397
0.0858918
0.0879792
0.0894436
0.0904904
0.0912489
0.0918038
0.0922125
0.0925148
0.092739
0.0929054
0.0930289
0.0931205
0.0931881
0.0932375
0.0932729
0.0932973
0.0933129
0.093321
0.0933227
0.0933187
0.0933095
0.0932952
0.093276
0.0932519
0.0932224
0.0931872
0.0931455
0.0930961
0.0930375
0.092968
0.0928851
0.0927866
0.0926704
0.0925356
0.0923835
0.0922185
0.0920492
0.0918869
0.0917429
0.0916263
0.0915431
0.0300986
0.0597649
0.0727809
0.0799515
0.0843341
0.0871728
0.0890859
0.0904131
0.0913535
0.0920301
0.0925223
0.0928829
0.0931484
0.0933444
0.0934893
0.0935963
0.0936752
0.0937329
0.0937745
0.0938038
0.0938232
0.0938347
0.0938395
0.0938385
0.0938323
0.0938212
0.0938053
0.0937848
0.0937594
0.0937289
0.0936925
0.0936492
0.0935977
0.0935358
0.0934608
0.0933693
0.093257
0.0931197
0.0929538
0.0927585
0.0925385
0.0923065
0.0920818
0.0918825
0.091721
0.0916035
0.0321981
0.0629538
0.0757434
0.0824447
0.0863893
0.0888787
0.0905272
0.0916572
0.0924511
0.0930189
0.0934298
0.0937296
0.0939495
0.0941113
0.0942304
0.0943181
0.0943822
0.0944287
0.0944617
0.0944843
0.0944985
0.0945059
0.0945075
0.094504
0.0944957
0.094483
0.094466
0.0944447
0.0944188
0.094388
0.0943515
0.0943082
0.0942563
0.0941933
0.0941155
0.094018
0.0938943
0.0937362
0.093535
0.0932844
0.0929863
0.0926591
0.0923402
0.0920605
0.0918369
0.0916744
0.0362605
0.0679819
0.0799891
0.0857884
0.0890258
0.091007
0.0922969
0.0931729
0.0937852
0.0942214
0.0945364
0.0947656
0.0949335
0.0950567
0.0951472
0.0952135
0.0952617
0.0952963
0.0953204
0.0953362
0.0953454
0.095349
0.0953478
0.0953423
0.0953327
0.0953193
0.0953021
0.0952811
0.095256
0.0952265
0.0951918
0.0951507
0.0951014
0.095041
0.0949654
0.0948682
0.0947402
0.0945679
0.0943338
0.0940182
0.0936105
0.0931335
0.0926705
0.092276
0.09197
0.0917515
0.0440098
0.0755486
0.0856209
0.0899003
0.0921395
0.0934759
0.0943401
0.0949271
0.0953382
0.0956316
0.0958438
0.0959984
0.0961116
0.0961947
0.0962557
0.0963003
0.0963325
0.0963553
0.0963708
0.0963805
0.0963853
0.0963859
0.0963829
0.0963765
0.0963668
0.0963541
0.0963384
0.0963195
0.0962972
0.0962713
0.0962411
0.0962056
0.0961631
0.096111
0.096045
0.0959584
0.0958399
0.0956709
0.095421
0.0950446
0.0944892
0.0937555
0.0930688
0.0925165
0.0921086
0.0918267
0.0590229
0.0861252
0.092238
0.094381
0.0954612
0.0961187
0.096556
0.09686
0.0970763
0.0972324
0.0973461
0.0974294
0.0974906
0.0975357
0.0975689
0.0975932
0.0976107
0.0976229
0.097631
0.0976356
0.0976373
0.0976364
0.0976331
0.0976275
0.0976198
0.0976099
0.097598
0.0975838
0.0975674
0.0975484
0.0975265
0.097501
0.0974707
0.0974337
0.0973869
0.0973245
0.0972365
0.0971029
0.0968835
0.0964949
0.0957753
0.0945278
0.0934962
0.0927473
0.0922307
0.0918879
0.0928898
0.0979589
0.0982881
0.0984508
0.098599
0.0987257
0.0988255
0.0989013
0.0989578
0.0989998
0.099031
0.0990543
0.0990717
0.0990847
0.0990945
0.0991018
0.0991072
0.0991111
0.0991137
0.0991152
0.0991157
0.0991153
0.099114
0.0991118
0.0991088
0.0991049
0.0991002
0.0990946
0.0990881
0.0990806
0.099072
0.0990621
0.0990504
0.0990362
0.0990185
0.0989949
0.0989611
0.0989068
0.0988044
0.0985662
0.0978653
0.0953183
0.093833
0.0929029
0.0923051
0.0919222
0.0726536
0.0651516
0.0569346
0.0502571
0.0472918
0.0464611
0.0464601
0.0473438
0.0989259
0.093111
0.0880269
0.0848586
0.0828746
0.0817138
0.0811747
0.0815809
0.112132
0.111582
0.11016
0.1089
0.107658
0.106007
0.104086
0.102291
0.112637
0.114542
0.115136
0.114563
0.113086
0.11101
0.108676
0.106385
0.110724
0.112173
0.112584
0.112054
0.110804
0.10909
0.107166
0.105242
0.108535
0.109297
0.109322
0.108705
0.1076
0.106185
0.104633
0.103097
0.106727
0.107002
0.10673
0.10601
0.104966
0.103729
0.102426
0.101167
0.105318
0.105277
0.104812
0.10402
0.10301
0.101885
0.100742
0.0996661
0.104223
0.103986
0.103404
0.102574
0.101591
0.100541
0.099505
0.0985501
0.103371
0.103013
0.102363
0.101516
0.100557
0.0995625
0.0986004
0.0977275
0.102703
0.102271
0.101583
0.10073
0.0997929
0.0988406
0.0979322
0.0971171
0.102173
0.101695
0.100986
0.100135
0.0992173
0.0982976
0.0974294
0.0966563
0.101746
0.101239
0.100519
0.0996722
0.0987717
0.097878
0.0970409
0.0962994
0.101393
0.100867
0.100142
0.0993009
0.0984153
0.0975431
0.0967308
0.0960139
0.101092
0.100554
0.0998267
0.098992
0.0981197
0.0972656
0.0964739
0.0957772
0.100829
0.100282
0.0995538
0.0987256
0.0978654
0.0970271
0.0962531
0.0955735
0.10059
0.100037
0.0993095
0.0984879
0.0976388
0.096815
0.0960568
0.0953924
0.100369
0.0998107
0.0990845
0.0982696
0.0974314
0.0966211
0.0958776
0.0952274
0.100159
0.0995973
0.0988731
0.098065
0.0972374
0.0964403
0.095711
0.0950741
0.0999589
0.0993935
0.0986716
0.0978707
0.0970538
0.0962695
0.095554
0.0949302
0.0997656
0.0991972
0.0984781
0.0976845
0.0968784
0.0961071
0.0954052
0.0947943
0.0995784
0.0990072
0.0982911
0.0975052
0.0967101
0.0959518
0.0952636
0.0946656
0.0993964
0.0988226
0.09811
0.097332
0.0965481
0.095803
0.0951286
0.0945435
0.0992191
0.0986428
0.0979338
0.0971642
0.0963919
0.0956602
0.0949997
0.0944276
0.0990455
0.0984669
0.0977619
0.0970011
0.0962407
0.0955228
0.0948764
0.0943175
0.0988746
0.0982939
0.0975932
0.0968416
0.0960938
0.0953901
0.0947582
0.0942127
0.0987048
0.0981223
0.0974266
0.0966849
0.0959501
0.0952612
0.0946442
0.0941125
0.0985345
0.0979505
0.0972605
0.0965295
0.0958087
0.0951353
0.0945338
0.0940163
0.0983614
0.0977767
0.0970934
0.0963742
0.0956684
0.0950113
0.0944261
0.0939234
0.0981833
0.097599
0.0969235
0.0962175
0.0955278
0.0948883
0.0943202
0.0938331
0.0979978
0.0974151
0.0967492
0.0960578
0.0953859
0.0947652
0.0942154
0.0937446
0.0978024
0.0972233
0.0965688
0.0958942
0.0952418
0.0946413
0.0941109
0.0936574
0.0975943
0.0970208
0.0963802
0.0957245
0.0950938
0.0945154
0.094006
0.0935708
0.0973718
0.0968064
0.0961821
0.0955479
0.0949409
0.0943865
0.0938994
0.0934838
0.0971338
0.0965792
0.0959739
0.0953635
0.0947825
0.094254
0.0937908
0.0933959
0.0968796
0.0963388
0.0957553
0.0951714
0.0946186
0.0941178
0.09368
0.093307
0.0966095
0.0960856
0.0955268
0.0949719
0.0944494
0.0939779
0.0935669
0.0932169
0.0963244
0.0958206
0.0952893
0.0947657
0.0942755
0.093835
0.0934519
0.0931258
0.0960263
0.0955457
0.0950445
0.0945543
0.0940979
0.0936896
0.0933355
0.0930339
0.095718
0.0952634
0.0947944
0.0943393
0.0939181
0.0935429
0.0932182
0.0929418
0.0954027
0.0949767
0.0945418
0.094123
0.0937377
0.093396
0.0931011
0.0928498
0.0950845
0.0946889
0.0942893
0.0939075
0.0935584
0.0932503
0.0929851
0.0927587
0.0947675
0.0944037
0.09404
0.0936953
0.0933822
0.0931072
0.0928711
0.0926692
0.0944558
0.0941245
0.0937968
0.0934888
0.0932109
0.0929681
0.0927601
0.0925819
0.0941533
0.0938546
0.0935623
0.0932899
0.093046
0.0928342
0.0926531
0.0924975
0.0938635
0.0935969
0.0933389
0.0931007
0.0928891
0.0927065
0.0925509
0.0924165
0.0935893
0.0933538
0.0931285
0.0929226
0.0927413
0.092586
0.092454
0.0923393
0.093333
0.0931271
0.0929324
0.0927566
0.0926034
0.0924732
0.0923629
0.0922664
0.0930961
0.0929178
0.0927516
0.0926035
0.0924759
0.0923686
0.092278
0.0921979
0.0928794
0.0927267
0.0925865
0.0924634
0.092359
0.0922722
0.0921992
0.0921339
0.0926831
0.0925538
0.0924371
0.0923364
0.0922526
0.0921841
0.0921267
0.0920743
0.0925069
0.0923986
0.0923029
0.0922221
0.0921565
0.0921039
0.0920601
0.0920192
0.09235
0.0922604
0.0921832
0.0921199
0.0920701
0.0920313
0.0919993
0.0919682
0.0922113
0.0921382
0.0920772
0.092029
0.0919928
0.0919659
0.0919439
0.0919212
0.0920896
0.0920308
0.0919837
0.0919485
0.0919239
0.091907
0.0918935
0.0918779
0.0919832
0.0919369
0.0919018
0.0918776
0.0918627
0.0918542
0.0918478
0.091838
0.0918908
0.0918551
0.0918301
0.0918152
0.0918084
0.0918068
0.0918062
0.0918013
0.0918107
0.0917842
0.0917677
0.0917604
0.0917603
0.0917644
0.0917684
0.0917675
0.0917417
0.0917228
0.0917134
0.0917124
0.0917177
0.0917263
0.0917341
0.0917363
0.0916822
0.0916697
0.0916662
0.0916704
0.09168
0.0916921
0.0917028
0.0917075
0.0916311
0.091624
0.0916252
0.0916335
0.0916466
0.0916614
0.0916743
0.0916808
0.0915874
0.0915846
0.0915897
0.0916012
0.0916169
0.0916338
0.0916483
0.0916562
0.0915499
0.0915507
0.0915589
0.0915729
0.0915905
0.0916089
0.0916245
0.0916335
0.0915179
0.0915216
0.0915322
0.0915481
0.0915671
0.0915865
0.0916029
0.0916125
0.0914907
0.0914966
0.0915091
0.0915264
0.0915463
0.0915663
0.0915831
0.0915931
0.0914677
0.0914754
0.0914892
0.0915075
0.091528
0.0915482
0.0915651
0.0915753
0.0914484
0.0914575
0.0914723
0.091491
0.0915118
0.091532
0.0915488
0.0915589
0.0914327
0.0914427
0.091458
0.091477
0.0914977
0.0915176
0.0915341
0.0915441
0.0914202
0.0914307
0.0914463
0.0914652
0.0914855
0.0915051
0.0915211
0.0915306
0.0914111
0.0914217
0.0914371
0.0914557
0.0914754
0.0914943
0.0915096
0.0915187
0.0914054
0.0914157
0.0914306
0.0914485
0.0914674
0.0914854
0.0914999
0.0915082
0.0914034
0.0914131
0.091427
0.0914438
0.0914616
0.0914784
0.0914918
0.0914993
0.0914058
0.091414
0.0914265
0.0914417
0.091458
0.0914733
0.0914855
0.0914919
0.0914131
0.0914192
0.0914295
0.0914427
0.0914569
0.0914704
0.0914809
0.0914859
0.0914261
0.091429
0.0914364
0.0914467
0.0914584
0.0914695
0.091478
0.0914813
0.0914457
0.0914441
0.0914474
0.091454
0.0914623
0.0914705
0.0914764
0.0914777
0.0914725
0.0914649
0.0914627
0.0914645
0.0914686
0.0914731
0.0914758
0.0914746
0.0915071
0.0914914
0.0914821
0.0914778
0.0914765
0.0914765
0.0914755
0.0914712
0.0915489
0.0915228
0.0915048
0.0914928
0.0914852
0.0914798
0.0914744
0.0914665
0.0915964
0.0915577
0.091529
0.0915082
0.0914932
0.0914817
0.0914714
0.0914596
0.091646
0.0915929
0.0915523
0.0915218
0.0914988
0.0914808
0.0914653
0.0914495
0.0916921
0.0916241
0.0915715
0.0915313
0.0915005
0.0914763
0.0914558
0.0914362
0.0917274
0.0916464
0.0915836
0.0915352
0.0914979
0.0914686
0.091444
0.0914215
0.0917457
0.0916568
0.0915879
0.0915347
0.0914936
0.0914612
0.0914343
0.0914098
0.0554001
0.0739158
0.08565
0.0896116
0.0905462
0.0904299
0.0900568
0.089664
0.0892987
0.0889722
0.0886852
0.0884358
0.0882212
0.0880383
0.0878839
0.0877545
0.0876463
0.0875556
0.0874783
0.0874105
0.0873477
0.0872847
0.0872152
0.0871307
0.0870202
0.0868686
0.0866552
0.086352
0.0859201
0.0853047
0.0844265
0.0831659
0.0813339
0.0786149
0.0744409
0.0676733
0.0554856
0.0267671
0.0855022
0.0903217
0.0927058
0.0931218
0.0928572
0.0923097
0.0917087
0.0911569
0.0906792
0.0902716
0.0899254
0.0896321
0.0893846
0.0891767
0.089003
0.0888584
0.088738
0.0886373
0.0885516
0.0884764
0.0884066
0.0883367
0.0882597
0.0881668
0.0880463
0.0878826
0.0876546
0.087334
0.0868815
0.0862421
0.0853358
0.0840421
0.0821705
0.0794021
0.0751635
0.0683063
0.0559821
0.0270299
0.100019
0.0979678
0.0963552
0.0951841
0.0942982
0.0935143
0.0928083
0.0921926
0.0916663
0.0912199
0.0908425
0.0905244
0.0902572
0.0900336
0.0898472
0.0896923
0.0895634
0.0894554
0.0893633
0.0892822
0.0892067
0.0891309
0.0890474
0.0889469
0.0888174
0.0886429
0.088402
0.0880659
0.0875952
0.0869346
0.0860035
0.0846809
0.0827749
0.0799645
0.0756731
0.068747
0.0563263
0.0272318
0.102975
0.0998595
0.0975567
0.0960451
0.0950187
0.0942056
0.0935047
0.0928934
0.092364
0.0919092
0.0915212
0.0911922
0.0909147
0.0906819
0.0904875
0.0903255
0.0901903
0.0900767
0.0899795
0.0898935
0.0898131
0.0897321
0.0896427
0.0895354
0.0893978
0.0892135
0.088961
0.0886112
0.0881244
0.0874449
0.0864921
0.0851441
0.0832083
0.0803623
0.0760276
0.0690477
0.0565572
0.0273786
0.102279
0.0995288
0.0975242
0.0961865
0.0952658
0.094539
0.0939073
0.0933431
0.0928412
0.0924
0.0920168
0.0916876
0.0914073
0.0911706
0.0909718
0.0908053
0.0906658
0.090548
0.0904467
0.0903565
0.0902719
0.0901862
0.0900916
0.0899782
0.0898333
0.0896404
0.0893776
0.0890156
0.0885145
0.0878186
0.0868467
0.0854768
0.0835155
0.0806397
0.0762698
0.069248
0.0567067
0.0274848
0.100747
0.098575
0.0970217
0.0959725
0.0952327
0.0946353
0.0941003
0.0936049
0.0931484
0.0927352
0.092368
0.0920471
0.0917702
0.0915341
0.0913341
0.0911656
0.0910235
0.0909028
0.0907984
0.090705
0.0906168
0.0905271
0.0904279
0.0903092
0.090158
0.0899575
0.0896856
0.089313
0.0887996
0.0880894
0.0871012
0.0857125
0.0837298
0.0808294
0.0764313
0.0693773
0.0568
0.0275632
0.099278
0.0975751
0.0963991
0.0956115
0.0950492
0.0945828
0.0941482
0.0937279
0.093325
0.0929481
0.0926044
0.092298
0.0920296
0.0917978
0.0915998
0.0914315
0.0912886
0.0911663
0.0910599
0.0909641
0.0908731
0.0907802
0.0906772
0.0905539
0.0903972
0.0901902
0.0899107
0.089529
0.089005
0.0882826
0.0872806
0.0858764
0.0838761
0.0809559
0.0765357
0.0694574
0.0568553
0.0276231
0.0980861
0.0967076
0.0958007
0.0952122
0.0947956
0.0944426
0.0940995
0.0937514
0.0934032
0.093066
0.09275
0.0924622
0.092206
0.0919819
0.0917883
0.0916223
0.0914803
0.0913579
0.0912506
0.0911534
0.0910604
0.090965
0.0908589
0.0907319
0.0905707
0.0903583
0.0900722
0.0896829
0.0891501
0.0884177
0.0874043
0.0859873
0.0839729
0.0810372
0.0766001
0.0695041
0.0568855
0.0276709
0.0971716
0.0960047
0.095276
0.0948264
0.0945186
0.0942561
0.0939898
0.0937059
0.0934091
0.0931115
0.0928248
0.0925581
0.0923167
0.0921026
0.0919156
0.0917538
0.0916141
0.0914929
0.0913858
0.091288
0.0911939
0.0910968
0.0909885
0.0908586
0.0906937
0.0904768
0.0901855
0.0897899
0.0892498
0.0885092
0.0874867
0.0860597
0.0840342
0.0810866
0.076637
0.0695283
0.0568994
0.0277107
0.0964825
0.0954501
0.0948343
0.094476
0.0942444
0.0940496
0.0938448
0.093615
0.0933641
0.0931036
0.0928459
0.0926012
0.0923759
0.0921735
0.0919948
0.0918386
0.0917027
0.0915837
0.0914778
0.0913804
0.0912859
0.0911879
0.091078
0.0909459
0.0907783
0.0905578
0.0902622
0.0898616
0.0893158
0.0885686
0.0875389
0.0861041
0.0840703
0.0811138
0.0766551
0.0695376
0.0569027
0.027745
0.0959627
0.0950153
0.0944685
0.0941671
0.0939862
0.0938399
0.093682
0.0934963
0.0932848
0.0930578
0.0928276
0.0926045
0.092396
0.0922062
0.0920368
0.0918874
0.0917562
0.0916404
0.0915366
0.0914403
0.0913462
0.0912478
0.091137
0.0910035
0.0908337
0.0906106
0.0903116
0.089907
0.0893567
0.0886045
0.0875693
0.0861286
0.0840886
0.0811258
0.0766606
0.0695371
0.0568992
0.0277754
0.0955655
0.094672
0.094166
0.0938983
0.0937492
0.0936363
0.0935134
0.0933626
0.093184
0.0929865
0.0927814
0.092579
0.092387
0.0922101
0.0920506
0.0919087
0.091783
0.0916712
0.0915701
0.0914755
0.0913823
0.0912843
0.0911732
0.0910387
0.0908675
0.0906424
0.0903409
0.0899333
0.0893795
0.0886234
0.0875841
0.0861391
0.0840946
0.0811273
0.0766576
0.0695302
0.0568911
0.0278028
0.0952551
0.0943964
0.0939139
0.0936648
0.0935347
0.093444
0.0933465
0.093223
0.0930715
0.0928992
0.0927165
0.0925333
0.0923572
0.0921931
0.0920437
0.0919096
0.0917898
0.0916825
0.0915846
0.0914923
0.0914006
0.0913032
0.0911923
0.0910574
0.0908853
0.0906588
0.0903554
0.0899455
0.0893891
0.0886303
0.0875879
0.0861398
0.0840922
0.0811217
0.0766491
0.0695191
0.05688
0.0278278
0.0950049
0.0941698
0.0937006
0.093461
0.0933415
0.093265
0.0931858
0.0930833
0.0929539
0.0928032
0.0926403
0.0924745
0.0923132
0.0921614
0.0920219
0.0918957
0.0917822
0.0916796
0.0915853
0.0914955
0.0914056
0.0913094
0.091199
0.0910641
0.0908915
0.090664
0.0903593
0.0899478
0.0893895
0.0886286
0.0875841
0.0861338
0.0840841
0.0811115
0.0766368
0.0695051
0.0568667
0.0278506
0.0947964
0.0939782
0.0935167
0.0932814
0.0931674
0.0931
0.0930339
0.0929477
0.0928362
0.0927036
0.0925579
0.0924078
0.0922601
0.0921199
0.09199
0.0918716
0.0917642
0.0916665
0.0915759
0.091489
0.0914011
0.0913063
0.0911967
0.0910621
0.0908893
0.0906613
0.0903557
0.0899431
0.0893834
0.088621
0.087575
0.0861232
0.0840721
0.0810981
0.076622
0.0694891
0.0568518
0.0278714
0.0946165
0.0938117
0.0933552
0.0931216
0.0930102
0.0929485
0.0928919
0.0928183
0.0927214
0.092604
0.0924734
0.0923371
0.0922018
0.0920723
0.0919514
0.0918405
0.0917392
0.0916463
0.0915595
0.0914756
0.0913899
0.0912966
0.091188
0.0910539
0.0908813
0.090653
0.0903469
0.0899334
0.0893728
0.0886094
0.0875624
0.0861096
0.0840575
0.0810826
0.0766055
0.0694716
0.0568355
0.0278903
0.0944565
0.0936635
0.093211
0.0929781
0.0928678
0.0928098
0.0927602
0.0926965
0.0926115
0.0925071
0.0923893
0.0922652
0.0921411
0.0920214
0.0919089
0.091805
0.0917095
0.0916214
0.0915384
0.0914574
0.091374
0.0912824
0.0911749
0.0910416
0.0908692
0.0906409
0.0903344
0.0899205
0.0893592
0.0885951
0.0875474
0.086094
0.0840413
0.0810658
0.0765878
0.0694532
0.0568182
0.0279074
0.094311
0.0935292
0.0930805
0.0928482
0.0927384
0.0926829
0.0926387
0.0925829
0.0925077
0.0924142
0.0923075
0.0921942
0.0920799
0.0919691
0.0918643
0.091767
0.091677
0.0915934
0.0915141
0.091436
0.0913549
0.0912651
0.0911589
0.0910263
0.0908544
0.0906262
0.0903196
0.0899053
0.0893436
0.0885791
0.0875309
0.0860771
0.084024
0.081048
0.0765694
0.069434
0.0568
0.0279227
0.0941764
0.0934059
0.0929614
0.0927299
0.0926206
0.0925671
0.092527
0.0924776
0.0924106
0.0923262
0.0922291
0.0921252
0.0920197
0.0919169
0.0918192
0.0917279
0.0916431
0.0915637
0.0914879
0.0914127
0.0913339
0.0912458
0.0911409
0.0910092
0.0908378
0.0906099
0.0903033
0.0898888
0.0893269
0.088562
0.0875135
0.0860595
0.0840061
0.0810297
0.0765504
0.0694141
0.056781
0.0279362
0.0940509
0.093292
0.0928523
0.0926221
0.0925133
0.0924613
0.0924245
0.0923804
0.0923202
0.0922436
0.0921548
0.092059
0.0919613
0.0918656
0.0917743
0.0916885
0.0916085
0.0915332
0.0914608
0.0913883
0.0913117
0.0912253
0.0911217
0.090991
0.0908202
0.0905926
0.0902861
0.0898715
0.0893094
0.0885443
0.0874957
0.0860415
0.0839879
0.081011
0.076531
0.0693938
0.0567613
0.027948
0.0939331
0.0931864
0.0927521
0.0925237
0.0924156
0.0923649
0.0923308
0.092291
0.0922364
0.0921665
0.0920847
0.0919961
0.0919053
0.0918159
0.0917303
0.0916497
0.091574
0.0915025
0.0914332
0.0913634
0.0912889
0.0912042
0.0911019
0.0909721
0.090802
0.0905747
0.0902684
0.0898539
0.0892917
0.0885265
0.0874777
0.0860233
0.0839695
0.0809923
0.0765115
0.0693732
0.056741
0.027958
0.0938226
0.0930884
0.0926601
0.092434
0.0923267
0.0922771
0.0922452
0.0922088
0.092159
0.0920946
0.092019
0.0919366
0.0918519
0.0917682
0.0916878
0.0916117
0.0915401
0.0914721
0.0914058
0.0913384
0.091266
0.0911829
0.0910819
0.0909531
0.0907836
0.0905568
0.0902506
0.0898362
0.0892739
0.0885086
0.0874598
0.0860053
0.0839512
0.0809735
0.0764918
0.0693522
0.0567202
0.0279664
0.0937189
0.0929978
0.0925759
0.0923523
0.092246
0.0921973
0.092167
0.0921335
0.0920876
0.0920279
0.0919575
0.0918806
0.0918012
0.0917225
0.0916468
0.091575
0.0915071
0.0914423
0.0913787
0.0913137
0.0912432
0.0911617
0.091062
0.0909341
0.0907653
0.0905389
0.090233
0.0898186
0.0892564
0.088491
0.0874421
0.0859874
0.0839331
0.0809549
0.0764722
0.0693312
0.0566989
0.0279731
0.0936215
0.092914
0.092499
0.0922782
0.0921729
0.0921248
0.0920958
0.0920645
0.0920217
0.0919661
0.0919001
0.0918279
0.0917532
0.0916791
0.0916076
0.0915396
0.0914751
0.0914133
0.0913523
0.0912895
0.0912208
0.0911409
0.0910423
0.0909154
0.0907473
0.0905213
0.0902157
0.0898014
0.0892392
0.0884738
0.0874248
0.0859699
0.0839153
0.0809364
0.0764526
0.06931
0.0566773
0.0279783
0.0935302
0.0928368
0.0924289
0.0922111
0.0921067
0.092059
0.0920308
0.0920011
0.0919609
0.0919086
0.0918466
0.0917785
0.091708
0.0916379
0.0915702
0.0915057
0.0914443
0.0913853
0.0913267
0.091266
0.0911991
0.0911206
0.0910232
0.0908971
0.0907297
0.0905041
0.0901988
0.0897847
0.0892225
0.0884571
0.0874079
0.0859529
0.0838979
0.0809183
0.0764332
0.0692888
0.0566553
0.0279818
0.0934445
0.0927657
0.0923653
0.0921505
0.0920469
0.0919994
0.0919716
0.0919431
0.0919049
0.0918553
0.0917966
0.0917321
0.0916653
0.0915989
0.0915346
0.0914733
0.0914148
0.0913583
0.091302
0.0912432
0.091178
0.0911009
0.0910046
0.0908794
0.0907126
0.0904876
0.0901825
0.0897685
0.0892064
0.0884409
0.0873917
0.0859364
0.0838809
0.0809005
0.076414
0.0692676
0.0566332
0.0279839
0.093364
0.0927003
0.0923077
0.092096
0.0919931
0.0919454
0.0919176
0.0918898
0.0918531
0.0918059
0.0917499
0.0916886
0.0916251
0.0915619
0.0915008
0.0914424
0.0913866
0.0913325
0.0912783
0.0912213
0.0911577
0.0910819
0.0909867
0.0908624
0.0906962
0.0904716
0.0901668
0.089753
0.0891909
0.0884254
0.087376
0.0859204
0.0838644
0.0808831
0.0763951
0.0692466
0.056611
0.0279846
0.093288
0.0926402
0.0922556
0.0920471
0.0919447
0.0918965
0.0918684
0.0918409
0.0918053
0.0917598
0.0917063
0.0916477
0.0915872
0.091527
0.0914687
0.091413
0.0913597
0.0913078
0.0912556
0.0912004
0.0911382
0.0910637
0.0909695
0.090846
0.0906805
0.0904563
0.0901519
0.0897382
0.0891762
0.0884106
0.087361
0.0859051
0.0838485
0.0808661
0.0763766
0.0692258
0.0565886
0.0279839
0.0932162
0.0925849
0.0922086
0.0920033
0.0919012
0.0918524
0.0918236
0.0917959
0.091761
0.091717
0.0916655
0.0916094
0.0915515
0.091494
0.0914384
0.0913851
0.0913341
0.0912843
0.0912339
0.0911803
0.0911196
0.0910463
0.0909531
0.0908304
0.0906655
0.0904418
0.0901376
0.0897242
0.0891622
0.0883966
0.0873468
0.0858905
0.0838332
0.0808497
0.0763584
0.0692052
0.0565663
0.0279818
0.0931479
0.0925339
0.0921663
0.0919642
0.0918623
0.0918124
0.0917826
0.0917545
0.0917199
0.0916771
0.0916273
0.0915734
0.0915179
0.0914628
0.0914096
0.0913587
0.0913098
0.0912619
0.0912134
0.0911613
0.0911019
0.0910297
0.0909375
0.0908156
0.0906513
0.0904281
0.0901242
0.0897109
0.089149
0.0883833
0.0873333
0.0858766
0.0838186
0.0808339
0.0763407
0.0691849
0.0565441
0.0279786
0.0930826
0.0924869
0.0921283
0.0919293
0.0918275
0.0917764
0.0917452
0.0917164
0.0916819
0.0916398
0.0915916
0.0915395
0.0914862
0.0914334
0.0913824
0.0913337
0.0912868
0.0912408
0.0911938
0.0911432
0.0910851
0.091014
0.0909228
0.0908016
0.0906379
0.0904152
0.0901116
0.0896985
0.0891366
0.0883708
0.0873206
0.0858634
0.0838046
0.0808186
0.0763235
0.0691649
0.056522
0.0279741
0.0930198
0.0924434
0.0920942
0.0918985
0.0917965
0.0917439
0.0917111
0.0916812
0.0916465
0.091605
0.091558
0.0915077
0.0914563
0.0914057
0.0913568
0.09131
0.091265
0.0912207
0.0911754
0.0911262
0.0910693
0.0909993
0.0909089
0.0907885
0.0906254
0.090403
0.0900998
0.0896869
0.089125
0.0883591
0.0873086
0.085851
0.0837913
0.0808039
0.0763067
0.0691454
0.0565001
0.0279685
0.0929593
0.0924033
0.0920638
0.0918712
0.0917689
0.0917145
0.0916799
0.0916487
0.0916135
0.0915725
0.0915266
0.0914778
0.0914282
0.0913795
0.0913325
0.0912877
0.0912444
0.0912018
0.0911579
0.0911101
0.0910543
0.0909854
0.0908958
0.0907762
0.0906137
0.0903918
0.0900888
0.0896761
0.0891143
0.0883483
0.0872975
0.0858393
0.0837787
0.0807899
0.0762905
0.0691263
0.0564784
0.0279619
0.0929
0.092366
0.0920367
0.0918473
0.0917444
0.0916881
0.0916513
0.0916187
0.0915829
0.0915421
0.091497
0.0914496
0.0914017
0.0913548
0.0913097
0.0912666
0.0912251
0.091184
0.0911415
0.0910949
0.0910403
0.0909723
0.0908837
0.0907647
0.0906027
0.0903813
0.0900787
0.0896661
0.0891044
0.0883383
0.0872872
0.0858284
0.0837668
0.0807765
0.0762749
0.0691076
0.0564571
0.0279543
0.0928414
0.0923307
0.0920122
0.0918262
0.0917227
0.0916642
0.0916252
0.0915908
0.0915543
0.0915135
0.0914692
0.0914231
0.0913767
0.0913315
0.0912882
0.0912468
0.0912068
0.0911672
0.0911261
0.0910808
0.0910272
0.0909602
0.0908723
0.090754
0.0905926
0.0903716
0.0900693
0.089657
0.0890953
0.0883291
0.0872776
0.0858182
0.0837557
0.0807638
0.0762599
0.0690895
0.0564361
0.0279458
0.0927832
0.0922969
0.0919898
0.0918073
0.0917033
0.0916426
0.0916012
0.0915651
0.0915276
0.0914868
0.0914432
0.0913981
0.0913532
0.0913096
0.0912679
0.0912281
0.0911897
0.0911515
0.0911117
0.0910675
0.091015
0.0909488
0.0908618
0.0907441
0.0905833
0.0903628
0.0900608
0.0896486
0.089087
0.0883206
0.0872688
0.0858088
0.0837452
0.0807517
0.0762455
0.0690719
0.0564156
0.0279364
0.0927251
0.0922642
0.091969
0.0917904
0.0916859
0.0916228
0.091579
0.091541
0.0915026
0.0914617
0.0914186
0.0913747
0.0913311
0.091289
0.0912489
0.0912106
0.0911736
0.0911368
0.0910982
0.0910551
0.0910036
0.0909383
0.090852
0.0907351
0.0905748
0.0903546
0.090053
0.089641
0.0890794
0.088313
0.0872608
0.0858001
0.0837354
0.0807403
0.0762316
0.0690549
0.0563954
0.0279263
0.0926671
0.0922323
0.0919495
0.0917749
0.0916699
0.0916047
0.0915584
0.0915186
0.0914792
0.0914381
0.0913956
0.0913526
0.0913104
0.0912697
0.091231
0.0911942
0.0911586
0.0911231
0.0910856
0.0910436
0.090993
0.0909286
0.090843
0.0907267
0.090567
0.0903473
0.0900459
0.0896342
0.0890726
0.088306
0.0872535
0.0857921
0.0837263
0.0807295
0.0762184
0.0690384
0.0563758
0.0279155
0.092609
0.0922011
0.0919309
0.0917605
0.0916553
0.0915879
0.0915392
0.0914975
0.0914571
0.0914159
0.0913738
0.0913318
0.0912908
0.0912515
0.0912143
0.0911788
0.0911446
0.0911102
0.0910739
0.0910329
0.0909833
0.0909196
0.0908348
0.0907191
0.0905599
0.0903406
0.0900396
0.089628
0.0890665
0.0882998
0.0872469
0.0857848
0.0837179
0.0807194
0.0762058
0.0690225
0.0563567
0.027904
0.0925511
0.0921702
0.091913
0.091747
0.0916416
0.0915722
0.0915212
0.0914777
0.0914363
0.0913949
0.0913533
0.0913122
0.0912724
0.0912345
0.0911986
0.0911645
0.0911315
0.0910983
0.0910631
0.091023
0.0909743
0.0909114
0.0908273
0.0907122
0.0905535
0.0903346
0.0900339
0.0896225
0.0890611
0.0882942
0.0872409
0.0857781
0.0837101
0.0807098
0.0761938
0.0690072
0.0563381
0.027892
0.0924934
0.0921397
0.0918956
0.0917341
0.0916287
0.0915574
0.0915042
0.091459
0.0914166
0.091375
0.0913339
0.0912937
0.0912551
0.0912184
0.0911839
0.091151
0.0911193
0.0910872
0.091053
0.0910139
0.090966
0.0909039
0.0908204
0.0907059
0.0905477
0.0903292
0.0900289
0.0896177
0.0890563
0.0882893
0.0872356
0.085772
0.0837028
0.0807008
0.0761823
0.0689925
0.0563201
0.0278795
0.0924362
0.0921095
0.0918784
0.0917215
0.0916163
0.0915433
0.091488
0.0914412
0.091398
0.0913563
0.0913156
0.0912763
0.0912388
0.0912034
0.0911701
0.0911385
0.0911079
0.0910769
0.0910437
0.0910055
0.0909584
0.090897
0.0908141
0.0907002
0.0905425
0.0903245
0.0900244
0.0896134
0.0890521
0.0882849
0.0872308
0.0857665
0.0836961
0.0806924
0.0761715
0.0689784
0.0563027
0.0278665
0.0923798
0.0920795
0.0918613
0.0917092
0.0916043
0.0915298
0.0914726
0.0914243
0.0913803
0.0913385
0.0912983
0.0912599
0.0912234
0.0911893
0.0911572
0.0911268
0.0910973
0.0910674
0.0910351
0.0909977
0.0909514
0.0908907
0.0908085
0.0906951
0.0905379
0.0903202
0.0900205
0.0896097
0.0890484
0.0882811
0.0872266
0.0857615
0.0836899
0.0806844
0.0761611
0.0689649
0.0562859
0.0278531
0.0923245
0.0920498
0.0918443
0.0916969
0.0915926
0.0915167
0.0914578
0.0914082
0.0913635
0.0913216
0.0912819
0.0912444
0.091209
0.091176
0.0911451
0.0911159
0.0910874
0.0910585
0.0910271
0.0909906
0.090945
0.090885
0.0908033
0.0906905
0.0905337
0.0903165
0.090017
0.0896064
0.0890452
0.0882777
0.0872228
0.0857569
0.0836841
0.0806769
0.0761511
0.0689518
0.0562695
0.0278394
0.0922705
0.0920204
0.0918271
0.0916845
0.0915809
0.0915039
0.0914435
0.0913927
0.0913475
0.0913057
0.0912665
0.0912297
0.0911955
0.0911636
0.0911338
0.0911057
0.0910783
0.0910503
0.0910198
0.090984
0.0909391
0.0908797
0.0907987
0.0906863
0.09053
0.0903131
0.090014
0.0896035
0.0890423
0.0882746
0.0872193
0.0857527
0.0836786
0.0806696
0.0761414
0.0689389
0.0562532
0.0278264
0.0922182
0.0919913
0.0918099
0.091672
0.0915692
0.0914913
0.0914297
0.0913779
0.0913322
0.0912905
0.0912518
0.091216
0.0911827
0.0911519
0.0911233
0.0910962
0.0910698
0.0910427
0.0910131
0.090978
0.0909338
0.090875
0.0907945
0.0906826
0.0905267
0.0903102
0.0900113
0.089601
0.0890398
0.0882719
0.087216
0.0857486
0.0836733
0.0806624
0.0761317
0.068926
0.0562369
0.0278166
0.0921677
0.0919627
0.0917925
0.0916593
0.0915575
0.0914789
0.0914162
0.0913636
0.0913176
0.0912761
0.091238
0.091203
0.0911707
0.091141
0.0911134
0.0910874
0.0910619
0.0910357
0.0910069
0.0909725
0.0909289
0.0908707
0.0907907
0.0906793
0.0905238
0.0903076
0.090009
0.0895988
0.0890376
0.0882695
0.0872131
0.0857448
0.0836681
0.0806553
0.0761221
0.0689132
0.0562208
0.0278077
0.0921193
0.0919345
0.0917749
0.0916462
0.0915456
0.0914666
0.0914031
0.0913499
0.0913037
0.0912624
0.0912249
0.0911907
0.0911595
0.0911308
0.0911043
0.0910792
0.0910546
0.0910293
0.0910011
0.0909675
0.0909245
0.0908668
0.0907873
0.0906763
0.0905212
0.0903054
0.090007
0.089597
0.0890357
0.0882673
0.0872105
0.0857412
0.0836632
0.0806486
0.0761127
0.0689007
0.0562053
0.0277988
0.092073
0.0919068
0.0917571
0.0916329
0.0915335
0.0914544
0.0913902
0.0913366
0.0912903
0.0912493
0.0912125
0.0911792
0.0911489
0.0911212
0.0910957
0.0910715
0.0910479
0.0910233
0.0909959
0.0909629
0.0909205
0.0908633
0.0907843
0.0906737
0.090519
0.0903035
0.0900053
0.0895954
0.0890341
0.0882655
0.0872081
0.085738
0.0836587
0.0806421
0.0761038
0.0688887
0.0561904
0.0277896
0.0920289
0.0918796
0.0917392
0.0916193
0.0915213
0.0914422
0.0913776
0.0913237
0.0912775
0.0912369
0.0912008
0.0911683
0.091139
0.0911123
0.0910877
0.0910645
0.0910416
0.0910178
0.0909911
0.0909587
0.0909168
0.0908602
0.0907816
0.0906715
0.0905171
0.0903019
0.090004
0.0895942
0.0890328
0.088264
0.087206
0.0857351
0.0836544
0.0806361
0.0760954
0.0688773
0.0561762
0.0277801
0.091987
0.091853
0.0917212
0.0916053
0.0915088
0.09143
0.0913653
0.0913113
0.0912652
0.0912251
0.0911897
0.091158
0.0911296
0.0911039
0.0910802
0.0910579
0.0910358
0.0910127
0.0909867
0.0909549
0.0909135
0.0908574
0.0907792
0.0906695
0.0905155
0.0903005
0.0900028
0.0895932
0.0890318
0.0882627
0.0872043
0.0857325
0.0836506
0.0806305
0.0760875
0.0688667
0.0561629
0.0277704
0.0919474
0.0918271
0.0917031
0.0915912
0.0914963
0.0914178
0.0913532
0.0912992
0.0912534
0.0912138
0.0911791
0.0911484
0.0911209
0.0910961
0.0910733
0.0910517
0.0910304
0.091008
0.0909826
0.0909514
0.0909105
0.0908548
0.0907771
0.0906677
0.0905141
0.0902994
0.0900019
0.0895924
0.089031
0.0882617
0.0872028
0.0857302
0.0836471
0.0806254
0.0760802
0.0688568
0.0561504
0.0277606
0.0919099
0.0918017
0.0916849
0.0915768
0.0914835
0.0914057
0.0913413
0.0912876
0.0912422
0.0912032
0.0911692
0.0911393
0.0911127
0.0910887
0.0910668
0.091046
0.0910255
0.0910037
0.0909788
0.0909481
0.0909078
0.0908526
0.0907752
0.0906662
0.0905129
0.0902985
0.0900013
0.0895919
0.0890304
0.0882609
0.0872016
0.0857282
0.083644
0.0806207
0.0760736
0.0688476
0.0561389
0.0277506
0.0918745
0.091777
0.0916667
0.0915622
0.0914707
0.0913937
0.0913296
0.0912763
0.0912314
0.091193
0.0911598
0.0911307
0.091105
0.0910819
0.0910607
0.0910407
0.0910208
0.0909997
0.0909754
0.0909452
0.0909053
0.0908505
0.0907735
0.0906649
0.0905119
0.0902978
0.0900008
0.0895915
0.0890301
0.0882604
0.0872007
0.0857266
0.0836413
0.0806166
0.0760675
0.0688393
0.0561283
0.0277406
0.091841
0.0917529
0.0916486
0.0915475
0.0914579
0.0913817
0.0913182
0.0912654
0.091221
0.0911833
0.0911509
0.0911226
0.0910977
0.0910755
0.0910551
0.0910358
0.0910165
0.090996
0.0909722
0.0909425
0.0909031
0.0908486
0.0907721
0.0906638
0.0905111
0.0902973
0.0900004
0.0895913
0.0890299
0.0882601
0.0871999
0.0857252
0.083639
0.0806129
0.0760621
0.0688318
0.0561187
0.0277306
0.0918095
0.0917294
0.0916306
0.0915328
0.091445
0.0913699
0.0913071
0.0912548
0.0912111
0.0911741
0.0911425
0.091115
0.091091
0.0910695
0.0910498
0.0910312
0.0910126
0.0909926
0.0909693
0.09094
0.090901
0.090847
0.0907707
0.0906628
0.0905104
0.0902969
0.0900002
0.0895912
0.0890299
0.0882599
0.0871995
0.0857242
0.083637
0.0806097
0.0760573
0.0688251
0.05611
0.0277207
0.0917796
0.0917066
0.0916127
0.0915181
0.0914322
0.0913582
0.0912962
0.0912446
0.0912016
0.0911654
0.0911345
0.0911079
0.0910846
0.0910638
0.0910449
0.0910269
0.0910089
0.0909894
0.0909666
0.0909378
0.0908991
0.0908454
0.0907695
0.0906619
0.0905098
0.0902966
0.0900002
0.0895913
0.08903
0.08826
0.0871992
0.0857234
0.0836354
0.0806069
0.0760531
0.0688191
0.0561023
0.0277109
0.0917515
0.0916845
0.0915951
0.0915034
0.0914194
0.0913467
0.0912856
0.0912348
0.0911925
0.0911571
0.091127
0.0911011
0.0910786
0.0910586
0.0910403
0.0910229
0.0910054
0.0909864
0.0909641
0.0909357
0.0908974
0.090844
0.0907685
0.0906611
0.0905093
0.0902964
0.0900002
0.0895915
0.0890303
0.0882601
0.0871991
0.0857228
0.0836341
0.0806047
0.0760495
0.068814
0.0560956
0.0277013
0.0917249
0.0916632
0.0915778
0.091489
0.0914069
0.0913355
0.0912754
0.0912254
0.0911839
0.0911492
0.0911199
0.0910948
0.091073
0.0910537
0.091036
0.0910192
0.0910022
0.0909837
0.0909618
0.0909337
0.0908958
0.0908428
0.0907675
0.0906605
0.090509
0.0902963
0.0900003
0.0895918
0.0890306
0.0882605
0.0871992
0.0857225
0.0836332
0.0806028
0.0760465
0.0688097
0.0560898
0.0276919
0.0916997
0.0916425
0.0915608
0.0914747
0.0913945
0.0913245
0.0912654
0.0912163
0.0911756
0.0911417
0.0911132
0.0910889
0.0910678
0.0910491
0.091032
0.0910157
0.0909992
0.0909812
0.0909596
0.0909319
0.0908943
0.0908416
0.0907667
0.0906599
0.0905087
0.0902962
0.0900005
0.0895922
0.0890311
0.0882609
0.0871995
0.0857224
0.0836325
0.0806014
0.0760441
0.0688061
0.056085
0.0276828
0.091676
0.0916226
0.0915442
0.0914607
0.0913825
0.0913138
0.0912558
0.0912077
0.0911678
0.0911347
0.0911069
0.0910833
0.0910628
0.0910448
0.0910283
0.0910125
0.0909965
0.0909788
0.0909576
0.0909302
0.090893
0.0908405
0.0907659
0.0906594
0.0905084
0.0902963
0.0900008
0.0895926
0.0890317
0.0882615
0.0871999
0.0857226
0.0836322
0.0806003
0.0760423
0.0688033
0.056081
0.0276739
0.0916537
0.0916035
0.0915282
0.0914471
0.0913707
0.0913035
0.0912466
0.0911994
0.0911604
0.091128
0.091101
0.091078
0.0910582
0.0910407
0.0910248
0.0910095
0.0909939
0.0909766
0.0909557
0.0909287
0.0908917
0.0908396
0.0907652
0.090659
0.0905083
0.0902963
0.0900011
0.0895931
0.0890323
0.0882621
0.0872005
0.0857229
0.0836321
0.0805997
0.076041
0.0688012
0.056078
0.0276654
0.0916327
0.0915852
0.0915127
0.0914339
0.0913593
0.0912935
0.0912378
0.0911915
0.0911533
0.0911217
0.0910954
0.0910731
0.0910539
0.091037
0.0910215
0.0910067
0.0909914
0.0909745
0.090954
0.0909272
0.0908905
0.0908387
0.0907645
0.0906586
0.0905081
0.0902965
0.0900015
0.0895937
0.089033
0.0882629
0.0872012
0.0857234
0.0836323
0.0805995
0.0760402
0.0687998
0.0560758
0.0276573
0.0916129
0.0915678
0.0914977
0.0914212
0.0913484
0.091284
0.0912293
0.091184
0.0911466
0.0911158
0.0910902
0.0910685
0.0910499
0.0910335
0.0910184
0.091004
0.0909892
0.0909726
0.0909524
0.0909259
0.0908894
0.0908378
0.0907639
0.0906583
0.0905081
0.0902966
0.0900019
0.0895943
0.0890338
0.0882637
0.087202
0.0857241
0.0836328
0.0805996
0.0760399
0.0687992
0.0560745
0.0276495
0.0915944
0.0915512
0.0914834
0.091409
0.0913379
0.0912748
0.0912213
0.0911769
0.0911403
0.0911103
0.0910853
0.0910642
0.0910461
0.0910302
0.0910156
0.0910016
0.0909871
0.0909708
0.0909508
0.0909246
0.0908884
0.090837
0.0907634
0.090658
0.090508
0.0902968
0.0900023
0.089595
0.0890346
0.0882647
0.087203
0.085725
0.0836335
0.0806001
0.0760401
0.0687991
0.0560739
0.0276421
0.0915771
0.0915356
0.0914698
0.0913973
0.0913278
0.0912661
0.0912137
0.0911702
0.0911344
0.091105
0.0910807
0.0910602
0.0910426
0.0910271
0.0910129
0.0909992
0.0909851
0.0909691
0.0909494
0.0909234
0.0908875
0.0908363
0.0907629
0.0906577
0.090508
0.090297
0.0900028
0.0895956
0.0890354
0.0882656
0.087204
0.085726
0.0836344
0.0806009
0.0760408
0.0687997
0.0560742
0.0276352
0.091561
0.0915208
0.091457
0.0913862
0.0913183
0.0912579
0.0912065
0.0911639
0.0911289
0.0911001
0.0910764
0.0910564
0.0910393
0.0910242
0.0910104
0.0909971
0.0909832
0.0909675
0.0909481
0.0909223
0.0908866
0.0908357
0.0907625
0.0906575
0.090508
0.0902973
0.0900032
0.0895963
0.0890363
0.0882667
0.0872051
0.0857271
0.0836355
0.080602
0.0760419
0.0688009
0.0560752
0.0276288
0.0915461
0.0915071
0.0914448
0.0913757
0.0913093
0.0912501
0.0911997
0.0911579
0.0911237
0.0910956
0.0910723
0.0910529
0.0910362
0.0910215
0.0910081
0.0909951
0.0909815
0.090966
0.0909468
0.0909213
0.0908858
0.0908351
0.0907621
0.0906573
0.090508
0.0902976
0.0900037
0.0895971
0.0890373
0.0882678
0.0872064
0.0857284
0.0836369
0.0806034
0.0760435
0.0688026
0.0560769
0.0276228
0.0915324
0.0914943
0.0914335
0.0913659
0.0913008
0.0912427
0.0911933
0.0911524
0.0911188
0.0910913
0.0910686
0.0910496
0.0910333
0.091019
0.0910059
0.0909932
0.0909799
0.0909646
0.0909457
0.0909204
0.090885
0.0908345
0.0907617
0.0906571
0.0905081
0.0902979
0.0900043
0.0895978
0.0890382
0.0882689
0.0872076
0.0857298
0.0836384
0.0806051
0.0760454
0.0688049
0.0560792
0.0276172
0.09152
0.0914825
0.0914229
0.0913567
0.0912928
0.0912358
0.0911873
0.0911471
0.0911142
0.0910873
0.0910651
0.0910465
0.0910306
0.0910167
0.0910039
0.0909914
0.0909783
0.0909633
0.0909446
0.0909194
0.0908843
0.090834
0.0907614
0.090657
0.0905082
0.0902982
0.0900048
0.0895986
0.0890392
0.0882701
0.087209
0.0857313
0.08364
0.080607
0.0760476
0.0688075
0.0560821
0.0276122
0.0915088
0.0914716
0.0914131
0.091348
0.0912853
0.0912293
0.0911816
0.0911422
0.0911098
0.0910834
0.0910617
0.0910436
0.0910281
0.0910144
0.0910019
0.0909897
0.0909769
0.0909621
0.0909435
0.0909186
0.0908836
0.0908334
0.090761
0.0906569
0.0905083
0.0902985
0.0900053
0.0895993
0.0890402
0.0882713
0.0872103
0.0857329
0.0836418
0.080609
0.0760501
0.0688106
0.0560855
0.0276076
0.0914989
0.0914617
0.0914039
0.0913399
0.0912781
0.0912231
0.0911762
0.0911374
0.0911057
0.0910798
0.0910585
0.0910408
0.0910256
0.0910123
0.0910001
0.0909881
0.0909755
0.0909609
0.0909425
0.0909178
0.090883
0.090833
0.0907608
0.0906568
0.0905084
0.0902988
0.0900059
0.0896001
0.0890412
0.0882725
0.0872117
0.0857345
0.0836437
0.0806112
0.0760528
0.068814
0.0560893
0.0276035
0.0914902
0.0914527
0.0913954
0.0913321
0.0912713
0.091217
0.0911709
0.0911327
0.0911016
0.0910762
0.0910554
0.091038
0.0910232
0.0910102
0.0909982
0.0909865
0.0909741
0.0909597
0.0909415
0.090917
0.0908823
0.0908325
0.0907605
0.0906567
0.0905085
0.0902991
0.0900064
0.0896009
0.0890421
0.0882736
0.0872131
0.0857361
0.0836455
0.0806135
0.0760556
0.0688175
0.0560934
0.0275997
0.0914826
0.0914443
0.0913872
0.0913246
0.0912645
0.091211
0.0911656
0.0911281
0.0910975
0.0910726
0.0910522
0.0910352
0.0910208
0.0910081
0.0909964
0.0909849
0.0909728
0.0909586
0.0909405
0.0909161
0.0908817
0.090832
0.0907602
0.0906566
0.0905086
0.0902994
0.0900069
0.0896016
0.0890431
0.0882748
0.0872145
0.0857377
0.0836474
0.0806157
0.0760584
0.0688211
0.0560975
0.0275963
0.0914758
0.0914363
0.0913791
0.0913169
0.0912575
0.0912047
0.09116
0.0911232
0.0910932
0.0910688
0.0910489
0.0910324
0.0910183
0.0910059
0.0909945
0.0909833
0.0909713
0.0909573
0.0909395
0.0909153
0.090881
0.0908315
0.0907599
0.0906564
0.0905086
0.0902997
0.0900074
0.0896023
0.089044
0.0882759
0.0872158
0.0857391
0.0836491
0.0806178
0.076061
0.0688246
0.0561016
0.0275931
0.0914695
0.0914283
0.0913707
0.0913088
0.09125
0.091198
0.091154
0.0911179
0.0910885
0.0910647
0.0910453
0.0910292
0.0910156
0.0910035
0.0909924
0.0909815
0.0909698
0.090956
0.0909384
0.0909144
0.0908803
0.090831
0.0907595
0.0906563
0.0905087
0.0902999
0.0900079
0.0896029
0.0890448
0.0882769
0.0872169
0.0857405
0.0836507
0.0806196
0.0760634
0.0688277
0.0561053
0.0275901
0.091463
0.0914197
0.0913614
0.0912998
0.0912416
0.0911904
0.0911473
0.0911119
0.0910833
0.0910601
0.0910413
0.0910257
0.0910125
0.0910009
0.0909901
0.0909795
0.0909681
0.0909545
0.0909371
0.0909133
0.0908794
0.0908303
0.090759
0.090656
0.0905086
0.0903001
0.0900082
0.0896035
0.0890456
0.0882778
0.087218
0.0857416
0.0836519
0.0806211
0.0760653
0.0688302
0.0561082
0.0275869
0.0914557
0.0914097
0.0913506
0.0912892
0.0912318
0.0911815
0.0911394
0.091105
0.0910772
0.0910549
0.0910367
0.0910217
0.091009
0.0909978
0.0909875
0.0909772
0.0909661
0.0909528
0.0909357
0.0909121
0.0908784
0.0908295
0.0907584
0.0906556
0.0905084
0.0903001
0.0900085
0.0896039
0.0890462
0.0882785
0.0872188
0.0857425
0.0836529
0.0806221
0.0760664
0.0688316
0.0561099
0.0275835
0.0914465
0.0913976
0.0913377
0.0912767
0.0912202
0.0911711
0.0911302
0.091097
0.0910702
0.0910488
0.0910314
0.0910171
0.091005
0.0909943
0.0909844
0.0909745
0.0909638
0.0909509
0.090934
0.0909107
0.0908772
0.0908286
0.0907577
0.0906551
0.0905081
0.0903
0.0900086
0.0896042
0.0890466
0.0882791
0.0872194
0.0857431
0.0836534
0.0806225
0.0760666
0.0688317
0.0561097
0.0275794
0.0914347
0.0913827
0.0913222
0.0912618
0.0912067
0.0911592
0.0911197
0.0910878
0.0910623
0.0910418
0.0910254
0.0910118
0.0910004
0.0909903
0.0909809
0.0909715
0.0909612
0.0909486
0.0909321
0.090909
0.0908758
0.0908274
0.0907568
0.0906544
0.0905076
0.0902997
0.0900085
0.0896043
0.0890468
0.0882794
0.0872198
0.0857434
0.0836534
0.0806222
0.0760658
0.0688302
0.0561071
0.0275742
0.0914196
0.0913648
0.0913042
0.091245
0.0911916
0.0911458
0.0911082
0.0910778
0.0910536
0.0910343
0.0910188
0.0910061
0.0909954
0.090986
0.0909771
0.0909682
0.0909583
0.0909461
0.0909299
0.0909072
0.0908743
0.0908261
0.0907557
0.0906536
0.090507
0.0902993
0.0900082
0.0896042
0.0890468
0.0882795
0.0872199
0.0857434
0.0836532
0.0806213
0.0760639
0.0688267
0.0561015
0.0275674
0.0914017
0.0913449
0.0912847
0.0912272
0.0911758
0.0911321
0.0910963
0.0910675
0.0910447
0.0910266
0.0910121
0.0910003
0.0909903
0.0909815
0.0909733
0.0909648
0.0909553
0.0909435
0.0909277
0.0909053
0.0908726
0.0908247
0.0907546
0.0906526
0.0905062
0.0902987
0.0900077
0.0896039
0.0890466
0.0882794
0.0872197
0.0857432
0.0836527
0.0806202
0.0760615
0.0688218
0.0560925
0.0275586
0.0913835
0.0913255
0.0912664
0.0912107
0.0911614
0.0911197
0.0910857
0.0910584
0.0910368
0.0910197
0.0910061
0.0909951
0.0909857
0.0909775
0.0909698
0.0909618
0.0909526
0.0909412
0.0909257
0.0909035
0.0908711
0.0908234
0.0907535
0.0906517
0.0905054
0.090298
0.0900072
0.0896034
0.0890462
0.0882791
0.0872195
0.0857428
0.0836521
0.0806191
0.0760592
0.0688167
0.056082
0.0275484
0.0913699
0.091312
0.0912539
0.0911997
0.0911519
0.0911116
0.0910787
0.0910524
0.0910317
0.0910153
0.0910022
0.0909916
0.0909827
0.0909749
0.0909674
0.0909597
0.0909509
0.0909396
0.0909243
0.0909023
0.0908701
0.0908226
0.0907527
0.090651
0.0905048
0.0902975
0.0900067
0.089603
0.0890459
0.0882787
0.0872191
0.0857425
0.0836517
0.0806184
0.0760577
0.0688137
0.0560754
0.027538
)
;

boundaryField
{
    leftWall
    {
        type            kqRWallFunction;
        value           nonuniform List<scalar> 
100
(
0.00803125
0.0128769
0.0154635
0.0173284
0.0187734
0.019935
0.0208898
0.0216882
0.0223643
0.0229403
0.0234294
0.0238394
0.024176
0.0244458
0.0246597
0.0248327
0.02499
0.0251949
0.0253991
0.0256143
0.0258402
0.0260729
0.0263087
0.0265442
0.0267771
0.0270055
0.0272282
0.0274441
0.0276527
0.0278536
0.0280464
0.028231
0.0284074
0.0285755
0.0287352
0.0288866
0.0290299
0.0291652
0.0292933
0.0294151
0.0295334
0.0296533
0.0297862
0.0299529
0.0301911
0.0305666
0.0311773
0.0320341
0.0332725
0.0359123
0.0365091
0.0372497
0.0368538
0.0357331
0.0350683
0.0350825
0.0353044
0.035408
0.0353439
0.0351585
0.03489
0.0345755
0.0342392
0.0338947
0.0335486
0.0332044
0.0328662
0.0325365
0.0322155
0.0319033
0.0316024
0.031315
0.0310415
0.0307797
0.030528
0.0302863
0.0300557
0.0298375
0.0296325
0.0294408
0.0292616
0.0290923
0.0289287
0.0287667
0.0286046
0.0284456
0.0282977
0.0281725
0.0280826
0.0280408
0.0280636
0.028181
0.0284553
0.029013
0.0300986
0.0321981
0.0362605
0.0440098
0.0590229
0.0928898
)
;
    }
    rightWall
    {
        type            kqRWallFunction;
        value           nonuniform List<scalar> 
100
(
0.0148307
0.015727
0.0172965
0.0189019
0.0203391
0.0215676
0.0225956
0.0234454
0.0241423
0.0247111
0.0251741
0.0255506
0.0258578
0.0261109
0.026324
0.0265088
0.0267671
0.0270299
0.0272318
0.0273786
0.0274848
0.0275632
0.0276231
0.0276709
0.0277107
0.027745
0.0277754
0.0278028
0.0278278
0.0278506
0.0278714
0.0278903
0.0279074
0.0279227
0.0279362
0.027948
0.027958
0.0279664
0.0279731
0.0279783
0.0279818
0.0279839
0.0279846
0.0279839
0.0279818
0.0279786
0.0279741
0.0279685
0.0279619
0.0279543
0.0279458
0.0279364
0.0279263
0.0279155
0.027904
0.027892
0.0278795
0.0278665
0.0278531
0.0278394
0.0278264
0.0278166
0.0278077
0.0277988
0.0277896
0.0277801
0.0277704
0.0277606
0.0277506
0.0277406
0.0277306
0.0277207
0.0277109
0.0277013
0.0276919
0.0276828
0.0276739
0.0276654
0.0276573
0.0276495
0.0276421
0.0276352
0.0276288
0.0276228
0.0276172
0.0276122
0.0276076
0.0276035
0.0275997
0.0275963
0.0275931
0.0275901
0.0275869
0.0275835
0.0275794
0.0275742
0.0275674
0.0275586
0.0275484
0.027538
)
;
    }
    lowerWall
    {
        type            kqRWallFunction;
        value           nonuniform List<scalar> 
124
(
0.00803125
0.0115316
0.0154491
0.0182016
0.0201887
0.0216769
0.0228353
0.023778
0.0245844
0.0253112
0.0260003
0.0266845
0.0273908
0.0281439
0.0289675
0.0298874
0.0309327
0.0321371
0.0335379
0.0351708
0.0370542
0.0391588
0.0413633
0.0434068
0.0448816
0.0453044
0.0442575
0.0417481
0.0386658
0.0352042
0.0317052
0.0285543
0.0261728
0.0248706
0.0241539
0.0235175
0.023198
0.0242861
0.028644
0.0346794
0.0382112
0.0392177
0.0382984
0.0354448
0.0294605
0.0189742
0.0189742
0.0204404
0.0230434
0.0255266
0.0277434
0.0297187
0.031502
0.0331485
0.0347215
0.0362966
0.0379718
0.0398828
0.042229
0.0453047
0.0495212
0.0557951
0.0726536
0.0651516
0.0569346
0.0502571
0.0472918
0.0464611
0.0464601
0.0473438
0.0156296
0.015933
0.0173074
0.0188091
0.0201452
0.0212857
0.022266
0.023134
0.0239412
0.0247482
0.0256467
0.0268274
0.0287517
0.0323832
0.0386925
0.0469301
0.0156296
0.0244675
0.0310268
0.035329
0.037981
0.0393643
0.039541
0.0395457
0.0399522
0.039848
0.0400112
0.039569
0.0392755
0.0399256
0.0405281
0.0407948
0.0408631
0.0408605
0.0408412
0.0408208
0.040803
0.0407874
0.0407734
0.0407598
0.0407447
0.0407251
0.0406954
0.0406459
0.0405596
0.0404063
0.0401345
0.0396571
0.0388282
0.0374088
0.0350117
0.0310345
0.0246273
0.0148307
)
;
    }
    atmosphere
    {
        type            inletOutlet;
        inletValue      uniform 0.1;
        value           nonuniform List<scalar> 
92
(
0.1
0.1
0.1
0.1
0.1
0.1
0.1
0.1
0.1
0.1
0.1
0.1
0.1
0.1
0.1
0.1
0.1
0.1
0.1
0.1
0.1
0.1
0.1
0.1
0.1
0.1
0.1
0.1
0.1
0.1
0.1
0.1
0.1
0.1
0.1
0.1
0.1
0.1
0.1
0.1
0.1
0.0953183
0.093833
0.0929029
0.0923051
0.0919222
0.0917457
0.0916568
0.0915879
0.0915347
0.0914936
0.0914612
0.0914343
0.0914098
0.0913699
0.091312
0.0912539
0.0911997
0.0911519
0.0911116
0.0910787
0.0910524
0.0910317
0.0910153
0.0910022
0.0909916
0.0909827
0.0909749
0.0909674
0.0909597
0.0909509
0.0909396
0.0909243
0.0909023
0.0908701
0.0908226
0.0907527
0.090651
0.0905048
0.0902975
0.0900067
0.089603
0.0890459
0.0882787
0.0872191
0.0857425
0.0836517
0.0806184
0.0760577
0.0688137
0.0560754
0.027538
)
;
    }
    defaultFaces
    {
        type            empty;
    }
}


// ************************************************************************* //
