/*--------------------------------*- C++ -*----------------------------------*\
  =========                 |
  \\      /  F ield         | OpenFOAM: The Open Source CFD Toolbox
   \\    /   O peration     | Website:  https://openfoam.org
    \\  /    A nd           | Version:  7
     \\/     M anipulation  |
\*---------------------------------------------------------------------------*/
FoamFile
{
    version     2.0;
    format      ascii;
    class       volScalarField;
    location    "0.1";
    object      p;
}
// * * * * * * * * * * * * * * * * * * * * * * * * * * * * * * * * * * * * * //

dimensions      [1 -1 -2 0 0 0 0];

internalField   nonuniform List<scalar> 
9072
(
1595.7
1598.85
1599.99
1598.47
1593.63
1585.35
1573.75
1558.91
1540.93
1519.82
1495.6
1468.24
1437.67
1403.78
1366.42
1325.35
1280.25
1230.68
1176.03
1115.51
1048.02
972.18
886.425
789.336
680.607
562.61
442.643
335.306
246.59
178.272
124.342
81.7128
52.3913
30.1859
10.1031
3.84001
2.83278
2.58755
2.48071
2.42561
2.3951
2.37585
2.36626
2.36417
2.36726
2.37598
1565.56
1567.86
1567.98
1565.7
1560.43
1551.93
1540.2
1525.28
1507.22
1486.03
1461.71
1434.21
1403.48
1369.38
1331.76
1290.37
1244.86
1194.8
1139.54
1078.25
1009.83
932.892
845.938
747.728
638.248
520.398
401.734
293.117
208.265
145.336
96.0359
54.5374
21.6048
6.77579
2.812
2.41263
2.43551
2.45581
2.44568
2.41029
2.37425
2.35306
2.34268
2.33957
2.34068
2.34665
1535.5
1537.36
1536.44
1533.17
1527.22
1518.27
1506.24
1491.11
1472.86
1451.49
1426.98
1399.26
1368.26
1333.85
1295.84
1253.98
1207.9
1157.13
1101.02
1038.7
969.077
890.821
802.579
703.395
593.672
476.921
360.98
256.442
174.099
112.589
64.1919
27.1527
7.92029
3.17859
2.49709
2.42019
2.36863
2.38825
2.39239
2.3661
2.33685
2.31804
2.30823
2.30501
2.30638
2.31324
1505.4
1507.3
1505.81
1501.75
1495.14
1485.69
1473.27
1457.84
1439.34
1417.73
1392.97
1364.99
1333.69
1298.94
1260.53
1218.18
1171.53
1120.08
1063.17
999.942
929.32
850.064
760.987
661.365
551.88
436.403
322.465
219.491
137.125
75.7033
31.8395
8.92771
3.29158
2.61197
2.39452
2.32074
2.30788
2.32836
2.33385
2.31453
2.29137
2.27486
2.26563
2.26269
2.26562
2.27541
1475.28
1477.35
1475.64
1471.1
1463.99
1454.11
1441.34
1425.6
1406.84
1384.98
1359.97
1331.74
1300.16
1265.08
1226.3
1183.53
1136.39
1084.37
1026.83
962.934
891.651
811.833
722.44
622.89
513.957
399.581
286.388
181.919
97.2154
38.8673
9.7045
3.02035
2.51665
2.44011
2.32336
2.26937
2.26194
2.27557
2.27739
2.26144
2.24187
2.2268
2.21796
2.21535
2.22007
2.23283
1445.2
1447.4
1445.66
1440.87
1433.43
1423.22
1410.16
1394.17
1375.16
1353.08
1327.84
1299.36
1267.52
1232.15
1193.05
1149.9
1102.35
1049.89
991.878
927.519
855.857
775.83
686.529
587.458
479.368
366.08
252.487
143.638
57.673
12.896
2.76292
2.45144
2.42128
2.3354
2.27015
2.23273
2.22262
2.22606
2.22237
2.20708
2.18924
2.17492
2.1662
2.16381
2.17004
2.18521
1415.22
1417.5
1415.83
1410.94
1403.31
1392.89
1379.61
1363.41
1344.2
1321.92
1296.47
1267.78
1235.7
1200.07
1160.68
1117.22
1069.33
1016.52
958.174
893.536
821.723
741.772
652.898
554.673
447.79
335.867
220.889
106.393
26.9602
3.59754
2.48387
2.47383
2.33982
2.27161
2.2302
2.19856
2.18288
2.17708
2.16775
2.15153
2.13411
2.11982
2.11083
2.10834
2.1156
2.13253
1385.4
1387.7
1386.18
1381.32
1373.62
1363.08
1349.67
1333.31
1313.94
1291.49
1265.86
1236.98
1204.69
1168.84
1129.2
1085.48
1037.32
984.256
925.697
860.936
789.17
709.54
621.396
524.378
419.176
309.179
192.291
74.7219
11.4958
2.91851
2.61344
2.40521
2.28088
2.23098
2.1949
2.1623
2.14092
2.1274
2.11294
2.09495
2.07694
2.06204
2.05231
2.04921
2.05688
2.07482
1355.8
1358.09
1356.76
1352.02
1344.35
1333.79
1320.31
1303.86
1284.37
1261.79
1236.02
1206.97
1174.52
1138.47
1098.62
1054.7
1006.34
953.106
894.443
829.701
758.16
679.069
591.929
496.479
393.527
286.261
167.952
52.894
7.23999
3.0639
2.52826
2.34062
2.24438
2.19864
2.15925
2.12322
2.09645
2.07653
2.0575
2.03727
2.01801
2.00194
1.99094
1.98661
1.99394
2.01199
1326.46
1328.74
1327.63
1323.08
1315.53
1305.02
1291.54
1275.05
1255.5
1232.82
1206.95
1177.77
1145.17
1108.97
1068.96
1024.89
976.398
923.076
864.411
799.815
728.657
650.299
564.404
470.854
370.741
267.21
149.073
40.5402
7.03353
2.92753
2.44018
2.30103
2.21698
2.16615
2.12108
2.08107
2.04941
2.02415
2.00108
1.97841
1.95745
1.93973
1.9269
1.92057
1.92672
1.94366
1297.42
1299.71
1298.84
1294.55
1287.18
1276.79
1263.38
1246.9
1227.33
1204.6
1178.64
1149.38
1116.66
1080.35
1040.22
996.05
947.498
894.167
835.594
771.26
700.623
623.167
538.715
447.324
350.446
251.47
135.855
34.8639
7.0657
2.73587
2.37906
2.27166
2.18804
2.12985
2.07943
2.03557
1.99969
1.97
1.94338
1.91824
1.89529
1.8755
1.86029
1.85103
1.85499
1.869
1268.74
1271.07
1270.46
1266.45
1259.32
1249.11
1235.82
1219.41
1199.85
1177.11
1151.12
1121.79
1089
1052.61
1012.41
968.199
919.646
866.38
807.988
744.019
674.024
597.607
514.742
425.667
332.143
237.869
127.016
32.351
6.5949
2.60139
2.32992
2.23801
2.15211
2.08822
2.03356
1.9865
1.94719
1.91388
1.88419
1.85666
1.83155
1.80933
1.79115
1.77782
1.7784
1.78644
1240.43
1242.88
1242.54
1238.85
1232
1222.02
1208.89
1192.59
1173.1
1150.38
1124.38
1095.02
1062.2
1025.77
985.561
941.357
892.865
839.737
781.609
718.101
648.849
573.578
492.392
405.691
315.47
225.446
119.572
29.9298
6.0397
2.51017
2.27824
2.19385
2.10767
2.04046
1.98307
1.93367
1.89178
1.85563
1.82332
1.79356
1.76621
1.74127
1.71953
1.70072
1.69643
1.6931
1212.52
1215.2
1215.14
1211.8
1205.28
1195.57
1182.66
1166.52
1147.14
1124.48
1098.52
1069.18
1036.35
999.934
959.76
915.626
867.257
814.34
756.56
693.6
625.177
551.128
471.668
387.338
300.315
213.751
111.057
26.6589
5.4815
2.42116
2.21673
2.13979
2.055
1.98647
1.92771
1.87691
1.83324
1.79493
1.76046
1.72867
1.69909
1.67124
1.64535
1.61941
1.60854
1.584
1185.01
1188.02
1188.27
1185.31
1179.15
1169.78
1157.14
1141.21
1121.97
1099.43
1073.53
1044.24
1011.46
975.097
935.008
890.997
842.814
790.18
732.824
670.486
602.96
530.18
452.45
370.423
286.382
202.119
100.615
22.6309
4.79536
2.31226
2.14563
2.07744
1.99517
1.92663
1.86761
1.81623
1.77148
1.73163
1.69544
1.66185
1.63009
1.59917
1.56846
1.53361
1.51354
1.44907
1157.92
1161.2
1161.76
1159.12
1153.28
1144.2
1131.81
1116.08
1097
1074.57
1048.76
1019.53
986.822
950.544
910.571
866.722
818.771
766.473
709.596
647.928
581.325
509.802
433.718
353.822
272.198
188.091
86.8201
17.7927
3.94222
2.18137
2.05832
2.00453
1.92889
1.86244
1.80465
1.75365
1.7085
1.6677
1.63017
1.59494
1.56092
1.52655
1.48987
1.44433
1.40607
1.27734
0.980094
0.983531
0.984748
0.983373
0.979102
0.972255
0.963451
0.953223
0.942109
0.930456
0.918523
0.906518
0.894537
0.882726
0.871224
0.860076
0.84931
0.838939
0.828983
0.819455
0.810356
0.801723
0.793564
0.785917
0.778818
0.772289
0.766362
0.761054
0.756369
0.752338
0.748946
0.746221
0.744152
0.742742
0.741979
0.741817
0.742113
0.742762
0.950269
0.953112
0.953741
0.952081
0.947869
0.941229
0.932744
0.922929
0.912156
0.900763
0.88902
0.877149
0.865379
0.85377
0.842329
0.831191
0.820449
0.810108
0.800177
0.790669
0.781583
0.772958
0.764805
0.75716
0.750062
0.743534
0.737606
0.732298
0.727612
0.723582
0.720186
0.717452
0.715364
0.713917
0.713082
0.7128
0.71292
0.713396
0.920287
0.923103
0.923389
0.921451
0.91722
0.910717
0.902462
0.892898
0.882357
0.871165
0.859588
0.847847
0.836181
0.824644
0.813262
0.802168
0.791458
0.781143
0.771227
0.761732
0.752652
0.744032
0.735883
0.728239
0.721142
0.714613
0.708684
0.703377
0.698688
0.694654
0.691251
0.688502
0.686389
0.684898
0.683987
0.683594
0.683601
0.684018
0.890139
0.893367
0.893657
0.891564
0.887266
0.880788
0.872627
0.86317
0.85275
0.841678
0.830211
0.818562
0.80694
0.795427
0.784082
0.77302
0.762327
0.752022
0.74211
0.732617
0.72354
0.714922
0.706777
0.699135
0.692038
0.685509
0.679577
0.674267
0.669573
0.665529
0.662114
0.659344
0.657199
0.655662
0.654684
0.65421
0.654177
0.654617
0.859817
0.863737
0.864308
0.862221
0.85786
0.851329
0.843153
0.833705
0.823319
0.812296
0.800883
0.789285
0.777681
0.766171
0.754837
0.74378
0.733082
0.722771
0.712852
0.703354
0.694278
0.685662
0.677523
0.669885
0.662789
0.65626
0.650325
0.64501
0.640308
0.636252
0.63282
0.630024
0.627847
0.626267
0.625237
0.624712
0.624686
0.625176
0.829286
0.83418
0.83525
0.833332
0.828929
0.822293
0.814015
0.80449
0.794058
0.783019
0.771609
0.760019
0.748409
0.736882
0.725533
0.714455
0.703731
0.693398
0.683461
0.673953
0.664877
0.656265
0.648133
0.640502
0.633409
0.626883
0.620945
0.615624
0.610913
0.606841
0.60339
0.60057
0.598362
0.596748
0.595682
0.595131
0.595135
0.595677
0.798468
0.804719
0.806505
0.804907
0.800476
0.79368
0.785217
0.775528
0.764972
0.753851
0.74239
0.730766
0.719121
0.707553
0.696163
0.685041
0.674272
0.663901
0.653938
0.644415
0.635337
0.62673
0.618608
0.610987
0.603901
0.597378
0.591439
0.586113
0.581391
0.577302
0.573832
0.570989
0.568756
0.567118
0.566031
0.565474
0.565519
0.566109
0.767242
0.775395
0.778156
0.777
0.772535
0.765508
0.756768
0.746825
0.736064
0.724794
0.713227
0.701525
0.689813
0.678179
0.666721
0.655533
0.644701
0.634279
0.62428
0.614739
0.605658
0.597057
0.588947
0.581339
0.574264
0.567748
0.561809
0.556477
0.551744
0.547638
0.544151
0.541288
0.539037
0.537385
0.536292
0.535743
0.535834
0.536463
0.735417
0.746274
0.750353
0.749708
0.74516
0.737802
0.728678
0.718383
0.707335
0.695845
0.684115
0.67229
0.660476
0.648747
0.637198
0.625925
0.615014
0.60453
0.59449
0.584925
0.57584
0.567246
0.55915
0.55156
0.544498
0.537992
0.532055
0.526717
0.521974
0.517853
0.514349
0.511471
0.509209
0.507553
0.506466
0.505938
0.506077
0.506735
0.70271
0.717491
0.723353
0.723167
0.718419
0.710591
0.700957
0.690206
0.678782
0.667001
0.655049
0.64305
0.631098
0.619248
0.607586
0.596209
0.585209
0.574654
0.564565
0.554973
0.545882
0.537295
0.529217
0.521647
0.514603
0.508109
0.502175
0.496833
0.492081
0.487945
0.484429
0.481541
0.479275
0.477624
0.476555
0.47606
0.476245
0.476923
0.668957
0.689279
0.697552
0.697565
0.692399
0.683911
0.673615
0.662292
0.650401
0.638252
0.626015
0.613795
0.601667
0.589668
0.577874
0.566381
0.555281
0.544648
0.534506
0.524884
0.515785
0.507207
0.499147
0.491601
0.484577
0.478097
0.472169
0.466824
0.462064
0.457917
0.45439
0.451498
0.449236
0.4476
0.446559
0.446105
0.446334
0.447024
0.634591
0.662065
0.673532
0.673121
0.66718
0.657788
0.646654
0.634633
0.622181
0.609586
0.597001
0.584511
0.572169
0.559996
0.548054
0.536434
0.525228
0.514512
0.504312
0.494658
0.48555
0.476981
0.468941
0.461419
0.454419
0.447955
0.442035
0.436688
0.431921
0.427766
0.424234
0.421343
0.419091
0.417478
0.416476
0.41607
0.416342
0.417038
0.600112
0.637417
0.652192
0.650073
0.64282
0.632237
0.620066
0.607215
0.594103
0.580984
0.567987
0.555178
0.542588
0.530217
0.518113
0.506359
0.495043
0.484239
0.473981
0.464292
0.455174
0.446613
0.438594
0.431099
0.424123
0.417677
0.411766
0.406419
0.401649
0.397488
0.393955
0.39107
0.388836
0.387255
0.3863
0.385951
0.386268
0.386966
0.56323
0.617722
0.634714
0.628643
0.619321
0.607255
0.593845
0.580022
0.566146
0.552421
0.53895
0.525774
0.512898
0.500307
0.488028
0.476134
0.464705
0.453814
0.443496
0.433771
0.424641
0.416087
0.408086
0.400617
0.393666
0.387239
0.381339
0.375994
0.371224
0.367061
0.363532
0.360659
0.358453
0.356915
0.35602
0.355739
0.356107
0.356807
0.517422
0.601974
0.621323
0.608915
0.59659
0.582787
0.567961
0.553029
0.538289
0.523883
0.509876
0.496287
0.483093
0.470261
0.457797
0.445759
0.434217
0.423239
0.41286
0.403099
0.393954
0.385403
0.377419
0.369973
0.363046
0.356636
0.350749
0.345409
0.340641
0.336482
0.332961
0.330108
0.327938
0.326455
0.325631
0.325429
0.325857
0.326559
0.474369
0.585787
0.608616
0.590454
0.574365
0.558582
0.542252
0.526133
0.510476
0.495355
0.480794
0.466777
0.453255
0.440177
0.427531
0.415355
0.403708
0.39265
0.382215
0.37242
0.363259
0.354709
0.346737
0.339309
0.332401
0.326006
0.320128
0.314792
0.310025
0.305866
0.30235
0.299511
0.297369
0.29593
0.295165
0.295034
0.295514
0.296217
1116.18
1119.58
1120.45
1118.07
1112.45
1103.58
1091.39
1075.83
1056.89
1034.57
1008.86
979.724
947.13
911.005
871.243
827.689
780.158
728.453
672.39
611.815
546.653
476.989
403.224
326.204
246.738
159.612
61.9245
11.1708
2.81736
1.95583
1.89144
1.86967
1.81587
1.7595
1.70737
1.65915
1.61466
1.57328
1.53425
1.49663
1.45892
1.41861
1.3713
1.30713
1.20626
0.904694
1060.73
1064.19
1065.14
1062.81
1057.25
1048.46
1036.38
1020.97
1002.19
980.051
954.543
925.656
893.361
857.612
818.324
775.38
728.635
677.944
623.17
564.21
501.028
433.726
362.675
288.526
210.729
122.069
35.2259
5.32427
1.97868
1.6658
1.6777
1.68184
1.6526
1.61394
1.57311
1.53156
1.49053
1.4505
1.4113
1.37222
1.33175
1.2873
1.23417
1.16319
1.06342
0.933238
1006.68
1010.09
1011.06
1008.81
1003.36
994.738
982.878
967.728
949.264
927.48
902.374
873.943
842.175
807.038
768.473
726.39
680.683
631.243
577.971
520.796
459.7
394.786
326.385
254.884
178.575
90.7649
19.5107
3.04316
1.59706
1.46783
1.49998
1.50883
1.4918
1.46543
1.4338
1.39879
1.36215
1.32487
1.28722
1.24882
1.20865
1.16508
1.11577
1.05756
0.989952
0.926786
954.018
957.293
958.247
956.077
950.793
942.41
930.862
916.091
898.072
876.794
852.258
824.467
793.42
759.099
721.464
680.45
635.98
587.978
536.371
481.111
422.193
359.724
294.011
225.154
150.233
65.448
11.2072
2.20598
1.39833
1.31631
1.34363
1.34875
1.33693
1.31775
1.29274
1.26334
1.23121
1.1974
1.16241
1.12614
1.08808
1.04736
1.00287
0.953203
0.896949
0.834785
902.774
905.866
906.772
904.675
899.566
891.453
880.266
865.946
848.459
827.794
803.951
776.936
746.757
713.406
676.858
637.07
593.99
547.564
497.743
444.496
387.833
327.88
264.94
198.822
125.465
45.7086
6.75761
1.75881
1.23108
1.17754
1.19561
1.196
1.18675
1.17221
1.15222
1.12769
1.09992
1.06989
1.03814
1.00483
0.969756
0.932465
0.892265
0.848097
0.798686
0.743427
852.985
855.875
856.72
854.689
849.76
841.936
831.144
817.321
800.429
780.452
757.39
731.253
702.051
669.785
634.443
595.999
554.421
509.674
461.727
410.567
356.221
298.846
238.757
175.442
103.883
30.9274
4.11872
1.37004
1.05118
1.03712
1.04958
1.04736
1.04017
1.0291
1.01307
0.992696
0.968957
0.942671
0.914407
0.88444
0.852778
0.819234
0.783392
0.744562
0.702125
0.655538
804.688
807.373
808.155
806.191
801.449
793.929
783.556
770.263
754.008
734.774
712.557
687.369
659.223
628.127
594.078
557.065
517.072
474.079
428.071
379.049
327.061
272.297
215.081
154.508
84.9079
20.3152
2.48305
1.01559
0.877042
0.89603
0.905057
0.902081
0.89692
0.888476
0.875583
0.858687
0.838527
0.81577
0.790951
0.764396
0.736219
0.706375
0.674618
0.64048
0.603671
0.563576
757.912
760.397
761.121
759.231
754.684
747.48
737.543
724.803
709.215
690.758
669.431
645.242
618.208
588.342
555.65
520.132
481.784
440.6
396.576
349.726
300.116
247.968
193.557
135.479
68.055
13.1963
1.59361
0.778226
0.729845
0.759059
0.764112
0.760808
0.756988
0.750356
0.739878
0.725858
0.708817
0.689282
0.667716
0.644428
0.619562
0.593135
0.564982
0.534777
0.502448
0.467471
712.677
714.973
715.648
713.837
709.494
702.617
693.128
680.955
666.052
648.397
627.987
604.83
578.946
550.352
519.062
485.086
448.427
409.09
367.081
322.423
275.203
225.663
173.971
118.069
53.2804
8.73445
1.18084
0.640176
0.607369
0.627825
0.62744
0.623364
0.620002
0.614535
0.60593
0.594301
0.579977
0.56334
0.544758
0.524485
0.502654
0.479302
0.454316
0.427478
0.398879
0.368096
668.993
671.111
671.745
670.021
665.889
659.345
650.311
638.714
624.506
607.666
588.19
566.087
541.378
514.085
484.229
451.825
416.884
379.418
339.439
296.983
252.157
205.221
156.212
102.394
40.843
5.89971
0.93417
0.520125
0.488471
0.497985
0.493157
0.488397
0.485202
0.480628
0.473587
0.46402
0.452088
0.438046
0.422159
0.404616
0.385523
0.364924
0.342747
0.318852
0.293433
0.266134
626.854
628.807
629.409
627.777
623.86
617.652
609.076
598.057
584.549
568.53
549.998
528.96
505.442
479.469
451.065
420.251
387.042
351.454
313.507
273.247
230.804
186.454
140.083
88.3468
30.6478
3.90724
0.718665
0.384898
0.362226
0.365868
0.359188
0.354556
0.351871
0.348243
0.342662
0.334953
0.325163
0.31345
0.299985
0.284897
0.268269
0.250151
0.230502
0.209236
0.186599
0.162286
586.248
588.045
588.621
587.083
583.382
577.511
569.391
558.951
546.143
530.949
513.363
493.399
471.081
446.437
419.494
390.274
358.796
325.08
289.153
251.07
210.984
169.185
125.394
75.7378
22.4337
2.43655
0.483217
0.239385
0.229456
0.230579
0.224401
0.221169
0.21957
0.217118
0.213004
0.207032
0.199194
0.189577
0.178291
0.165418
0.151029
0.135176
0.117845
0.0989822
0.0788599
0.0572076
547.148
548.799
549.351
547.908
544.423
538.886
531.222
521.359
509.251
494.881
478.245
459.357
438.242
414.931
389.447
361.814
332.055
300.195
266.267
230.334
192.57
153.273
111.985
64.4202
16.0867
1.34229
0.188924
0.0803725
0.0903695
0.0922102
0.0889542
0.0882555
0.0882632
0.0872005
0.0845752
0.0802477
0.074198
0.0664781
0.0571619
0.0463098
0.0339795
0.0202279
0.00505542
-0.0115663
-0.0293613
-0.0485741
509.522
511.035
511.566
510.218
506.948
501.745
494.533
485.245
473.836
460.289
444.603
426.79
406.877
384.892
360.859
334.799
306.739
276.712
244.756
210.944
175.463
138.605
99.7009
54.2083
11.3337
0.579842
-0.0952778
-0.0819497
-0.0511537
-0.0460126
-0.0454259
-0.0433933
-0.0417044
-0.0413594
-0.0425545
-0.0453511
-0.0497623
-0.0557514
-0.0632612
-0.0722428
-0.0826501
-0.0944305
-0.107575
-0.122098
-0.137726
-0.154678
473.331
474.713
475.226
473.973
470.917
466.045
459.285
450.568
439.856
427.13
412.39
395.646
376.926
356.256
333.659
309.154
282.771
254.551
224.539
192.814
159.571
125.066
88.3908
44.9794
7.81143
0.13952
-0.276101
-0.223375
-0.18634
-0.179495
-0.176587
-0.172844
-0.169915
-0.168381
-0.168302
-0.169707
-0.172616
-0.177005
-0.182828
-0.190049
-0.198636
-0.208553
-0.219793
-0.232354
-0.245969
-0.26083
438.529
439.788
440.285
439.128
436.285
431.741
425.427
417.279
407.259
395.35
381.548
365.865
348.324
328.953
307.775
284.806
260.079
233.639
205.539
175.863
144.8
112.542
77.9136
36.7173
5.34551
-0.0813901
-0.36705
-0.336348
-0.310965
-0.306888
-0.304016
-0.299894
-0.296315
-0.293883
-0.292705
-0.292849
-0.294362
-0.297243
-0.301464
-0.307004
-0.31385
-0.321991
-0.33143
-0.34215
-0.353891
-0.366813
405.067
406.208
406.69
405.628
402.996
398.777
392.905
385.321
375.987
364.886
352.015
337.38
321.003
302.913
283.133
261.683
238.594
213.912
187.691
160.018
131.077
100.991
68.3454
29.649
3.72381
-0.224463
-0.446968
-0.441899
-0.430809
-0.430802
-0.42905
-0.425186
-0.421272
-0.418108
-0.415933
-0.414891
-0.415072
-0.416501
-0.419178
-0.423099
-0.428271
-0.434705
-0.44242
-0.451393
-0.461367
-0.472479
372.887
373.915
374.382
373.414
370.99
367.094
361.661
354.636
345.981
335.68
323.727
310.127
294.899
278.071
259.67
239.721
218.251
195.303
170.928
145.212
118.334
90.3646
59.7259
23.7544
2.52043
-0.367919
-0.552493
-0.555336
-0.551624
-0.55408
-0.553215
-0.549521
-0.545246
-0.54134
-0.538166
-0.535945
-0.534809
-0.534815
-0.53599
-0.538348
-0.541907
-0.546696
-0.552747
-0.560039
-0.56833
-0.577728
341.927
342.845
343.298
342.423
340.208
336.633
331.637
325.166
317.183
307.668
296.62
284.041
269.947
254.364
237.324
218.852
198.977
177.735
155.171
131.37
106.508
80.6052
51.9608
18.7587
1.56806
-0.509087
-0.66805
-0.673922
-0.674194
-0.67795
-0.677332
-0.673448
-0.668597
-0.66381
-0.659547
-0.656092
-0.653608
-0.652191
-0.651893
-0.652735
-0.654737
-0.657941
-0.662387
-0.668056
-0.674728
-0.682489
312.123
312.935
313.374
312.595
310.588
307.333
302.771
296.849
289.528
280.789
270.629
259.057
246.084
231.733
216.033
199.013
180.7
161.128
140.338
118.414
95.5311
71.6555
44.9831
14.5632
0.813992
-0.646447
-0.786463
-0.795716
-0.799031
-0.80306
-0.801968
-0.797412
-0.79166
-0.785766
-0.780254
-0.775449
-0.771548
-0.768677
-0.766901
-0.766246
-0.76673
-0.768397
-0.771291
-0.775392
-0.780503
-0.786695
283.409
284.119
284.546
283.862
282.065
279.13
274.997
269.618
262.953
254.978
245.695
235.114
223.248
210.115
195.738
180.143
163.357
145.414
126.359
106.278
85.3369
63.4415
38.7095
11.0646
0.212228
-0.784781
-0.909067
-0.922046
-0.9271
-0.930137
-0.927678
-0.921849
-0.914779
-0.907486
-0.900512
-0.894203
-0.888778
-0.884384
-0.881095
-0.878926
-0.877897
-0.878049
-0.879424
-0.881997
-0.885594
-0.890271
255.717
256.325
256.742
256.155
254.569
251.953
248.248
243.406
237.389
230.174
221.756
212.151
201.374
189.441
176.367
162.171
146.883
130.539
113.186
94.9119
75.8673
55.8978
33.0797
8.18949
-0.272884
-0.937065
-1.04079
-1.0549
-1.05938
-1.05973
-1.05482
-1.047
-1.03814
-1.02912
-1.02045
-1.01247
-1.0054
-0.999399
-0.994538
-0.990819
-0.988258
-0.986895
-0.986763
-0.987833
-0.989952
-0.993166
228.972
229.478
229.889
229.403
228.03
225.734
222.455
218.146
212.771
206.307
198.746
190.102
180.392
169.632
157.835
145.018
131.207
116.439
100.762
84.259
67.0643
48.9791
28.0768
5.90123
-0.675891
-1.12515
-1.18705
-1.19548
-1.1961
-1.19181
-1.18328
-1.17275
-1.16161
-1.15056
-1.13999
-1.13019
-1.12137
-1.11369
-1.1072
-1.1019
-1.09779
-1.09491
-1.09328
-1.09287
-1.09355
-1.09535
203.095
203.5
203.91
203.534
202.381
200.409
197.554
193.774
189.032
183.307
176.592
168.895
160.232
150.62
140.072
128.608
116.252
103.039
89.0091
74.2384
58.8536
42.631
23.6681
4.14122
-1.02981
-1.36351
-1.35122
-1.34303
-1.33602
-1.32547
-1.31246
-1.29868
-1.28492
-1.2716
-1.25897
-1.24724
-1.2366
-1.22718
-1.21902
-1.2121
-1.20643
-1.20204
-1.19894
-1.19707
-1.19635
-1.1968
178.013
178.314
178.731
178.478
177.559
175.918
173.489
170.229
166.112
161.114
155.228
148.462
140.828
132.344
123.023
112.887
101.961
90.2694
77.8471
64.7676
51.1568
36.7708
19.7456
2.78269
-1.34161
-1.61672
-1.52478
-1.49259
-1.47582
-1.45883
-1.44135
-1.42424
-1.40776
-1.39205
-1.37726
-1.36353
-1.35101
-1.3398
-1.32992
-1.32137
-1.31414
-1.30825
-1.30369
-1.30042
-1.29836
-1.29751
153.623
153.816
154.269
154.169
153.507
152.212
150.216
147.473
143.965
139.677
134.601
128.745
122.121
114.744
106.631
97.801
88.2739
78.0688
67.2151
55.7901
43.9156
31.3174
16.1712
1.66682
-1.57577
-1.80393
-1.68382
-1.63492
-1.61095
-1.58962
-1.56879
-1.54883
-1.52977
-1.51169
-1.4947
-1.47893
-1.46449
-1.45146
-1.43985
-1.42965
-1.42087
-1.4135
-1.40753
-1.4029
-1.39954
-1.39747
129.773
129.845
130.395
130.513
130.16
129.237
127.682
125.459
122.552
118.953
114.662
109.69
104.052
97.7599
90.8314
83.2818
75.125
66.3751
57.0619
47.2631
37.0883
26.2315
12.904
0.719984
-1.7194
-1.89994
-1.80992
-1.76378
-1.73924
-1.71673
-1.69412
-1.672
-1.65064
-1.63028
-1.61111
-1.59328
-1.57691
-1.56206
-1.54873
-1.5369
-1.52659
-1.51778
-1.51043
-1.50447
-1.49989
-1.49665
106.439
106.297
106.941
107.331
107.364
106.875
105.79
104.094
101.785
98.8661
95.3452
91.2368
86.5586
81.325
75.5518
69.2517
62.4353
55.116
47.3233
39.1269
30.6239
21.5041
10.0162
-0.0319095
-1.8186
-1.954
-1.91252
-1.88316
-1.86296
-1.84123
-1.81776
-1.79386
-1.77037
-1.74777
-1.7264
-1.70648
-1.68817
-1.67149
-1.65645
-1.64303
-1.63123
-1.62102
-1.61234
-1.60512
-1.59935
-1.595
83.4471
83.1563
83.869
84.5084
84.9271
84.9072
84.3374
83.1964
81.4963
79.2564
76.4985
73.2439
69.5101
65.3116
60.6642
55.5818
50.0765
44.164
37.8694
31.2515
24.4088
17.0709
7.53523
-0.577766
-1.92234
-2.02679
-2.01723
-2.00267
-1.98659
-1.96539
-1.94081
-1.91496
-1.88915
-1.86419
-1.84055
-1.81851
-1.79823
-1.77972
-1.76298
-1.74799
-1.73474
-1.72317
-1.71321
-1.70478
-1.69789
-1.69249
59.5841
59.808
60.9063
62.026
62.8306
63.2311
63.1405
62.5446
61.4515
59.8877
57.8843
55.4684
52.6584
49.4691
45.9163
42.0173
37.7891
33.2498
28.4206
23.357
18.181
12.7117
5.31277
-0.998782
-2.04069
-2.13293
-2.1361
-2.12832
-2.11342
-2.09107
-2.06427
-2.03574
-2.00717
-1.97957
-1.95351
-1.92928
-1.907
-1.88667
-1.86826
-1.85174
-1.83707
-1.82418
-1.81298
-1.80339
-1.79544
-1.78904
35.0883
36.7073
37.7836
39.6587
40.9915
41.8128
42.1299
42.0005
41.4595
40.5308
39.2463
37.6337
35.7103
33.4906
30.9918
28.235
25.243
22.0359
18.6364
15.1076
11.6141
8.11653
3.1047
-1.40272
-2.16137
-2.25772
-2.26805
-2.26213
-2.24509
-2.2192
-2.18858
-2.15635
-2.12439
-2.0938
-2.06513
-2.03863
-2.01434
-1.99221
-1.97218
-1.95418
-1.93814
-1.92399
-1.91161
-1.90091
-1.89194
-1.88459
14.9248
19.5851
18.2447
19.2123
20.1906
20.9618
21.4645
21.6708
21.5947
21.2487
20.651
19.8228
18.7787
17.5312
16.0993
14.5088
12.7868
10.9576
9.04614
7.12121
5.37542
3.8893
1.21347
-1.88106
-2.28173
-2.39474
-2.41364
-2.40602
-2.38251
-2.35006
-2.31368
-2.27659
-2.24058
-2.20663
-2.17519
-2.14635
-2.12006
-2.09618
-2.07458
-2.05518
-2.03786
-2.02252
-2.00902
-1.99728
-1.98736
-1.97911
4.74363
12.7842
8.19435
6.61445
5.46442
4.83428
4.64912
4.64582
4.6904
4.73939
4.75496
4.71849
4.62002
4.45361
4.22682
3.95984
3.67529
3.38319
3.10061
2.87284
2.92402
3.43937
1.68219
-2.51691
-2.45265
-2.5537
-2.57757
-2.56165
-2.52584
-2.48309
-2.43888
-2.39579
-2.35516
-2.31761
-2.28332
-2.25217
-2.22393
-2.19838
-2.17532
-2.15461
-2.1361
-2.11965
-2.10513
-2.09244
-2.08163
-2.07253
-3.97453
-0.859478
0.506464
2.67821
2.53449
1.54345
0.342664
-0.655333
-1.24867
-1.41213
-1.24306
-0.841756
-0.282025
0.376653
1.09685
1.86507
2.66365
3.46341
4.24778
5.00214
5.89416
7.2418
5.43163
-3.026
-2.86899
-2.76582
-2.76186
-2.72747
-2.67299
-2.61627
-2.56254
-2.51273
-2.46724
-2.42609
-2.38904
-2.35571
-2.32567
-2.2986
-2.27423
-2.25234
-2.23275
-2.2153
-2.19985
-2.18629
-2.17468
-2.16481
-3.86851
-3.67563
-3.92647
-4.00222
-3.82009
-3.29804
-2.73941
-2.22009
-1.76346
-1.38511
-1.09577
-0.884817
-0.745743
-0.677536
-0.673678
-0.723687
-0.803435
-0.904333
-1.02071
-1.1443
-1.2022
-0.99886
-0.243601
-3.29267
-3.4357
-3.03079
-2.95935
-2.89389
-2.81704
-2.74539
-2.68196
-2.62567
-2.57567
-2.5313
-2.49183
-2.4566
-2.42502
-2.39664
-2.37113
-2.34822
-2.3277
-2.30938
-2.29312
-2.27879
-2.26645
-2.25588
-3.89385
-3.89493
-3.92768
-3.92651
-3.95085
-4.04541
-4.13216
-4.15519
-4.15371
-4.14561
-4.13495
-4.12308
-4.11053
-4.09726
-4.08295
-4.06771
-4.05231
-4.03888
-4.03002
-4.03162
-4.04005
-4.03083
-3.88808
-3.71675
-3.60469
-3.29349
-3.1516
-3.04443
-2.94797
-2.86494
-2.794
-2.7327
-2.6793
-2.63248
-2.59118
-2.55449
-2.52171
-2.49232
-2.4659
-2.44216
-2.42086
-2.40182
-2.38486
-2.36988
-2.35691
-2.34572
-3.92106
-3.91825
-3.93601
-3.94568
-3.95979
-3.98129
-4.00314
-4.01426
-4.01851
-4.01922
-4.01775
-4.0149
-4.01107
-4.00629
-4.00058
-3.99423
-3.988
-3.98285
-3.97951
-3.9784
-3.97764
-3.97219
-3.94249
-3.86655
-3.67197
-3.44074
-3.28518
-3.16213
-3.05843
-2.97071
-2.89629
-2.83249
-2.77728
-2.72912
-2.68674
-2.64915
-2.6156
-2.5855
-2.55843
-2.53406
-2.51217
-2.49256
-2.47506
-2.45953
-2.44603
-2.43431
-3.94823
-3.94348
-3.95411
-3.96599
-3.98283
-4.00254
-4.02088
-4.03361
-4.04041
-4.0426
-4.04151
-4.03818
-4.03312
-4.02643
-4.01828
-4.00905
-3.99933
-3.98956
-3.97981
-3.9686
-3.95243
-3.92761
-3.89193
-3.8267
-3.66997
-3.50131
-3.36457
-3.24843
-3.14828
-3.06225
-2.98839
-2.92468
-2.86937
-2.821
-2.77836
-2.74048
-2.70659
-2.67612
-2.64867
-2.62391
-2.60162
-2.58161
-2.5637
-2.54774
-2.53381
-2.52164
-3.97419
-3.97356
-3.97937
-3.9876
-4.00024
-4.01555
-4.03031
-4.04133
-4.04751
-4.04942
-4.04802
-4.04405
-4.03781
-4.02944
-4.01917
-4.0074
-3.99452
-3.98065
-3.96547
-3.94747
-3.92295
-3.88774
-3.83895
-3.76835
-3.65557
-3.5318
-3.41787
-3.31483
-3.22298
-3.14218
-3.07157
-3.0099
-2.95589
-2.90833
-2.86616
-2.82852
-2.79471
-2.76421
-2.73663
-2.7117
-2.6892
-2.66896
-2.65078
-2.63452
-2.62027
-2.60774
-3.99834
-4.00108
-4.0058
-4.01172
-4.01993
-4.02981
-4.03943
-4.04662
-4.05044
-4.05097
-4.04865
-4.04377
-4.03641
-4.02668
-4.01484
-4.00125
-3.98606
-3.9691
-3.94981
-3.92697
-3.89809
-3.85972
-3.80899
-3.7418
-3.65359
-3.556
-3.46038
-3.37031
-3.2878
-3.21363
-3.14767
-3.08925
-3.0375
-2.9915
-2.95039
-2.91345
-2.88008
-2.84983
-2.82238
-2.79749
-2.77497
-2.75464
-2.73633
-2.71989
-2.70541
-2.69262
-4.02028
-4.02492
-4.03021
-4.03555
-4.0417
-4.04834
-4.0543
-4.05838
-4.05996
-4.05901
-4.05559
-4.04964
-4.04111
-4.03017
-4.01707
-4.00205
-3.98506
-3.96571
-3.94335
-3.91696
-3.88498
-3.84529
-3.79575
-3.73447
-3.66045
-3.57969
-3.49833
-3.41982
-3.34641
-3.2792
-3.21846
-3.16391
-3.11499
-3.07105
-3.03142
-2.99552
-2.96287
-2.93313
-2.90602
-2.88136
-2.85898
-2.83872
-2.8204
-2.80388
-2.78928
-2.77631
-4.04078
-4.04626
-4.05224
-4.05774
-4.06309
-4.06804
-4.07187
-4.07392
-4.07391
-4.07175
-4.06726
-4.06022
-4.05062
-4.03867
-4.02458
-4.0084
-3.98993
-3.96877
-3.94427
-3.91565
-3.88192
-3.84185
-3.79427
-3.73827
-3.67413
-3.60515
-3.53504
-3.46647
-3.40137
-3.34088
-3.28542
-3.23495
-3.18914
-3.14753
-3.10963
-3.075
-3.0433
-3.01425
-2.98767
-2.96341
-2.94132
-2.92125
-2.90303
-2.88655
-2.87192
-2.85886
-4.06088
-4.06664
-4.07293
-4.07855
-4.08341
-4.08729
-4.08977
-4.09054
-4.08946
-4.08631
-4.08078
-4.0727
-4.06219
-4.04945
-4.03459
-4.01751
-3.99794
-3.97548
-3.94969
-3.92003
-3.88587
-3.84652
-3.8014
-3.75024
-3.69361
-3.63357
-3.57246
-3.51225
-3.45449
-3.40016
-3.34974
-3.30329
-3.26063
-3.22145
-3.1854
-3.15219
-3.12158
-3.09339
-3.06749
-3.04376
-3.02208
-3.00231
-2.98431
-2.96795
-2.95337
-2.94028
-4.08146
-4.08718
-4.09347
-4.09894
-4.10328
-4.10634
-4.10793
-4.10788
-4.10599
-4.10195
-4.09547
-4.08652
-4.07532
-4.06203
-4.04662
-4.02891
-4.0086
-3.9854
-3.95906
-3.92928
-3.89567
-3.85785
-3.81556
-3.76885
-3.71831
-3.66534
-3.61153
-3.55832
-3.5069
-3.45809
-3.41229
-3.36964
-3.33002
-3.29324
-3.25909
-3.22737
-3.19795
-3.17073
-3.14561
-3.12252
-3.10135
-3.08198
-3.06428
-3.04813
-3.03367
-3.02061
-4.10307
-4.10858
-4.11468
-4.11982
-4.12363
-4.1261
-4.12709
-4.12644
-4.12384
-4.119
-4.11176
-4.10222
-4.09058
-4.07693
-4.06115
-4.04303
-4.02235
-3.99891
-3.97264
-3.9434
-3.91095
-3.8751
-3.83575
-3.79306
-3.7476
-3.7004
-3.65261
-3.60528
-3.55932
-3.51535
-3.47372
-3.43454
-3.39776
-3.36328
-3.33098
-3.30079
-3.27262
-3.24644
-3.22219
-3.19982
-3.17924
-3.16035
-3.14302
-3.12715
-3.11287
-3.09989
-4.12601
-4.13127
-4.13705
-4.1418
-4.14519
-4.14724
-4.14779
-4.14659
-4.14332
-4.13782
-4.13008
-4.12024
-4.1084
-4.09454
-4.07852
-4.06021
-4.03948
-4.01627
-3.99056
-3.9623
-3.93137
-3.89763
-3.86111
-3.82202
-3.78088
-3.7385
-3.69574
-3.6534
-3.61212
-3.57237
-3.53442
-3.49835
-3.46418
-3.43186
-3.40137
-3.37268
-3.34579
-3.32069
-3.29736
-3.27577
-3.25584
-3.2375
-3.2206
-3.20506
-3.191
-3.17813
-4.15044
-4.15545
-4.16087
-4.16525
-4.16832
-4.17003
-4.17015
-4.1684
-4.16457
-4.15863
-4.15066
-4.14073
-4.12885
-4.11493
-4.09884
-4.08057
-4.06012
-4.0375
-4.0127
-3.98569
-3.9564
-3.92478
-3.89088
-3.855
-3.81759
-3.77931
-3.74083
-3.70274
-3.66548
-3.62938
-3.59464
-3.56134
-3.52954
-3.49923
-3.47046
-3.44325
-3.41763
-3.39363
-3.37125
-3.35048
-3.33126
-3.3135
-3.29708
-3.2819
-3.2681
-3.25538
-4.17649
-4.18123
-4.18631
-4.19039
-4.19316
-4.19451
-4.19417
-4.19193
-4.18774
-4.18163
-4.17363
-4.16374
-4.1519
-4.13803
-4.12207
-4.10409
-4.08419
-4.06241
-4.03872
-4.01308
-3.98546
-3.95585
-3.92439
-3.89137
-3.85724
-3.82251
-3.7877
-3.75323
-3.71941
-3.68646
-3.65452
-3.62369
-3.59403
-3.56559
-3.53845
-3.51266
-3.48829
-3.46539
-3.44399
-3.42407
-3.40559
-3.38845
-3.37253
-3.35774
-3.3442
-3.33165
-4.20422
-4.20869
-4.21351
-4.21732
-4.21978
-4.22072
-4.21995
-4.21738
-4.21305
-4.20696
-4.19904
-4.18921
-4.17744
-4.16372
-4.14807
-4.13062
-4.11148
-4.09068
-4.06819
-4.04394
-4.01794
-3.99024
-3.96103
-3.93061
-3.89938
-3.86775
-3.8361
-3.80474
-3.77388
-3.74365
-3.71417
-3.68553
-3.65781
-3.63109
-3.60547
-3.58104
-3.5579
-3.5361
-3.51569
-3.49664
-3.47891
-3.46241
-3.447
-3.43261
-3.41935
-3.40698
-4.23355
-4.23781
-4.24239
-4.24594
-4.24807
-4.24865
-4.24758
-4.24487
-4.24055
-4.23454
-4.2267
-4.21693
-4.20527
-4.19182
-4.17667
-4.15994
-4.1417
-4.12197
-4.10068
-4.0778
-4.05334
-4.02744
-4.00031
-3.97225
-3.94361
-3.9147
-3.8858
-3.85713
-3.82883
-3.80097
-3.77365
-3.74695
-3.72097
-3.69583
-3.67164
-3.64853
-3.62658
-3.60587
-3.58644
-3.56827
-3.5513
-3.53543
-3.52054
-3.50655
-3.49359
-3.48142
-4.26445
-4.26853
-4.27284
-4.27608
-4.27789
-4.27823
-4.27704
-4.27433
-4.27006
-4.26409
-4.2563
-4.24664
-4.23522
-4.2222
-4.20772
-4.19185
-4.17459
-4.15593
-4.1358
-4.11419
-4.0912
-4.06698
-4.04178
-4.01588
-3.98956
-3.96306
-3.93659
-3.91026
-3.88418
-3.85839
-3.83296
-3.80799
-3.7836
-3.75992
-3.73708
-3.71522
-3.69444
-3.67482
-3.65636
-3.63905
-3.62282
-3.60758
-3.5932
-3.5796
-3.56695
-3.555
-4.29691
-4.30077
-4.30477
-4.30769
-4.30925
-4.30947
-4.30828
-4.30562
-4.30136
-4.29541
-4.28769
-4.27825
-4.26724
-4.25484
-4.24115
-4.22617
-4.20987
-4.19219
-4.17313
-4.15272
-4.13109
-4.10846
-4.08507
-4.06116
-4.03696
-4.01263
-3.98829
-3.96402
-3.93987
-3.91588
-3.89212
-3.8687
-3.84575
-3.82342
-3.80187
-3.78123
-3.76159
-3.74302
-3.72552
-3.70904
-3.69354
-3.67889
-3.66501
-3.65181
-3.63947
-3.62776
-4.33088
-4.3345
-4.3382
-4.34086
-4.34227
-4.34243
-4.34127
-4.33862
-4.33436
-4.32842
-4.32086
-4.31178
-4.30134
-4.28964
-4.27675
-4.2626
-4.24715
-4.23036
-4.21227
-4.19298
-4.17268
-4.15158
-4.12991
-4.10787
-4.08561
-4.06322
-4.04077
-4.01829
-3.99581
-3.97339
-3.95111
-3.92908
-3.90747
-3.88643
-3.86612
-3.84665
-3.82812
-3.81057
-3.79397
-3.7783
-3.76348
-3.74942
-3.73601
-3.72322
-3.7112
-3.69974
-4.36624
-4.36964
-4.37313
-4.37564
-4.37695
-4.37707
-4.37588
-4.37319
-4.36892
-4.36308
-4.3558
-4.34719
-4.33737
-4.32638
-4.3142
-4.30078
-4.28606
-4.27008
-4.25291
-4.23474
-4.21575
-4.19615
-4.17613
-4.15583
-4.13533
-4.11467
-4.09386
-4.07293
-4.05191
-4.03087
-4.00992
-3.98918
-3.96883
-3.94902
-3.9299
-3.91157
-3.8941
-3.87751
-3.86179
-3.84687
-3.8327
-3.81919
-3.80626
-3.79387
-3.78218
-3.77099
-4.40289
-4.40612
-4.40946
-4.41186
-4.41309
-4.41313
-4.41185
-4.40912
-4.40491
-4.39929
-4.39239
-4.38432
-4.37511
-4.36474
-4.35317
-4.34036
-4.32631
-4.31111
-4.29489
-4.27785
-4.26018
-4.24205
-4.2236
-4.20489
-4.18596
-4.1668
-4.14742
-4.12783
-4.10809
-4.08829
-4.06857
-4.04905
-4.0299
-4.01127
-3.99329
-3.97605
-3.95958
-3.94391
-3.92899
-3.91479
-3.90124
-3.88826
-3.87579
-3.8638
-3.85245
-3.84155
-4.44079
-4.44388
-4.44706
-4.44932
-4.45043
-4.45034
-4.44899
-4.44629
-4.44225
-4.43697
-4.43053
-4.42298
-4.4143
-4.40446
-4.39341
-4.38115
-4.36776
-4.35336
-4.33813
-4.32226
-4.30589
-4.28917
-4.27215
-4.25487
-4.2373
-4.21945
-4.2013
-4.1829
-4.16432
-4.14567
-4.12709
-4.10873
-4.09073
-4.07324
-4.05635
-4.04013
-4.02462
-4.00979
-3.99564
-3.9821
-3.96913
-3.95667
-3.94466
-3.93306
-3.92205
-3.91143
-4.47992
-4.48285
-4.48582
-4.4879
-4.48885
-4.48868
-4.48732
-4.48476
-4.481
-4.47611
-4.47011
-4.46302
-4.45478
-4.44537
-4.43478
-4.42307
-4.41036
-4.39682
-4.38261
-4.36789
-4.35278
-4.33735
-4.32162
-4.30558
-4.2892
-4.27247
-4.25542
-4.23808
-4.22057
-4.203
-4.18552
-4.16827
-4.15139
-4.13498
-4.11912
-4.10386
-4.08922
-4.07519
-4.06175
-4.04885
-4.03644
-4.02447
-4.01289
-4.00168
-3.99101
-3.98067
-4.52021
-4.52296
-4.52571
-4.52759
-4.52844
-4.52825
-4.52699
-4.52464
-4.52119
-4.51665
-4.51102
-4.50428
-4.49638
-4.48733
-4.47719
-4.46605
-4.45407
-4.44141
-4.42823
-4.41463
-4.40069
-4.38642
-4.37182
-4.35686
-4.34151
-4.32578
-4.30971
-4.29337
-4.27686
-4.26033
-4.2439
-4.22772
-4.21189
-4.1965
-4.18161
-4.16725
-4.15343
-4.14015
-4.12737
-4.11507
-4.10319
-4.09169
-4.08053
-4.0697
-4.05934
-4.04928
-4.56152
-4.56409
-4.56665
-4.56841
-4.56923
-4.56912
-4.56801
-4.56587
-4.56268
-4.55841
-4.55303
-4.54653
-4.53891
-4.53021
-4.52054
-4.51003
-4.49883
-4.48708
-4.4749
-4.46235
-4.44946
-4.43622
-4.42261
-4.40858
-4.39414
-4.37931
-4.36415
-4.34874
-4.3332
-4.31766
-4.30224
-4.28707
-4.27224
-4.25781
-4.24383
-4.23032
-4.21728
-4.2047
-4.19255
-4.18081
-4.16943
-4.15838
-4.14762
-4.13713
-4.12708
-4.11727
-4.60373
-4.60614
-4.60858
-4.61029
-4.61116
-4.61115
-4.61018
-4.60819
-4.60516
-4.60105
-4.59584
-4.58955
-4.58221
-4.57392
-4.56478
-4.55496
-4.54457
-4.53373
-4.5225
-4.51092
-4.49896
-4.48662
-4.47385
-4.46065
-4.44702
-4.43302
-4.4187
-4.40418
-4.38957
-4.37498
-4.36054
-4.34634
-4.33245
-4.31893
-4.30581
-4.2931
-4.28079
-4.26887
-4.25732
-4.2461
-4.23519
-4.22455
-4.21416
-4.204
-4.19422
-4.18465
-4.64675
-4.64903
-4.65138
-4.65309
-4.65401
-4.65406
-4.65316
-4.65125
-4.64831
-4.64431
-4.63926
-4.63321
-4.62623
-4.61842
-4.60991
-4.60083
-4.59127
-4.5813
-4.57094
-4.56021
-4.54906
-4.53749
-4.52546
-4.51298
-4.50009
-4.48685
-4.47335
-4.45968
-4.44596
-4.43229
-4.41878
-4.40551
-4.39253
-4.37987
-4.36757
-4.35561
-4.34399
-4.33269
-4.32169
-4.31096
-4.30048
-4.29023
-4.28016
-4.2703
-4.26079
-4.25145
-4.69054
-4.69272
-4.695
-4.69667
-4.69757
-4.69761
-4.69671
-4.69484
-4.69196
-4.6881
-4.68328
-4.67756
-4.67104
-4.66381
-4.65598
-4.64765
-4.63888
-4.62969
-4.62011
-4.61009
-4.59963
-4.5887
-4.57731
-4.56549
-4.55329
-4.54077
-4.52805
-4.51521
-4.50236
-4.48959
-4.47699
-4.46461
-4.45249
-4.44067
-4.42913
-4.41788
-4.40691
-4.39618
-4.38569
-4.37541
-4.36532
-4.3554
-4.34564
-4.33606
-4.3268
-4.3177
-4.73507
-4.73716
-4.73933
-4.74091
-4.74172
-4.74169
-4.74077
-4.73894
-4.73619
-4.73254
-4.72804
-4.72274
-4.71675
-4.71013
-4.70299
-4.69536
-4.68729
-4.67878
-4.66982
-4.6604
-4.65051
-4.64013
-4.62932
-4.6181
-4.60655
-4.59475
-4.58279
-4.57078
-4.55879
-4.5469
-4.53518
-4.52366
-4.51237
-4.50133
-4.49051
-4.47992
-4.46954
-4.45934
-4.4493
-4.43942
-4.42968
-4.42008
-4.41061
-4.4013
-4.39229
-4.38343
-4.78027
-4.78224
-4.78428
-4.78572
-4.78641
-4.78631
-4.78541
-4.78368
-4.78113
-4.77777
-4.77366
-4.76885
-4.76339
-4.75737
-4.75083
-4.74381
-4.73631
-4.72834
-4.71989
-4.71095
-4.70153
-4.69166
-4.68138
-4.67075
-4.65986
-4.64878
-4.6376
-4.62641
-4.61528
-4.60425
-4.59338
-4.58269
-4.57218
-4.56186
-4.55171
-4.54172
-4.53186
-4.52213
-4.5125
-4.50298
-4.49356
-4.48426
-4.47507
-4.46603
-4.45729
-4.4487
-4.82602
-4.82787
-4.82975
-4.83104
-4.83164
-4.83154
-4.83072
-4.82917
-4.82689
-4.82388
-4.82018
-4.81582
-4.81086
-4.80534
-4.7993
-4.79274
-4.78569
-4.77814
-4.7701
-4.76157
-4.7526
-4.74321
-4.73347
-4.72346
-4.71324
-4.7029
-4.69252
-4.68215
-4.67186
-4.66167
-4.65161
-4.64169
-4.6319
-4.62224
-4.61269
-4.60323
-4.59384
-4.58452
-4.57526
-4.56607
-4.55696
-4.54795
-4.53904
-4.5303
-4.52184
-4.51355
-4.87222
-4.87394
-4.87567
-4.87686
-4.87743
-4.87741
-4.87675
-4.87543
-4.87344
-4.87077
-4.86744
-4.86347
-4.85891
-4.85378
-4.8481
-4.84191
-4.8352
-4.828
-4.82032
-4.8122
-4.80367
-4.79479
-4.78564
-4.77627
-4.76677
-4.75719
-4.7476
-4.73805
-4.72857
-4.71917
-4.70986
-4.70064
-4.6915
-4.68242
-4.67339
-4.66439
-4.65542
-4.64647
-4.63756
-4.62868
-4.61988
-4.61117
-4.60257
-4.59414
-4.58601
-4.57804
-4.91884
-4.92043
-4.92204
-4.92319
-4.92381
-4.92392
-4.92346
-4.92238
-4.92065
-4.91826
-4.91521
-4.91154
-4.90726
-4.90242
-4.89703
-4.89112
-4.88472
-4.87784
-4.87053
-4.86283
-4.8548
-4.84648
-4.83795
-4.82927
-4.8205
-4.8117
-4.80289
-4.79411
-4.78538
-4.7767
-4.76807
-4.75947
-4.75089
-4.74232
-4.73374
-4.72515
-4.71656
-4.70795
-4.69936
-4.69081
-4.68233
-4.67394
-4.66569
-4.65762
-4.64984
-4.64224
-4.96585
-4.96733
-4.96888
-4.97004
-4.97077
-4.97103
-4.97075
-4.96986
-4.96832
-4.96612
-4.96327
-4.9598
-4.95573
-4.95111
-4.94596
-4.94031
-4.93421
-4.92769
-4.9208
-4.91357
-4.90608
-4.89837
-4.89051
-4.88253
-4.8745
-4.86643
-4.85836
-4.8503
-4.84225
-4.8342
-4.82615
-4.81809
-4.80999
-4.80186
-4.79368
-4.78546
-4.77721
-4.76895
-4.7607
-4.75248
-4.74435
-4.73633
-4.72845
-4.72077
-4.71338
-4.70618
-5.01328
-5.01468
-5.0162
-5.01743
-5.01827
-5.01866
-5.01849
-5.01771
-5.01627
-5.01418
-5.01145
-5.00811
-5.00421
-4.99978
-4.99487
-4.98951
-4.98375
-4.97763
-4.97121
-4.96451
-4.95761
-4.95054
-4.94334
-4.93606
-4.92872
-4.92134
-4.91394
-4.90651
-4.89905
-4.89155
-4.88401
-4.8764
-4.86872
-4.86097
-4.85316
-4.84529
-4.83739
-4.82947
-4.82158
-4.81373
-4.80598
-4.79837
-4.7909
-4.78364
-4.77668
-4.7699
-5.06109
-5.06243
-5.06396
-5.06526
-5.06618
-5.06663
-5.06651
-5.06575
-5.06434
-5.06229
-5.05963
-5.0564
-5.05266
-5.04844
-5.0438
-5.03877
-5.03341
-5.02775
-5.02183
-5.0157
-5.0094
-5.00296
-4.99641
-4.98978
-4.98308
-4.97632
-4.9695
-4.96262
-4.95567
-4.94864
-4.94152
-4.93431
-4.927
-4.91962
-4.91216
-4.90464
-4.8971
-4.88955
-4.88204
-4.87461
-4.86728
-4.8601
-4.85309
-4.84628
-4.83976
-4.83342
-5.10916
-5.11047
-5.11202
-5.11337
-5.11432
-5.11475
-5.11459
-5.1138
-5.11237
-5.11033
-5.10774
-5.10464
-5.10108
-5.09711
-5.09278
-5.08814
-5.08321
-5.07803
-5.07265
-5.06709
-5.06138
-5.05555
-5.0496
-5.04356
-5.03742
-5.0312
-5.02488
-5.01847
-5.01196
-5.00533
-4.9986
-4.99175
-4.98481
-4.97777
-4.97067
-4.96353
-4.95637
-4.94923
-4.94215
-4.93516
-4.92829
-4.92157
-4.91503
-4.9087
-4.90264
-4.89675
-5.15737
-5.15864
-5.16018
-5.16152
-5.16243
-5.16279
-5.16254
-5.16168
-5.16022
-5.15821
-5.15571
-5.15277
-5.14944
-5.14577
-5.1418
-5.13757
-5.13311
-5.12844
-5.12359
-5.11858
-5.11343
-5.10814
-5.10274
-5.09722
-5.09158
-5.08583
-5.07995
-5.07395
-5.06782
-5.06157
-5.0552
-5.04871
-5.04212
-5.03546
-5.02875
-5.022
-5.01527
-5.00857
-5.00194
-4.99542
-4.98904
-4.98281
-4.97676
-4.9709
-4.96531
-4.95988
-5.20554
-5.20677
-5.20825
-5.20951
-5.2103
-5.21053
-5.21017
-5.20924
-5.20777
-5.20582
-5.20346
-5.20073
-5.19769
-5.19436
-5.19079
-5.187
-5.18301
-5.17884
-5.1745
-5.17001
-5.16537
-5.16059
-5.15567
-5.15061
-5.14541
-5.14008
-5.13459
-5.12897
-5.12321
-5.11732
-5.11131
-5.1052
-5.09899
-5.09273
-5.08643
-5.08012
-5.07384
-5.06761
-5.06147
-5.05544
-5.04955
-5.04382
-5.03827
-5.0329
-5.02777
-5.02279
-5.25356
-5.25473
-5.25608
-5.25718
-5.2578
-5.25788
-5.2574
-5.25641
-5.25497
-5.25313
-5.25096
-5.24849
-5.24577
-5.24282
-5.23967
-5.23632
-5.2328
-5.2291
-5.22525
-5.22123
-5.21706
-5.21273
-5.20825
-5.20361
-5.19882
-5.19386
-5.18876
-5.18351
-5.17812
-5.1726
-5.16698
-5.16126
-5.15547
-5.14963
-5.14378
-5.13794
-5.13214
-5.1264
-5.12076
-5.11523
-5.10985
-5.10462
-5.09955
-5.09466
-5.09
-5.08546
-5.3014
-5.30248
-5.30366
-5.30454
-5.30494
-5.30483
-5.30424
-5.30322
-5.30183
-5.30014
-5.29819
-5.29602
-5.29364
-5.29108
-5.28834
-5.28543
-5.28236
-5.27912
-5.27571
-5.27213
-5.26839
-5.26448
-5.2604
-5.25615
-5.25174
-5.24717
-5.24244
-5.23757
-5.23257
-5.22745
-5.22223
-5.21694
-5.2116
-5.20622
-5.20085
-5.1955
-5.19019
-5.18496
-5.17983
-5.17481
-5.16992
-5.16519
-5.1606
-5.15619
-5.15197
-5.14786
-5.3491
-5.3501
-5.35107
-5.35169
-5.35184
-5.35152
-5.3508
-5.34976
-5.34845
-5.34693
-5.34522
-5.34335
-5.34132
-5.33914
-5.3368
-5.3343
-5.33164
-5.32882
-5.32582
-5.32265
-5.3193
-5.31578
-5.31209
-5.30822
-5.30419
-5.3
-5.29566
-5.29119
-5.2866
-5.28191
-5.27714
-5.2723
-5.26743
-5.26255
-5.25767
-5.25282
-5.24803
-5.2433
-5.23867
-5.23414
-5.22975
-5.2255
-5.22139
-5.21744
-5.21367
-5.20999
-5.39682
-5.39774
-5.39849
-5.39882
-5.39867
-5.39813
-5.39728
-5.39621
-5.39498
-5.39362
-5.39214
-5.39056
-5.38886
-5.38702
-5.38505
-5.38293
-5.38065
-5.3782
-5.37558
-5.37278
-5.36981
-5.36666
-5.36334
-5.35985
-5.35621
-5.35241
-5.34848
-5.34443
-5.34028
-5.33604
-5.33173
-5.32738
-5.323
-5.31862
-5.31426
-5.30992
-5.30563
-5.30141
-5.29727
-5.29323
-5.28931
-5.28553
-5.28189
-5.2784
-5.27507
-5.27183
-5.44473
-5.44557
-5.4461
-5.44612
-5.44565
-5.44484
-5.44384
-5.44273
-5.44156
-5.44035
-5.43909
-5.43776
-5.43634
-5.43481
-5.43315
-5.43136
-5.42941
-5.4273
-5.42502
-5.42257
-5.41995
-5.41716
-5.41421
-5.4111
-5.40785
-5.40446
-5.40096
-5.39734
-5.39365
-5.38988
-5.38606
-5.38221
-5.37834
-5.37447
-5.37062
-5.36679
-5.36301
-5.35928
-5.35562
-5.35204
-5.34858
-5.34526
-5.34208
-5.33905
-5.33618
-5.33337
-5.49281
-5.49369
-5.49403
-5.49371
-5.49288
-5.49178
-5.49061
-5.48946
-5.48834
-5.48725
-5.48615
-5.48503
-5.48384
-5.48256
-5.48117
-5.47965
-5.47799
-5.47618
-5.47421
-5.47208
-5.46979
-5.46735
-5.46476
-5.46203
-5.45917
-5.4562
-5.45313
-5.44997
-5.44674
-5.44346
-5.44014
-5.43679
-5.43344
-5.43009
-5.42675
-5.42343
-5.42015
-5.4169
-5.4137
-5.41057
-5.40754
-5.40466
-5.40196
-5.3994
-5.39699
-5.39465
-5.54085
-5.54215
-5.54231
-5.54161
-5.54036
-5.53896
-5.53763
-5.53643
-5.53535
-5.53435
-5.53339
-5.53242
-5.53141
-5.53032
-5.52914
-5.52784
-5.52642
-5.52487
-5.52317
-5.52134
-5.51936
-5.51726
-5.51503
-5.51268
-5.51022
-5.50767
-5.50504
-5.50234
-5.49959
-5.4968
-5.49398
-5.49114
-5.4883
-5.48547
-5.48265
-5.47984
-5.47705
-5.47428
-5.47152
-5.4688
-5.46616
-5.46372
-5.46151
-5.45945
-5.45753
-5.45567
-5.58964
-5.59142
-5.59114
-5.58978
-5.58802
-5.58634
-5.5849
-5.5837
-5.58267
-5.58175
-5.58087
-5.58001
-5.57911
-5.57816
-5.57713
-5.57601
-5.57478
-5.57345
-5.572
-5.57043
-5.56876
-5.56697
-5.56509
-5.56311
-5.56105
-5.55892
-5.55673
-5.5545
-5.55222
-5.54992
-5.54761
-5.54528
-5.54296
-5.54064
-5.53833
-5.53603
-5.53374
-5.53143
-5.52911
-5.52677
-5.52445
-5.52241
-5.52074
-5.51922
-5.51783
-5.51648
-5.64101
-5.64319
-5.64158
-5.63841
-5.63599
-5.6342
-5.63279
-5.63163
-5.63064
-5.62975
-5.62891
-5.62808
-5.62723
-5.62635
-5.62541
-5.62441
-5.62333
-5.62217
-5.62092
-5.61959
-5.61818
-5.61669
-5.61514
-5.61352
-5.61184
-5.61012
-5.60836
-5.60657
-5.60476
-5.60294
-5.60112
-5.59929
-5.59747
-5.59566
-5.59386
-5.59206
-5.59026
-5.58843
-5.58654
-5.58449
-5.58225
-5.58053
-5.57957
-5.57873
-5.57793
-5.57715
-5.69132
-5.70169
-5.69493
-5.68718
-5.68413
-5.68255
-5.68129
-5.68018
-5.6792
-5.67828
-5.67741
-5.67655
-5.6757
-5.67483
-5.67393
-5.673
-5.67203
-5.67101
-5.66994
-5.66882
-5.66765
-5.66645
-5.6652
-5.66392
-5.66261
-5.66128
-5.65994
-5.65859
-5.65723
-5.65588
-5.65453
-5.6532
-5.65187
-5.65057
-5.64927
-5.64799
-5.64669
-5.64536
-5.6439
-5.64196
-5.63916
-5.63746
-5.63779
-5.63794
-5.63787
-5.63773
-5.72264
-5.76939
-5.74291
-5.73032
-5.72722
-5.72567
-5.72443
-5.72336
-5.72242
-5.72156
-5.72075
-5.71998
-5.71924
-5.71851
-5.7178
-5.71708
-5.71635
-5.71562
-5.71488
-5.71413
-5.71337
-5.7126
-5.71184
-5.71107
-5.7103
-5.70954
-5.70879
-5.70805
-5.70733
-5.70662
-5.70593
-5.70526
-5.70461
-5.70398
-5.70336
-5.70276
-5.70216
-5.70151
-5.70068
-5.69912
-5.69568
-5.69542
-5.69705
-5.69788
-5.69829
-5.69856
0.398138
0.409813
0.497686
0.536631
0.550091
0.560909
0.565987
0.557154
0.789851
0.728739
0.683852
0.643882
0.612876
0.594325
0.581193
0.566885
0.850813
0.786655
0.725808
0.675729
0.634936
0.601714
0.574479
0.551978
0.768212
0.722037
0.678653
0.639657
0.604518
0.572749
0.54406
0.518871
0.691823
0.655261
0.618335
0.583231
0.550365
0.519567
0.490749
0.465062
0.612104
0.579478
0.545625
0.513182
0.482445
0.453054
0.424908
0.399541
0.525313
0.495668
0.464579
0.434592
0.405848
0.377918
0.350736
0.326127
0.43353
0.406499
0.377829
0.349995
0.323073
0.296616
0.270594
0.247018
0.337739
0.313007
0.286552
0.260756
0.235644
0.210762
0.186099
0.163755
0.238806
0.216179
0.191841
0.168037
0.144756
0.121543
0.0983994
0.0774315
0.137632
0.116981
0.0946804
0.0728173
0.0513623
0.0298732
0.00835235
-0.0111493
0.0349977
0.0162241
-0.00412704
-0.0241203
-0.0437856
-0.0635424
-0.0833907
-0.101381
-0.0684974
-0.0854751
-0.103959
-0.122162
-0.140097
-0.158151
-0.176328
-0.192801
-0.172449
-0.187707
-0.204394
-0.220871
-0.237136
-0.253535
-0.270069
-0.285051
-0.276587
-0.290208
-0.305165
-0.319973
-0.334621
-0.349414
-0.364346
-0.377872
-0.380691
-0.392763
-0.406064
-0.419265
-0.43235
-0.445586
-0.458962
-0.471076
-0.484598
-0.495206
-0.506928
-0.518586
-0.530164
-0.541895
-0.553767
-0.564518
-0.588186
-0.597406
-0.607624
-0.617807
-0.627938
-0.638222
-0.648646
-0.658084
-0.691366
-0.699262
-0.708041
-0.716812
-0.725558
-0.734456
-0.743494
-0.751678
-0.794062
-0.80069
-0.808093
-0.815512
-0.822933
-0.830509
-0.838225
-0.845215
-0.89619
-0.901607
-0.907696
-0.913828
-0.91999
-0.92631
-0.932771
-0.938628
-0.997693
-1.00195
-1.00679
-1.0117
-1.01667
-1.0218
-1.02708
-1.03186
-1.09855
-1.1017
-1.10536
-1.10911
-1.11295
-1.11696
-1.1211
-1.12487
-1.19873
-1.20085
-1.20338
-1.20604
-1.20882
-1.21175
-1.21482
-1.21761
-1.29825
-1.29938
-1.30085
-1.30248
-1.30423
-1.30614
-1.30818
-1.31003
-1.39708
-1.39728
-1.39774
-1.39838
-1.39916
-1.40008
-1.40113
-1.40207
-1.49519
-1.4945
-1.49401
-1.4937
-1.49354
-1.49352
-1.49361
-1.49368
-1.59253
-1.591
-1.58959
-1.58837
-1.58731
-1.58638
-1.58555
-1.58479
-1.68905
-1.68672
-1.68442
-1.68233
-1.68041
-1.67861
-1.6769
-1.67533
-1.78468
-1.78158
-1.77844
-1.77551
-1.77277
-1.77013
-1.76759
-1.76526
-1.87936
-1.87551
-1.87157
-1.86785
-1.86432
-1.8609
-1.85757
-1.85452
-1.97303
-1.96847
-1.96376
-1.95928
-1.95502
-1.95086
-1.94678
-1.94307
-2.06566
-2.06044
-2.055
-2.04981
-2.04485
-2.03999
-2.03522
-2.03088
-2.15719
-2.15135
-2.14524
-2.13939
-2.13378
-2.12829
-2.12287
-2.11794
-2.24759
-2.24117
-2.23444
-2.228
-2.2218
-2.21571
-2.20971
-2.20425
-2.33681
-2.32988
-2.32259
-2.3156
-2.30888
-2.30226
-2.29572
-2.28977
-2.42485
-2.41746
-2.40968
-2.40221
-2.39501
-2.38792
-2.38089
-2.3745
-2.51172
-2.50393
-2.49573
-2.48783
-2.48021
-2.47269
-2.46522
-2.45844
-2.59742
-2.5893
-2.58073
-2.57247
-2.56448
-2.55657
-2.54872
-2.54158
-2.68199
-2.67359
-2.66471
-2.65614
-2.64783
-2.63958
-2.63139
-2.62392
-2.76545
-2.75683
-2.74769
-2.73885
-2.73026
-2.72172
-2.71322
-2.70548
-2.84782
-2.83902
-2.82968
-2.82061
-2.81178
-2.80299
-2.79423
-2.78624
-2.92913
-2.9202
-2.91069
-2.90143
-2.8924
-2.8834
-2.87441
-2.86622
-3.00939
-3.00037
-2.99073
-2.98132
-2.97212
-2.96294
-2.95377
-2.94542
-3.08864
-3.07955
-3.06981
-3.06029
-3.05096
-3.04164
-3.03233
-3.02385
-3.16689
-3.15776
-3.14795
-3.13835
-3.12892
-3.11951
-3.1101
-3.10153
-3.24416
-3.23502
-3.22518
-3.21552
-3.20604
-3.19656
-3.18709
-3.17846
-3.32048
-3.31136
-3.30151
-3.29184
-3.28234
-3.27283
-3.26333
-3.25467
-3.3959
-3.38681
-3.37699
-3.36734
-3.35785
-3.34835
-3.33885
-3.33018
-3.47044
-3.46141
-3.45166
-3.44205
-3.4326
-3.42313
-3.41366
-3.40501
-3.54415
-3.53521
-3.52554
-3.51601
-3.50662
-3.49721
-3.48778
-3.47917
-3.61707
-3.60824
-3.59869
-3.58926
-3.57995
-3.57061
-3.56124
-3.55268
-3.68924
-3.68054
-3.67112
-3.66181
-3.6526
-3.64334
-3.63405
-3.62555
-3.76069
-3.75215
-3.74287
-3.73368
-3.72458
-3.71542
-3.70623
-3.6978
-3.83146
-3.82307
-3.81395
-3.8049
-3.79592
-3.78687
-3.77777
-3.76944
-3.90156
-3.89333
-3.88437
-3.87546
-3.8666
-3.85768
-3.84871
-3.84049
-3.971
-3.96293
-3.95414
-3.94537
-3.93666
-3.92788
-3.91906
-3.91098
-4.03982
-4.0319
-4.02327
-4.01466
-4.00611
-3.99748
-3.98884
-3.98093
-4.108
-4.10024
-4.09178
-4.08334
-4.07496
-4.06653
-4.05809
-4.05038
-4.17558
-4.16797
-4.1597
-4.15145
-4.14327
-4.13505
-4.12685
-4.11937
-4.24257
-4.23513
-4.22706
-4.21902
-4.21107
-4.2031
-4.19517
-4.18795
-4.30903
-4.30177
-4.29391
-4.28612
-4.27842
-4.27073
-4.26309
-4.25615
-4.37498
-4.36793
-4.36032
-4.35279
-4.34538
-4.33799
-4.33067
-4.32403
-4.4405
-4.43368
-4.42635
-4.41911
-4.412
-4.40494
-4.39795
-4.39162
-4.50564
-4.49908
-4.49205
-4.48513
-4.47835
-4.47162
-4.46497
-4.45894
-4.57047
-4.56419
-4.55749
-4.55091
-4.54446
-4.53807
-4.53175
-4.52603
-4.63502
-4.62905
-4.6227
-4.61646
-4.61036
-4.6043
-4.59832
-4.59289
-4.69935
-4.69371
-4.68771
-4.68182
-4.67606
-4.67034
-4.66467
-4.65953
-4.76348
-4.75818
-4.75254
-4.747
-4.74157
-4.73617
-4.73081
-4.72594
-4.82742
-4.82247
-4.81719
-4.81199
-4.80688
-4.80179
-4.79673
-4.79211
-4.89118
-4.88656
-4.88164
-4.87677
-4.87198
-4.86719
-4.86241
-4.85805
-4.95473
-4.95045
-4.94587
-4.94133
-4.93684
-4.93234
-4.92785
-4.92374
-5.01805
-5.01411
-5.00986
-5.00564
-5.00145
-4.99725
-4.99304
-4.98918
-5.08113
-5.07751
-5.07359
-5.06969
-5.0658
-5.06189
-5.05797
-5.05436
-5.14394
-5.14063
-5.13705
-5.13345
-5.12987
-5.12626
-5.12264
-5.11931
-5.20646
-5.20347
-5.20021
-5.19694
-5.19367
-5.19037
-5.18706
-5.18402
-5.26869
-5.26602
-5.2631
-5.26016
-5.25722
-5.25424
-5.25126
-5.24852
-5.33064
-5.32829
-5.32572
-5.32312
-5.32052
-5.31789
-5.31525
-5.31283
-5.39232
-5.39031
-5.3881
-5.38586
-5.38361
-5.38134
-5.37906
-5.37697
-5.45378
-5.45212
-5.45028
-5.44841
-5.44654
-5.44464
-5.44273
-5.44099
-5.51506
-5.51376
-5.51231
-5.51083
-5.50934
-5.50783
-5.5063
-5.50492
-5.57621
-5.57529
-5.57425
-5.57318
-5.57209
-5.57097
-5.56983
-5.56881
-5.63739
-5.63688
-5.63625
-5.6356
-5.63493
-5.63421
-5.63346
-5.63278
-5.69868
-5.69855
-5.69832
-5.69806
-5.69778
-5.69747
-5.69714
-5.69685
0.510909
0.564804
0.582029
0.561335
0.539567
0.520318
0.501679
0.48378
0.466771
0.450625
0.435281
0.420663
0.406682
0.393261
0.380364
0.368004
0.35622
0.345058
0.334549
0.324705
0.315517
0.306957
0.298987
0.291567
0.28467
0.278282
0.272406
0.267064
0.262286
0.258111
0.254582
0.251736
0.249597
0.248173
0.247441
0.247368
0.247895
0.248619
0.5393
0.53828
0.535003
0.513228
0.488521
0.465846
0.444581
0.424679
0.406149
0.388859
0.372655
0.357387
0.342911
0.329115
0.315937
0.303365
0.291424
0.280148
0.26956
0.259666
0.250451
0.241881
0.233909
0.226492
0.219595
0.213203
0.207316
0.201954
0.197149
0.192942
0.189378
0.186498
0.184331
0.182885
0.182144
0.182089
0.182661
0.183454
0.523122
0.502892
0.485435
0.460336
0.43361
0.408615
0.385393
0.363927
0.344163
0.325923
0.308994
0.293173
0.278274
0.264153
0.250728
0.237972
0.225896
0.214527
0.203882
0.19396
0.184739
0.176175
0.168218
0.160816
0.153933
0.147549
0.141662
0.136294
0.131477
0.127255
0.123675
0.120781
0.118605
0.117158
0.116427
0.1164
0.117029
0.117891
0.485114
0.455863
0.430515
0.402547
0.374442
0.348071
0.323627
0.301128
0.280504
0.261572
0.244101
0.227857
0.212631
0.198258
0.184641
0.171743
0.15957
0.14814
0.137467
0.127543
0.118338
0.109803
0.101879
0.0945118
0.0876593
0.0812993
0.0754314
0.0700752
0.0652665
0.0610514
0.0574793
0.0545965
0.0524367
0.0510122
0.0503116
0.0503262
0.0510095
0.051926
0.430646
0.398224
0.369322
0.339844
0.311122
0.284163
0.259147
0.236118
0.215017
0.195679
0.177878
0.161371
0.145937
0.131406
0.117671
0.104692
0.0924711
0.0810246
0.0703613
0.0604684
0.051309
0.0428274
0.0349602
0.0276482
0.0208463
0.0145304
0.00869969
0.00337503
-0.00140591
-0.00559491
-0.00914044
-0.011995
-0.0141238
-0.0155143
-0.0161778
-0.0161234
-0.015399
-0.0144488
0.365782
0.332821
0.302679
0.27278
0.244079
0.217123
0.192046
0.16891
0.147678
0.128207
0.110285
0.0936781
0.0781656
0.0635763
0.0498058
0.0368141
0.0246036
0.0131902
0.00257961
-0.00724563
-0.0163281
-0.0247283
-0.0325141
-0.0397486
-0.0464793
-0.0527318
-0.0585066
-0.0637813
-0.0685166
-0.0726626
-0.0761663
-0.0789793
-0.0810667
-0.0824169
-0.0830426
-0.0829547
-0.0822039
-0.0812362
0.29378
0.26159
0.231509
0.201945
0.173752
0.147241
0.122504
0.0996102
0.0785422
0.0591798
0.0413327
0.0247802
0.00931265
-0.00523325
-0.0189551
-0.0318879
-0.0440262
-0.0553534
-0.065866
-0.0755851
-0.0845575
-0.0928477
-0.100527
-0.107662
-0.114302
-0.120472
-0.126173
-0.131381
-0.136054
-0.140143
-0.143592
-0.146353
-0.148391
-0.149698
-0.150288
-0.150173
-0.149408
-0.148434
0.216469
0.185745
0.156524
0.127846
0.100545
0.0748204
0.050738
0.0283694
0.007711
-0.0113349
-0.0289361
-0.0452936
-0.0606002
-0.0750055
-0.0885955
-0.101397
-0.1134
-0.124587
-0.134956
-0.144529
-0.153358
-0.16151
-0.169059
-0.176073
-0.182603
-0.188674
-0.194284
-0.19941
-0.204007
-0.208025
-0.211409
-0.21411
-0.216095
-0.217357
-0.217913
-0.217778
-0.217007
-0.216037
0.135162
0.106247
0.0783718
0.0509624
0.024845
0.000168776
-0.0230152
-0.0446363
-0.0646872
-0.0832453
-0.100455
-0.116494
-0.131535
-0.145709
-0.159087
-0.171687
-0.183493
-0.194486
-0.204665
-0.214055
-0.222708
-0.230694
-0.238089
-0.244963
-0.251365
-0.25732
-0.262825
-0.267854
-0.272363
-0.2763
-0.279609
-0.282244
-0.284173
-0.285391
-0.285915
-0.285765
-0.284995
-0.284035
0.0508545
0.0239005
-0.00235216
-0.0282445
-0.0529722
-0.0764102
-0.0985163
-0.119222
-0.138512
-0.156446
-0.173143
-0.18876
-0.203443
-0.217303
-0.230395
-0.242726
-0.254276
-0.265023
-0.274968
-0.284137
-0.292583
-0.300378
-0.307598
-0.314313
-0.320571
-0.326395
-0.331781
-0.336701
-0.341111
-0.344957
-0.348185
-0.350749
-0.352619
-0.353792
-0.354288
-0.354126
-0.353363
-0.352416
-0.035699
-0.0606437
-0.0851276
-0.109354
-0.132559
-0.154633
-0.175538
-0.195209
-0.213624
-0.230827
-0.246916
-0.262022
-0.276267
-0.289738
-0.302476
-0.314476
-0.325714
-0.336168
-0.345837
-0.35475
-0.362961
-0.370541
-0.377567
-0.384106
-0.390205
-0.395885
-0.401139
-0.405939
-0.410239
-0.413986
-0.417126
-0.419615
-0.421424
-0.422553
-0.423022
-0.422852
-0.422099
-0.421169
-0.123922
-0.146864
-0.169515
-0.192001
-0.21361
-0.234244
-0.253872
-0.272429
-0.289889
-0.306282
-0.321687
-0.336209
-0.349945
-0.362962
-0.375284
-0.386897
-0.397773
-0.407889
-0.417245
-0.42587
-0.433819
-0.441163
-0.447977
-0.454325
-0.460252
-0.465775
-0.470886
-0.475555
-0.479736
-0.483376
-0.486422
-0.488832
-0.490579
-0.491664
-0.492107
-0.491931
-0.491191
-0.49028
-0.213375
-0.234346
-0.255153
-0.275875
-0.295862
-0.315024
-0.333333
-0.350728
-0.367179
-0.382705
-0.397367
-0.411246
-0.424415
-0.43692
-0.448771
-0.459947
-0.470415
-0.480154
-0.489162
-0.497471
-0.505135
-0.512224
-0.51881
-0.524954
-0.530696
-0.53605
-0.541008
-0.545536
-0.54959
-0.553115
-0.556062
-0.558389
-0.560073
-0.561113
-0.561532
-0.561351
-0.560625
-0.559736
-0.303716
-0.32277
-0.341756
-0.360729
-0.379098
-0.396785
-0.41376
-0.429968
-0.445378
-0.459998
-0.473871
-0.487058
-0.499611
-0.511555
-0.522888
-0.533582
-0.543604
-0.552929
-0.561561
-0.569529
-0.576889
-0.583706
-0.59005
-0.595977
-0.601522
-0.606698
-0.611491
-0.61587
-0.619788
-0.623193
-0.626035
-0.628276
-0.629894
-0.630889
-0.631284
-0.6311
-0.63039
-0.629523
-0.394695
-0.411893
-0.429101
-0.446361
-0.46314
-0.479366
-0.495013
-0.510028
-0.524378
-0.538065
-0.551117
-0.563573
-0.575467
-0.586809
-0.597584
-0.607759
-0.617299
-0.626182
-0.634412
-0.64202
-0.649057
-0.655589
-0.661679
-0.667377
-0.672716
-0.677703
-0.682323
-0.686543
-0.690317
-0.693595
-0.696328
-0.69848
-0.70003
-0.700979
-0.70135
-0.701163
-0.70047
-0.699627
-0.486123
-0.501531
-0.517017
-0.532612
-0.547839
-0.562634
-0.576969
-0.590795
-0.604079
-0.616816
-0.629021
-0.640717
-0.65192
-0.662624
-0.672808
-0.682432
-0.691462
-0.699879
-0.707687
-0.714917
-0.721619
-0.727853
-0.733678
-0.739138
-0.74426
-0.749049
-0.753487
-0.757541
-0.761165
-0.764309
-0.766929
-0.768989
-0.770469
-0.771371
-0.771717
-0.771528
-0.770853
-0.770034
-0.577856
-0.591543
-0.605367
-0.619352
-0.633073
-0.646471
-0.659517
-0.672167
-0.684387
-0.696165
-0.707506
-0.718419
-0.728903
-0.738942
-0.748506
-0.757555
-0.766054
-0.773986
-0.781357
-0.788196
-0.794552
-0.800478
-0.806028
-0.811241
-0.816139
-0.820721
-0.824969
-0.828849
-0.832316
-0.835322
-0.837824
-0.839788
-0.841196
-0.84205
-0.842371
-0.84218
-0.841525
-0.840731
-0.669783
-0.681815
-0.694039
-0.706472
-0.718736
-0.730775
-0.742561
-0.754052
-0.765213
-0.77603
-0.786496
-0.796607
-0.806352
-0.815705
-0.824629
-0.833084
-0.841036
-0.84847
-0.855392
-0.861832
-0.867832
-0.873444
-0.878711
-0.883669
-0.888333
-0.892701
-0.896752
-0.900452
-0.903756
-0.90662
-0.909
-0.910865
-0.912199
-0.913004
-0.9133
-0.913107
-0.91247
-0.911703
-0.761808
-0.772254
-0.782941
-0.79388
-0.804736
-0.815455
-0.826011
-0.836362
-0.846475
-0.856331
-0.865916
-0.875215
-0.884207
-0.892859
-0.901129
-0.908977
-0.916372
-0.923299
-0.929766
-0.9358
-0.941439
-0.946728
-0.951707
-0.956403
-0.960827
-0.964974
-0.968821
-0.972335
-0.975471
-0.978187
-0.980442
-0.982207
-0.983465
-0.984219
-0.984489
-0.984294
-0.983676
-0.982936
-0.853851
-0.86278
-0.871993
-0.881494
-0.890989
-0.900428
-0.909784
-0.919016
-0.928094
-0.936995
-0.945697
-0.954178
-0.962409
-0.97035
-0.977958
-0.985193
-0.992025
-0.998442
-1.00445
-1.01007
-1.01535
-1.02031
-1.025
-1.02942
-1.0336
-1.03752
-1.04116
-1.04448
-1.04745
-1.05001
-1.05214
-1.0538
-1.05498
-1.05568
-1.05592
-1.05573
-1.05513
-1.05441
-0.945846
-0.953325
-0.961123
-0.969239
-0.977419
-0.985615
-0.9938
-1.00194
-1.01
-1.01795
-1.02577
-1.03344
-1.0409
-1.04813
-1.05507
-1.06169
-1.06796
-1.07387
-1.07942
-1.08463
-1.08954
-1.09417
-1.09856
-1.10271
-1.10664
-1.11032
-1.11375
-1.11687
-1.11966
-1.12207
-1.12407
-1.12562
-1.12673
-1.12737
-1.12759
-1.12739
-1.12681
-1.12613
-1.03773
-1.04382
-1.05026
-1.05704
-1.06395
-1.07094
-1.07799
-1.08505
-1.09211
-1.09913
-1.10608
-1.11293
-1.11964
-1.12615
-1.13243
-1.13844
-1.14415
-1.14955
-1.15464
-1.15944
-1.16398
-1.16828
-1.17237
-1.17624
-1.17991
-1.18337
-1.18657
-1.1895
-1.1921
-1.19436
-1.19622
-1.19767
-1.19869
-1.19929
-1.19947
-1.19927
-1.19871
-1.19805
-1.12945
-1.13421
-1.13935
-1.14484
-1.15052
-1.15634
-1.16227
-1.1683
-1.17437
-1.18047
-1.18657
-1.19261
-1.19856
-1.20437
-1.21
-1.2154
-1.22055
-1.22545
-1.23009
-1.23449
-1.23866
-1.24263
-1.24641
-1.25
-1.25341
-1.25662
-1.25961
-1.26233
-1.26476
-1.26685
-1.26858
-1.26992
-1.27086
-1.2714
-1.27156
-1.27135
-1.27082
-1.27019
-1.22096
-1.22444
-1.22831
-1.23256
-1.23705
-1.24173
-1.24659
-1.2516
-1.25672
-1.26192
-1.26717
-1.27242
-1.27763
-1.28275
-1.28773
-1.29254
-1.29715
-1.30155
-1.30574
-1.30974
-1.31354
-1.31718
-1.32065
-1.32397
-1.32712
-1.33008
-1.33284
-1.33536
-1.3376
-1.33953
-1.34113
-1.34236
-1.34322
-1.3437
-1.34384
-1.34363
-1.34311
-1.34251
-1.31219
-1.31444
-1.31709
-1.32014
-1.32348
-1.32707
-1.33089
-1.33491
-1.3391
-1.34343
-1.34785
-1.35233
-1.35681
-1.36125
-1.3656
-1.36982
-1.3739
-1.37782
-1.38157
-1.38517
-1.38861
-1.39192
-1.39509
-1.39812
-1.401
-1.40372
-1.40625
-1.40856
-1.41062
-1.41239
-1.41385
-1.41497
-1.41575
-1.41618
-1.41628
-1.41607
-1.41557
-1.415
-1.40309
-1.40414
-1.40562
-1.40752
-1.40975
-1.41228
-1.41509
-1.41816
-1.42145
-1.42493
-1.42856
-1.43229
-1.43606
-1.43984
-1.44357
-1.44723
-1.45079
-1.45423
-1.45755
-1.46076
-1.46384
-1.46682
-1.46968
-1.47243
-1.47505
-1.47753
-1.47983
-1.48193
-1.4838
-1.48541
-1.48673
-1.48774
-1.48844
-1.48882
-1.48889
-1.48867
-1.4882
-1.48765
-1.49359
-1.4935
-1.49385
-1.49464
-1.4958
-1.49732
-1.49916
-1.50131
-1.50374
-1.5064
-1.50926
-1.51226
-1.51535
-1.51848
-1.52162
-1.52473
-1.52778
-1.53076
-1.53366
-1.53648
-1.53921
-1.54186
-1.54442
-1.54689
-1.54924
-1.55147
-1.55355
-1.55544
-1.55713
-1.55857
-1.55976
-1.56066
-1.56127
-1.5616
-1.56164
-1.56142
-1.56097
-1.56045
-1.58364
-1.58245
-1.58172
-1.58145
-1.58159
-1.58213
-1.58305
-1.58432
-1.58592
-1.58779
-1.58991
-1.5922
-1.59464
-1.59715
-1.59972
-1.60229
-1.60485
-1.60738
-1.60987
-1.61231
-1.61469
-1.61702
-1.61928
-1.62147
-1.62356
-1.62554
-1.62739
-1.62908
-1.63058
-1.63186
-1.63291
-1.6337
-1.63423
-1.6345
-1.63452
-1.6343
-1.63387
-1.63338
-1.67317
-1.67093
-1.66918
-1.66789
-1.66706
-1.66667
-1.66671
-1.66715
-1.66795
-1.66907
-1.67047
-1.6721
-1.6739
-1.67582
-1.67783
-1.67989
-1.68198
-1.68407
-1.68616
-1.68823
-1.69027
-1.69228
-1.69425
-1.69615
-1.69798
-1.69972
-1.70134
-1.70282
-1.70414
-1.70526
-1.70618
-1.70686
-1.70731
-1.70753
-1.70752
-1.7073
-1.70689
-1.70643
-1.76214
-1.7589
-1.75617
-1.75393
-1.75218
-1.75091
-1.75011
-1.74975
-1.7498
-1.75021
-1.75093
-1.75191
-1.7531
-1.75446
-1.75593
-1.7575
-1.75913
-1.7608
-1.7625
-1.76421
-1.76592
-1.76762
-1.76929
-1.77092
-1.77249
-1.77399
-1.77538
-1.77666
-1.77779
-1.77876
-1.77954
-1.78012
-1.78049
-1.78066
-1.78063
-1.78041
-1.78001
-1.77959
-1.85049
-1.84632
-1.84267
-1.83952
-1.8369
-1.83481
-1.83322
-1.83211
-1.83145
-1.83117
-1.83125
-1.83161
-1.83223
-1.83303
-1.834
-1.83509
-1.83629
-1.83756
-1.83888
-1.84024
-1.84162
-1.84301
-1.84439
-1.84575
-1.84707
-1.84833
-1.8495
-1.85058
-1.85153
-1.85234
-1.85299
-1.85347
-1.85376
-1.85388
-1.85382
-1.8536
-1.85323
-1.85283
-1.93819
-1.93315
-1.92863
-1.92463
-1.9212
-1.91834
-1.91601
-1.9142
-1.91285
-1.91194
-1.9114
-1.91118
-1.91124
-1.91153
-1.91201
-1.91266
-1.91343
-1.91431
-1.91527
-1.91629
-1.91735
-1.91844
-1.91954
-1.92063
-1.9217
-1.92272
-1.92368
-1.92456
-1.92533
-1.92599
-1.92651
-1.92689
-1.92711
-1.92718
-1.9271
-1.92687
-1.92652
-1.92616
-2.02521
-2.01935
-2.01403
-2.00925
-2.00506
-2.00147
-1.99845
-1.99598
-1.994
-1.99248
-1.99136
-1.99059
-1.99013
-1.98993
-1.98995
-1.99016
-1.99053
-1.99104
-1.99165
-1.99234
-1.9931
-1.9939
-1.99472
-1.99554
-1.99636
-1.99715
-1.9979
-1.99858
-1.99919
-1.9997
-2.00009
-2.00037
-2.00052
-2.00054
-2.00044
-2.00022
-1.99989
-1.99955
-2.11155
-2.10492
-2.09886
-2.09334
-2.08845
-2.08419
-2.08053
-2.07744
-2.07487
-2.07278
-2.07112
-2.06983
-2.06887
-2.0682
-2.06779
-2.06759
-2.06758
-2.06773
-2.06801
-2.06838
-2.06883
-2.06935
-2.0699
-2.07047
-2.07105
-2.07161
-2.07215
-2.07265
-2.07308
-2.07345
-2.07372
-2.0739
-2.07398
-2.07396
-2.07384
-2.07362
-2.07331
-2.07299
-2.19718
-2.18985
-2.18309
-2.1769
-2.17136
-2.16648
-2.16222
-2.15856
-2.15544
-2.15282
-2.15064
-2.14886
-2.14744
-2.14634
-2.14551
-2.14493
-2.14455
-2.14436
-2.14431
-2.14438
-2.14455
-2.14478
-2.14507
-2.14539
-2.14573
-2.14608
-2.14641
-2.14673
-2.147
-2.14722
-2.14739
-2.14747
-2.14749
-2.14742
-2.14728
-2.14706
-2.14677
-2.14648
-2.28209
-2.27412
-2.26673
-2.25992
-2.25378
-2.24833
-2.24352
-2.23933
-2.23569
-2.23257
-2.22992
-2.22768
-2.22583
-2.22431
-2.22309
-2.22215
-2.22143
-2.22091
-2.22056
-2.22033
-2.22021
-2.22018
-2.22021
-2.22029
-2.2204
-2.22054
-2.22068
-2.22081
-2.22093
-2.22102
-2.22107
-2.22107
-2.22102
-2.22092
-2.22076
-2.22054
-2.22027
-2.22001
-2.36626
-2.35771
-2.34975
-2.34238
-2.3357
-2.32973
-2.32441
-2.31972
-2.31561
-2.31203
-2.30893
-2.30627
-2.30401
-2.30211
-2.30053
-2.29924
-2.2982
-2.29737
-2.29672
-2.29621
-2.29582
-2.29553
-2.29531
-2.29516
-2.29505
-2.29498
-2.29493
-2.2949
-2.29487
-2.29483
-2.29477
-2.29469
-2.29458
-2.29443
-2.29426
-2.29404
-2.29379
-2.29356
-2.44969
-2.44063
-2.43215
-2.42427
-2.41711
-2.41066
-2.40489
-2.39975
-2.39519
-2.39118
-2.38767
-2.38461
-2.38197
-2.37971
-2.3778
-2.37618
-2.37484
-2.37371
-2.37278
-2.372
-2.37135
-2.37081
-2.37036
-2.36998
-2.36966
-2.36939
-2.36916
-2.36896
-2.36879
-2.36863
-2.36847
-2.36831
-2.36815
-2.36797
-2.36777
-2.36756
-2.36733
-2.36712
-2.53239
-2.52286
-2.51393
-2.5056
-2.498
-2.49113
-2.48493
-2.47938
-2.47442
-2.47001
-2.46612
-2.46269
-2.4597
-2.45711
-2.45488
-2.45297
-2.45133
-2.44993
-2.44873
-2.44769
-2.4468
-2.44601
-2.44533
-2.44473
-2.44421
-2.44375
-2.44335
-2.443
-2.44269
-2.44242
-2.44217
-2.44193
-2.44171
-2.4415
-2.44129
-2.44108
-2.44087
-2.44069
-2.61434
-2.6044
-2.59507
-2.58635
-2.57836
-2.57111
-2.56453
-2.55861
-2.55328
-2.54851
-2.54427
-2.54051
-2.5372
-2.5343
-2.53177
-2.52958
-2.52767
-2.52601
-2.52455
-2.52327
-2.52213
-2.52112
-2.52022
-2.51942
-2.5187
-2.51806
-2.5175
-2.517
-2.51657
-2.51618
-2.51584
-2.51554
-2.51527
-2.51503
-2.51481
-2.5146
-2.51441
-2.51425
-2.69554
-2.68526
-2.67558
-2.66652
-2.65819
-2.6506
-2.64369
-2.63742
-2.63176
-2.62667
-2.6221
-2.61804
-2.61444
-2.61126
-2.60846
-2.606
-2.60384
-2.60193
-2.60023
-2.59872
-2.59736
-2.59613
-2.59502
-2.59402
-2.59312
-2.59231
-2.59159
-2.59096
-2.5904
-2.58992
-2.5895
-2.58913
-2.58882
-2.58855
-2.58831
-2.58811
-2.58793
-2.5878
-2.77601
-2.76543
-2.75546
-2.7461
-2.73748
-2.72959
-2.72238
-2.71581
-2.70985
-2.70447
-2.69962
-2.69528
-2.69141
-2.68798
-2.68493
-2.68223
-2.67983
-2.67768
-2.67576
-2.67402
-2.67245
-2.67102
-2.66971
-2.66853
-2.66746
-2.66649
-2.66563
-2.66487
-2.6642
-2.66362
-2.66312
-2.6627
-2.66234
-2.66204
-2.6618
-2.6616
-2.66144
-2.66133
-2.85574
-2.84491
-2.83471
-2.8251
-2.81623
-2.80807
-2.8006
-2.79377
-2.78755
-2.7819
-2.7768
-2.77222
-2.76811
-2.76444
-2.76117
-2.75825
-2.75562
-2.75326
-2.75113
-2.74918
-2.74741
-2.74578
-2.74429
-2.74294
-2.7417
-2.74059
-2.73959
-2.73871
-2.73794
-2.73727
-2.7367
-2.73623
-2.73583
-2.73551
-2.73526
-2.73506
-2.73492
-2.73483
-2.93474
-2.92372
-2.91332
-2.90351
-2.89442
-2.88605
-2.87835
-2.87129
-2.86483
-2.85896
-2.85364
-2.84884
-2.84453
-2.84065
-2.83717
-2.83404
-2.83122
-2.82866
-2.82632
-2.82419
-2.82222
-2.82041
-2.81875
-2.81723
-2.81585
-2.8146
-2.81348
-2.81249
-2.81162
-2.81088
-2.81024
-2.80971
-2.80928
-2.80894
-2.80868
-2.8085
-2.80837
-2.8083
-3.01302
-3.00186
-2.9913
-2.98133
-2.97207
-2.96351
-2.95562
-2.94836
-2.94171
-2.93564
-2.93013
-2.92515
-2.92065
-2.91659
-2.91293
-2.90961
-2.9066
-2.90386
-2.90134
-2.89902
-2.89688
-2.89491
-2.89309
-2.89142
-2.8899
-2.88852
-2.88729
-2.8862
-2.88524
-2.88442
-2.88373
-2.88316
-2.88269
-2.88234
-2.88207
-2.88189
-2.88178
-2.88172
-3.09059
-3.07932
-3.06866
-3.05856
-3.04917
-3.04046
-3.03241
-3.02498
-3.01817
-3.01194
-3.00627
-3.00113
-2.99647
-2.99226
-2.98843
-2.98495
-2.98177
-2.97885
-2.97617
-2.97368
-2.97138
-2.96925
-2.96729
-2.96548
-2.96384
-2.96235
-2.96101
-2.95983
-2.9588
-2.95791
-2.95716
-2.95655
-2.95606
-2.95568
-2.95541
-2.95524
-2.95514
-2.9551
-3.16745
-3.15613
-3.1454
-3.13521
-3.12571
-3.11688
-3.10871
-3.10116
-3.09422
-3.08786
-3.08206
-3.07679
-3.072
-3.06764
-3.06367
-3.06004
-3.05671
-3.05364
-3.0508
-3.04816
-3.04572
-3.04345
-3.04135
-3.03942
-3.03766
-3.03607
-3.03464
-3.03338
-3.03227
-3.03133
-3.03053
-3.02988
-3.02937
-3.02898
-3.0287
-3.02853
-3.02846
-3.02843
-3.24363
-3.23229
-3.22152
-3.21127
-3.2017
-3.19279
-3.18452
-3.17688
-3.16985
-3.16339
-3.1575
-3.15212
-3.14722
-3.14275
-3.13865
-3.13489
-3.13143
-3.12822
-3.12523
-3.12246
-3.11988
-3.11748
-3.11527
-3.11323
-3.11137
-3.10969
-3.10818
-3.10684
-3.10568
-3.10468
-3.10384
-3.10316
-3.10262
-3.10222
-3.10194
-3.10178
-3.10171
-3.1017
-3.31914
-3.3078
-3.29702
-3.28675
-3.27714
-3.26818
-3.25986
-3.25216
-3.24507
-3.23855
-3.23258
-3.22713
-3.22214
-3.21757
-3.21337
-3.20949
-3.2059
-3.20257
-3.19947
-3.19657
-3.19387
-3.19136
-3.18904
-3.18691
-3.18496
-3.1832
-3.18161
-3.18021
-3.17899
-3.17795
-3.17708
-3.17636
-3.17581
-3.1754
-3.17512
-3.17496
-3.17491
-3.17492
-3.39399
-3.38268
-3.37193
-3.36166
-3.35204
-3.34307
-3.33473
-3.32701
-3.31988
-3.31333
-3.30732
-3.30181
-3.29675
-3.2921
-3.28781
-3.28384
-3.28015
-3.2767
-3.27349
-3.27049
-3.26769
-3.26508
-3.26267
-3.26045
-3.25843
-3.25659
-3.25495
-3.2535
-3.25223
-3.25114
-3.25024
-3.2495
-3.24893
-3.24851
-3.24824
-3.24808
-3.24805
-3.24807
-3.46819
-3.45694
-3.44624
-3.43601
-3.42642
-3.41747
-3.40914
-3.40142
-3.3943
-3.38774
-3.38171
-3.37616
-3.37106
-3.36635
-3.36199
-3.35793
-3.35415
-3.35062
-3.34731
-3.34421
-3.34132
-3.33864
-3.33615
-3.33386
-3.33177
-3.32988
-3.32818
-3.32668
-3.32538
-3.32426
-3.32333
-3.32257
-3.32199
-3.32156
-3.32129
-3.32114
-3.32111
-3.32115
-3.54176
-3.5306
-3.51997
-3.50981
-3.50028
-3.49138
-3.4831
-3.47543
-3.46833
-3.46179
-3.45576
-3.4502
-3.44507
-3.44031
-3.43589
-3.43177
-3.42792
-3.4243
-3.42092
-3.41774
-3.41478
-3.41202
-3.40947
-3.40713
-3.40498
-3.40304
-3.40131
-3.39977
-3.39843
-3.39729
-3.39634
-3.39557
-3.39497
-3.39455
-3.39427
-3.39413
-3.39411
-3.39416
-3.61471
-3.60366
-3.59314
-3.58308
-3.57365
-3.56484
-3.55663
-3.54903
-3.54199
-3.53549
-3.52948
-3.52393
-3.51878
-3.514
-3.50953
-3.50536
-3.50144
-3.49777
-3.49432
-3.49108
-3.48806
-3.48525
-3.48265
-3.48026
-3.47807
-3.47609
-3.47432
-3.47276
-3.4714
-3.47024
-3.46927
-3.46849
-3.46789
-3.46745
-3.46718
-3.46704
-3.46704
-3.4671
-3.68707
-3.67615
-3.66576
-3.65584
-3.64653
-3.63784
-3.62975
-3.62224
-3.61528
-3.60884
-3.60288
-3.59734
-3.5922
-3.5874
-3.5829
-3.57869
-3.57473
-3.571
-3.56751
-3.56423
-3.56116
-3.55831
-3.55567
-3.55325
-3.55103
-3.54903
-3.54724
-3.54565
-3.54427
-3.54309
-3.54211
-3.54133
-3.54072
-3.54029
-3.54001
-3.53989
-3.53989
-3.53996
-3.75884
-3.74809
-3.73787
-3.72812
-3.71897
-3.71043
-3.70247
-3.69508
-3.68823
-3.68186
-3.67595
-3.67045
-3.66532
-3.66052
-3.65601
-3.65177
-3.64778
-3.64402
-3.64049
-3.63718
-3.63409
-3.63121
-3.62855
-3.6261
-3.62387
-3.62185
-3.62004
-3.61844
-3.61705
-3.61587
-3.61488
-3.61409
-3.61348
-3.61305
-3.61278
-3.61265
-3.61267
-3.61275
-3.83005
-3.8195
-3.80948
-3.79993
-3.79097
-3.78261
-3.77481
-3.76757
-3.76083
-3.75456
-3.74872
-3.74326
-3.73816
-3.73336
-3.72885
-3.7246
-3.72059
-3.71682
-3.71327
-3.70995
-3.70684
-3.70395
-3.70127
-3.69882
-3.69658
-3.69455
-3.69273
-3.69113
-3.68974
-3.68855
-3.68756
-3.68677
-3.68616
-3.68573
-3.68546
-3.68535
-3.68537
-3.68546
-3.90073
-3.89041
-3.88063
-3.8713
-3.86257
-3.85441
-3.8468
-3.8397
-3.8331
-3.82693
-3.82117
-3.81577
-3.81071
-3.80593
-3.80143
-3.79719
-3.79318
-3.7894
-3.78585
-3.78252
-3.77941
-3.77652
-3.77385
-3.7714
-3.76916
-3.76713
-3.76532
-3.76372
-3.76233
-3.76114
-3.76015
-3.75936
-3.75876
-3.75833
-3.75807
-3.75796
-3.75799
-3.75809
-3.97091
-3.96086
-3.95134
-3.94228
-3.93378
-3.92584
-3.91843
-3.91151
-3.90505
-3.899
-3.89332
-3.88799
-3.88297
-3.87824
-3.87376
-3.86953
-3.86554
-3.86177
-3.85824
-3.85492
-3.85182
-3.84895
-3.84629
-3.84385
-3.84162
-3.83961
-3.83781
-3.83621
-3.83483
-3.83365
-3.83266
-3.83188
-3.83128
-3.83086
-3.8306
-3.83049
-3.83053
-3.83064
-4.04064
-4.03088
-4.02165
-4.01287
-4.00464
-3.99694
-3.98974
-3.983
-3.97668
-3.97075
-3.96518
-3.95993
-3.95497
-3.95027
-3.94584
-3.94164
-3.93768
-3.93394
-3.93043
-3.92714
-3.92407
-3.92122
-3.91858
-3.91617
-3.91396
-3.91197
-3.91018
-3.90861
-3.90723
-3.90606
-3.90509
-3.90431
-3.90372
-3.9033
-3.90305
-3.90295
-3.90299
-3.9031
-4.10994
-4.10051
-4.0916
-4.08312
-4.07516
-4.06771
-4.06073
-4.05417
-4.04801
-4.04221
-4.03675
-4.03158
-4.02669
-4.02206
-4.01767
-4.01352
-4.0096
-4.0059
-4.00243
-3.99918
-3.99615
-3.99334
-3.99074
-3.98836
-3.98619
-3.98422
-3.98246
-3.9809
-3.97955
-3.97839
-3.97743
-3.97666
-3.97608
-3.97567
-3.97542
-3.97533
-3.97538
-3.97549
-4.17885
-4.16978
-4.1612
-4.15304
-4.14537
-4.13817
-4.13141
-4.12504
-4.11905
-4.11338
-4.10803
-4.10295
-4.09814
-4.09358
-4.08926
-4.08517
-4.08131
-4.07767
-4.07426
-4.07106
-4.06808
-4.06532
-4.06277
-4.06043
-4.0583
-4.05636
-4.05463
-4.0531
-4.05177
-4.05063
-4.04969
-4.04893
-4.04836
-4.04796
-4.04772
-4.04763
-4.04768
-4.0478
-4.24743
-4.23872
-4.23049
-4.22265
-4.21527
-4.20833
-4.20179
-4.19562
-4.18979
-4.18426
-4.17903
-4.17406
-4.16935
-4.16487
-4.16063
-4.15661
-4.15283
-4.14926
-4.14591
-4.14278
-4.13987
-4.13716
-4.13467
-4.13238
-4.13029
-4.1284
-4.12671
-4.12521
-4.1239
-4.12279
-4.12186
-4.12112
-4.12056
-4.12017
-4.11994
-4.11985
-4.11991
-4.12003
-4.31569
-4.30736
-4.29949
-4.29197
-4.28488
-4.2782
-4.27188
-4.26591
-4.26024
-4.25487
-4.24976
-4.24491
-4.2403
-4.23592
-4.23177
-4.22785
-4.22415
-4.22066
-4.2174
-4.21435
-4.21151
-4.20887
-4.20644
-4.20421
-4.20218
-4.20034
-4.19869
-4.19722
-4.19595
-4.19486
-4.19396
-4.19324
-4.19269
-4.19231
-4.19208
-4.192
-4.19206
-4.19219
-4.38367
-4.37572
-4.3682
-4.36101
-4.35421
-4.34778
-4.34169
-4.33591
-4.33042
-4.3252
-4.32023
-4.31551
-4.31101
-4.30675
-4.30271
-4.29889
-4.29529
-4.2919
-4.28873
-4.28576
-4.28301
-4.28045
-4.2781
-4.27594
-4.27396
-4.27218
-4.27057
-4.26915
-4.26791
-4.26685
-4.26597
-4.26527
-4.26474
-4.26437
-4.26415
-4.26408
-4.26414
-4.26426
-4.45138
-4.44382
-4.43665
-4.42977
-4.42326
-4.41708
-4.41122
-4.40564
-4.40033
-4.39527
-4.39045
-4.38586
-4.3815
-4.37736
-4.37345
-4.36974
-4.36625
-4.36297
-4.35991
-4.35704
-4.35438
-4.35191
-4.34964
-4.34755
-4.34564
-4.34392
-4.34236
-4.34099
-4.33979
-4.33876
-4.33791
-4.33723
-4.33671
-4.33635
-4.33614
-4.33608
-4.33614
-4.33627
-4.51885
-4.51166
-4.50483
-4.49827
-4.49203
-4.48611
-4.48047
-4.4751
-4.46997
-4.46508
-4.46043
-4.45599
-4.45178
-4.44778
-4.44399
-4.44042
-4.43706
-4.4339
-4.43095
-4.42819
-4.42563
-4.42326
-4.42107
-4.41906
-4.41723
-4.41556
-4.41407
-4.41274
-4.41159
-4.4106
-4.40977
-4.40911
-4.40861
-4.40827
-4.40807
-4.40801
-4.40807
-4.4082
-4.58607
-4.57925
-4.57275
-4.56649
-4.56054
-4.55487
-4.54946
-4.5443
-4.53937
-4.53466
-4.53017
-4.5259
-4.52185
-4.518
-4.51437
-4.51093
-4.50771
-4.50468
-4.50185
-4.49922
-4.49676
-4.49449
-4.4924
-4.49047
-4.48872
-4.48712
-4.48569
-4.48442
-4.48331
-4.48236
-4.48156
-4.48093
-4.48045
-4.48012
-4.47993
-4.47987
-4.47994
-4.48006
-4.65306
-4.64658
-4.64041
-4.63446
-4.62878
-4.62337
-4.61819
-4.61325
-4.60852
-4.60401
-4.59971
-4.59562
-4.59173
-4.58805
-4.58457
-4.5813
-4.57822
-4.57533
-4.57264
-4.57012
-4.56779
-4.56562
-4.56363
-4.56179
-4.56012
-4.5586
-4.55723
-4.55602
-4.55495
-4.55404
-4.55328
-4.55267
-4.55222
-4.5519
-4.55172
-4.55167
-4.55173
-4.55186
-4.7198
-4.71367
-4.70781
-4.70217
-4.69677
-4.69161
-4.68668
-4.68196
-4.67745
-4.67314
-4.66904
-4.66514
-4.66144
-4.65794
-4.65463
-4.65152
-4.6486
-4.64586
-4.6433
-4.64092
-4.63871
-4.63666
-4.63476
-4.63302
-4.63143
-4.62999
-4.62869
-4.62754
-4.62653
-4.62566
-4.62493
-4.62435
-4.62392
-4.62362
-4.62345
-4.6234
-4.62346
-4.62359
-4.7863
-4.7805
-4.77497
-4.76962
-4.7645
-4.75961
-4.75493
-4.75045
-4.74616
-4.74208
-4.73819
-4.73449
-4.73099
-4.72768
-4.72455
-4.72161
-4.71886
-4.71627
-4.71386
-4.71162
-4.70953
-4.7076
-4.70581
-4.70417
-4.70267
-4.70131
-4.70008
-4.69899
-4.69803
-4.69721
-4.69652
-4.69597
-4.69556
-4.69527
-4.69511
-4.69507
-4.69514
-4.69526
-4.85255
-4.84708
-4.84187
-4.83683
-4.832
-4.82738
-4.82296
-4.81873
-4.81469
-4.81084
-4.80717
-4.80369
-4.8004
-4.79728
-4.79435
-4.79159
-4.78901
-4.78659
-4.78433
-4.78222
-4.78027
-4.77846
-4.77678
-4.77524
-4.77383
-4.77255
-4.7714
-4.77037
-4.76947
-4.7687
-4.76805
-4.76753
-4.76714
-4.76687
-4.76672
-4.76668
-4.76675
-4.76686
-4.91855
-4.91342
-4.90853
-4.9038
-4.89927
-4.89494
-4.89079
-4.88682
-4.88304
-4.87943
-4.876
-4.87275
-4.86967
-4.86677
-4.86403
-4.86146
-4.85906
-4.8568
-4.8547
-4.85274
-4.85092
-4.84924
-4.84768
-4.84624
-4.84493
-4.84373
-4.84266
-4.8417
-4.84085
-4.84013
-4.83952
-4.83903
-4.83867
-4.83841
-4.83827
-4.83824
-4.8383
-4.83842
-4.98431
-4.97952
-4.97496
-4.97056
-4.96634
-4.9623
-4.95844
-4.95475
-4.95123
-4.94788
-4.9447
-4.94168
-4.93883
-4.93614
-4.93361
-4.93124
-4.92902
-4.92694
-4.925
-4.92319
-4.92151
-4.91995
-4.9185
-4.91718
-4.91596
-4.91485
-4.91385
-4.91296
-4.91217
-4.9115
-4.91093
-4.91048
-4.91014
-4.90991
-4.90978
-4.90975
-4.90981
-4.90992
-5.04983
-5.04539
-5.04118
-5.03711
-5.03321
-5.02948
-5.02592
-5.02252
-5.01928
-5.0162
-5.01327
-5.01051
-5.00789
-5.00543
-5.00311
-5.00093
-4.9989
-4.99699
-4.99521
-4.99356
-4.99202
-4.99059
-4.98927
-4.98805
-4.98693
-4.98591
-4.98499
-4.98417
-4.98344
-4.98282
-4.9823
-4.98188
-4.98156
-4.98135
-4.98123
-4.9812
-4.98126
-4.98136
-5.11512
-5.11105
-5.10719
-5.10347
-5.09991
-5.09651
-5.09326
-5.09017
-5.08722
-5.08441
-5.08175
-5.07924
-5.07686
-5.07463
-5.07252
-5.07055
-5.06871
-5.06698
-5.06537
-5.06387
-5.06247
-5.06117
-5.05997
-5.05886
-5.05785
-5.05692
-5.05608
-5.05533
-5.05467
-5.0541
-5.05362
-5.05323
-5.05294
-5.05274
-5.05263
-5.05261
-5.05267
-5.05277
-5.1802
-5.17652
-5.17304
-5.16968
-5.16647
-5.16341
-5.16049
-5.1577
-5.15505
-5.15253
-5.15014
-5.14789
-5.14576
-5.14376
-5.14187
-5.14011
-5.13845
-5.13691
-5.13546
-5.13412
-5.13286
-5.1317
-5.13062
-5.12963
-5.12871
-5.12788
-5.12712
-5.12644
-5.12584
-5.12533
-5.12489
-5.12454
-5.12427
-5.12409
-5.12399
-5.12398
-5.12403
-5.12413
-5.24509
-5.24182
-5.23873
-5.23575
-5.23291
-5.2302
-5.22761
-5.22514
-5.2228
-5.22057
-5.21847
-5.21647
-5.2146
-5.21283
-5.21117
-5.20961
-5.20815
-5.20678
-5.20551
-5.20432
-5.20321
-5.20218
-5.20123
-5.20035
-5.19954
-5.19879
-5.19812
-5.19752
-5.19698
-5.19652
-5.19613
-5.19581
-5.19557
-5.19541
-5.19532
-5.1953
-5.19536
-5.19544
-5.30982
-5.30697
-5.30429
-5.30171
-5.29925
-5.2969
-5.29465
-5.29252
-5.29048
-5.28856
-5.28673
-5.28501
-5.28338
-5.28185
-5.28041
-5.27906
-5.2778
-5.27661
-5.27551
-5.27448
-5.27352
-5.27263
-5.2718
-5.27103
-5.27032
-5.26967
-5.26909
-5.26856
-5.26809
-5.26768
-5.26733
-5.26705
-5.26683
-5.26668
-5.2666
-5.26659
-5.26664
-5.26672
-5.37441
-5.37201
-5.36975
-5.36758
-5.3655
-5.36352
-5.36163
-5.35983
-5.35812
-5.35649
-5.35495
-5.3535
-5.35212
-5.35083
-5.34962
-5.34847
-5.34741
-5.34641
-5.34547
-5.3446
-5.34379
-5.34303
-5.34233
-5.34167
-5.34107
-5.34052
-5.34002
-5.33956
-5.33916
-5.33881
-5.3385
-5.33825
-5.33806
-5.33792
-5.33785
-5.33784
-5.33789
-5.33797
-5.43888
-5.43696
-5.43514
-5.43338
-5.4317
-5.4301
-5.42856
-5.4271
-5.42571
-5.42438
-5.42313
-5.42195
-5.42083
-5.41978
-5.41878
-5.41785
-5.41698
-5.41616
-5.4154
-5.41469
-5.41402
-5.4134
-5.41282
-5.41229
-5.41179
-5.41134
-5.41092
-5.41054
-5.4102
-5.4099
-5.40964
-5.40943
-5.40925
-5.40913
-5.40906
-5.40905
-5.4091
-5.40917
-5.50328
-5.50184
-5.50047
-5.49914
-5.49786
-5.49663
-5.49546
-5.49434
-5.49327
-5.49225
-5.49129
-5.49037
-5.48951
-5.4887
-5.48793
-5.48721
-5.48653
-5.4859
-5.48531
-5.48475
-5.48423
-5.48375
-5.4833
-5.48288
-5.48249
-5.48213
-5.4818
-5.4815
-5.48123
-5.48098
-5.48076
-5.48058
-5.48042
-5.48031
-5.48024
-5.48023
-5.48027
-5.48034
-5.56766
-5.56672
-5.56581
-5.56491
-5.56404
-5.5632
-5.56239
-5.56161
-5.56087
-5.56016
-5.55948
-5.55884
-5.55823
-5.55765
-5.55711
-5.5566
-5.55612
-5.55567
-5.55525
-5.55485
-5.55448
-5.55413
-5.55381
-5.55351
-5.55322
-5.55296
-5.55271
-5.55249
-5.55227
-5.55208
-5.5519
-5.55174
-5.5516
-5.55148
-5.5514
-5.55137
-5.55141
-5.55147
-5.63206
-5.63163
-5.63119
-5.63074
-5.63028
-5.62983
-5.62938
-5.62895
-5.62853
-5.62813
-5.62774
-5.62737
-5.62701
-5.62667
-5.62635
-5.62605
-5.62576
-5.62549
-5.62524
-5.625
-5.62478
-5.62456
-5.62436
-5.62417
-5.62399
-5.62382
-5.62366
-5.6235
-5.62335
-5.6232
-5.62305
-5.62291
-5.62278
-5.62266
-5.62256
-5.6225
-5.62251
-5.62256
-5.69664
-5.6966
-5.69654
-5.69645
-5.69635
-5.69623
-5.69611
-5.69598
-5.69586
-5.69573
-5.69561
-5.69549
-5.69537
-5.69525
-5.69514
-5.69504
-5.69494
-5.69484
-5.69475
-5.69466
-5.69458
-5.6945
-5.69442
-5.69435
-5.69428
-5.69421
-5.69414
-5.69407
-5.694
-5.69393
-5.69386
-5.6938
-5.69374
-5.69368
-5.69363
-5.6936
-5.69359
-5.69362
)
;

boundaryField
{
    leftWall
    {
        type            calculated;
        value           nonuniform List<scalar> 
100
(
1595.7
1565.56
1535.5
1505.4
1475.28
1445.2
1415.22
1385.4
1355.8
1326.46
1297.42
1268.74
1240.43
1212.52
1185.01
1157.92
1116.18
1060.73
1006.68
954.018
902.774
852.985
804.688
757.912
712.677
668.993
626.854
586.248
547.148
509.522
473.331
438.529
405.067
372.887
341.927
312.123
283.409
255.717
228.972
203.095
178.013
153.623
129.773
106.439
83.4471
59.5841
35.0883
14.9248
4.74363
-3.97453
-3.86851
-3.89385
-3.92106
-3.94823
-3.97419
-3.99834
-4.02028
-4.04078
-4.06088
-4.08146
-4.10307
-4.12601
-4.15044
-4.17649
-4.20422
-4.23355
-4.26445
-4.29691
-4.33088
-4.36624
-4.40289
-4.44079
-4.47992
-4.52021
-4.56152
-4.60373
-4.64675
-4.69054
-4.73507
-4.78027
-4.82602
-4.87222
-4.91884
-4.96585
-5.01328
-5.06109
-5.10916
-5.15737
-5.20554
-5.25356
-5.3014
-5.3491
-5.39682
-5.44473
-5.49281
-5.54085
-5.58964
-5.64101
-5.69132
-5.72264
)
;
    }
    rightWall
    {
        type            calculated;
        value           nonuniform List<scalar> 
100
(
0.742762
0.713396
0.684018
0.654617
0.625176
0.595677
0.566109
0.536463
0.506735
0.476923
0.447024
0.417038
0.386966
0.356807
0.326559
0.296217
0.248619
0.183454
0.117891
0.051926
-0.0144488
-0.0812362
-0.148434
-0.216037
-0.284035
-0.352416
-0.421169
-0.49028
-0.559736
-0.629523
-0.699627
-0.770034
-0.840731
-0.911703
-0.982936
-1.05441
-1.12613
-1.19805
-1.27019
-1.34251
-1.415
-1.48765
-1.56045
-1.63338
-1.70643
-1.77959
-1.85283
-1.92616
-1.99955
-2.07299
-2.14648
-2.22001
-2.29356
-2.36712
-2.44069
-2.51425
-2.5878
-2.66133
-2.73483
-2.8083
-2.88172
-2.9551
-3.02843
-3.1017
-3.17492
-3.24807
-3.32115
-3.39416
-3.4671
-3.53996
-3.61275
-3.68546
-3.75809
-3.83064
-3.9031
-3.97549
-4.0478
-4.12003
-4.19219
-4.26426
-4.33627
-4.4082
-4.48006
-4.55186
-4.62359
-4.69526
-4.76686
-4.83842
-4.90992
-4.98136
-5.05277
-5.12413
-5.19544
-5.26672
-5.33797
-5.40917
-5.48034
-5.55147
-5.62256
-5.69362
)
;
    }
    lowerWall
    {
        type            calculated;
        value           nonuniform List<scalar> 
124
(
1610.41
1613.56
1614.7
1613.18
1608.34
1600.07
1588.46
1573.63
1555.64
1534.53
1510.31
1482.95
1452.38
1418.5
1381.14
1340.06
1294.96
1245.39
1190.75
1130.22
1062.73
986.895
901.139
804.051
695.321
577.325
457.358
350.021
261.304
192.986
139.051
96.3725
66.7432
41.4685
13.1107
4.09901
2.91897
2.62075
2.49961
2.44115
2.40995
2.39058
2.38098
2.37889
2.38198
2.39069
2.37598
2.34665
2.31324
2.27541
2.23283
2.18521
2.13253
2.07482
2.01199
1.94366
1.869
1.78644
1.6931
1.584
1.44907
1.27734
0.429436
0.441111
0.528985
0.567929
0.58139
0.592207
0.597286
0.588452
0.980094
0.950269
0.920287
0.890139
0.859817
0.829286
0.798468
0.767242
0.735417
0.70271
0.668957
0.634591
0.600112
0.56323
0.517422
0.474369
0.994809
0.998245
0.999463
0.998087
0.993816
0.98697
0.978165
0.967938
0.956824
0.94517
0.933238
0.921233
0.909251
0.897441
0.885939
0.874791
0.864025
0.853654
0.843698
0.83417
0.825071
0.816438
0.808279
0.800632
0.793532
0.787004
0.781077
0.775768
0.771084
0.767053
0.763661
0.760936
0.758866
0.757457
0.756693
0.756531
0.756828
0.757476
)
;
    }
    atmosphere
    {
        type            calculated;
        value           nonuniform List<scalar> 
92
(
-5.73932
-5.75227
-5.74792
-5.74529
-5.74351
-5.74215
-5.74105
-5.74013
-5.73933
-5.73863
-5.738
-5.73742
-5.73687
-5.73635
-5.73585
-5.73537
-5.7349
-5.73444
-5.734
-5.73357
-5.73315
-5.73274
-5.73235
-5.73198
-5.73164
-5.73131
-5.731
-5.73071
-5.73045
-5.73021
-5.73
-5.72981
-5.72964
-5.72949
-5.72937
-5.72927
-5.72918
-5.72912
-5.72908
-5.72905
-5.72904
-5.72904
-5.72904
-5.72904
-5.72904
-5.72904
-5.72904
-5.72904
-5.72904
-5.72904
-5.72904
-5.72904
-5.72904
-5.72904
-5.72904
-5.72904
-5.72904
-5.72904
-5.72904
-5.72904
-5.72904
-5.72904
-5.72904
-5.72904
-5.72904
-5.72904
-5.72904
-5.72904
-5.72904
-5.72904
-5.72904
-5.72904
-5.72904
-5.72904
-5.72904
-5.72904
-5.72904
-5.72904
-5.72904
-5.72904
-5.72904
-5.72904
-5.72904
-5.72904
-5.72904
-5.72904
-5.72904
-5.72904
-5.72904
-5.72904
-5.72904
-5.72904
)
;
    }
    defaultFaces
    {
        type            empty;
    }
}


// ************************************************************************* //
