/*--------------------------------*- C++ -*----------------------------------*\
  =========                 |
  \\      /  F ield         | OpenFOAM: The Open Source CFD Toolbox
   \\    /   O peration     | Website:  https://openfoam.org
    \\  /    A nd           | Version:  7
     \\/     M anipulation  |
\*---------------------------------------------------------------------------*/
FoamFile
{
    version     2.0;
    format      ascii;
    class       volScalarField;
    location    "0.1";
    object      p_rgh;
}
// * * * * * * * * * * * * * * * * * * * * * * * * * * * * * * * * * * * * * //

dimensions      [1 -1 -2 0 0 0 0];

internalField   nonuniform List<scalar> 
9072
(
1610.41
1613.56
1614.7
1613.18
1608.34
1600.07
1588.46
1573.63
1555.64
1534.53
1510.31
1482.95
1452.38
1418.5
1381.14
1340.06
1294.96
1245.39
1190.75
1130.22
1062.73
986.895
901.139
804.051
695.321
577.325
457.358
350.021
261.304
192.986
139.051
96.3725
66.7432
41.4685
13.1107
4.09901
2.91897
2.62075
2.49961
2.44115
2.40995
2.39058
2.38098
2.37889
2.38198
2.39069
1609.71
1612.01
1612.13
1609.84
1604.57
1596.07
1584.34
1569.43
1551.37
1530.18
1505.85
1478.36
1447.62
1413.53
1375.9
1334.51
1289.01
1238.94
1183.68
1122.4
1053.97
977.037
890.082
791.872
682.392
564.542
445.878
337.261
252.407
189.469
140.052
97.1376
54.0927
19.3488
5.20828
2.87115
2.61811
2.54261
2.49901
2.4564
2.41875
2.39725
2.38683
2.38371
2.38483
2.39079
1609.07
1610.94
1610.02
1606.74
1600.79
1591.85
1579.81
1564.68
1546.44
1525.07
1500.55
1472.83
1441.83
1407.42
1369.42
1327.55
1281.47
1230.7
1174.59
1112.27
1042.65
964.394
876.152
776.968
667.246
550.494
434.554
330.015
247.66
186.047
136.7
89.9901
38.0702
7.1414
3.28015
2.80821
2.55721
2.50167
2.4757
2.44131
2.41072
2.39165
2.38181
2.37859
2.37995
2.38681
1608.4
1610.3
1608.81
1604.75
1598.14
1588.69
1576.28
1560.84
1542.34
1520.73
1495.97
1467.99
1436.69
1401.94
1363.53
1321.19
1274.53
1223.08
1166.17
1102.94
1032.32
953.067
863.99
764.368
654.882
539.406
425.468
322.483
240.003
177.506
123.534
61.8777
14.7281
3.93114
2.87218
2.57198
2.46192
2.44775
2.44129
2.41849
2.39455
2.37789
2.36863
2.36569
2.36862
2.37841
1607.71
1609.78
1608.07
1603.53
1596.43
1586.54
1573.77
1558.04
1539.27
1517.41
1492.41
1464.17
1432.59
1397.51
1358.73
1315.96
1268.82
1216.8
1159.27
1095.37
1024.08
944.265
854.872
755.322
646.39
532.013
418.82
314.284
228.521
158.642
82.866
21.596
4.94446
3.13586
2.64554
2.46539
2.4152
2.41432
2.41155
2.39429
2.37439
2.35924
2.3504
2.34778
2.3525
2.36526
1607.06
1609.26
1607.52
1602.73
1595.29
1585.08
1572.02
1556.03
1537.02
1514.94
1489.7
1461.22
1429.38
1394.01
1354.91
1311.76
1264.21
1211.75
1153.74
1089.38
1017.72
937.692
848.39
749.319
641.23
527.942
414.349
305.224
208.252
111.448
29.3827
5.63968
3.36486
2.75967
2.51232
2.41982
2.39256
2.3904
2.38492
2.36912
2.35114
2.33679
2.32806
2.32567
2.3319
2.34708
1606.51
1608.79
1607.12
1602.23
1594.6
1584.18
1570.91
1554.7
1535.49
1513.21
1487.76
1459.07
1426.99
1391.37
1351.97
1308.51
1260.62
1207.81
1149.47
1084.83
1013.01
933.063
844.189
745.964
639.082
527.158
412.18
293.468
165.351
47.1971
6.82073
3.65601
2.88575
2.56922
2.45322
2.39958
2.37721
2.36929
2.3593
2.34289
2.32541
2.31112
2.30213
2.29963
2.30689
2.32382
1606.12
1608.42
1606.9
1602.04
1594.34
1583.8
1570.39
1554.03
1534.66
1512.21
1486.58
1457.7
1425.42
1389.56
1349.92
1306.2
1258.04
1204.98
1146.42
1081.66
1009.89
930.26
842.116
745.1
639.898
529.9
413.012
267.275
98.2128
11.8035
4.23719
3.09518
2.65061
2.49517
2.42824
2.38677
2.36277
2.34846
2.33375
2.31569
2.29767
2.28276
2.27303
2.26993
2.2776
2.29554
1605.95
1608.24
1606.91
1602.17
1594.5
1583.94
1570.46
1554.01
1534.52
1511.94
1486.17
1457.12
1424.67
1388.62
1348.77
1304.85
1256.49
1203.26
1144.59
1079.85
1008.31
929.219
842.078
746.633
643.681
536.413
416.48
218.99
39.588
5.71292
3.49058
2.82411
2.56123
2.46744
2.41459
2.37484
2.34703
2.32681
2.30769
2.28743
2.26816
2.25209
2.24109
2.23676
2.24409
2.26214
1606.03
1608.32
1607.2
1602.66
1595.11
1584.6
1571.12
1554.63
1535.08
1512.4
1486.52
1457.35
1424.75
1388.55
1348.54
1304.46
1255.98
1202.65
1143.99
1079.39
1008.24
929.878
843.983
750.442
650.33
546.793
415.307
162.81
15.2026
4.71237
3.16063
2.70056
2.52858
2.45417
2.40288
2.36125
2.32916
2.30378
2.28067
2.25799
2.23703
2.21931
2.20648
2.20015
2.2063
2.22324
1606.43
1608.72
1607.85
1603.55
1596.18
1585.8
1572.38
1555.91
1536.33
1513.6
1487.65
1458.38
1425.67
1389.35
1349.23
1305.06
1256.51
1203.18
1144.6
1080.27
1009.63
932.176
847.723
756.348
659.47
560.485
419.809
131.035
11.5917
4.22126
3.00537
2.66206
2.51699
2.4436
2.38957
2.34486
2.30877
2.27903
2.25239
2.22725
2.2043
2.18451
2.1693
2.16004
2.164
2.178
1607.17
1609.51
1608.9
1604.89
1597.76
1587.55
1574.25
1557.85
1538.29
1515.55
1489.55
1460.22
1427.44
1391.04
1350.85
1306.64
1258.08
1204.82
1146.43
1082.46
1012.46
936.045
853.18
764.124
670.599
576.318
435.366
130.307
10.9058
4.00327
2.94008
2.64151
2.5052
2.42982
2.37267
2.32508
2.28566
2.25233
2.22263
2.1951
2.16999
2.14777
2.12959
2.11626
2.11684
2.12488
1608.29
1610.75
1610.4
1606.72
1599.87
1589.88
1576.76
1560.46
1540.96
1518.24
1492.25
1462.89
1430.07
1393.64
1353.43
1309.22
1260.73
1207.6
1149.48
1085.97
1016.72
941.445
860.259
773.575
683.352
593.33
457.282
139.133
10.278
3.87347
2.8894
2.61715
2.48732
2.41069
2.35139
2.30163
2.25967
2.2235
2.19119
2.16143
2.13407
2.10914
2.0874
2.06858
2.0643
2.06096
1609.81
1612.5
1612.44
1609.1
1602.57
1592.87
1579.96
1563.82
1544.43
1521.78
1495.82
1466.47
1433.65
1397.23
1357.06
1312.92
1264.55
1211.64
1153.86
1090.9
1022.47
948.425
868.965
784.641
697.617
611.053
472.208
133.916
9.45245
3.70867
2.82524
2.58393
2.46195
2.38562
2.32534
2.27426
2.23054
2.19223
2.15776
2.12597
2.09638
2.06854
2.04265
2.01671
2.00583
1.9813
1611.74
1614.74
1615
1612.04
1605.88
1596.5
1583.86
1567.93
1548.7
1526.15
1500.26
1470.96
1438.19
1401.82
1361.73
1317.72
1269.54
1216.91
1159.55
1097.21
1029.69
956.906
879.176
797.149
713.108
628.845
479.879
119.739
8.39902
3.5078
2.75043
2.54294
2.42975
2.35484
2.2946
2.243
2.19821
2.15836
2.12216
2.08858
2.05681
2.0259
1.99518
1.96034
1.94027
1.87579
1614.08
1617.36
1617.91
1615.28
1609.44
1600.35
1587.96
1572.24
1553.16
1530.72
1504.91
1475.69
1442.98
1406.7
1366.73
1322.88
1274.93
1222.63
1165.75
1104.08
1037.48
965.957
889.873
809.977
728.353
644.246
482.95
105.49
7.17263
3.28966
2.66214
2.49241
2.39142
2.3198
2.26101
2.20984
2.16466
2.12386
2.08633
2.0511
2.01707
1.98271
1.94602
1.90048
1.86223
1.73349
0.994809
0.998245
0.999463
0.998087
0.993816
0.98697
0.978165
0.967938
0.956824
0.94517
0.933238
0.921233
0.909251
0.897441
0.885939
0.874791
0.864025
0.853654
0.843698
0.83417
0.825071
0.816438
0.808279
0.800632
0.793532
0.787004
0.781077
0.775768
0.771084
0.767053
0.763661
0.760936
0.758866
0.757457
0.756693
0.756531
0.756828
0.757476
0.994413
0.997256
0.997885
0.996225
0.992014
0.985373
0.976888
0.967073
0.9563
0.944907
0.933164
0.921293
0.909523
0.897914
0.886473
0.875335
0.864593
0.854252
0.844321
0.834813
0.825727
0.817102
0.808949
0.801304
0.794206
0.787678
0.78175
0.776442
0.771756
0.767726
0.76433
0.761596
0.759508
0.758061
0.757226
0.756944
0.757064
0.75754
0.993861
0.996677
0.996963
0.995024
0.990793
0.984291
0.976036
0.966471
0.955931
0.944738
0.933162
0.921421
0.909754
0.898217
0.886835
0.875741
0.865032
0.854716
0.844801
0.835305
0.826226
0.817605
0.809456
0.801813
0.794715
0.788187
0.782257
0.77695
0.772262
0.768227
0.764825
0.762075
0.759962
0.758472
0.757561
0.757168
0.757174
0.757592
0.993142
0.99637
0.99666
0.994567
0.990269
0.983791
0.975629
0.966173
0.955753
0.944681
0.933214
0.921565
0.909943
0.89843
0.887085
0.876023
0.86533
0.855025
0.845113
0.83562
0.826543
0.817925
0.80978
0.802138
0.795041
0.788512
0.78258
0.777269
0.772576
0.768532
0.765117
0.762346
0.760202
0.758665
0.757686
0.757213
0.75718
0.75762
0.99225
0.996169
0.99674
0.994653
0.990293
0.983761
0.975586
0.966137
0.955751
0.944728
0.933315
0.921717
0.910113
0.898603
0.887269
0.876212
0.865514
0.855203
0.845284
0.835786
0.82671
0.818094
0.809955
0.802317
0.795221
0.788692
0.782757
0.777442
0.77274
0.768684
0.765252
0.762456
0.760279
0.758699
0.757669
0.757144
0.757119
0.757608
0.991147
0.996041
0.997111
0.995194
0.990791
0.984154
0.975877
0.966351
0.95592
0.944881
0.93347
0.92188
0.91027
0.898743
0.887394
0.876316
0.865593
0.855259
0.845323
0.835815
0.826738
0.818126
0.809995
0.802363
0.795271
0.788744
0.782806
0.777486
0.772774
0.768702
0.765252
0.762431
0.760223
0.75861
0.757543
0.756992
0.756996
0.757538
0.989759
0.99601
0.997796
0.996197
0.991767
0.984971
0.976508
0.966819
0.956263
0.945142
0.933681
0.922057
0.910412
0.898844
0.887454
0.876332
0.865563
0.855192
0.845229
0.835706
0.826628
0.818021
0.809899
0.802278
0.795192
0.788669
0.78273
0.777404
0.772682
0.768593
0.765123
0.76228
0.760047
0.758409
0.757322
0.756764
0.75681
0.757399
0.987962
0.996115
0.998876
0.99772
0.993255
0.986229
0.977488
0.967545
0.956784
0.945514
0.933947
0.922245
0.910534
0.898899
0.887441
0.876254
0.865421
0.854999
0.845001
0.835459
0.826378
0.817777
0.809668
0.80206
0.794984
0.788469
0.782529
0.777197
0.772464
0.768359
0.764871
0.762008
0.759757
0.758105
0.757012
0.756463
0.756554
0.757183
0.985566
0.996424
1.0005
0.999857
0.995309
0.987952
0.978827
0.968533
0.957484
0.945995
0.934265
0.922439
0.910626
0.898897
0.887348
0.876074
0.865164
0.85468
0.844639
0.835074
0.825989
0.817395
0.8093
0.801709
0.794648
0.788142
0.782204
0.776866
0.772123
0.768002
0.764499
0.761621
0.759358
0.757702
0.756615
0.756088
0.756227
0.756885
0.982289
0.99707
1.00293
1.00275
0.997998
0.99017
0.980536
0.969785
0.958361
0.94658
0.934628
0.922629
0.910677
0.898826
0.887164
0.875788
0.864788
0.854233
0.844144
0.834552
0.825461
0.816874
0.808796
0.801226
0.794182
0.787688
0.781754
0.776412
0.77166
0.767524
0.764008
0.76112
0.758854
0.757203
0.756134
0.755639
0.755823
0.756502
0.977965
0.998288
1.00656
1.00657
1.00141
0.992919
0.982623
0.9713
0.95941
0.94726
0.935023
0.922804
0.910675
0.898676
0.886882
0.875389
0.86429
0.853656
0.843514
0.833892
0.824793
0.816215
0.808156
0.800609
0.793585
0.787105
0.781178
0.775832
0.771072
0.766925
0.763399
0.760507
0.758244
0.756608
0.755568
0.755113
0.755342
0.756032
0.973028
1.0005
1.01197
1.01156
1.00562
0.996226
0.985091
0.973071
0.960619
0.948024
0.935438
0.922948
0.910606
0.898434
0.886491
0.874872
0.863666
0.852949
0.84275
0.833095
0.823988
0.815418
0.807378
0.799857
0.792856
0.786393
0.780473
0.775125
0.770359
0.766203
0.762671
0.75978
0.757529
0.755916
0.754914
0.754508
0.75478
0.755476
0.967979
1.00528
1.02006
1.01794
1.01069
1.0001
0.987934
0.975082
0.96197
0.948851
0.935854
0.923045
0.910455
0.898084
0.88598
0.874226
0.86291
0.852106
0.841848
0.832159
0.823041
0.81448
0.806461
0.798966
0.79199
0.785544
0.779633
0.774286
0.769516
0.765355
0.761822
0.758937
0.756703
0.755122
0.754167
0.753818
0.754135
0.754833
0.960526
1.01502
1.03201
1.02594
1.01662
1.00455
0.991141
0.977318
0.963442
0.949718
0.936246
0.92307
0.910194
0.897604
0.885325
0.87343
0.862001
0.85111
0.840792
0.831068
0.821937
0.813383
0.805382
0.797913
0.790963
0.784535
0.778635
0.773291
0.76852
0.764358
0.760828
0.757956
0.755749
0.754212
0.753316
0.753035
0.753404
0.754103
0.944148
1.0287
1.04805
1.03564
1.02332
1.00951
0.994687
0.979755
0.965015
0.950608
0.936602
0.923013
0.909819
0.896986
0.884523
0.872484
0.860942
0.849965
0.839586
0.829825
0.82068
0.812129
0.804145
0.796699
0.789772
0.783362
0.777474
0.772135
0.767367
0.763207
0.759686
0.756834
0.754663
0.75318
0.752356
0.752155
0.752583
0.753285
0.930524
1.04194
1.06477
1.04661
1.03052
1.01474
0.998407
0.982288
0.966631
0.95151
0.936949
0.922932
0.909411
0.896332
0.883686
0.87151
0.859863
0.848805
0.83837
0.828575
0.819414
0.810864
0.802892
0.795464
0.788556
0.782161
0.776284
0.770947
0.766181
0.762021
0.758505
0.755666
0.753524
0.752085
0.75132
0.751189
0.751669
0.752373
1618.35
1621.75
1622.62
1620.24
1614.62
1605.74
1593.55
1578
1559.06
1536.74
1511.03
1481.89
1449.3
1413.17
1373.41
1329.86
1282.33
1230.62
1174.56
1113.98
1048.82
979.158
905.392
828.372
748.906
661.78
462.693
74.9178
5.59267
2.95447
2.50012
2.39394
2.3224
2.26248
2.20968
2.16134
2.11683
2.07544
2.03642
1.9988
1.96109
1.92078
1.87346
1.8093
1.70843
1.40686
1625.5
1628.96
1629.91
1627.58
1622.01
1613.23
1601.15
1585.73
1566.96
1544.82
1519.31
1490.42
1458.13
1422.38
1383.09
1340.15
1293.4
1242.71
1187.94
1128.98
1065.79
998.491
927.44
853.292
775.495
686.835
403.853
34.5866
4.07039
2.54677
2.30845
2.2605
2.2201
2.17921
2.13797
2.09634
2.0553
2.01526
1.97607
1.93699
1.89651
1.85206
1.79894
1.72796
1.62819
1.498
1634.04
1637.45
1638.42
1636.17
1630.72
1622.1
1610.24
1595.09
1576.63
1554.84
1529.74
1501.31
1469.54
1434.4
1395.84
1353.75
1308.05
1258.61
1205.33
1148.16
1087.06
1022.15
953.748
882.247
805.938
718.128
314.858
13.2981
3.24015
2.29044
2.16592
2.14419
2.12075
2.09309
2.06122
2.02616
1.98951
1.95223
1.91458
1.87618
1.83601
1.79245
1.74313
1.68492
1.61732
1.55415
1643.98
1647.25
1648.21
1646.04
1640.75
1632.37
1620.82
1606.05
1588.03
1566.75
1542.22
1514.43
1483.38
1449.06
1411.42
1370.41
1325.94
1277.94
1226.33
1171.07
1112.15
1049.68
983.971
915.114
840.193
728.837
220.853
6.67496
2.74681
2.1241
2.05519
2.04298
2.02772
2.00786
1.98272
1.95331
1.92117
1.88736
1.85237
1.8161
1.77804
1.73732
1.69283
1.64316
1.58691
1.52474
1655.33
1658.42
1659.33
1657.23
1652.12
1644.01
1632.82
1618.5
1601.02
1580.35
1556.51
1529.49
1499.31
1465.96
1429.42
1389.63
1346.55
1300.12
1250.3
1197.05
1140.39
1080.44
1017.5
951.38
878.022
703.052
137.068
4.97669
2.38673
1.99735
1.95981
1.95073
1.93972
1.92484
1.90479
1.88025
1.85248
1.82244
1.7907
1.75739
1.72231
1.68502
1.64482
1.60065
1.55124
1.49598
1668.14
1671.03
1671.87
1669.84
1664.91
1657.09
1646.3
1632.48
1615.58
1595.61
1572.55
1546.41
1517.21
1484.94
1449.6
1411.15
1369.58
1324.83
1276.88
1225.72
1171.38
1114
1053.91
990.597
919.038
649.142
71.5977
3.72373
2.1028
1.88913
1.8708
1.86358
1.85552
1.84429
1.82823
1.80785
1.78411
1.75783
1.72956
1.69959
1.66793
1.63439
1.59855
1.55972
1.51728
1.47069
1682.44
1685.12
1685.91
1683.94
1679.2
1671.68
1661.31
1648.01
1631.76
1612.53
1590.31
1565.12
1536.98
1505.88
1471.83
1434.82
1394.82
1351.83
1305.82
1256.8
1204.81
1150.05
1092.83
1032.26
962.66
559.554
29.843
2.84854
1.89383
1.794
1.78595
1.78035
1.77476
1.76624
1.75334
1.73644
1.71628
1.69352
1.6687
1.64215
1.61397
1.58413
1.55237
1.51823
1.48142
1.44133
1698.26
1700.75
1701.47
1699.58
1695.03
1687.83
1677.89
1665.15
1649.56
1631.11
1609.78
1585.59
1558.56
1528.69
1496
1460.48
1422.13
1380.95
1336.93
1290.07
1240.47
1188.32
1133.91
1075.83
1008.4
441.842
10.7911
2.33357
1.75551
1.71092
1.70612
1.70141
1.69738
1.69071
1.68023
1.66621
1.64917
1.62963
1.60806
1.58478
1.55991
1.53348
1.50533
1.47513
1.4428
1.40782
1715.62
1717.92
1718.59
1716.78
1712.44
1705.56
1696.07
1683.9
1669
1651.34
1630.93
1607.78
1581.89
1553.3
1522.01
1488.03
1451.37
1412.04
1370.03
1325.37
1278.15
1228.61
1176.92
1121.02
1032.33
328.089
5.38866
2.04675
1.66329
1.63742
1.63127
1.62644
1.62297
1.61748
1.60888
1.59725
1.58292
1.56629
1.5477
1.52743
1.5056
1.48225
1.45726
1.43042
1.40183
1.37104
1734.54
1736.65
1737.29
1735.57
1731.43
1724.89
1715.86
1704.26
1690.05
1673.21
1653.73
1631.63
1606.92
1579.63
1549.77
1517.37
1482.43
1444.96
1404.98
1362.53
1317.7
1270.76
1221.76
1167.94
1017.65
233.434
4.17566
1.84466
1.58536
1.56722
1.55917
1.554
1.55075
1.54617
1.53913
1.52956
1.51763
1.50359
1.4877
1.47016
1.45107
1.43047
1.40829
1.3844
1.35898
1.33168
1755
1756.95
1757.55
1755.92
1752
1745.79
1737.22
1726.2
1712.69
1696.67
1678.14
1657.1
1633.58
1607.61
1579.21
1548.39
1515.18
1479.6
1441.65
1401.39
1358.94
1314.59
1268.22
1216.49
986.807
154.141
3.25852
1.67089
1.50789
1.49595
1.48756
1.48273
1.48002
1.47638
1.4708
1.46309
1.4533
1.44159
1.42813
1.41304
1.39641
1.37829
1.35864
1.33738
1.31474
1.29043
1776.99
1778.78
1779.36
1777.82
1774.12
1768.25
1760.13
1749.69
1736.88
1721.69
1704.1
1684.14
1661.82
1637.18
1610.23
1581.01
1549.53
1515.82
1479.89
1441.81
1401.72
1359.92
1316.13
1266.48
932.83
92.1227
2.53023
1.52014
1.42945
1.42228
1.41525
1.41192
1.41031
1.40786
1.40374
1.39777
1.38993
1.38032
1.36903
1.35616
1.34177
1.32591
1.30858
1.28972
1.2696
1.24795
1800.48
1802.13
1802.69
1801.24
1797.76
1792.22
1784.56
1774.69
1762.59
1748.22
1731.58
1712.69
1691.58
1668.27
1642.78
1615.15
1585.39
1553.53
1519.6
1483.67
1445.91
1406.61
1365.32
1317.76
855.726
47.6927
1.94969
1.384
1.34848
1.34602
1.34234
1.3416
1.3416
1.34054
1.33791
1.33358
1.32753
1.31981
1.3105
1.29965
1.28732
1.27356
1.25839
1.24177
1.22397
1.20476
1825.45
1826.97
1827.5
1826.15
1822.88
1817.68
1810.47
1801.18
1789.77
1776.22
1760.54
1742.72
1722.81
1700.82
1676.79
1650.73
1622.67
1592.64
1560.69
1526.88
1491.4
1454.54
1415.63
1370.14
757.446
20.4901
1.53379
1.26337
1.26734
1.27016
1.27053
1.27254
1.27423
1.27457
1.27338
1.27058
1.26617
1.26018
1.25267
1.24369
1.23328
1.2215
1.20836
1.19383
1.17821
1.16125
1851.86
1853.24
1853.76
1852.5
1849.45
1844.58
1837.81
1829.1
1818.39
1805.66
1790.92
1774.18
1755.46
1734.79
1712.19
1687.68
1661.3
1633.08
1603.07
1571.34
1538.1
1503.6
1466.92
1423.51
643.023
7.74911
1.30639
1.17379
1.19369
1.19916
1.20196
1.20569
1.20862
1.21015
1.21023
1.20882
1.20591
1.20153
1.1957
1.18848
1.17989
1.16998
1.15874
1.14618
1.13256
1.1177
1879.66
1880.92
1881.41
1880.26
1877.41
1872.87
1866.55
1858.41
1848.39
1836.48
1822.68
1806.99
1789.45
1770.08
1748.9
1725.93
1701.21
1674.77
1646.67
1616.99
1585.93
1553.67
1519.04
1473.12
528.87
3.37512
1.21424
1.11726
1.13109
1.13431
1.13712
1.14123
1.14481
1.14724
1.14842
1.14828
1.14677
1.14388
1.13966
1.13412
1.12728
1.11914
1.1097
1.09898
1.08724
1.07431
1908.79
1909.93
1910.41
1909.35
1906.72
1902.5
1896.63
1889.05
1879.71
1868.61
1855.74
1841.1
1824.73
1806.64
1786.86
1765.41
1742.32
1717.64
1691.42
1663.74
1634.8
1604.72
1572.07
1478.04
437.355
2.75808
1.15825
1.06994
1.07348
1.07296
1.07468
1.07854
1.08245
1.08562
1.08779
1.08883
1.08865
1.08722
1.08455
1.08063
1.07545
1.06902
1.0613
1.05233
1.04236
1.03125
1939.21
1940.24
1940.7
1939.74
1937.31
1933.42
1927.98
1920.96
1912.3
1902
1890.05
1876.45
1861.22
1844.39
1825.99
1806.04
1784.57
1761.62
1737.25
1711.53
1684.66
1656.69
1626.05
1480.7
353.596
2.25161
1.08591
1.016
1.01502
1.01226
1.01311
1.0168
1.02108
1.02498
1.02816
1.03038
1.03151
1.03151
1.03033
1.02797
1.02441
1.01963
1.01357
1.00628
0.997992
0.988594
1970.85
1971.76
1972.22
1971.34
1969.13
1965.55
1960.56
1954.09
1946.1
1936.59
1925.54
1912.96
1898.87
1883.28
1866.24
1847.77
1827.9
1806.65
1784.09
1760.29
1735.43
1709.52
1680.88
1471.56
278.633
1.82493
1.00694
0.957937
0.954898
0.95098
0.951588
0.955471
0.960322
0.965109
0.969372
0.972828
0.975311
0.976728
0.977027
0.976184
0.974182
0.970978
0.966533
0.960864
0.954191
0.94643
2003.64
2004.45
2004.89
2004.11
2002.1
1998.85
1994.29
1988.37
1981.04
1972.31
1962.15
1950.57
1937.6
1923.25
1907.55
1890.53
1872.22
1852.64
1831.85
1809.93
1787.05
1763.17
1736.5
1450.41
213.06
1.47007
0.93335
0.897422
0.892571
0.888461
0.889548
0.894104
0.899857
0.90575
0.911262
0.916067
0.919968
0.92284
0.924615
0.92527
0.924786
0.923119
0.920225
0.916124
0.911013
0.904822
2037.52
2038.23
2038.66
2037.98
2036.18
2033.24
2029.11
2023.73
2017.07
2009.09
1999.81
1989.23
1977.36
1964.23
1949.85
1934.26
1917.47
1899.53
1880.47
1860.39
1839.45
1817.56
1792.82
1417.01
156.832
1.22918
0.861243
0.832885
0.827051
0.823979
0.826436
0.832265
0.839334
0.846628
0.853602
0.85991
0.865336
0.86973
0.873019
0.875187
0.876217
0.876065
0.87469
0.872117
0.86852
0.863842
2072.43
2073.04
2073.45
2072.87
2071.28
2068.66
2064.96
2060.12
2054.1
2046.88
2038.47
2028.86
2018.09
2006.15
1993.08
1978.88
1963.59
1947.25
1929.9
1911.62
1892.58
1872.61
1849.79
1371.2
109.895
1.02924
0.784312
0.762169
0.757344
0.756983
0.761894
0.769709
0.778574
0.787595
0.796263
0.804244
0.811313
0.817312
0.822173
0.825892
0.828453
0.829816
0.829948
0.828878
0.826759
0.823545
2108.28
2108.79
2109.2
2108.71
2107.34
2105.04
2101.76
2097.45
2092.08
2085.61
2078.05
2069.41
2059.7
2048.94
2037.14
2024.33
2010.51
1995.75
1980.07
1963.57
1946.37
1928.29
1907.39
1313.21
72.0509
0.83062
0.695995
0.683953
0.683217
0.6875
0.69603
0.706561
0.717694
0.728751
0.739322
0.749121
0.757936
0.765616
0.772105
0.777409
0.781519
0.784399
0.786027
0.786439
0.785762
0.783961
2145
2145.41
2145.81
2145.44
2144.29
2142.31
2139.46
2135.68
2130.94
2125.21
2118.5
2110.8
2102.14
2092.53
2081.98
2070.51
2058.16
2044.94
2030.91
2016.14
2000.76
1984.54
1965.57
1243.43
42.9338
0.609887
0.592054
0.598913
0.605885
0.616435
0.629449
0.643229
0.656981
0.670307
0.682937
0.694663
0.705303
0.714725
0.722889
0.729807
0.735475
0.739865
0.74297
0.744832
0.745552
0.745106
2182.51
2182.82
2183.23
2182.98
2182.06
2180.42
2177.99
2174.73
2170.61
2165.62
2159.73
2152.96
2145.33
2136.85
2127.53
2117.39
2106.46
2094.77
2082.35
2069.27
2055.66
2041.27
2024.25
1162.28
22.1225
0.39656
0.480142
0.511916
0.528688
0.54567
0.563154
0.580259
0.596744
0.612456
0.627242
0.640968
0.653492
0.664705
0.674582
0.683137
0.690368
0.696255
0.700809
0.704081
0.706145
0.706992
2220.72
2220.91
2221.37
2221.27
2220.61
2219.31
2217.32
2214.57
2211.07
2206.78
2201.7
2195.84
2189.22
2181.84
2173.73
2164.9
2155.37
2145.17
2134.32
2122.89
2111.02
2098.42
2083.27
1070.58
8.94817
0.26378
0.383424
0.432183
0.456151
0.47748
0.498311
0.518272
0.537333
0.555414
0.572395
0.588167
0.602608
0.615638
0.627246
0.637446
0.646231
0.653595
0.659567
0.664203
0.667557
0.669631
2259.44
2259.53
2260.09
2260.21
2259.86
2258.93
2257.38
2255.16
2252.25
2248.65
2244.36
2239.39
2233.75
2227.46
2220.53
2212.98
2204.82
2196.07
2186.76
2176.96
2166.79
2155.93
2142.6
970.021
2.69135
0.22818
0.319853
0.365917
0.390458
0.412963
0.435575
0.457702
0.479054
0.499412
0.518584
0.536417
0.552789
0.567638
0.58097
0.592796
0.60311
0.611919
0.619269
0.625223
0.62981
0.633052
2298.61
2298.52
2299.2
2299.61
2299.65
2299.17
2298.08
2296.39
2294.08
2291.16
2287.64
2283.53
2278.85
2273.62
2267.85
2261.55
2254.73
2247.41
2239.62
2231.42
2222.92
2213.8
2202.31
862.78
0.692146
0.235396
0.279831
0.309135
0.32933
0.351063
0.374539
0.39843
0.421928
0.444527
0.465895
0.48581
0.504128
0.520802
0.535842
0.549262
0.561064
0.571275
0.579956
0.587176
0.592942
0.597293
2337.79
2337.73
2338.61
2339.33
2339.78
2339.78
2339.21
2338.08
2336.38
2334.14
2331.38
2328.13
2324.4
2320.2
2315.55
2310.47
2304.96
2299.05
2292.75
2286.13
2279.29
2271.95
2262.41
749.276
0.532617
0.226587
0.237695
0.252222
0.268297
0.289498
0.31408
0.339934
0.365739
0.390698
0.414339
0.436378
0.456666
0.475171
0.491909
0.506898
0.520154
0.531722
0.541686
0.550116
0.557003
0.562406
2374.71
2375.89
2377.68
2379.15
2380.11
2380.6
2380.55
2379.98
2378.89
2377.34
2375.34
2372.92
2370.11
2366.92
2363.37
2359.46
2355.23
2350.69
2345.85
2340.78
2335.6
2330.12
2322.73
626.918
0.398264
0.185397
0.1814
0.189168
0.204067
0.226418
0.253218
0.281754
0.310323
0.33792
0.363981
0.388209
0.410488
0.430815
0.449226
0.46575
0.480422
0.49331
0.504511
0.514099
0.522051
0.528453
2405.08
2410.56
2414.53
2417.98
2420.04
2421.24
2421.77
2421.76
2421.28
2420.39
2419.13
2417.52
2415.6
2413.37
2410.85
2408.07
2405.06
2401.82
2398.38
2394.82
2391.29
2387.77
2382.78
500.112
0.287094
0.122588
0.112033
0.117954
0.134991
0.160891
0.191509
0.223739
0.255692
0.286287
0.314957
0.341458
0.365745
0.387873
0.40791
0.425911
0.441942
0.456095
0.46848
0.479175
0.488142
0.495495
2353.3
2434.65
2445.46
2453.37
2457.62
2460.2
2461.74
2462.54
2462.8
2462.64
2462.14
2461.35
2460.29
2458.99
2457.48
2455.78
2453.93
2451.94
2449.85
2447.73
2445.82
2444.22
2441.68
386.698
0.157138
0.0478975
0.0290422
0.0366661
0.060176
0.0926252
0.129006
0.166097
0.202103
0.23605
0.267497
0.29633
0.322623
0.346507
0.368101
0.387505
0.40482
0.420167
0.433665
0.445399
0.455322
0.463578
1046.27
1602.33
2071.77
2361.59
2471.08
2492.21
2496.97
2499.93
2501.66
2502.66
2503.17
2503.31
2503.14
2502.7
2502.05
2501.22
2500.25
2499.14
2497.95
2496.79
2495.96
2495.99
2495.09
296.109
0.0363458
-0.0484708
-0.0722858
-0.0563733
-0.0205553
0.0221863
0.0663994
0.109491
0.150123
0.187669
0.221963
0.253115
0.281353
0.306906
0.329959
0.350668
0.369177
0.385627
0.400153
0.412844
0.423652
0.43275
-1.37555
148.087
443.888
909.163
1404.7
1772.86
2013.64
2164.66
2251.49
2300.68
2325.26
2332.33
2326.66
2310.71
2286.34
2254.88
2217.51
2173.52
2125.53
2076.18
2028.66
1999.04
2077.46
196.888
-0.317318
-0.19794
-0.193977
-0.159595
-0.105108
-0.0483916
0.00533539
0.0551433
0.100642
0.141789
0.178834
0.212171
0.242206
0.269279
0.293652
0.31554
0.335127
0.352574
0.368027
0.381586
0.393201
0.40307
-1.23804
-1.04515
-1.296
-1.37175
36.2947
163.34
304.24
432.983
536.599
607.174
645.374
656.194
645.588
618.466
579.866
533.614
484.176
435.233
388.13
344.321
306.337
279.546
381.303
71.6686
-0.808151
-0.40032
-0.328874
-0.263417
-0.186568
-0.114919
-0.0514859
0.00480973
0.054805
0.0991796
0.138643
0.173878
0.20546
0.233835
0.259343
0.282253
0.302778
0.321095
0.33736
0.351687
0.364023
0.374593
-1.20078
-1.20186
-1.23461
-1.23344
-1.25778
-1.35234
-1.43908
-1.46212
-1.46063
-1.45253
-1.44188
-1.43001
-1.41746
-1.40419
-1.38988
-1.37463
-1.35924
-1.34581
-1.33695
-1.33854
-1.34698
-1.33776
-1.195
3.04122
-0.91173
-0.600415
-0.458531
-0.351357
-0.254902
-0.171866
-0.100924
-0.0396316
0.0137756
0.0605891
0.101891
0.13858
0.171358
0.200756
0.227174
0.250917
0.272216
0.291258
0.308209
0.323194
0.336161
0.347352
-1.16539
-1.16258
-1.18034
-1.19001
-1.20412
-1.22562
-1.24747
-1.25859
-1.26284
-1.26356
-1.26209
-1.25923
-1.2554
-1.25063
-1.24491
-1.23856
-1.23233
-1.22718
-1.22384
-1.22273
-1.22197
-1.21652
-1.18682
-1.11088
-0.91633
-0.685074
-0.529505
-0.406464
-0.302762
-0.21504
-0.140622
-0.0768207
-0.0216117
0.0265549
0.0689336
0.106519
0.140074
0.170172
0.197244
0.221608
0.243499
0.263107
0.280608
0.296136
0.309636
0.321364
-1.12996
-1.12522
-1.13584
-1.14772
-1.16457
-1.18428
-1.20261
-1.21534
-1.22214
-1.22433
-1.22324
-1.21991
-1.21485
-1.20817
-1.20001
-1.19078
-1.18106
-1.1713
-1.16154
-1.15033
-1.13417
-1.10934
-1.07367
-1.00843
-0.851699
-0.683044
-0.546306
-0.430167
-0.330018
-0.243986
-0.170127
-0.106411
-0.0511041
-0.00273772
0.0399038
0.0777922
0.111681
0.142143
0.1696
0.19436
0.216651
0.23666
0.25457
0.270523
0.284452
0.296627
-1.09333
-1.09269
-1.09851
-1.10674
-1.11938
-1.13469
-1.14945
-1.16046
-1.16665
-1.16856
-1.16715
-1.16318
-1.15695
-1.14858
-1.1383
-1.12654
-1.11366
-1.09978
-1.0846
-1.0666
-1.04209
-1.00688
-0.958085
-0.887485
-0.774701
-0.650936
-0.537008
-0.433968
-0.342112
-0.261316
-0.190701
-0.129034
-0.0750236
-0.0274617
0.0147046
0.0523464
0.0861542
0.116654
0.144231
0.169163
0.191662
0.211908
0.230088
0.246344
0.260599
0.273128
-1.05488
-1.05762
-1.06234
-1.06826
-1.07647
-1.08635
-1.09596
-1.10316
-1.10698
-1.1075
-1.10518
-1.10031
-1.09295
-1.08321
-1.07138
-1.05779
-1.0426
-1.02563
-1.00635
-0.983508
-0.954626
-0.916263
-0.865529
-0.798334
-0.710123
-0.612535
-0.516919
-0.426845
-0.344337
-0.270171
-0.204208
-0.145789
-0.0940372
-0.0480353
-0.00693082
0.0300103
0.0633799
0.093627
0.121077
0.145969
0.168492
0.188818
0.207133
0.223574
0.238052
0.250845
-1.01422
-1.01886
-1.02415
-1.02949
-1.03564
-1.04228
-1.04824
-1.05232
-1.0539
-1.05295
-1.04953
-1.04358
-1.03505
-1.02411
-1.01102
-0.995995
-0.979003
-0.959651
-0.937287
-0.9109
-0.878925
-0.839232
-0.789688
-0.728407
-0.654394
-0.573631
-0.492267
-0.413758
-0.340347
-0.273143
-0.212402
-0.157849
-0.108932
-0.0649898
-0.0253613
0.010539
0.0431851
0.072932
0.100038
0.124697
0.147077
0.16734
0.185663
0.202175
0.216776
0.229746
-0.972121
-0.977601
-0.983579
-0.989085
-0.994438
-0.999387
-1.00321
-1.00526
-1.00525
-1.0031
-0.998601
-0.99156
-0.981968
-0.970016
-0.955922
-0.93974
-0.921277
-0.900113
-0.875612
-0.846998
-0.81326
-0.773198
-0.725612
-0.669614
-0.605469
-0.536494
-0.466384
-0.39781
-0.332718
-0.272225
-0.216764
-0.166292
-0.120483
-0.0788735
-0.0409751
-0.00634771
0.0253592
0.054405
0.0809818
0.105245
0.127337
0.147407
0.165621
0.182101
0.196733
0.2098
-0.929629
-0.935391
-0.941674
-0.947293
-0.952152
-0.956039
-0.958516
-0.959287
-0.958207
-0.955055
-0.949522
-0.941449
-0.930935
-0.918196
-0.903336
-0.88626
-0.866685
-0.844227
-0.81844
-0.788781
-0.754616
-0.715268
-0.67015
-0.618987
-0.562353
-0.502312
-0.441208
-0.380997
-0.323233
-0.268906
-0.218482
-0.172032
-0.129374
-0.0901941
-0.0541503
-0.0209393
0.00967442
0.0378643
0.063765
0.0874963
0.109178
0.128944
0.146947
0.1633
0.177881
0.190974
-0.887613
-0.893333
-0.899623
-0.905093
-0.909427
-0.912493
-0.914078
-0.914029
-0.912141
-0.908096
-0.901615
-0.892674
-0.881467
-0.868177
-0.852772
-0.835059
-0.814752
-0.791551
-0.765212
-0.735429
-0.701815
-0.663995
-0.621713
-0.574997
-0.524457
-0.47149
-0.417683
-0.364471
-0.31305
-0.264234
-0.218444
-0.175788
-0.13617
-0.099391
-0.0652345
-0.0335162
-0.0040976
0.0231246
0.0482384
0.071332
0.0925035
0.111869
0.129572
0.145718
0.160177
0.173236
-0.846626
-0.852131
-0.858237
-0.863371
-0.867186
-0.869649
-0.870645
-0.86999
-0.867394
-0.862549
-0.855312
-0.845772
-0.834131
-0.820481
-0.804705
-0.786585
-0.765898
-0.742466
-0.716193
-0.686947
-0.654503
-0.618648
-0.579297
-0.53661
-0.491155
-0.443954
-0.39616
-0.348834
-0.30287
-0.258902
-0.217273
-0.178089
-0.141311
-0.106831
-0.0745364
-0.0443382
-0.016173
0.0100087
0.0342568
0.056632
0.0772121
0.096099
0.113428
0.129299
0.14358
0.156558
-0.806966
-0.812225
-0.818009
-0.822754
-0.826146
-0.828192
-0.828749
-0.827541
-0.824277
-0.818775
-0.811039
-0.801193
-0.789354
-0.775494
-0.759478
-0.741166
-0.720437
-0.697226
-0.671514
-0.643256
-0.612322
-0.578589
-0.542063
-0.502972
-0.461835
-0.419451
-0.376696
-0.334355
-0.293075
-0.253328
-0.215372
-0.179307
-0.145133
-0.112815
-0.0823229
-0.0536361
-0.0267468
-0.00164661
0.021683
0.0432795
0.0632044
0.0815497
0.0984455
0.113989
0.128049
0.140911
-0.768794
-0.773809
-0.779223
-0.783609
-0.786675
-0.788386
-0.788512
-0.786755
-0.782924
-0.776992
-0.769018
-0.759087
-0.74721
-0.733284
-0.717198
-0.698926
-0.678477
-0.655854
-0.631054
-0.604049
-0.574761
-0.543135
-0.509242
-0.473353
-0.435946
-0.397666
-0.359192
-0.321097
-0.283832
-0.247733
-0.212992
-0.1797
-0.147893
-0.11759
-0.0888183
-0.0616075
-0.0359898
-0.0119893
0.0103877
0.0311612
0.0503825
0.0681389
0.0845589
0.0997394
0.113547
0.126266
-0.732249
-0.736994
-0.742074
-0.746153
-0.748924
-0.750274
-0.749934
-0.747691
-0.743495
-0.737389
-0.729393
-0.719499
-0.707661
-0.693788
-0.67783
-0.659852
-0.639954
-0.618169
-0.594478
-0.568842
-0.541217
-0.511606
-0.480146
-0.447131
-0.412998
-0.378268
-0.34346
-0.308991
-0.275169
-0.242217
-0.210283
-0.179453
-0.149789
-0.121351
-0.0942054
-0.0684177
-0.0440509
-0.0211541
0.000248889
0.0201686
0.038653
0.0557894
0.0717069
0.086501
0.100037
0.112591
-0.697379
-0.701854
-0.706668
-0.71048
-0.712939
-0.713886
-0.713115
-0.710543
-0.706209
-0.700119
-0.692203
-0.682374
-0.670603
-0.656879
-0.641236
-0.623784
-0.604645
-0.583848
-0.561351
-0.537107
-0.511102
-0.483402
-0.454192
-0.423777
-0.392544
-0.360911
-0.329263
-0.297907
-0.267043
-0.236816
-0.207338
-0.178694
-0.150969
-0.124249
-0.09863
-0.0742056
-0.0510623
-0.0292658
-0.00884807
0.0102002
0.0279296
0.044431
0.0598339
0.0742303
0.0874823
0.0998532
-0.664117
-0.66838
-0.672959
-0.676502
-0.678632
-0.679215
-0.678149
-0.675438
-0.671112
-0.665102
-0.657261
-0.647493
-0.635835
-0.622381
-0.607233
-0.590502
-0.572269
-0.552535
-0.531246
-0.508361
-0.483906
-0.458004
-0.430875
-0.402821
-0.374174
-0.345261
-0.316365
-0.287698
-0.259392
-0.231535
-0.204212
-0.177513
-0.151538
-0.126398
-0.102211
-0.0790926
-0.0571451
-0.0364404
-0.0170092
0.00116397
0.0181365
0.0340027
0.0488908
0.062886
0.0758441
0.088015
-0.632416
-0.6365
-0.640809
-0.644045
-0.645861
-0.646196
-0.64501
-0.642301
-0.638024
-0.632061
-0.624268
-0.614606
-0.603185
-0.590171
-0.575692
-0.559817
-0.542562
-0.523895
-0.503765
-0.482163
-0.459167
-0.434947
-0.409748
-0.383849
-0.357529
-0.331033
-0.304555
-0.278232
-0.252149
-0.226359
-0.200931
-0.175962
-0.15157
-0.127887
-0.10505
-0.0831897
-0.0624117
-0.0427844
-0.0243288
-0.00701929
0.00920905
0.0244523
0.0388336
0.0524279
0.0650835
0.077036
-0.602276
-0.606145
-0.610143
-0.613059
-0.614624
-0.614837
-0.613655
-0.610991
-0.606736
-0.600782
-0.593062
-0.583621
-0.572612
-0.560211
-0.546517
-0.531538
-0.515236
-0.497564
-0.478499
-0.458087
-0.436462
-0.413831
-0.39044
-0.366535
-0.342333
-0.318004
-0.293665
-0.269393
-0.24524
-0.221251
-0.197492
-0.174069
-0.15112
-0.128796
-0.107246
-0.0866019
-0.0669653
-0.0483913
-0.0308869
-0.0144151
0.0010939
0.0157345
0.0296209
0.0428154
0.0551587
0.0668734
-0.573651
-0.57727
-0.580979
-0.583638
-0.585042
-0.585209
-0.584048
-0.581397
-0.577129
-0.571196
-0.563636
-0.554558
-0.544109
-0.532417
-0.51952
-0.505375
-0.489924
-0.473137
-0.455045
-0.435756
-0.415452
-0.394353
-0.372685
-0.350644
-0.328382
-0.305996
-0.283543
-0.261059
-0.238582
-0.216163
-0.193881
-0.171858
-0.150245
-0.129206
-0.108891
-0.089426
-0.070896
-0.0533392
-0.0367479
-0.0210766
-0.00625432
0.00780749
0.0212113
0.0340059
0.0460264
0.0574845
-0.546419
-0.549812
-0.553309
-0.555813
-0.557128
-0.557251
-0.556055
-0.553368
-0.549093
-0.543257
-0.535974
-0.527371
-0.517549
-0.506559
-0.494379
-0.480953
-0.466238
-0.450253
-0.433091
-0.414912
-0.395922
-0.376326
-0.356309
-0.336008
-0.315507
-0.294845
-0.274038
-0.253104
-0.232083
-0.211046
-0.190094
-0.169361
-0.149007
-0.129197
-0.110074
-0.0917457
-0.0742772
-0.0576893
-0.0419628
-0.0270481
-0.0128771
0.000629645
0.0135619
0.0259556
0.0376433
0.048829
-0.520472
-0.523698
-0.52704
-0.529439
-0.530673
-0.530708
-0.529425
-0.526698
-0.522486
-0.516867
-0.509972
-0.501899
-0.492688
-0.482321
-0.470752
-0.45794
-0.443892
-0.428686
-0.412468
-0.395427
-0.377757
-0.359631
-0.341176
-0.322468
-0.303535
-0.284378
-0.264996
-0.245409
-0.22567
-0.205874
-0.186145
-0.166626
-0.147476
-0.128849
-0.11087
-0.0936271
-0.0771643
-0.0614884
-0.0465735
-0.03237
-0.0188162
-0.0058427
0.00662748
0.0186201
0.0299686
0.0408718
-0.495771
-0.498858
-0.502039
-0.5043
-0.50541
-0.505325
-0.503968
-0.501269
-0.497236
-0.49195
-0.485509
-0.477959
-0.469286
-0.459442
-0.448391
-0.436136
-0.422744
-0.408345
-0.393115
-0.377238
-0.360876
-0.344151
-0.327134
-0.309849
-0.292285
-0.274429
-0.256283
-0.237881
-0.219298
-0.200647
-0.182068
-0.163709
-0.145716
-0.128223
-0.111335
-0.0951167
-0.0795974
-0.064774
-0.0506178
-0.0370831
-0.0241153
-0.0116555
0.000362841
0.0119577
0.0229664
0.0335842
-0.4723
-0.475232
-0.47821
-0.48028
-0.481238
-0.481062
-0.479706
-0.477142
-0.473387
-0.468491
-0.462496
-0.455402
-0.447166
-0.437753
-0.427163
-0.415455
-0.402747
-0.389201
-0.374991
-0.360274
-0.345166
-0.329736
-0.314006
-0.297963
-0.281584
-0.264858
-0.247801
-0.230469
-0.212956
-0.195387
-0.177906
-0.160659
-0.143774
-0.127361
-0.111502
-0.0962453
-0.0816071
-0.0675794
-0.0541341
-0.04123
-0.0288202
-0.0168544
-0.00527483
0.00593125
0.0166071
0.0269443
-0.449993
-0.452744
-0.455498
-0.457377
-0.458223
-0.458036
-0.456778
-0.454425
-0.450976
-0.446439
-0.440811
-0.434063
-0.426166
-0.417119
-0.406974
-0.395837
-0.383858
-0.371202
-0.358018
-0.34442
-0.330477
-0.316211
-0.30161
-0.286646
-0.271298
-0.255568
-0.239496
-0.223154
-0.206651
-0.190117
-0.173691
-0.157506
-0.141676
-0.126284
-0.111393
-0.0970351
-0.0832208
-0.0699387
-0.0571621
-0.0448546
-0.0329755
-0.0214817
-0.0103222
0.000511249
0.0108682
0.0209357
-0.428715
-0.431279
-0.433845
-0.435599
-0.436422
-0.436307
-0.435203
-0.433064
-0.429869
-0.425595
-0.420219
-0.413719
-0.406099
-0.397405
-0.387733
-0.377218
-0.366017
-0.35427
-0.342089
-0.329542
-0.316654
-0.303415
-0.289796
-0.27577
-0.261331
-0.246501
-0.231336
-0.215927
-0.200388
-0.184848
-0.169433
-0.154263
-0.139431
-0.125002
-0.11102
-0.0975077
-0.0844677
-0.0718876
-0.0597418
-0.0479977
-0.0366199
-0.0255714
-0.0148073
-0.00432406
0.00573303
0.0155447
-0.408327
-0.410732
-0.413168
-0.414881
-0.415749
-0.415739
-0.414772
-0.412787
-0.409753
-0.405641
-0.400435
-0.394141
-0.386804
-0.378509
-0.369377
-0.359551
-0.349164
-0.338323
-0.327095
-0.315509
-0.303557
-0.291212
-0.278444
-0.265242
-0.251616
-0.23761
-0.223296
-0.208774
-0.19416
-0.179575
-0.165131
-0.150928
-0.137042
-0.123525
-0.110403
-0.0976883
-0.0853793
-0.0734609
-0.0619084
-0.0506924
-0.0397825
-0.0291472
-0.0187488
-0.00858973
0.00118799
0.010757
-0.388747
-0.391027
-0.39338
-0.395087
-0.396001
-0.396055
-0.395158
-0.393249
-0.390303
-0.386303
-0.381259
-0.375208
-0.368225
-0.360417
-0.35191
-0.342826
-0.333264
-0.323293
-0.31294
-0.302204
-0.291061
-0.279482
-0.267452
-0.254978
-0.24209
-0.22885
-0.215343
-0.201673
-0.187953
-0.17429
-0.16078
-0.147504
-0.134522
-0.12187
-0.109564
-0.0976051
-0.085985
-0.0746869
-0.063687
-0.0529595
-0.0424792
-0.0322218
-0.0221577
-0.0122976
-0.00278193
0.00655276
-0.36994
-0.37212
-0.374396
-0.37607
-0.376968
-0.377009
-0.376113
-0.374236
-0.371363
-0.367501
-0.362681
-0.356963
-0.350435
-0.343204
-0.335377
-0.327046
-0.318274
-0.309093
-0.299505
-0.289492
-0.279029
-0.268102
-0.256713
-0.244891
-0.232685
-0.220173
-0.207446
-0.194607
-0.181758
-0.168993
-0.156389
-0.144007
-0.131891
-0.120063
-0.10853
-0.0972816
-0.0863045
-0.0755803
-0.0650875
-0.0548047
-0.0447139
-0.0347991
-0.0250413
-0.0154608
-0.00619727
0.00290314
-0.351873
-0.353958
-0.35613
-0.357709
-0.358518
-0.358491
-0.357573
-0.355738
-0.352987
-0.349339
-0.344837
-0.339545
-0.333548
-0.326935
-0.319786
-0.31216
-0.304088
-0.295581
-0.286625
-0.277204
-0.267306
-0.256936
-0.246119
-0.234901
-0.223349
-0.211549
-0.199593
-0.187578
-0.17559
-0.163704
-0.151981
-0.140462
-0.129173
-0.118126
-0.107316
-0.0967262
-0.0863392
-0.0761368
-0.0661018
-0.0562195
-0.0464804
-0.0368789
-0.0274077
-0.0180975
-0.00908696
-0.000231356
-0.33447
-0.336448
-0.338483
-0.339921
-0.340609
-0.340515
-0.33961
-0.33788
-0.33533
-0.331978
-0.327866
-0.32305
-0.317598
-0.311576
-0.305035
-0.298009
-0.290513
-0.282543
-0.274092
-0.265153
-0.255736
-0.245865
-0.235585
-0.224958
-0.214061
-0.202981
-0.191805
-0.180614
-0.169479
-0.158456
-0.147585
-0.136891
-0.126384
-0.116063
-0.105915
-0.0959236
-0.0860677
-0.0763323
-0.0667067
-0.057185
-0.0477681
-0.0384614
-0.0292699
-0.0202336
-0.011489
-0.00289922
-0.317622
-0.319476
-0.321356
-0.322649
-0.323244
-0.323142
-0.322325
-0.320777
-0.318494
-0.315486
-0.311783
-0.307427
-0.302468
-0.296948
-0.290902
-0.284349
-0.277297
-0.269747
-0.261704
-0.25318
-0.244204
-0.234818
-0.225081
-0.215065
-0.204848
-0.19451
-0.184127
-0.173762
-0.163467
-0.153278
-0.143218
-0.133296
-0.123509
-0.113848
-0.104295
-0.0948341
-0.0854485
-0.0761282
-0.0668707
-0.0576805
-0.0485693
-0.0395539
-0.0306497
-0.0219039
-0.0134492
-0.00515473
-0.301232
-0.302952
-0.304683
-0.305871
-0.306444
-0.306415
-0.305758
-0.304444
-0.302452
-0.29978
-0.296446
-0.29248
-0.287916
-0.282785
-0.277114
-0.270919
-0.264213
-0.25701
-0.24933
-0.241205
-0.232677
-0.223802
-0.214645
-0.205278
-0.195774
-0.1862
-0.176614
-0.167061
-0.157575
-0.148175
-0.138867
-0.129647
-0.120505
-0.111427
-0.102397
-0.0934012
-0.0844306
-0.0754831
-0.0665655
-0.0576928
-0.048887
-0.0401747
-0.0315793
-0.023152
-0.0150192
-0.00705414
-0.285249
-0.286839
-0.288453
-0.289598
-0.290225
-0.290333
-0.289872
-0.288794
-0.287064
-0.284671
-0.281626
-0.277951
-0.273677
-0.268832
-0.263444
-0.257535
-0.251129
-0.244253
-0.236945
-0.229246
-0.221208
-0.212892
-0.204363
-0.195684
-0.186915
-0.178108
-0.169301
-0.160524
-0.151793
-0.143113
-0.134479
-0.125879
-0.1173
-0.108729
-0.100153
-0.0915654
-0.0829674
-0.0743661
-0.0657771
-0.0572249
-0.0487404
-0.0403566
-0.0321018
-0.0240277
-0.0162523
-0.00865175
-0.26967
-0.271148
-0.272693
-0.273858
-0.274588
-0.274849
-0.274568
-0.273678
-0.272139
-0.269939
-0.267089
-0.263614
-0.259547
-0.254923
-0.249772
-0.244129
-0.238027
-0.231506
-0.224611
-0.217389
-0.209896
-0.202188
-0.194322
-0.186349
-0.178312
-0.170246
-0.162174
-0.154111
-0.14606
-0.138016
-0.129968
-0.121902
-0.113807
-0.105673
-0.0974967
-0.0892785
-0.081029
-0.0727654
-0.0645115
-0.0562989
-0.0481639
-0.0401432
-0.0322663
-0.0245824
-0.0171991
-0.00999519
-0.2545
-0.255896
-0.257419
-0.258647
-0.259487
-0.259873
-0.25971
-0.258928
-0.257492
-0.255399
-0.252666
-0.249328
-0.245425
-0.240997
-0.236085
-0.230728
-0.224969
-0.218852
-0.212424
-0.205732
-0.198826
-0.191754
-0.18456
-0.177279
-0.16994
-0.162562
-0.155157
-0.147727
-0.140269
-0.132772
-0.125224
-0.117615
-0.109938
-0.102192
-0.09438
-0.0865122
-0.0786073
-0.0706911
-0.0627941
-0.0549516
-0.0472024
-0.039583
-0.0321213
-0.0248615
-0.0179007
-0.0111197
-0.239706
-0.241048
-0.242582
-0.243882
-0.244803
-0.24525
-0.245126
-0.24437
-0.24296
-0.240909
-0.238249
-0.235023
-0.231279
-0.227064
-0.22242
-0.217394
-0.212028
-0.206366
-0.200448
-0.194319
-0.188017
-0.181579
-0.175034
-0.168403
-0.161702
-0.15494
-0.14812
-0.141238
-0.134286
-0.127255
-0.120137
-0.112926
-0.105625
-0.0982384
-0.0907784
-0.0832628
-0.075717
-0.0681727
-0.0606645
-0.0532287
-0.0459029
-0.0387211
-0.0317073
-0.0248997
-0.0183844
-0.0120449
-0.225188
-0.226495
-0.228045
-0.229392
-0.230338
-0.230774
-0.230615
-0.229821
-0.228391
-0.226355
-0.223761
-0.220659
-0.217102
-0.213136
-0.208807
-0.204159
-0.19923
-0.194057
-0.188673
-0.183113
-0.177404
-0.171568
-0.165624
-0.159581
-0.153447
-0.147223
-0.140908
-0.134496
-0.12798
-0.121354
-0.114618
-0.107773
-0.100829
-0.0937974
-0.0866977
-0.0795534
-0.0723944
-0.0652551
-0.0581714
-0.0511784
-0.04431
-0.0375955
-0.0310545
-0.0247186
-0.0186634
-0.0127753
-0.210794
-0.21207
-0.213609
-0.214949
-0.215852
-0.216211
-0.215966
-0.215102
-0.213642
-0.211633
-0.209131
-0.206191
-0.202865
-0.199197
-0.19523
-0.190999
-0.186534
-0.181863
-0.177013
-0.172003
-0.166852
-0.16157
-0.156167
-0.150645
-0.145008
-0.139253
-0.133377
-0.127376
-0.121249
-0.114996
-0.108621
-0.102134
-0.0955505
-0.0888891
-0.0821731
-0.0754302
-0.0686917
-0.0619924
-0.0553666
-0.0488465
-0.042461
-0.0362344
-0.0301814
-0.0243277
-0.0187386
-0.013304
-0.196366
-0.197598
-0.199074
-0.200335
-0.201126
-0.20136
-0.201003
-0.200068
-0.198598
-0.196653
-0.19429
-0.191562
-0.188517
-0.185193
-0.181623
-0.177831
-0.17384
-0.169668
-0.16533
-0.160838
-0.156198
-0.151417
-0.146497
-0.141439
-0.136242
-0.130904
-0.125423
-0.119802
-0.114043
-0.108152
-0.102142
-0.0960254
-0.0898235
-0.0835594
-0.0772591
-0.0709511
-0.0646665
-0.0584376
-0.0522959
-0.0462691
-0.0403818
-0.0346533
-0.0290941
-0.0237245
-0.0186002
-0.0136154
-0.18179
-0.182957
-0.184309
-0.185414
-0.186034
-0.186108
-0.185632
-0.184644
-0.183201
-0.181364
-0.179189
-0.176722
-0.174001
-0.171052
-0.167897
-0.164551
-0.161027
-0.157334
-0.153478
-0.149463
-0.145291
-0.140963
-0.13648
-0.131841
-0.127047
-0.122096
-0.116991
-0.11174
-0.106351
-0.100836
-0.0952087
-0.0894887
-0.083699
-0.077865
-0.0720132
-0.0661713
-0.0603678
-0.0546315
-0.0489896
-0.0434662
-0.0380821
-0.0328527
-0.0277854
-0.0228955
-0.0182299
-0.0136877
-0.167032
-0.168114
-0.16929
-0.170177
-0.170577
-0.170466
-0.169872
-0.168851
-0.167466
-0.165776
-0.163826
-0.161653
-0.159278
-0.156717
-0.153978
-0.151069
-0.147992
-0.14475
-0.141341
-0.137764
-0.13402
-0.130109
-0.126031
-0.121786
-0.117374
-0.112801
-0.108074
-0.103203
-0.0982015
-0.0930843
-0.0878688
-0.0825763
-0.0772312
-0.0718587
-0.0664841
-0.0611322
-0.0558281
-0.0505963
-0.0454601
-0.0404405
-0.0355558
-0.0308196
-0.026237
-0.0218191
-0.0176046
-0.0134977
-0.152137
-0.153136
-0.154106
-0.15473
-0.154874
-0.154557
-0.153842
-0.152798
-0.151489
-0.149964
-0.148257
-0.146386
-0.144357
-0.142175
-0.139836
-0.137338
-0.134679
-0.131852
-0.128854
-0.125683
-0.122337
-0.118817
-0.115124
-0.111259
-0.107228
-0.103038
-0.0987002
-0.094229
-0.0896393
-0.0849479
-0.080174
-0.0753393
-0.0704674
-0.065582
-0.0607052
-0.0558584
-0.0510624
-0.0463378
-0.0417043
-0.0371811
-0.0327857
-0.0285326
-0.0244257
-0.0204723
-0.0167031
-0.0130268
-0.137255
-0.138176
-0.138925
-0.139258
-0.139113
-0.138568
-0.137719
-0.136648
-0.135416
-0.134056
-0.132584
-0.130999
-0.129296
-0.127463
-0.12549
-0.123367
-0.121085
-0.118636
-0.116015
-0.113219
-0.110247
-0.1071
-0.103781
-0.100294
-0.0966478
-0.0928527
-0.0889224
-0.0848722
-0.0807185
-0.0764788
-0.0721724
-0.0678199
-0.0634428
-0.0590617
-0.0546948
-0.0503595
-0.0460724
-0.0418501
-0.0377099
-0.0336697
-0.0297491
-0.0259672
-0.0223286
-0.0188357
-0.0155103
-0.0122658
-0.122571
-0.123414
-0.123939
-0.123958
-0.123489
-0.122685
-0.121684
-0.120575
-0.119407
-0.118194
-0.116929
-0.115597
-0.114177
-0.11265
-0.110996
-0.109201
-0.107252
-0.105141
-0.102862
-0.100414
-0.0977942
-0.0950063
-0.0920546
-0.0889467
-0.0856927
-0.082305
-0.0787978
-0.0751869
-0.0714888
-0.0677209
-0.0639009
-0.0600473
-0.0561782
-0.0523104
-0.0484582
-0.0446344
-0.0408516
-0.0371226
-0.0334616
-0.0298864
-0.0264219
-0.023099
-0.019926
-0.0168961
-0.0140205
-0.0112162
-0.108055
-0.10894
-0.109271
-0.108959
-0.108123
-0.107028
-0.105859
-0.104703
-0.103584
-0.102491
-0.101397
-0.100271
-0.0990828
-0.0978052
-0.0964154
-0.0948957
-0.0932334
-0.09142
-0.0894501
-0.0873213
-0.0850341
-0.0825926
-0.0800033
-0.0772752
-0.0744193
-0.0714478
-0.068375
-0.0652162
-0.0619873
-0.0587041
-0.0553821
-0.0520364
-0.0486816
-0.0453303
-0.0419929
-0.038678
-0.0353932
-0.0321466
-0.0289485
-0.0258152
-0.0227812
-0.0199056
-0.0172035
-0.0146488
-0.0122383
-0.00989141
-0.0934998
-0.0947998
-0.094954
-0.0942621
-0.0930083
-0.0916043
-0.0902743
-0.0890781
-0.0880007
-0.0870024
-0.0860389
-0.0850688
-0.0840558
-0.0829699
-0.0817874
-0.0804914
-0.0790699
-0.0775145
-0.0758203
-0.0739856
-0.0720122
-0.0699056
-0.0676731
-0.065324
-0.0628685
-0.0603181
-0.0576862
-0.0549871
-0.052235
-0.0494435
-0.0466249
-0.043791
-0.0409525
-0.0381185
-0.0352954
-0.0324872
-0.029696
-0.0269232
-0.0241715
-0.0214521
-0.0188121
-0.016371
-0.0141585
-0.0121022
-0.010181
-0.00831691
-0.0796876
-0.0814657
-0.0811861
-0.0798298
-0.0780689
-0.0763879
-0.0749536
-0.0737534
-0.0727232
-0.0717983
-0.0709246
-0.0700579
-0.0691626
-0.0682106
-0.067181
-0.0660592
-0.0648343
-0.063499
-0.0620489
-0.0604835
-0.0588057
-0.0570214
-0.0551376
-0.0531624
-0.0511047
-0.0489748
-0.0467846
-0.0445467
-0.0422729
-0.0399736
-0.0376582
-0.0353349
-0.0330116
-0.030694
-0.0283849
-0.0260836
-0.0237854
-0.0214829
-0.0191652
-0.0168232
-0.0145026
-0.0124644
-0.0107867
-0.00927377
-0.00787697
-0.00652961
-0.0684633
-0.0706422
-0.0690332
-0.0658597
-0.0634404
-0.0616521
-0.0602405
-0.0590839
-0.0580945
-0.0572035
-0.0563615
-0.0555318
-0.0546857
-0.0538015
-0.0528632
-0.0518589
-0.0507795
-0.0496187
-0.0483734
-0.0470438
-0.0456335
-0.0441474
-0.0425913
-0.0409716
-0.0392955
-0.0375718
-0.0358104
-0.0340211
-0.0322129
-0.0303932
-0.0285682
-0.0267438
-0.0249251
-0.0231156
-0.0213148
-0.0195178
-0.0177139
-0.015885
-0.0139934
-0.011944
-0.00970512
-0.00797939
-0.00701859
-0.00618039
-0.00538285
-0.00460004
-0.0561803
-0.0665467
-0.0597877
-0.0520381
-0.0489827
-0.0474068
-0.0461435
-0.0450406
-0.044053
-0.0431375
-0.0422632
-0.0414074
-0.0405518
-0.0396821
-0.0387866
-0.0378562
-0.0368835
-0.0358633
-0.0347937
-0.0336753
-0.0325107
-0.0313035
-0.0300577
-0.0287778
-0.0274697
-0.0261396
-0.0247947
-0.0234419
-0.022087
-0.0207345
-0.0193885
-0.0180526
-0.0167302
-0.015423
-0.014129
-0.0128414
-0.0115454
-0.0102131
-0.00875145
-0.00681822
-0.00401346
-0.00231159
-0.00264847
-0.0027951
-0.0027288
-0.00258586
-0.0248991
-0.0716523
-0.0451648
-0.0325745
-0.0294757
-0.0279303
-0.0266878
-0.0256234
-0.0246783
-0.0238137
-0.0230062
-0.0222388
-0.0214979
-0.0207726
-0.0200541
-0.0193354
-0.0186113
-0.0178788
-0.0171368
-0.0163858
-0.0156271
-0.0148628
-0.014095
-0.0133264
-0.0125602
-0.0117997
-0.0110483
-0.010309
-0.00958425
-0.00887594
-0.00818566
-0.00751483
-0.00686453
-0.0062348
-0.00562326
-0.00502284
-0.00441619
-0.00376365
-0.00293468
-0.00138186
0.00206156
0.00232588
0.000690962
-0.000140779
-0.000546601
-0.000816501
0.900306
0.911981
0.999855
1.0388
1.05226
1.06308
1.06816
1.05932
1.35462
1.2935
1.24862
1.20865
1.17764
1.15909
1.14596
1.13165
1.47818
1.41402
1.35317
1.30309
1.2623
1.22908
1.20184
1.17934
1.45817
1.412
1.36861
1.32962
1.29448
1.26271
1.23402
1.20883
1.44438
1.40782
1.37089
1.33579
1.30292
1.27212
1.24331
1.21762
1.42726
1.39463
1.36078
1.32834
1.2976
1.26821
1.24006
1.2147
1.40307
1.37342
1.34233
1.31234
1.2836
1.25567
1.22849
1.20388
1.37388
1.34685
1.31818
1.29034
1.26342
1.23696
1.21094
1.18737
1.34069
1.31595
1.2895
1.2637
1.23859
1.21371
1.18905
1.1667
1.30435
1.28172
1.25738
1.23358
1.2103
1.18709
1.16394
1.14298
1.26577
1.24512
1.22282
1.20096
1.1795
1.15801
1.13649
1.11699
1.22574
1.20696
1.18661
1.16662
1.14695
1.1272
1.10735
1.08936
1.18484
1.16786
1.14938
1.13117
1.11324
1.09518
1.07701
1.06053
1.14348
1.12823
1.11154
1.09506
1.0788
1.0624
1.04586
1.03088
1.10194
1.08832
1.07337
1.05856
1.04391
1.02912
1.01418
1.00066
1.06044
1.04836
1.03506
1.02186
1.00878
0.995541
0.982165
0.970052
1.01913
1.00852
0.996797
0.985138
0.973561
0.961829
0.949957
0.939207
0.978136
0.968916
0.958698
0.948515
0.938384
0.9281
0.917676
0.908238
0.937553
0.929657
0.920878
0.912107
0.903362
0.894463
0.885425
0.877241
0.897454
0.890826
0.883424
0.876005
0.868583
0.861007
0.853291
0.846302
0.857923
0.852507
0.846418
0.840286
0.834123
0.827804
0.821343
0.815486
0.819018
0.814759
0.80992
0.805008
0.800038
0.794907
0.789634
0.78485
0.780763
0.777606
0.773951
0.770195
0.766353
0.76235
0.758204
0.75444
0.743172
0.741058
0.738524
0.735861
0.733089
0.730157
0.727087
0.724299
0.706252
0.705124
0.703651
0.702026
0.700273
0.698364
0.696326
0.694476
0.670019
0.669822
0.669357
0.668722
0.667944
0.667018
0.665972
0.665027
0.634506
0.635193
0.635689
0.636001
0.636158
0.636178
0.636089
0.636017
0.59976
0.60129
0.602706
0.603926
0.604982
0.605912
0.606741
0.607507
0.565838
0.568174
0.570471
0.572564
0.574483
0.576284
0.577993
0.579559
0.532804
0.535911
0.539053
0.54198
0.544724
0.547355
0.549901
0.552229
0.500727
0.504573
0.50852
0.51224
0.515767
0.519184
0.52252
0.525565
0.469656
0.474209
0.478924
0.483399
0.487666
0.491824
0.495901
0.499617
0.439623
0.444844
0.450285
0.455472
0.460436
0.46529
0.470061
0.474404
0.410684
0.416527
0.42264
0.428486
0.434093
0.439591
0.445007
0.449933
0.382888
0.389304
0.396033
0.40248
0.408675
0.414761
0.420767
0.426228
0.356263
0.363196
0.37048
0.377469
0.384194
0.390813
0.397356
0.403304
0.330819
0.33821
0.345986
0.353456
0.360656
0.367753
0.374781
0.381171
0.30655
0.314338
0.322542
0.330435
0.338055
0.34558
0.353043
0.359832
0.283441
0.291565
0.300136
0.308395
0.316384
0.32429
0.332142
0.339288
0.261469
0.26987
0.27875
0.287325
0.295636
0.303877
0.312075
0.319539
0.24061
0.249233
0.258369
0.267212
0.275802
0.284337
0.292839
0.300582
0.220837
0.229633
0.238979
0.248047
0.256876
0.265665
0.27443
0.282415
0.202127
0.211054
0.220567
0.229822
0.238853
0.247858
0.256845
0.265033
0.184457
0.19348
0.203124
0.21253
0.221727
0.230908
0.240077
0.24843
0.167809
0.176896
0.186638
0.196162
0.205489
0.214807
0.224116
0.232597
0.152159
0.161285
0.171093
0.1807
0.190121
0.199538
0.208948
0.217519
0.137485
0.146624
0.156466
0.166123
0.175601
0.18508
0.194552
0.203181
0.123756
0.132884
0.142729
0.152401
0.161902
0.171408
0.180908
0.189565
0.110939
0.12003
0.129846
0.1395
0.148991
0.158492
0.167991
0.176652
0.0989958
0.108023
0.117779
0.127384
0.136837
0.146306
0.155779
0.164424
0.0878844
0.0968222
0.106489
0.116019
0.125408
0.134824
0.144251
0.152863
0.0775628
0.0863872
0.0959404
0.105372
0.114678
0.124023
0.133387
0.141953
0.0679911
0.0766821
0.086102
0.0954184
0.104627
0.113886
0.123174
0.131679
0.0591345
0.0676778
0.0769508
0.0861399
0.095239
0.1044
0.113598
0.122027
0.0509652
0.0593527
0.0684705
0.0775242
0.0865043
0.0955548
0.104646
0.112982
0.0434624
0.0516913
0.0606499
0.0695619
0.0784132
0.0873392
0.0963049
0.104527
0.0366104
0.0446819
0.0534789
0.0622427
0.0709537
0.0797376
0.0885551
0.0966367
0.0303967
0.0383133
0.0469454
0.055552
0.0641074
0.0727277
0.08137
0.0892827
0.0248083
0.032571
0.0410317
0.0494679
0.0578478
0.0662788
0.0747161
0.0824291
0.0198278
0.0274337
0.0357117
0.0439589
0.0521392
0.0603521
0.0685527
0.0760351
0.0154293
0.0228696
0.0309477
0.0389829
0.0469361
0.0549008
0.0628339
0.0700572
0.011575
0.0188341
0.0266898
0.0344864
0.042184
0.0498717
0.0575098
0.0644504
0.00821538
0.0152712
0.0228779
0.030408
0.0378227
0.0452083
0.0525298
0.0591711
0.00529328
0.0121187
0.0194481
0.0266846
0.0337924
0.0408565
0.0478472
0.0541807
0.00274893
0.00931491
0.0163396
0.0232589
0.0300415
0.0367714
0.0434247
0.0494493
0.000524743
0.0068037
0.0135004
0.0200846
0.0265302
0.0329208
0.039237
0.0449578
-0.00143125
0.00453723
0.0108885
0.0171269
0.0232311
0.0292838
0.0352692
0.0406955
-0.00316183
0.00247833
0.00847385
0.0143625
0.0201274
0.0258491
0.0315141
0.0366578
-0.00469545
0.000604916
0.00624077
0.0117818
0.0172142
0.0226151
0.027972
0.032846
-0.00604292
-0.00108703
0.00419079
0.00939032
0.0144993
0.0195905
0.0246508
0.029266
-0.0071999
-0.00258702
0.00233847
0.0072046
0.0119996
0.0167905
0.0215631
0.0259265
-0.0081525
-0.00387707
0.000703831
0.0052449
0.00973382
0.014231
0.0187205
0.0228346
-0.00888081
-0.00493544
-0.000691327
0.00353149
0.00771929
0.0119253
0.0161317
0.0199941
-0.00936103
-0.00573841
-0.00182526
0.00208281
0.00597023
0.00988289
0.0138011
0.0174043
-0.00957051
-0.00626535
-0.00268084
0.000911474
0.00449428
0.00810632
0.0117266
0.0150588
-0.00949414
-0.00650458
-0.00325062
2.03642e-05
0.00328981
0.0065898
0.00989854
0.012945
-0.00912785
-0.00645613
-0.00353864
-0.000598438
0.0023453
0.00531879
0.00830024
0.0110442
-0.00847965
-0.00613212
-0.00356062
-0.000963793
0.00163946
0.00427043
0.00690812
0.00933267
-0.00756977
-0.00555671
-0.0033436
-0.00110481
0.001142
0.00341433
0.00569272
0.00778228
-0.0064309
-0.00476595
-0.00292568
-0.00106077
0.000813589
0.00271249
0.00461875
0.00636088
-0.005107
-0.00380768
-0.0023564
-0.00088166
0.000605313
0.00211891
0.0036448
0.00503247
-0.00366685
-0.00274797
-0.00170126
-0.00063136
0.000454913
0.001573
0.00271358
0.00374095
-0.00224743
-0.00173812
-0.00110594
-0.000454448
0.000218268
0.000930807
0.00168078
0.00236466
-0.000940519
-0.000813324
-0.000574698
-0.0003155
-3.91318e-05
0.000268677
0.00060145
0.000887959
1.01308
1.06697
1.0842
1.0635
1.04174
1.02249
1.00385
0.985948
0.96894
0.952793
0.93745
0.922831
0.90885
0.89543
0.882533
0.870173
0.858389
0.847227
0.836718
0.826873
0.817685
0.809125
0.801155
0.793736
0.786838
0.78045
0.774575
0.769232
0.764454
0.76028
0.75675
0.753904
0.751766
0.750342
0.749609
0.749536
0.750063
0.750787
1.10407
1.10305
1.09977
1.07799
1.05329
1.03061
1.00935
0.989444
0.970914
0.953625
0.937421
0.922152
0.907677
0.893881
0.880702
0.868131
0.85619
0.844913
0.834326
0.824432
0.815217
0.806646
0.798675
0.791258
0.784361
0.777969
0.772082
0.76672
0.761915
0.757708
0.754144
0.751264
0.749097
0.747651
0.74691
0.746854
0.747427
0.74822
1.15049
1.13025
1.1128
1.0877
1.06097
1.03598
1.01276
0.991289
0.971526
0.953286
0.936357
0.920536
0.905637
0.891516
0.878091
0.865335
0.853259
0.84189
0.831245
0.821323
0.812102
0.803538
0.795581
0.788179
0.781296
0.774912
0.769025
0.763657
0.75884
0.754618
0.751038
0.748144
0.745968
0.744521
0.74379
0.743763
0.744392
0.745254
1.17507
1.14582
1.12047
1.09251
1.0644
1.03803
1.01359
0.991088
0.970464
0.951532
0.934061
0.917818
0.902591
0.888218
0.874601
0.861703
0.84953
0.8381
0.827427
0.817504
0.808299
0.799763
0.791839
0.784472
0.777619
0.77126
0.765392
0.760035
0.755227
0.751012
0.74744
0.744557
0.742397
0.740972
0.740272
0.740286
0.74097
0.741886
1.1832
1.15078
1.12188
1.0924
1.06368
1.03672
1.0117
0.988675
0.967575
0.948237
0.930435
0.913928
0.898495
0.883963
0.870229
0.85725
0.845029
0.833582
0.822919
0.813026
0.803866
0.795385
0.787518
0.780206
0.773404
0.767088
0.761257
0.755933
0.751152
0.746963
0.743417
0.740562
0.738434
0.737043
0.73638
0.736434
0.737158
0.738109
1.18094
1.14798
1.11783
1.08793
1.05923
1.03228
1.0072
0.984065
0.962833
0.943362
0.92544
0.908833
0.89332
0.878731
0.864961
0.851969
0.839758
0.828345
0.817734
0.807909
0.798827
0.790426
0.782641
0.775406
0.768675
0.762423
0.756648
0.751373
0.746638
0.742492
0.738988
0.736175
0.734088
0.732738
0.732112
0.7322
0.732951
0.733919
1.17153
1.13934
1.10926
1.0797
1.0515
1.02499
1.00026
0.977362
0.956294
0.936932
0.919085
0.902532
0.887065
0.872519
0.858797
0.845864
0.833726
0.822399
0.811886
0.802167
0.793195
0.784904
0.777225
0.77009
0.76345
0.75728
0.751579
0.746371
0.741698
0.737609
0.73416
0.731399
0.729361
0.728054
0.727465
0.727579
0.728344
0.729318
1.15682
1.12609
1.09687
1.06819
1.04089
1.01517
0.991087
0.968719
0.94806
0.929014
0.911413
0.895056
0.879749
0.865344
0.851754
0.838952
0.826949
0.815762
0.805394
0.79582
0.786991
0.778839
0.77129
0.764276
0.757747
0.751676
0.746065
0.74094
0.736342
0.732324
0.728941
0.72624
0.724254
0.722992
0.722436
0.722571
0.723342
0.724312
1.13811
1.10919
1.08132
1.05391
1.02779
1.00312
0.979931
0.95831
0.938259
0.919701
0.902492
0.886452
0.871411
0.857237
0.843859
0.831259
0.819453
0.80846
0.798282
0.788892
0.780239
0.772252
0.764857
0.757984
0.751582
0.745627
0.740122
0.735093
0.730583
0.726646
0.723337
0.720702
0.718773
0.717556
0.717031
0.717182
0.717951
0.718912
1.1164
1.08944
1.06319
1.0373
1.01257
0.989134
0.967028
0.946322
0.927032
0.909098
0.8924
0.876784
0.862101
0.848241
0.835149
0.822818
0.811268
0.80052
0.790576
0.781407
0.772961
0.765166
0.757946
0.751231
0.744973
0.739149
0.733763
0.728843
0.724433
0.720587
0.717359
0.714795
0.712925
0.711752
0.711256
0.711418
0.712181
0.713128
1.09244
1.0675
1.04301
1.01879
0.995582
0.973508
0.952603
0.932932
0.914517
0.897314
0.881225
0.866119
0.851874
0.838403
0.825665
0.813665
0.802427
0.791973
0.782304
0.773391
0.76518
0.7576
0.750574
0.744036
0.737936
0.732256
0.727002
0.722202
0.717902
0.714155
0.711015
0.708527
0.706717
0.705588
0.705119
0.705289
0.706042
0.706972
1.06682
1.04387
1.02122
0.998738
0.977128
0.956494
0.936867
0.918309
0.90085
0.884457
0.869051
0.85453
0.840793
0.827776
0.815455
0.803842
0.792965
0.782849
0.773493
0.764868
0.756919
0.749575
0.742762
0.736413
0.730487
0.724964
0.719852
0.715183
0.711002
0.707362
0.704316
0.701907
0.700159
0.699075
0.698631
0.698808
0.699548
0.700458
1.03996
1.01899
0.998183
0.97746
0.957474
0.938311
0.920003
0.902608
0.886157
0.870631
0.855969
0.84209
0.828921
0.816415
0.804565
0.793389
0.78292
0.773182
0.764173
0.755864
0.7482
0.741111
0.734525
0.728382
0.72264
0.717285
0.712328
0.707799
0.703746
0.70022
0.697273
0.694946
0.693263
0.692223
0.691804
0.691985
0.69271
0.6936
1.01222
0.993163
0.974177
0.955204
0.936835
0.919148
0.902173
0.885964
0.870555
0.855935
0.842061
0.828874
0.816322
0.804378
0.793045
0.78235
0.772329
0.763004
0.754372
0.746404
0.739044
0.732227
0.725883
0.719956
0.714411
0.709235
0.704441
0.700063
0.696145
0.69274
0.689898
0.687656
0.686039
0.685044
0.684649
0.684833
0.685543
0.68641
0.983835
0.966637
0.949429
0.932169
0.91539
0.899164
0.883517
0.868502
0.854152
0.840465
0.827413
0.814957
0.803063
0.791721
0.780946
0.770771
0.761231
0.752348
0.744118
0.736511
0.729473
0.722941
0.716851
0.711153
0.705814
0.700828
0.696207
0.691987
0.688213
0.684935
0.682202
0.68005
0.6785
0.677551
0.67718
0.677367
0.67806
0.678903
0.955005
0.939596
0.92411
0.908515
0.893288
0.878494
0.864159
0.850332
0.837048
0.824311
0.812106
0.80041
0.789208
0.778503
0.76832
0.758696
0.749665
0.741249
0.73344
0.72621
0.719508
0.713274
0.70745
0.70199
0.696867
0.692078
0.68764
0.683587
0.679963
0.676818
0.674198
0.672139
0.670659
0.669757
0.669411
0.6696
0.670274
0.671093
0.925868
0.912182
0.898358
0.884372
0.870651
0.857254
0.844207
0.831557
0.819338
0.807559
0.796218
0.785306
0.774822
0.764782
0.755218
0.74617
0.737671
0.729739
0.722368
0.715528
0.709173
0.703246
0.697696
0.692483
0.687586
0.683004
0.678756
0.674876
0.671409
0.668402
0.6659
0.663936
0.662529
0.661675
0.661353
0.661544
0.6622
0.662994
0.896539
0.884507
0.872283
0.85985
0.847586
0.835547
0.82376
0.81227
0.801108
0.790292
0.779826
0.769715
0.75997
0.750617
0.741692
0.733238
0.725286
0.717852
0.710929
0.70449
0.698489
0.692878
0.687611
0.682653
0.677989
0.673621
0.669569
0.66587
0.662565
0.659702
0.657322
0.655456
0.654123
0.653318
0.653022
0.653215
0.653852
0.654619
0.867111
0.856665
0.845978
0.835039
0.824183
0.813464
0.802908
0.792557
0.782444
0.772588
0.763004
0.753704
0.744712
0.736061
0.72779
0.719942
0.712548
0.70562
0.699153
0.69312
0.68748
0.682191
0.677212
0.672516
0.668092
0.663945
0.660098
0.656584
0.653448
0.650732
0.648477
0.646712
0.645455
0.6447
0.64443
0.644625
0.645243
0.645983
0.837665
0.828736
0.819523
0.810022
0.800527
0.791088
0.781733
0.7725
0.763422
0.754522
0.745819
0.737338
0.729108
0.721166
0.713558
0.706324
0.699491
0.693075
0.687066
0.681442
0.676168
0.671205
0.666521
0.662093
0.657915
0.653996
0.650357
0.647035
0.644071
0.641507
0.63938
0.637719
0.636538
0.635836
0.635592
0.63579
0.636388
0.637102
0.808268
0.800789
0.792991
0.784874
0.776694
0.768499
0.760314
0.752176
0.744117
0.736163
0.72834
0.720678
0.713211
0.705984
0.699041
0.692421
0.686152
0.680246
0.674697
0.669484
0.664577
0.659944
0.655558
0.651403
0.647477
0.643789
0.640366
0.63724
0.634452
0.632042
0.630046
0.62849
0.627389
0.626739
0.626523
0.626724
0.627302
0.627987
0.778979
0.772888
0.766449
0.759667
0.752759
0.745769
0.738724
0.731657
0.724599
0.71758
0.710628
0.70378
0.697075
0.69056
0.684279
0.678271
0.672562
0.667164
0.662072
0.657269
0.652729
0.648428
0.644344
0.640467
0.636796
0.633346
0.630141
0.627215
0.624606
0.622353
0.62049
0.619041
0.61802
0.617424
0.617236
0.61744
0.617998
0.618656
0.749854
0.745093
0.739963
0.734467
0.728791
0.722972
0.717035
0.711013
0.704935
0.698833
0.692741
0.686698
0.680748
0.674937
0.669312
0.663909
0.658754
0.653858
0.649219
0.644822
0.64065
0.636681
0.632902
0.629304
0.625893
0.622684
0.619701
0.616978
0.614552
0.612458
0.610729
0.609388
0.608448
0.607907
0.607747
0.607954
0.608493
0.609122
0.720945
0.717466
0.713596
0.709343
0.704857
0.700173
0.695312
0.690306
0.685185
0.679982
0.674733
0.669481
0.664273
0.659156
0.654175
0.649368
0.644758
0.640356
0.636163
0.63217
0.628363
0.624727
0.621252
0.617937
0.614788
0.611822
0.609064
0.606547
0.604304
0.602371
0.600777
0.599546
0.598688
0.598201
0.59807
0.59828
0.598798
0.599399
0.692311
0.690066
0.687413
0.684359
0.681024
0.677436
0.673618
0.669598
0.665406
0.661078
0.656651
0.652173
0.64769
0.643252
0.638903
0.634678
0.630601
0.626684
0.62293
0.619336
0.615891
0.612586
0.609417
0.606385
0.6035
0.600779
0.598248
0.595938
0.593881
0.592109
0.590652
0.58953
0.588754
0.588322
0.588219
0.588432
0.588931
0.589502
0.66401
0.662956
0.661475
0.659577
0.65735
0.65482
0.652008
0.648941
0.645649
0.642168
0.638541
0.634814
0.631037
0.62726
0.623526
0.619868
0.616311
0.612869
0.609547
0.606344
0.603258
0.600283
0.597418
0.59467
0.592049
0.589574
0.587271
0.585169
0.583298
0.581689
0.580368
0.579356
0.578662
0.578284
0.578209
0.578425
0.578903
0.579445
0.636106
0.636198
0.635843
0.635055
0.633894
0.63238
0.630536
0.628385
0.625959
0.623296
0.620441
0.617442
0.614349
0.611213
0.608074
0.604968
0.601917
0.598937
0.596036
0.593219
0.590486
0.587838
0.585276
0.58281
0.580454
0.578226
0.576151
0.574257
0.572572
0.571125
0.569941
0.569038
0.568426
0.568102
0.568055
0.568273
0.568731
0.569243
0.608658
0.609848
0.610573
0.610848
0.610705
0.610165
0.609246
0.607973
0.606378
0.604501
0.602389
0.600091
0.597658
0.59514
0.592578
0.590004
0.587443
0.584913
0.582424
0.579985
0.5776
0.575273
0.573012
0.570827
0.568734
0.566752
0.564905
0.563218
0.561719
0.560433
0.559385
0.558591
0.55806
0.55779
0.55777
0.55799
0.558426
0.55891
0.581723
0.583962
0.585716
0.587003
0.587832
0.588219
0.588182
0.587746
0.586944
0.585818
0.584418
0.582793
0.580995
0.579071
0.577064
0.575004
0.572917
0.570821
0.568733
0.566663
0.564619
0.562611
0.560647
0.558741
0.556909
0.555172
0.553551
0.55207
0.550755
0.54963
0.548716
0.54803
0.547579
0.547362
0.547368
0.547589
0.548004
0.548458
0.555354
0.558587
0.561318
0.563564
0.565314
0.566579
0.567378
0.567736
0.567688
0.567279
0.566558
0.565578
0.564387
0.563034
0.561558
0.559992
0.558361
0.556687
0.554987
0.553276
0.551567
0.549871
0.5482
0.54657
0.544998
0.543502
0.542105
0.540828
0.539695
0.538729
0.537949
0.537368
0.536996
0.53683
0.536862
0.537084
0.537477
0.537902
0.529596
0.533766
0.537418
0.540569
0.543186
0.545279
0.546866
0.547974
0.548641
0.548912
0.548838
0.548472
0.547861
0.547052
0.546085
0.544992
0.5438
0.542531
0.541207
0.539846
0.538464
0.537074
0.535692
0.534334
0.533017
0.531761
0.530584
0.529508
0.528555
0.527745
0.527096
0.52662
0.526324
0.526208
0.526264
0.526486
0.526859
0.527255
0.504492
0.509538
0.514052
0.518049
0.521479
0.524347
0.526674
0.528488
0.529829
0.530744
0.531284
0.5315
0.531441
0.531151
0.530669
0.530027
0.529254
0.528375
0.527414
0.526393
0.525329
0.524239
0.52314
0.52205
0.520985
0.519963
0.519004
0.518126
0.517349
0.516692
0.516171
0.515796
0.515576
0.515508
0.515587
0.515809
0.51616
0.516528
0.480067
0.485929
0.491247
0.496033
0.500219
0.50381
0.506827
0.509303
0.511276
0.512798
0.513918
0.514686
0.515149
0.515351
0.51533
0.515119
0.514746
0.514241
0.51363
0.512937
0.512183
0.511386
0.510564
0.509736
0.508918
0.508127
0.50738
0.506696
0.506091
0.505584
0.505187
0.504911
0.504763
0.504741
0.504843
0.505064
0.505395
0.505734
0.456329
0.462954
0.46902
0.474539
0.479426
0.483687
0.487347
0.490438
0.493005
0.495096
0.496762
0.49805
0.499007
0.499675
0.50009
0.500286
0.500296
0.500148
0.499873
0.499497
0.499043
0.498532
0.497981
0.497409
0.496833
0.496267
0.495728
0.495232
0.494795
0.494432
0.494156
0.493975
0.493897
0.49392
0.494042
0.494263
0.494573
0.494885
0.433297
0.440624
0.44738
0.453577
0.459113
0.463995
0.46825
0.471915
0.475035
0.477658
0.479835
0.481613
0.483034
0.484139
0.484966
0.485549
0.485921
0.486115
0.486162
0.486092
0.485929
0.485695
0.485408
0.485086
0.484745
0.484399
0.484062
0.483749
0.483474
0.483251
0.48309
0.483001
0.482989
0.483055
0.483197
0.483416
0.483706
0.483991
0.410987
0.418955
0.426342
0.433158
0.439289
0.444743
0.44955
0.453748
0.457381
0.460502
0.463156
0.465391
0.467247
0.468764
0.469978
0.470925
0.471641
0.47216
0.472516
0.47274
0.472859
0.472893
0.472862
0.472783
0.47267
0.472536
0.472395
0.472259
0.47214
0.472051
0.472001
0.471999
0.47205
0.472156
0.472318
0.472535
0.472806
0.473064
0.38941
0.397958
0.405917
0.413293
0.419966
0.425942
0.431256
0.435945
0.440058
0.443641
0.446741
0.449402
0.451664
0.453564
0.455141
0.456432
0.457472
0.4583
0.458952
0.459459
0.459848
0.460141
0.460358
0.460513
0.460621
0.460693
0.46074
0.460774
0.460805
0.460843
0.460899
0.46098
0.461091
0.461236
0.461414
0.46163
0.461881
0.462113
0.368572
0.377641
0.386112
0.393994
0.401154
0.407604
0.413379
0.418521
0.423074
0.427087
0.430601
0.433659
0.436298
0.438556
0.440471
0.442084
0.443431
0.444553
0.445486
0.446264
0.446913
0.447456
0.44791
0.448291
0.448612
0.448881
0.449109
0.449305
0.449479
0.449639
0.449795
0.449954
0.450122
0.450302
0.450496
0.45071
0.450941
0.451148
0.348477
0.358009
0.366935
0.375266
0.382863
0.389739
0.395933
0.401487
0.406445
0.410852
0.414748
0.418173
0.421161
0.423751
0.425983
0.427897
0.429534
0.430933
0.432134
0.43317
0.434068
0.43485
0.435533
0.436131
0.436655
0.437113
0.437513
0.437864
0.438172
0.438448
0.438698
0.438931
0.439151
0.439364
0.439573
0.439784
0.439997
0.440179
0.329126
0.339063
0.348389
0.357114
0.365099
0.372356
0.378928
0.384856
0.390183
0.39495
0.399195
0.402955
0.406265
0.409162
0.411688
0.413885
0.415793
0.417455
0.41891
0.420192
0.421327
0.422337
0.423238
0.424043
0.424761
0.425398
0.425962
0.426458
0.426895
0.427279
0.427618
0.427919
0.428188
0.428432
0.428654
0.428861
0.429055
0.429214
0.310516
0.320804
0.330475
0.339544
0.347868
0.355464
0.362374
0.368639
0.374299
0.379393
0.383955
0.38802
0.391622
0.394801
0.397599
0.400058
0.402221
0.404131
0.405827
0.407343
0.408703
0.40993
0.411038
0.412039
0.41294
0.413747
0.414464
0.415098
0.415654
0.416139
0.416561
0.416926
0.417241
0.417513
0.417746
0.417949
0.418126
0.418261
0.292647
0.30323
0.313194
0.322557
0.331176
0.339069
0.346279
0.352846
0.358804
0.364191
0.369038
0.373378
0.377245
0.38068
0.383726
0.386428
0.38883
0.390972
0.392895
0.394632
0.396206
0.397639
0.398942
0.400128
0.401201
0.402167
0.403029
0.403791
0.404458
0.405038
0.405536
0.40596
0.406317
0.406614
0.406858
0.407057
0.407215
0.407329
0.275514
0.28634
0.296546
0.306157
0.315028
0.323179
0.330653
0.337485
0.343708
0.349354
0.354454
0.359038
0.363143
0.366809
0.370083
0.373008
0.375629
0.377989
0.380125
0.382069
0.383846
0.385471
0.386959
0.388318
0.389553
0.390666
0.391662
0.392543
0.393314
0.393981
0.39455
0.395028
0.395424
0.395744
0.395997
0.39619
0.396331
0.396425
0.259111
0.27013
0.28053
0.290344
0.299427
0.307799
0.3155
0.322563
0.329017
0.33489
0.340211
0.345011
0.349326
0.353199
0.356677
0.359807
0.362631
0.365192
0.367527
0.369665
0.37163
0.373437
0.375096
0.376616
0.378001
0.379251
0.380371
0.381362
0.382228
0.382975
0.383609
0.384137
0.384567
0.384908
0.385168
0.385356
0.38548
0.385555
0.24343
0.254593
0.265143
0.27512
0.284377
0.292934
0.300828
0.308088
0.314738
0.320805
0.326315
0.331301
0.3358
0.339856
0.343519
0.346833
0.349844
0.35259
0.355109
0.357428
0.359567
0.361542
0.36336
0.365029
0.366551
0.367927
0.36916
0.370251
0.371205
0.372025
0.372718
0.373292
0.373754
0.374113
0.374379
0.374561
0.374669
0.374727
0.22846
0.239722
0.250383
0.260484
0.26988
0.278587
0.28664
0.294062
0.300874
0.307102
0.312771
0.317914
0.322571
0.326788
0.330614
0.334095
0.337274
0.340191
0.342879
0.345364
0.347665
0.349793
0.351757
0.353562
0.355209
0.3567
0.358036
0.359218
0.36025
0.361137
0.361884
0.362498
0.362989
0.363364
0.363634
0.36381
0.363903
0.363945
0.214189
0.225512
0.236245
0.246435
0.255936
0.26476
0.272937
0.280486
0.287427
0.293782
0.299579
0.304853
0.309643
0.313999
0.317968
0.321598
0.32493
0.328001
0.330843
0.33348
0.335927
0.338196
0.340293
0.34222
0.34398
0.345574
0.347002
0.348266
0.349368
0.350315
0.35111
0.351761
0.352276
0.352665
0.352939
0.35311
0.353187
0.353212
0.200605
0.211953
0.222724
0.23297
0.242543
0.25145
0.259716
0.267359
0.274394
0.280845
0.286741
0.292118
0.297019
0.301492
0.305586
0.309347
0.312815
0.316024
0.319006
0.32178
0.32436
0.326755
0.32897
0.331007
0.332868
0.334553
0.336063
0.337399
0.338565
0.339564
0.340401
0.341085
0.341622
0.342023
0.342299
0.342464
0.342527
0.342535
0.187695
0.199036
0.209815
0.220085
0.229697
0.238653
0.246974
0.254675
0.261772
0.268288
0.274256
0.279711
0.2847
0.28927
0.293471
0.297346
0.300933
0.304266
0.307372
0.310268
0.312966
0.315473
0.317793
0.319927
0.321877
0.323642
0.325223
0.326623
0.327843
0.328887
0.329762
0.330473
0.331029
0.33144
0.331718
0.331876
0.331926
0.331918
0.175445
0.186751
0.197509
0.207772
0.21739
0.226361
0.234703
0.242428
0.249554
0.256107
0.262118
0.267629
0.272685
0.277334
0.281623
0.285596
0.289288
0.292729
0.295944
0.298947
0.301748
0.304353
0.306764
0.308982
0.311008
0.312842
0.314485
0.315939
0.317206
0.318289
0.319196
0.31993
0.320501
0.32092
0.321199
0.321351
0.321389
0.321366
0.16384
0.175087
0.185795
0.19602
0.205611
0.214563
0.222891
0.230608
0.237733
0.244293
0.250324
0.255869
0.260972
0.265682
0.270045
0.2741
0.277881
0.281416
0.284723
0.287819
0.290708
0.293396
0.295884
0.298173
0.300264
0.302156
0.303851
0.30535
0.306656
0.307773
0.308705
0.309458
0.310042
0.310467
0.310746
0.310892
0.310918
0.310881
0.152868
0.16403
0.174661
0.184816
0.194347
0.203245
0.211526
0.219203
0.226297
0.23284
0.238869
0.244427
0.24956
0.254315
0.258736
0.262858
0.266714
0.270326
0.273712
0.276884
0.279847
0.282604
0.285156
0.287503
0.289646
0.291586
0.293323
0.294859
0.296196
0.297339
0.298292
0.299061
0.299654
0.300083
0.300362
0.300501
0.300516
0.300466
0.142513
0.153565
0.164089
0.174143
0.183579
0.19239
0.200591
0.208199
0.215237
0.221739
0.227745
0.233299
0.238446
0.243231
0.247695
0.25187
0.255786
0.25946
0.26291
0.266143
0.269165
0.271976
0.274578
0.276971
0.279155
0.281132
0.282901
0.284466
0.285827
0.286991
0.287959
0.28874
0.28934
0.289772
0.290048
0.290182
0.290187
0.290125
0.132758
0.143673
0.15406
0.16398
0.173289
0.18198
0.190071
0.197582
0.20454
0.210981
0.216947
0.222481
0.227627
0.232428
0.236921
0.241136
0.245096
0.248818
0.252316
0.255596
0.258661
0.261512
0.264151
0.266577
0.268791
0.270794
0.272587
0.274172
0.275552
0.276729
0.277709
0.278497
0.279102
0.279534
0.279809
0.279937
0.279932
0.279859
0.123584
0.134334
0.144552
0.154304
0.163454
0.171994
0.179948
0.187338
0.194195
0.200558
0.206468
0.211968
0.2171
0.221904
0.226413
0.230652
0.234643
0.238398
0.241929
0.24524
0.248334
0.251212
0.253874
0.256321
0.258554
0.260574
0.262381
0.263979
0.265369
0.266555
0.267541
0.268334
0.26894
0.269373
0.269644
0.269766
0.269753
0.26967
0.114969
0.125521
0.135539
0.145091
0.154049
0.162411
0.170203
0.177452
0.184192
0.190461
0.196302
0.201756
0.206862
0.211656
0.216167
0.220418
0.224424
0.228197
0.231745
0.235073
0.238182
0.241072
0.243746
0.246202
0.248443
0.250469
0.252283
0.253886
0.255281
0.25647
0.257459
0.258252
0.258858
0.259288
0.259556
0.259672
0.259651
0.259559
0.106885
0.117205
0.126989
0.13631
0.145049
0.153209
0.16082
0.167911
0.174519
0.180683
0.186444
0.191841
0.19691
0.201682
0.206182
0.210429
0.214436
0.218212
0.221763
0.225092
0.228202
0.231092
0.233763
0.236217
0.238456
0.24048
0.242292
0.243893
0.245286
0.246474
0.247461
0.248252
0.248855
0.249282
0.249545
0.249656
0.249628
0.249528
0.0992979
0.109353
0.118873
0.127935
0.13643
0.144368
0.15178
0.158701
0.165167
0.171217
0.176888
0.182219
0.187239
0.191976
0.196452
0.200682
0.204675
0.208438
0.211977
0.215294
0.21839
0.221266
0.223924
0.226365
0.228592
0.230605
0.232407
0.234
0.235385
0.236567
0.237548
0.238334
0.238933
0.239355
0.239613
0.239718
0.239683
0.239577
0.0921725
0.101929
0.111156
0.119935
0.128168
0.135868
0.143071
0.149813
0.156128
0.162055
0.16763
0.172883
0.177844
0.182535
0.186973
0.19117
0.195134
0.19887
0.202382
0.205673
0.208742
0.211593
0.214225
0.216643
0.218847
0.220841
0.222626
0.224204
0.225577
0.226748
0.22772
0.228498
0.22909
0.229506
0.229759
0.229858
0.229817
0.229705
0.0854694
0.0948972
0.103809
0.112286
0.120242
0.127694
0.13468
0.141235
0.147394
0.153192
0.158661
0.16383
0.16872
0.173352
0.177738
0.181889
0.185809
0.189503
0.192974
0.196224
0.199254
0.202066
0.204663
0.207047
0.20922
0.211187
0.212948
0.214505
0.215861
0.217016
0.217976
0.218744
0.219327
0.219737
0.219983
0.220077
0.220031
0.219913
0.0791494
0.0882244
0.096801
0.104964
0.112634
0.119831
0.126595
0.13296
0.138958
0.144622
0.149978
0.155051
0.15986
0.16442
0.168741
0.17283
0.176692
0.18033
0.183746
0.186942
0.189921
0.192683
0.195233
0.197574
0.199709
0.20164
0.203371
0.204902
0.206234
0.207371
0.208315
0.209071
0.209644
0.210045
0.210285
0.210373
0.210322
0.210201
0.0731747
0.0818791
0.0901089
0.0979498
0.105329
0.112269
0.118809
0.124981
0.130814
0.136337
0.141573
0.146541
0.151256
0.155731
0.159973
0.163987
0.167776
0.171344
0.174691
0.177821
0.180736
0.183438
0.185932
0.188221
0.190309
0.192199
0.193893
0.195392
0.196698
0.197812
0.198737
0.199478
0.200039
0.200431
0.200664
0.200747
0.200692
0.200568
0.0675113
0.075835
0.0837122
0.0912283
0.0983164
0.104999
0.111314
0.117291
0.122956
0.128332
0.133438
0.138291
0.1429
0.147276
0.151425
0.155349
0.159052
0.162535
0.165802
0.168854
0.171694
0.174326
0.176755
0.178984
0.181018
0.18286
0.184512
0.185974
0.187248
0.188336
0.18924
0.189964
0.190512
0.190893
0.191119
0.191196
0.191138
0.191012
0.0621308
0.0700711
0.0775954
0.0847884
0.0915875
0.0980145
0.104105
0.109884
0.115375
0.120598
0.125566
0.130291
0.134782
0.139046
0.143087
0.146908
0.15051
0.153897
0.15707
0.160032
0.162788
0.165341
0.167697
0.169859
0.171833
0.173621
0.175225
0.176646
0.177885
0.178943
0.179823
0.180527
0.18106
0.181431
0.181648
0.18172
0.181659
0.181531
0.0570122
0.0645727
0.0717482
0.0786224
0.085136
0.0913094
0.0971745
0.102754
0.108066
0.113126
0.117945
0.122531
0.126891
0.131029
0.134948
0.138652
0.142141
0.145419
0.148487
0.15135
0.154012
0.156478
0.158753
0.160842
0.162749
0.164478
0.166029
0.167404
0.168604
0.169629
0.170482
0.171165
0.171682
0.172041
0.172249
0.172316
0.172253
0.172125
0.0521425
0.0593311
0.0661645
0.0727253
0.0789574
0.0848786
0.0905174
0.0958924
0.101018
0.105907
0.110565
0.114999
0.119214
0.123212
0.126998
0.130571
0.133935
0.137092
0.140045
0.1428
0.14536
0.147731
0.149919
0.151928
0.153763
0.155427
0.156921
0.158246
0.159403
0.160393
0.161217
0.161877
0.162376
0.162721
0.162921
0.162983
0.162918
0.16279
0.0475152
0.054342
0.0608411
0.067094
0.0730475
0.0787167
0.0841262
0.0892911
0.0942224
0.0989281
0.103414
0.107683
0.111739
0.115585
0.119222
0.122654
0.12588
0.128906
0.131735
0.134373
0.136824
0.139094
0.141189
0.143113
0.144871
0.146465
0.147897
0.149169
0.15028
0.151232
0.152024
0.152659
0.153139
0.15347
0.153661
0.153718
0.153652
0.153525
0.0431281
0.0496039
0.0557761
0.0617254
0.0674017
0.0728171
0.0779924
0.0829394
0.0876659
0.0921775
0.0964777
0.100569
0.104453
0.108133
0.111611
0.114888
0.117968
0.120853
0.12355
0.126063
0.128398
0.130561
0.132557
0.134391
0.136067
0.137588
0.138955
0.14017
0.141233
0.142143
0.142902
0.14351
0.14397
0.144286
0.144467
0.144519
0.144453
0.144327
0.0389821
0.0451166
0.0509676
0.0566156
0.0620137
0.0671712
0.0721054
0.076825
0.0813354
0.0856402
0.0897417
0.0936416
0.0973415
0.100844
0.10415
0.107263
0.110186
0.112923
0.115479
0.117861
0.120075
0.122125
0.124018
0.125758
0.127348
0.128792
0.130091
0.131246
0.132257
0.133125
0.133848
0.134427
0.134865
0.135166
0.135337
0.135384
0.135318
0.135195
0.0350803
0.0408803
0.0464131
0.0517591
0.0568753
0.0617683
0.0664523
0.0709334
0.0752153
0.0793003
0.0831901
0.0868858
0.0903891
0.093702
0.0968267
0.099766
0.102524
0.105105
0.107515
0.10976
0.111847
0.113781
0.115566
0.117207
0.118708
0.120072
0.121299
0.122392
0.123349
0.124172
0.124858
0.125407
0.125822
0.126107
0.126267
0.12631
0.126244
0.126124
0.0314257
0.0368939
0.0421078
0.0471481
0.0519758
0.0565952
0.0610179
0.0652483
0.0692887
0.073141
0.0768063
0.0802859
0.0835813
0.0866946
0.0896283
0.0923858
0.0949712
0.09739
0.0996483
0.101752
0.103708
0.10552
0.107194
0.108733
0.110142
0.111423
0.112576
0.113604
0.114506
0.115281
0.115928
0.116446
0.116838
0.117105
0.117256
0.117294
0.11723
0.117113
0.0280193
0.0331534
0.0380441
0.0427716
0.0473015
0.0516361
0.0557851
0.0597517
0.0635377
0.0671446
0.0705736
0.0738259
0.0769032
0.0798077
0.0825425
0.085111
0.0875182
0.0897695
0.0918712
0.0938294
0.0956496
0.097337
0.0988962
0.100331
0.101645
0.10284
0.103918
0.104879
0.105723
0.106449
0.107055
0.107542
0.107909
0.10816
0.1083
0.108334
0.10827
0.108158
0.0248588
0.0296519
0.0342109
0.0386155
0.0428357
0.0468728
0.0507349
0.0544247
0.0579437
0.0612934
0.0644751
0.0674901
0.0703404
0.0730283
0.0755573
0.0779312
0.080155
0.0822346
0.0841758
0.0859846
0.0876663
0.0892259
0.0906677
0.0919954
0.093212
0.0943197
0.0953198
0.0962125
0.0969971
0.0976725
0.0982373
0.0986906
0.0990328
0.0992664
0.0993961
0.099426
0.0993641
0.099256
0.0219373
0.0263777
0.0305933
0.0346623
0.0385595
0.0422854
0.0458472
0.0492475
0.0524877
0.0555694
0.058494
0.061263
0.0638786
0.0663434
0.068661
0.0708356
0.0728722
0.0747765
0.0765542
0.0782107
0.0797514
0.0811807
0.0825028
0.0837214
0.084839
0.0858575
0.086778
0.0876005
0.0883242
0.0889479
0.0894701
0.0898897
0.0902066
0.0904227
0.0905419
0.0905677
0.0905075
0.0904041
0.0192432
0.0233153
0.0271729
0.0308918
0.0344516
0.0378524
0.0411011
0.0442
0.0471507
0.0499548
0.0526138
0.0551294
0.0575039
0.0597403
0.0618422
0.0638139
0.0656603
0.0673867
0.0689983
0.0705003
0.0718977
0.0731948
0.0743956
0.0755033
0.0765202
0.077448
0.0782873
0.0790381
0.0796997
0.0802707
0.0807495
0.081135
0.0814264
0.081625
0.0817339
0.0817559
0.0816974
0.0815989
0.01676
0.020445
0.023928
0.0272816
0.0304895
0.033552
0.0364755
0.0392624
0.0419142
0.0444325
0.0468187
0.0490748
0.0512032
0.0532071
0.0550901
0.0568562
0.0585101
0.0600565
0.0615002
0.0628461
0.0640986
0.0652621
0.0663401
0.0673354
0.0682502
0.0690858
0.0698426
0.0705205
0.0711188
0.0716363
0.0720714
0.0724224
0.0726884
0.0728698
0.0729689
0.0729874
0.0729308
0.0728372
0.0144666
0.0177439
0.0208347
0.0238078
0.0266501
0.0293622
0.03195
0.0344157
0.0367606
0.0389862
0.0410939
0.0430857
0.0449644
0.0467329
0.0483947
0.0499535
0.0514132
0.0527782
0.0540528
0.0552412
0.0563479
0.0573766
0.0583306
0.0592125
0.0600239
0.0607659
0.0614389
0.0620428
0.0625771
0.0630406
0.0634316
0.0637484
0.0639894
0.0641542
0.0642442
0.0642597
0.0642049
0.0641163
0.0123387
0.0151864
0.017868
0.0204463
0.0229108
0.025262
0.0275051
0.029642
0.0316736
0.0336012
0.0354261
0.0371504
0.0387768
0.040308
0.0417471
0.0430972
0.0443619
0.0455445
0.046649
0.0476793
0.0486393
0.0495325
0.0503617
0.0511291
0.0518361
0.0524834
0.0530716
0.0536007
0.0540704
0.0544796
0.0548267
0.0551095
0.0553262
0.0554755
0.0555574
0.0555707
0.0555178
0.0554339
0.0103492
0.0127462
0.0150027
0.017174
0.0192504
0.0212321
0.0231235
0.0249256
0.0266391
0.0282648
0.029804
0.0312587
0.0326313
0.033924
0.0351396
0.0362804
0.0373491
0.0383489
0.0392829
0.0401546
0.0409675
0.0417246
0.0424284
0.0430804
0.043682
0.0442339
0.0447365
0.0451903
0.045595
0.0459498
0.0462531
0.0465026
0.0466961
0.0468314
0.0469067
0.0469189
0.0468679
0.0467887
0.00846931
0.0103971
0.0122155
0.0139703
0.0156509
0.0172569
0.0187914
0.0202546
0.0216468
0.0229684
0.0242204
0.0254045
0.0265224
0.0275762
0.0285677
0.0294987
0.0303713
0.0311879
0.0319512
0.0326642
0.0333298
0.0339504
0.034528
0.0350641
0.0355595
0.0360152
0.0364318
0.0368097
0.0371492
0.0374495
0.0377092
0.0379262
0.0380977
0.0382205
0.038291
0.0383036
0.0382547
0.0381798
0.0066671
0.00811084
0.00948131
0.0108126
0.0120919
0.0133178
0.0144918
0.0156136
0.0166826
0.0176987
0.0186627
0.0195756
0.0204387
0.0212532
0.0220203
0.0227412
0.0234173
0.0240506
0.024643
0.0251971
0.0257151
0.0261988
0.0266499
0.0270694
0.0274582
0.0278172
0.0281474
0.0284495
0.0287238
0.0289701
0.0291872
0.0293733
0.0295251
0.0296384
0.0297079
0.0297244
0.0296788
0.0296079
0.00488484
0.00582501
0.00673618
0.00763572
0.00850771
0.0093489
0.0101592
0.0109373
0.0116817
0.0123917
0.0130675
0.0137093
0.0143177
0.014893
0.0154359
0.0159468
0.0164269
0.0168772
0.0172992
0.0176948
0.0180654
0.0184126
0.0187373
0.0190406
0.0193235
0.0195869
0.0198321
0.0200603
0.0202721
0.0204681
0.0206475
0.020809
0.020949
0.0210625
0.0211423
0.0211747
0.02114
0.0210748
0.00308311
0.00351466
0.0039507
0.00440864
0.00486616
0.00531785
0.00576148
0.00619418
0.00661358
0.00701805
0.00740659
0.00777858
0.0081336
0.00847139
0.00879177
0.00909478
0.00938073
0.00965022
0.00990407
0.0101432
0.0103687
0.0105814
0.0107822
0.0109718
0.0111515
0.0113223
0.0114857
0.0116432
0.0117961
0.0119452
0.0120906
0.012231
0.0123633
0.0124821
0.0125798
0.0126402
0.0126319
0.0125848
0.00110512
0.00114042
0.00119984
0.00129027
0.00139585
0.001511
0.00163263
0.00175784
0.00188427
0.00201022
0.00213441
0.00225593
0.00237405
0.00248821
0.002598
0.00270318
0.00280365
0.00289948
0.00299089
0.00307816
0.00316163
0.00324166
0.00331864
0.00339299
0.00346516
0.00353568
0.00360504
0.00367369
0.00374185
0.00380956
0.00387644
0.00394161
0.00400354
0.00406024
0.00410935
0.0041445
0.00414656
0.00412435
)
;

boundaryField
{
    leftWall
    {
        type            fixedFluxPressure;
        gradient        uniform 0;
        value           nonuniform List<scalar> 
100
(
1610.41
1609.71
1609.07
1608.4
1607.71
1607.06
1606.51
1606.12
1605.95
1606.03
1606.43
1607.17
1608.29
1609.81
1611.74
1614.08
1618.35
1625.5
1634.04
1643.98
1655.33
1668.14
1682.44
1698.26
1715.62
1734.54
1755
1776.99
1800.48
1825.45
1851.86
1879.66
1908.79
1939.21
1970.85
2003.64
2037.52
2072.43
2108.28
2145
2182.51
2220.72
2259.44
2298.61
2337.79
2374.71
2405.08
2353.3
1046.27
-1.37555
-1.23804
-1.20078
-1.16539
-1.12996
-1.09333
-1.05488
-1.01422
-0.972121
-0.929629
-0.887613
-0.846626
-0.806966
-0.768794
-0.732249
-0.697379
-0.664117
-0.632416
-0.602276
-0.573651
-0.546419
-0.520472
-0.495771
-0.4723
-0.449993
-0.428715
-0.408327
-0.388747
-0.36994
-0.351873
-0.33447
-0.317622
-0.301232
-0.285249
-0.26967
-0.2545
-0.239706
-0.225188
-0.210794
-0.196366
-0.18179
-0.167032
-0.152137
-0.137255
-0.122571
-0.108055
-0.0934998
-0.0796876
-0.0684633
-0.0561803
-0.0248991
)
;
    }
    rightWall
    {
        type            fixedFluxPressure;
        gradient        uniform 0;
        value           nonuniform List<scalar> 
100
(
0.757476
0.75754
0.757592
0.75762
0.757608
0.757538
0.757399
0.757183
0.756885
0.756502
0.756032
0.755476
0.754833
0.754103
0.753285
0.752373
0.750787
0.74822
0.745254
0.741886
0.738109
0.733919
0.729318
0.724312
0.718912
0.713128
0.706972
0.700458
0.6936
0.68641
0.678903
0.671093
0.662994
0.654619
0.645983
0.637102
0.627987
0.618656
0.609122
0.599399
0.589502
0.579445
0.569243
0.55891
0.548458
0.537902
0.527255
0.516528
0.505734
0.494885
0.483991
0.473064
0.462113
0.451148
0.440179
0.429214
0.418261
0.407329
0.396425
0.385555
0.374727
0.363945
0.353212
0.342535
0.331918
0.321366
0.310881
0.300466
0.290125
0.279859
0.26967
0.259559
0.249528
0.239577
0.229705
0.219913
0.210201
0.200568
0.191012
0.181531
0.172125
0.16279
0.153525
0.144327
0.135195
0.126124
0.117113
0.108158
0.099256
0.0904041
0.0815989
0.0728372
0.0641163
0.0554339
0.0467887
0.0381798
0.0296079
0.0210748
0.0125848
0.00412435
)
;
    }
    lowerWall
    {
        type            fixedFluxPressure;
        gradient        uniform 0;
        value           nonuniform List<scalar> 
124
(
1610.41
1613.56
1614.7
1613.18
1608.34
1600.07
1588.46
1573.63
1555.64
1534.53
1510.31
1482.95
1452.38
1418.5
1381.14
1340.06
1294.96
1245.39
1190.75
1130.22
1062.73
986.895
901.139
804.051
695.321
577.325
457.358
350.021
261.304
192.986
139.051
96.3725
66.7432
41.4685
13.1107
4.09901
2.91897
2.62075
2.49961
2.44115
2.40995
2.39058
2.38098
2.37889
2.38198
2.39069
2.39069
2.39079
2.38681
2.37841
2.36526
2.34708
2.32382
2.29554
2.26214
2.22324
2.178
2.12488
2.06096
1.9813
1.87579
1.73349
0.900306
0.911981
0.999855
1.0388
1.05226
1.06308
1.06816
1.05932
0.994809
0.994413
0.993861
0.993142
0.99225
0.991147
0.989759
0.987962
0.985566
0.982289
0.977965
0.973028
0.967979
0.960526
0.944148
0.930524
0.994809
0.998245
0.999463
0.998087
0.993816
0.98697
0.978165
0.967938
0.956824
0.94517
0.933238
0.921233
0.909251
0.897441
0.885939
0.874791
0.864025
0.853654
0.843698
0.83417
0.825071
0.816438
0.808279
0.800632
0.793532
0.787004
0.781077
0.775768
0.771084
0.767053
0.763661
0.760936
0.758866
0.757457
0.756693
0.756531
0.756828
0.757476
)
;
    }
    atmosphere
    {
        type            totalPressure;
        rho             rho;
        psi             none;
        gamma           1;
        p0              uniform 0;
        value           nonuniform List<scalar> 
92
(
-0.0102846
-0.0232329
-0.0188821
-0.0162482
-0.0144682
-0.0131096
-0.0120112
-0.0110894
-0.010294
-0.00959153
-0.00895797
-0.00837524
-0.00782973
-0.00731144
-0.00681333
-0.00633084
-0.00586136
-0.0054038
-0.00495813
-0.00452508
-0.0041058
-0.00370171
-0.00331429
-0.002945
-0.00259519
-0.00226607
-0.00195864
-0.00167369
-0.00141179
-0.00117329
-0.000958315
-0.000766769
-0.000598352
-0.000452584
-0.000328828
-0.000226311
-0.000144165
-8.15044e-05
-3.74967e-05
-1.12988e-05
-1.02304e-06
0
0
0
0
0
0
0
0
0
0
0
0
0
0
0
0
0
0
0
0
0
0
0
0
0
0
0
0
0
0
0
0
0
0
0
0
0
0
0
0
0
0
0
0
0
0
0
0
0
0
0
)
;
    }
    defaultFaces
    {
        type            empty;
    }
}


// ************************************************************************* //
