/*--------------------------------*- C++ -*----------------------------------*\
  =========                 |
  \\      /  F ield         | OpenFOAM: The Open Source CFD Toolbox
   \\    /   O peration     | Website:  https://openfoam.org
    \\  /    A nd           | Version:  7
     \\/     M anipulation  |
\*---------------------------------------------------------------------------*/
FoamFile
{
    version     2.0;
    format      ascii;
    class       volScalarField;
    location    "0.3";
    object      epsilon;
}
// * * * * * * * * * * * * * * * * * * * * * * * * * * * * * * * * * * * * * //

dimensions      [0 2 -3 0 0 0 0];

internalField   nonuniform List<scalar> 
9072
(
0.0321496
0.116597
0.228424
0.333436
0.431406
0.5188
0.600034
0.677809
0.754435
0.831822
0.911479
0.994547
1.08184
1.17388
1.27092
1.37291
1.47956
1.59026
1.7041
1.81987
1.93605
2.05082
2.16208
2.26753
2.36466
2.45092
2.52374
2.58067
2.61949
2.63823
2.63514
2.60768
2.56079
2.49773
2.41414
2.30854
2.1806
2.03081
1.86154
1.6794
1.49479
1.32481
1.22172
1.03554
0.907903
0.773677
0.0408935
0.0749855
0.121549
0.163989
0.200317
0.232301
0.261458
0.288969
0.315771
0.342584
0.369954
0.398284
0.427866
0.458898
0.491489
0.525663
0.561359
0.598422
0.636606
0.675568
0.714872
0.75399
0.792318
0.829186
0.863886
0.895697
0.923926
0.947943
0.96723
0.981426
0.990385
0.994281
0.997691
1.00287
1.01011
1.02119
1.03939
1.06935
1.11666
1.18621
1.27357
1.33495
1.29454
1.00466
0.713093
0.81965
0.0532401
0.0762872
0.109968
0.139617
0.16466
0.18616
0.205245
0.222876
0.239805
0.256586
0.273617
0.291184
0.309484
0.328648
0.348748
0.369802
0.391774
0.414575
0.438058
0.462022
0.486208
0.51031
0.533973
0.556814
0.578431
0.59843
0.616445
0.632175
0.645418
0.656116
0.664414
0.67082
0.677319
0.68605
0.698661
0.717718
0.747111
0.792508
0.861987
0.966201
1.11266
1.27183
1.337
1.18111
0.892805
1.20421
0.067863
0.0844407
0.111507
0.13544
0.155562
0.172591
0.187455
0.200989
0.213856
0.22654
0.239385
0.252626
0.266425
0.28088
0.296044
0.311925
0.32849
0.345666
0.363335
0.381341
0.399484
0.417532
0.435219
0.452262
0.468369
0.483265
0.496706
0.508518
0.518623
0.527086
0.534178
0.540503
0.547456
0.556913
0.570817
0.591885
0.623906
0.672088
0.743558
0.84781
0.993812
1.16658
1.2813
1.24357
1.12063
1.6789
0.0842551
0.0952491
0.117636
0.137592
0.154427
0.168638
0.180976
0.192155
0.202748
0.213184
0.22376
0.234682
0.246082
0.258041
0.270596
0.283747
0.297457
0.311657
0.326242
0.341073
0.355978
0.370759
0.385193
0.399044
0.41208
0.424081
0.434873
0.444346
0.452493
0.459453
0.465569
0.4715
0.47847
0.488222
0.502784
0.524882
0.558127
0.607163
0.677841
0.777313
0.912305
1.07533
1.2134
1.2727
1.3258
2.24301
0.100095
0.106904
0.125577
0.142271
0.156457
0.168511
0.17903
0.188604
0.197716
0.206729
0.2159
0.225401
0.235343
0.245789
0.256765
0.26826
0.280235
0.292621
0.305317
0.318193
0.331094
0.343838
0.356229
0.368061
0.379132
0.389263
0.398318
0.406234
0.413051
0.418959
0.424355
0.429936
0.436872
0.446848
0.461914
0.484769
0.51886
0.568386
0.638222
0.733667
0.859258
1.01155
1.1637
1.30122
1.51805
2.8227
0.114783
0.118125
0.133816
0.147769
0.159715
0.169993
0.179088
0.187473
0.195542
0.203593
0.211837
0.220413
0.229412
0.238881
0.248832
0.25925
0.270091
0.281282
0.292726
0.304299
0.315854
0.327222
0.338223
0.34867
0.358384
0.367213
0.375051
0.381867
0.387737
0.392893
0.397772
0.403106
0.410051
0.420263
0.435799
0.459325
0.49416
0.544206
0.613715
0.70687
0.826971
0.973484
1.13846
1.33936
1.70241
3.42041
0.128155
0.128157
0.141414
0.153101
0.163177
0.171993
0.179953
0.187437
0.194756
0.202144
0.209766
0.217733
0.226112
0.234935
0.244205
0.253898
0.263967
0.274339
0.284916
0.295578
0.306185
0.316576
0.326583
0.336034
0.344767
0.352649
0.359599
0.36561
0.37079
0.375403
0.379922
0.385108
0.392118
0.4026
0.418606
0.442778
0.478353
0.529064
0.598859
0.691441
0.80981
0.956052
1.13553
1.38992
1.88407
4.10964
0.139582
0.136661
0.147844
0.157681
0.166244
0.173893
0.180976
0.187794
0.194587
0.201531
0.208751
0.216329
0.224309
0.232712
0.24153
0.250734
0.260272
0.27007
0.280032
0.29004
0.299958
0.309635
0.318909
0.327621
0.335624
0.3428
0.349085
0.354498
0.35917
0.363393
0.367671
0.372792
0.379919
0.390699
0.407182
0.431992
0.468331
0.519878
0.590527
0.683998
0.803728
0.954408
1.15095
1.45288
2.06249
4.75476
0.149293
0.143603
0.152885
0.161199
0.168576
0.175341
0.181785
0.188145
0.1946
0.201278
0.208265
0.215617
0.223363
0.231507
0.240037
0.248916
0.258091
0.267486
0.277006
0.286538
0.295948
0.305091
0.313815
0.32197
0.329419
0.33606
0.341844
0.346808
0.351105
0.355053
0.359182
0.364304
0.371592
0.382686
0.399644
0.425086
0.462211
0.514738
0.586704
0.682217
0.805696
0.964547
1.18094
1.52784
2.2438
5.41773
0.157502
0.149089
0.156515
0.163546
0.170013
0.176148
0.182174
0.188264
0.194545
0.201102
0.207993
0.215249
0.222884
0.230892
0.239253
0.247928
0.25686
0.265975
0.275179
0.28436
0.293391
0.302132
0.310439
0.318168
0.325195
0.331428
0.336833
0.341462
0.345488
0.349248
0.353298
0.358468
0.365946
0.377362
0.394784
0.420838
0.458751
0.512349
0.585956
0.684339
0.813299
0.983149
1.22219
1.61436
2.43591
6.13304
0.1644
0.153286
0.158832
0.164744
0.170525
0.176249
0.182048
0.188032
0.19428
0.200842
0.207747
0.215009
0.222629
0.230593
0.238875
0.247434
0.256213
0.265137
0.274115
0.283039
0.291786
0.300222
0.308208
0.315612
0.322316
0.328239
0.33336
0.337743
0.341578
0.34522
0.349245
0.3545
0.362182
0.373918
0.391782
0.418411
0.457082
0.51177
0.587185
0.688927
0.824467
1.00729
1.27157
1.71185
2.64837
6.9315
0.170237
0.156382
0.159996
0.164903
0.17017
0.175658
0.181389
0.187405
0.193738
0.200405
0.207414
0.214763
0.222442
0.230431
0.238701
0.247209
0.255899
0.264697
0.273516
0.28225
0.290783
0.298985
0.306727
0.31388
0.320339
0.32603
0.330942
0.335151
0.33886
0.342441
0.346483
0.35185
0.359744
0.371787
0.390058
0.417206
0.456566
0.512287
0.589503
0.694742
0.837317
1.03415
1.32572
1.81902
2.8935
7.85456
0.175289
0.158573
0.160193
0.164177
0.169057
0.174445
0.180232
0.186388
0.192898
0.19975
0.206932
0.214427
0.22222
0.230285
0.238591
0.247094
0.25574
0.264459
0.273165
0.281759
0.290129
0.298152
0.305704
0.312666
0.31894
0.324461
0.329227
0.333322
0.336962
0.340528
0.344623
0.35012
0.358227
0.370558
0.389191
0.416786
0.456732
0.513345
0.592183
0.700702
0.850085
1.06083
1.38041
1.93257
3.18462
8.95938
0.179844
0.160042
0.159612
0.162737
0.167326
0.17271
0.178643
0.185017
0.191772
0.198866
0.206268
0.213953
0.221897
0.230071
0.238444
0.246973
0.255607
0.264276
0.272902
0.28139
0.289632
0.297514
0.304919
0.311737
0.317875
0.323278
0.327949
0.331983
0.3356
0.339193
0.343373
0.349018
0.357338
0.369934
0.38888
0.416835
0.457229
0.514524
0.594648
0.705887
0.861132
1.08429
1.42996
2.04389
3.51593
10.3175
0.184192
0.160948
0.158427
0.160756
0.165126
0.170572
0.17671
0.183352
0.190394
0.197764
0.205417
0.213315
0.22143
0.229733
0.23819
0.246763
0.2554
0.264039
0.272604
0.281006
0.289146
0.296915
0.304204
0.310912
0.316953
0.32228
0.326903
0.330921
0.33456
0.338219
0.342512
0.348322
0.356853
0.369694
0.3889
0.417122
0.457809
0.515522
0.596466
0.709568
0.869046
1.10146
1.46708
2.13379
3.8211
12.1122
0.064906
0.163978
0.231884
0.279346
0.313813
0.33955
0.358993
0.373414
0.382636
0.38745
0.388616
0.386805
0.382663
0.376798
0.369776
0.362079
0.354048
0.346316
0.339119
0.332428
0.326245
0.320519
0.315147
0.309989
0.304899
0.299839
0.294383
0.288141
0.280727
0.271687
0.260474
0.246418
0.228685
0.206212
0.177594
0.14089
0.0942725
0.0434144
0.0814666
0.122001
0.159197
0.182168
0.196849
0.206807
0.213788
0.218659
0.221062
0.221371
0.220021
0.217418
0.213934
0.209901
0.205605
0.201267
0.197032
0.193153
0.189722
0.186663
0.183934
0.181478
0.179221
0.177075
0.174961
0.172857
0.170494
0.167652
0.164104
0.159582
0.153761
0.146239
0.136523
0.124008
0.107954
0.0873791
0.0596889
0.0169484
0.120819
0.119458
0.143577
0.158393
0.166831
0.171802
0.174747
0.176237
0.176094
0.174603
0.172106
0.168921
0.165331
0.161576
0.15785
0.154294
0.150995
0.148075
0.145597
0.143476
0.141659
0.14009
0.138701
0.13742
0.136184
0.134946
0.133535
0.131791
0.129547
0.126603
0.122718
0.117591
0.110861
0.102098
0.0908207
0.0764674
0.0571659
0.0185237
0.160544
0.126703
0.143101
0.15401
0.159404
0.161696
0.162237
0.161535
0.159563
0.156612
0.153007
0.149038
0.144951
0.140937
0.137143
0.133665
0.130557
0.127878
0.125671
0.123846
0.122342
0.121096
0.120043
0.119117
0.118256
0.117402
0.116433
0.115219
0.113627
0.111494
0.108625
0.10478
0.0996784
0.0930024
0.0844498
0.0738618
0.0616933
0.0784458
0.201463
0.139336
0.150394
0.158907
0.162246
0.162467
0.160954
0.15825
0.154473
0.149972
0.145091
0.140116
0.135269
0.130709
0.126545
0.122837
0.119611
0.116888
0.114688
0.112914
0.111492
0.110358
0.109442
0.108678
0.108003
0.107356
0.106638
0.10574
0.104548
0.102925
0.10071
0.0977078
0.0936947
0.0884423
0.0817915
0.0739054
0.0665698
0.0836434
0.245418
0.15671
0.163729
0.170424
0.171915
0.170073
0.166397
0.161512
0.155697
0.149393
0.142986
0.136765
0.130931
0.125611
0.120877
0.116754
0.113237
0.110314
0.107984
0.106133
0.10468
0.103551
0.102673
0.101977
0.101397
0.10087
0.100309
0.0996214
0.0987058
0.0974458
0.0957047
0.0933224
0.0901256
0.0859579
0.0807774
0.0749888
0.0711426
0.0967531
0.294939
0.179436
0.183075
0.188031
0.187447
0.183207
0.176998
0.169537
0.161297
0.152835
0.14459
0.136855
0.129808
0.123538
0.11807
0.11339
0.109456
0.106232
0.10368
0.101674
0.100119
0.0989306
0.0980311
0.0973466
0.0968083
0.0963504
0.0958945
0.0953561
0.0946457
0.0936622
0.09229
0.0903988
0.087857
0.0845696
0.0805921
0.0765179
0.0754664
0.109342
0.353518
0.208984
0.209235
0.212077
0.208824
0.201583
0.192265
0.181666
0.170487
0.159424
0.148971
0.139422
0.13092
0.123504
0.117147
0.111786
0.107333
0.103725
0.100883
0.0986626
0.0969537
0.0956617
0.0947001
0.0939895
0.0934572
0.0930349
0.0926487
0.0922204
0.0916692
0.0909069
0.0898357
0.0883511
0.0863575
0.0838122
0.080853
0.0782287
0.0795523
0.121061
0.426185
0.247766
0.2436
0.243375
0.236469
0.225371
0.212183
0.197736
0.182992
0.168799
0.155705
0.143998
0.133774
0.125007
0.117604
0.111438
0.106371
0.102307
0.0991164
0.0966319
0.0947278
0.0932963
0.0922413
0.0914765
0.090924
0.0905127
0.0901709
0.0898247
0.0894006
0.0888206
0.0880029
0.0868648
0.0853423
0.083438
0.0813595
0.0799902
0.0833986
0.131976
0.520407
0.29945
0.288064
0.282981
0.270997
0.254947
0.236967
0.217832
0.198793
0.180856
0.164626
0.150371
0.138126
0.127782
0.119163
0.112067
0.10629
0.101701
0.0981051
0.0953119
0.0931758
0.0915741
0.0903995
0.0895573
0.0889636
0.0885439
0.0882268
0.0879417
0.0876203
0.0871938
0.0865935
0.0857566
0.0846462
0.0833043
0.081999
0.081734
0.0870085
0.142177
0.647413
0.369469
0.344954
0.332004
0.31304
0.290757
0.266931
0.242168
0.218016
0.195643
0.175712
0.158468
0.143864
0.131693
0.121672
0.11351
0.106928
0.101741
0.0976835
0.0945377
0.0921347
0.0903345
0.0890167
0.0880768
0.0874241
0.0869796
0.0866712
0.08643
0.086192
0.0858961
0.0854851
0.0849132
0.0841675
0.0833243
0.0827049
0.0834238
0.0903914
0.15175
0.823987
0.465663
0.41692
0.391388
0.3631
0.333216
0.302413
0.271024
0.240876
0.213304
0.189041
0.168306
0.150963
0.136681
0.125054
0.115676
0.108187
0.102325
0.0977476
0.0942043
0.0914997
0.0894736
0.0879903
0.0869342
0.0862065
0.0857229
0.0854093
0.0851975
0.0850271
0.0848429
0.0845979
0.0842612
0.0838408
0.0834431
0.0834374
0.0850415
0.0935616
0.160769
1.07434
0.598625
0.50678
0.461755
0.421471
0.382691
0.343748
0.304727
0.267654
0.234052
0.204755
0.179967
0.159454
0.142743
0.129278
0.118517
0.110018
0.103392
0.0982316
0.0942436
0.0912016
0.0889218
0.0872512
0.0860612
0.0852436
0.0847078
0.0843767
0.084182
0.0840653
0.0839769
0.0838782
0.0837513
0.0836226
0.0836253
0.0841723
0.0865794
0.0965356
0.169299
1.43131
0.780534
0.617396
0.54348
0.488362
0.439607
0.391319
0.343665
0.298697
0.258169
0.22306
0.193587
0.169415
0.149913
0.13435
0.122023
0.112393
0.104908
0.0990943
0.0946106
0.0911934
0.0886315
0.0867516
0.0854101
0.0844884
0.0838882
0.0835284
0.0833395
0.0832645
0.0832579
0.0832885
0.0833493
0.0834834
0.0838476
0.0848952
0.0880363
0.0993316
0.177402
1.94573
1.01928
0.751791
0.637499
0.564416
0.5043
0.445724
0.388375
0.334455
0.286011
0.244222
0.20935
0.180965
0.158259
0.140301
0.126211
0.115305
0.106854
0.100311
0.0952762
0.0914432
0.088569
0.086457
0.0849467
0.0839069
0.0832307
0.0828316
0.0826382
0.0825942
0.0826571
0.0828018
0.0830312
0.0834025
0.0840942
0.0855977
0.0894148
0.10197
0.185138
2.86095
1.32366
0.914407
0.747646
0.652004
0.578479
0.508142
0.4397
0.375549
0.318042
0.268582
0.227494
0.19426
0.167877
0.147184
0.131117
0.118766
0.109228
0.101869
0.0962219
0.0919291
0.0887105
0.0863427
0.0846454
0.0834736
0.0827102
0.0822619
0.0820547
0.0820318
0.082153
0.0823984
0.0827792
0.0833651
0.0843546
0.0862754
0.09072
0.104475
0.192589
0.189014
0.161486
0.156419
0.157733
0.161784
0.167288
0.173688
0.180698
0.188142
0.195909
0.203925
0.212137
0.220506
0.229001
0.237588
0.246229
0.25488
0.263483
0.271971
0.280263
0.28827
0.295895
0.303042
0.309621
0.31556
0.320822
0.325425
0.329475
0.333201
0.337005
0.341506
0.347585
0.356434
0.369617
0.389144
0.417627
0.458504
0.5164
0.597763
0.712111
0.87484
1.11451
1.4939
2.18241
3.74109
7.8195
0.197202
0.161537
0.152645
0.152602
0.15632
0.161996
0.168824
0.176371
0.184378
0.192678
0.201166
0.209774
0.218454
0.227172
0.235898
0.244601
0.253242
0.261776
0.270145
0.278284
0.286118
0.293567
0.300554
0.307008
0.312876
0.318134
0.322807
0.327
0.330933
0.334997
0.339797
0.346191
0.355339
0.36874
0.388308
0.416513
0.456644
0.513141
0.592213
0.702966
0.859759
1.0878
1.43777
2.02865
3.16343
5.47244
0.206973
0.161303
0.14877
0.147476
0.150879
0.156689
0.163864
0.171842
0.180288
0.188993
0.197827
0.206707
0.215581
0.224415
0.233181
0.241853
0.250403
0.258794
0.266981
0.274911
0.282525
0.289761
0.29656
0.302871
0.308663
0.313925
0.318686
0.323035
0.327171
0.33145
0.336443
0.342968
0.352126
0.365338
0.384395
0.411546
0.449812
0.50323
0.577366
0.680171
0.823616
1.02717
1.32599
1.79152
2.57842
3.93515
0.219323
0.161424
0.145459
0.143007
0.146062
0.151884
0.159233
0.167443
0.176122
0.18503
0.194017
0.20299
0.211894
0.220693
0.229363
0.237883
0.246231
0.254379
0.262292
0.269931
0.277248
0.284199
0.290742
0.296849
0.302511
0.307734
0.312548
0.317017
0.321295
0.325689
0.330712
0.337123
0.345952
0.358519
0.376482
0.401843
0.437265
0.486267
0.553597
0.645828
0.772376
0.947445
1.19416
1.55349
2.10063
2.91648
0.235275
0.162455
0.143146
0.139559
0.142165
0.147815
0.155108
0.163305
0.171973
0.180852
0.189778
0.19865
0.207407
0.216013
0.224445
0.232687
0.240719
0.248523
0.25607
0.263331
0.27027
0.276855
0.283061
0.288881
0.294331
0.299443
0.304247
0.308774
0.313118
0.317511
0.3224
0.328473
0.336677
0.348223
0.364611
0.387681
0.419642
0.463477
0.523115
0.603835
0.712867
0.86038
1.06134
1.33878
1.72721
2.24735
0.255712
0.164811
0.142075
0.137271
0.139248
0.144488
0.151469
0.1594
0.167822
0.176456
0.185125
0.193721
0.202177
0.210454
0.218528
0.226385
0.23401
0.241389
0.248499
0.255318
0.26182
0.267981
0.273784
0.279242
0.284399
0.289319
0.294039
0.298554
0.30288
0.307172
0.311801
0.317388
0.3248
0.335144
0.349772
0.370337
0.398678
0.437258
0.489259
0.558866
0.651592
0.774712
0.937915
1.15411
1.43861
1.79311
0.28085
0.168547
0.142253
0.136064
0.137166
0.141737
0.148167
0.155619
0.163607
0.17183
0.180097
0.188291
0.196337
0.204191
0.211828
0.219236
0.226404
0.23332
0.239966
0.246324
0.252377
0.258103
0.26349
0.268555
0.273369
0.278034
0.282602
0.287026
0.291252
0.295361
0.299666
0.304733
0.311363
0.320567
0.333556
0.351783
0.376851
0.410719
0.455941
0.515818
0.594565
0.69743
0.830767
1.00191
1.21745
1.47381
0.309323
0.173257
0.143504
0.135703
0.135654
0.139329
0.145032
0.151868
0.15931
0.167028
0.174816
0.182542
0.190126
0.197519
0.204695
0.211644
0.218358
0.224827
0.231037
0.236974
0.242628
0.24798
0.253014
0.257739
0.262237
0.266638
0.271
0.275243
0.279267
0.283125
0.287108
0.291753
0.297808
0.306189
0.317972
0.334402
0.356942
0.387137
0.427043
0.479245
0.546959
0.633963
0.744465
0.882702
1.0514
1.24611
0.337371
0.178478
0.145671
0.135933
0.13446
0.137089
0.141989
0.148168
0.155038
0.162234
0.169531
0.176787
0.183914
0.190862
0.197606
0.204138
0.210453
0.216544
0.222398
0.228007
0.233368
0.23847
0.243288
0.247823
0.252148
0.256378
0.260528
0.264484
0.268178
0.271722
0.275447
0.279892
0.285752
0.293839
0.305081
0.320505
0.3414
0.369185
0.405522
0.452468
0.512355
0.58773
0.681335
0.795679
0.931794
1.08574
0.358902
0.184475
0.148827
0.136597
0.133452
0.134988
0.139114
0.144681
0.151022
0.157735
0.164578
0.171403
0.178122
0.184681
0.19106
0.197253
0.203259
0.209072
0.214682
0.220092
0.225309
0.230326
0.23512
0.239705
0.244173
0.248553
0.252629
0.256242
0.259481
0.262681
0.266281
0.270836
0.276919
0.285224
0.296606
0.311833
0.332029
0.35894
0.393862
0.43811
0.493269
0.560517
0.641651
0.738487
0.851642
0.977855
0.367013
0.192496
0.15316
0.137611
0.132617
0.133131
0.136593
0.141647
0.147541
0.153844
0.160302
0.166769
0.173157
0.179419
0.18554
0.191516
0.197344
0.203019
0.208546
0.213944
0.21922
0.224343
0.229275
0.234068
0.238896
0.243767
0.248137
0.25152
0.254329
0.257214
0.260729
0.26548
0.272093
0.281228
0.293778
0.309673
0.329443
0.356505
0.393587
0.440186
0.494224
0.555807
0.627662
0.712132
0.808744
0.915456
0.35774
0.20356
0.158494
0.138865
0.132072
0.131769
0.13475
0.139438
0.14501
0.151016
0.157202
0.163421
0.169589
0.175669
0.181654
0.187541
0.193318
0.198974
0.204527
0.210054
0.215573
0.221029
0.226338
0.231624
0.237431
0.243273
0.2483
0.251652
0.254213
0.257061
0.260825
0.265965
0.273014
0.282822
0.296159
0.311877
0.331342
0.358428
0.395281
0.441879
0.500301
0.565216
0.636355
0.717121
0.806392
0.900096
0.338134
0.216906
0.164669
0.140521
0.132078
0.131219
0.133952
0.13848
0.14392
0.149808
0.155898
0.16205
0.168185
0.174287
0.180377
0.186463
0.192515
0.198514
0.204543
0.210272
0.215931
0.221573
0.227166
0.233144
0.243597
0.272707
0.283903
0.283129
0.271738
0.278406
0.323346
0.359667
0.391466
0.42018
0.447901
0.474998
0.501241
0.528237
0.556981
0.583178
0.577777
0.579809
0.638918
0.717634
0.813194
0.911037
0.329106
0.242223
0.167548
0.142334
0.13358
0.132427
0.134947
0.139336
0.144698
0.15056
0.156672
0.162894
0.16916
0.175502
0.182045
0.189038
0.197349
0.211308
0.226814
0.242081
0.256235
0.26939
0.281605
0.293288
0.306326
0.32217
0.336216
0.346161
0.354143
0.368551
0.395374
0.429081
0.463515
0.496394
0.528275
0.559815
0.591122
0.623237
0.657143
0.690039
0.716211
0.743447
0.786092
0.843533
0.898005
0.925885
0.581022
0.321028
0.24183
0.20625
0.181316
0.17003
0.165872
0.16591
0.16871
0.17341
0.179474
0.186572
0.194502
0.20315
0.212456
0.222356
0.232839
0.244009
0.256133
0.269295
0.283173
0.297353
0.311348
0.324918
0.338972
0.355018
0.372018
0.387332
0.400508
0.415091
0.435873
0.463432
0.494681
0.52707
0.559871
0.593296
0.627885
0.665263
0.707678
0.75374
0.798265
0.839534
0.886763
0.948629
1.01662
1.07464
0.908369
0.447526
0.336234
0.263656
0.221663
0.200012
0.189226
0.184847
0.184687
0.187497
0.192501
0.199198
0.207255
0.216442
0.226594
0.237563
0.249203
0.261487
0.274513
0.288372
0.302986
0.318075
0.333273
0.348368
0.363732
0.380185
0.39754
0.414257
0.429469
0.444411
0.461895
0.483682
0.509436
0.538099
0.56912
0.602617
0.639238
0.680405
0.72797
0.781963
0.838835
0.894544
0.952027
1.01979
1.0977
1.17369
0.92923
0.460297
0.361631
0.290745
0.247306
0.222021
0.207958
0.201086
0.199144
0.200774
0.205102
0.21154
0.219677
0.229219
0.239944
0.251662
0.264187
0.277373
0.291196
0.305687
0.320836
0.336509
0.352497
0.36866
0.38509
0.402041
0.419413
0.436473
0.452592
0.468036
0.484092
0.50224
0.523361
0.547842
0.576068
0.608674
0.646577
0.691029
0.743389
0.803945
0.870367
0.939291
1.00984
1.08573
1.16809
1.24873
0.776989
0.395801
0.333981
0.286969
0.253195
0.231183
0.218074
0.211412
0.209496
0.21118
0.215675
0.22242
0.231007
0.241131
0.252558
0.26509
0.278545
0.292754
0.307604
0.323038
0.339008
0.355423
0.372154
0.389089
0.406195
0.423484
0.440841
0.457893
0.474235
0.489811
0.505161
0.521329
0.539551
0.561075
0.587188
0.61926
0.658723
0.70703
0.765449
0.834363
0.912211
0.995278
1.08141
1.17002
1.26024
1.3461
0.671413
0.360799
0.307192
0.272785
0.248137
0.231673
0.221869
0.217287
0.216798
0.21957
0.224989
0.232594
0.242027
0.253012
0.265323
0.278771
0.293182
0.308391
0.324255
0.340655
0.357491
0.374649
0.392002
0.409426
0.426821
0.444108
0.461165
0.477767
0.493659
0.508748
0.523342
0.538283
0.554914
0.574927
0.600236
0.632862
0.67483
0.72804
0.794046
0.873534
0.965511
1.06678
1.17258
1.28025
1.38595
1.48289
0.646062
0.354846
0.291123
0.259541
0.240254
0.228521
0.22232
0.220426
0.221991
0.226402
0.233194
0.242004
0.252539
0.264555
0.277848
0.292235
0.30755
0.323627
0.340312
0.357455
0.374912
0.392533
0.410163
0.427644
0.444837
0.461618
0.477866
0.493437
0.508198
0.522161
0.53567
0.549594
0.565381
0.584988
0.610729
0.645114
0.690695
0.749883
0.824701
0.916308
1.0243
1.1461
1.27684
1.40962
1.53837
1.65438
0.668187
0.361968
0.283605
0.250395
0.233418
0.224771
0.221442
0.221995
0.225611
0.231752
0.240032
0.250146
0.261843
0.274906
0.289143
0.304377
0.32044
0.337164
0.35438
0.371915
0.389594
0.407233
0.424643
0.441638
0.458049
0.473738
0.488598
0.502559
0.515623
0.527973
0.540128
0.553109
0.568519
0.588517
0.615689
0.652897
0.703114
0.769225
0.853742
0.958332
1.08316
1.2262
1.38282
1.54561
1.70382
1.84536
0.719939
0.374568
0.281363
0.245009
0.228576
0.221622
0.220236
0.222665
0.227991
0.235661
0.245296
0.256609
0.26936
0.283343
0.298367
0.314252
0.330822
0.347898
0.365296
0.382821
0.40027
0.417433
0.434095
0.450051
0.465123
0.479181
0.492158
0.504077
0.515098
0.525607
0.536348
0.548551
0.564004
0.58504
0.614451
0.655361
0.711083
0.784907
0.879788
0.997846
1.13969
1.3037
1.48547
1.67746
1.86835
2.04149
0.789244
0.388557
0.281891
0.242222
0.22548
0.219297
0.219082
0.222795
0.229389
0.238249
0.248968
0.261243
0.274828
0.289505
0.305075
0.321347
0.338131
0.35523
0.372443
0.389553
0.406338
0.422565
0.438008
0.452458
0.465748
0.477782
0.488564
0.498232
0.507116
0.515819
0.525315
0.537048
0.552986
0.575619
0.607907
0.653191
0.715065
0.797177
0.90287
1.03464
1.19343
1.37783
1.58357
1.80306
2.02487
2.23175
0.866497
0.401654
0.28357
0.241002
0.223632
0.217686
0.218094
0.222598
0.230033
0.239715
0.251194
0.264137
0.278274
0.293369
0.309204
0.325569
0.342257
0.359051
0.37573
0.392062
0.407806
0.422722
0.436583
0.449193
0.460421
0.470229
0.478712
0.486141
0.493021
0.500157
0.508733
0.520381
0.537226
0.561892
0.597482
0.647524
0.715872
0.806499
0.923108
1.06854
1.24398
1.4482
1.677
1.92291
2.17468
2.41501
0.94469
0.412855
0.285548
0.240672
0.222624
0.21663
0.217299
0.222219
0.230134
0.240298
0.252217
0.265524
0.279919
0.295142
0.310954
0.327122
0.343418
0.359608
0.375452
0.390704
0.405117
0.418452
0.430495
0.441084
0.450139
0.457698
0.463962
0.46934
0.474497
0.480415
0.488448
0.500377
0.518445
0.545381
0.58441
0.639231
0.713944
0.812841
0.93999
1.09859
1.29012
1.51358
1.76497
2.03719
2.31977
2.59623
1.01919
0.42193
0.287478
0.24086
0.222191
0.216006
0.216704
0.221769
0.229876
0.240232
0.252304
0.265691
0.280068
0.295149
0.310669
0.326377
0.342022
0.357355
0.372123
0.386072
0.398957
0.410551
0.420668
0.429192
0.436107
0.44154
0.445798
0.449417
0.453199
0.458265
0.46609
0.478556
0.497982
0.527172
0.569447
0.628665
0.709165
0.815571
0.952357
1.12315
1.32986
1.57184
1.84549
2.14451
2.46
2.77776
1.08714
0.429032
0.289267
0.241376
0.222172
0.215729
0.216307
0.221321
0.2294
0.239713
0.251696
0.264922
0.27904
0.293741
0.308739
0.323764
0.338549
0.352831
0.366349
0.378852
0.390102
0.399897
0.40809
0.414618
0.419537
0.423061
0.425597
0.427786
0.430536
0.435059
0.442905
0.456006
0.476717
0.507879
0.55289
0.615747
0.70103
0.813718
0.958756
1.14032
1.36089
1.62035
1.91571
2.2418
2.59221
2.9571
1.14689
0.434485
0.290919
0.24211
0.222454
0.215722
0.216085
0.220912
0.228797
0.238886
0.250588
0.263456
0.277117
0.291245
0.305537
0.319706
0.333474
0.346571
0.358735
0.369722
0.379313
0.387337
0.393693
0.398374
0.40151
0.403391
0.404509
0.405582
0.407585
0.41178
0.419743
0.43341
0.455134
0.487763
0.534741
0.600191
0.68893
0.806323
0.957859
1.14839
1.38111
1.65659
1.97253
2.32501
2.71087
3.12699
1.1977
0.438611
0.292444
0.242972
0.222934
0.215903
0.215992
0.220537
0.228111
0.237839
0.249114
0.261471
0.274525
0.287933
0.301382
0.314574
0.327224
0.33906
0.349828
0.359296
0.367271
0.373619
0.378283
0.381319
0.382916
0.383431
0.383416
0.383636
0.385099
0.389073
0.397121
0.411146
0.433463
0.466897
0.514913
0.581734
0.672411
0.792714
0.948747
1.14616
1.389
1.6786
2.01332
2.39032
2.80976
3.27721
1.23946
0.441722
0.293824
0.243861
0.223497
0.216171
0.215953
0.220157
0.227339
0.236609
0.247352
0.259091
0.271429
0.284018
0.296533
0.308674
0.320155
0.330708
0.34009
0.34809
0.354543
0.359354
0.362512
0.364124
0.364431
0.36384
0.362935
0.362504
0.36355
0.367318
0.375321
0.389402
0.411808
0.445313
0.493373
0.560288
0.651319
0.772652
0.931052
1.13306
1.38374
1.68527
2.03651
2.43518
2.88397
3.39756
1.27258
0.444124
0.295004
0.244654
0.224014
0.21641
0.215876
0.219704
0.226443
0.235195
0.245336
0.256386
0.267941
0.279649
0.291183
0.302244
0.312549
0.321841
0.329892
0.336514
0.341576
0.345016
0.346869
0.347281
0.346534
0.345061
0.343463
0.342519
0.343205
0.346712
0.354483
0.368275
0.390247
0.423094
0.470233
0.536005
0.625851
0.746352
0.904956
1.10919
1.36526
1.67633
2.04169
2.4589
2.93153
3.48162
1.2979
0.446119
0.295883
0.245205
0.224346
0.216496
0.215652
0.219095
0.225365
0.233565
0.243066
0.253387
0.264126
0.274927
0.28547
0.295457
0.304616
0.312703
0.31951
0.324875
0.328695
0.330945
0.331693
0.331119
0.329528
0.327364
0.325221
0.323853
0.324186
0.327339
0.334668
0.347835
0.368885
0.40041
0.445762
0.509278
0.596523
0.714426
0.871109
1.07513
1.334
1.65212
2.02926
2.4623
2.95368
3.52914
1.31525
0.447542
0.296121
0.245281
0.224315
0.216285
0.215165
0.218234
0.224034
0.231669
0.240516
0.250096
0.26001
0.269909
0.279477
0.288428
0.296501
0.303469
0.309146
0.313393
0.316136
0.317379
0.317216
0.315847
0.313587
0.310879
0.308295
0.30655
0.306511
0.309218
0.315927
0.328174
0.34788
0.37751
0.420368
0.48069
0.564089
0.67778
0.830506
1.03185
1.29077
1.6132
1.9998
2.44661
2.95323
3.54432
1.32292
0.446842
0.295319
0.244666
0.223758
0.215636
0.214289
0.217012
0.222358
0.229439
0.237642
0.246493
0.255602
0.264628
0.273268
0.281245
0.288316
0.294272
0.298945
0.302222
0.304052
0.30446
0.30356
0.301561
0.298779
0.29564
0.292686
0.290583
0.290133
0.292294
0.298223
0.309339
0.327434
0.354831
0.394621
0.450955
0.52942
0.637497
0.784398
0.980572
1.23652
1.56005
1.95334
2.41196
2.93163
3.53083
1.32158
0.443937
0.293373
0.243263
0.222576
0.214452
0.212935
0.215349
0.220269
0.226821
0.234404
0.242556
0.250898
0.259103
0.266877
0.273961
0.280128
0.285185
0.288987
0.29144
0.292512
0.292245
0.290763
0.288276
0.285091
0.281612
0.278342
0.275894
0.275
0.276534
0.281552
0.291358
0.307611
0.332483
0.368894
0.420837
0.493781
0.595098
0.734292
0.922699
1.17224
1.49281
1.88916
2.35668
2.88712
3.48884
1.3119
0.438907
0.290273
0.241028
0.220715
0.212677
0.211045
0.213191
0.217718
0.223774
0.230772
0.238266
0.245893
0.253336
0.26032
0.2666
0.271965
0.276242
0.279303
0.28107
0.281528
0.28073
0.278801
0.275949
0.272464
0.268721
0.265184
0.262408
0.261054
0.261913
0.26594
0.274322
0.288577
0.310713
0.343454
0.390578
0.457344
0.550987
0.681108
0.859633
1.09979
1.41354
1.80749
2.27872
2.81571
3.41442
1.29454
0.431882
0.286055
0.237961
0.218156
0.210279
0.208584
0.210502
0.214673
0.22027
0.226725
0.23361
0.240577
0.247327
0.2536
0.259166
0.263834
0.267445
0.269887
0.271099
0.271073
0.269869
0.267613
0.264502
0.260806
0.25687
0.253114
0.250037
0.248232
0.248406
0.251416
0.25833
0.270521
0.289816
0.318714
0.360711
0.420746
0.50574
0.625118
0.791021
1.01762
1.31884
1.70402
2.17251
2.71139
3.30538
1.27022
0.423035
0.280785
0.234089
0.214904
0.207254
0.205542
0.20727
0.211121
0.216296
0.222251
0.228578
0.234945
0.241071
0.246711
0.251655
0.255724
0.258777
0.260715
0.261487
0.261095
0.259599
0.257119
0.253842
0.250016
0.245951
0.242027
0.238689
0.236464
0.235979
0.237994
0.243462
0.253609
0.270067
0.295084
0.331822
0.38479
0.460404
0.567605
0.718286
0.927022
1.20927
1.57725
2.03361
2.56606
3.15058
1.23977
0.412572
0.274559
0.229464
0.210991
0.203621
0.201927
0.203498
0.207062
0.211853
0.217352
0.22317
0.228996
0.234565
0.23965
0.244055
0.247619
0.250213
0.251749
0.252186
0.25153
0.249839
0.247227
0.243866
0.239981
0.235852
0.231815
0.228267
0.225672
0.224583
0.225669
0.229768
0.23796
0.251683
0.272914
0.304442
0.350265
0.416132
0.5102
0.643634
0.830731
1.08777
1.42957
1.86306
2.37954
2.95077
1.20405
0.400729
0.267498
0.224162
0.206469
0.199415
0.19777
0.199209
0.202515
0.206956
0.212039
0.217396
0.222735
0.227811
0.232411
0.236357
0.239499
0.241722
0.242949
0.243142
0.24231
0.240509
0.237845
0.234472
0.230593
0.226459
0.222368
0.218669
0.21577
0.214154
0.214407
0.217256
0.223641
0.234806
0.252457
0.278992
0.31785
0.374001
0.454586
0.569598
0.73233
0.958907
1.26587
1.66474
2.15354
2.70788
1.16401
0.387762
0.259737
0.218274
0.201405
0.194693
0.193113
0.194442
0.197514
0.201634
0.206336
0.211276
0.216179
0.220819
0.224999
0.228555
0.23135
0.23328
0.234274
0.234302
0.23337
0.231532
0.228882
0.22556
0.221747
0.217666
0.213579
0.209792
0.206664
0.204613
0.204147
0.205895
0.21066
0.219503
0.233866
0.255763
0.288064
0.334915
0.402299
0.498721
0.635819
0.828461
1.09345
1.44567
1.89088
2.41517
1.12059
0.373938
0.251424
0.211906
0.195882
0.189521
0.188017
0.189247
0.192103
0.195927
0.20028
0.20484
0.209353
0.213607
0.217423
0.220649
0.223162
0.224864
0.225694
0.225621
0.224653
0.222838
0.22026
0.217043
0.213348
0.209371
0.205344
0.201535
0.198255
0.195868
0.19481
0.195617
0.198972
0.205765
0.217193
0.234908
0.26124
0.299525
0.35457
0.433239
0.5451
0.702835
0.921843
1.21809
1.60318
2.07561
1.07473
0.359528
0.242716
0.20517
0.189992
0.183979
0.18255
0.183687
0.18634
0.189887
0.193917
0.19813
0.20229
0.206202
0.209702
0.21265
0.214933
0.216463
0.217183
0.217063
0.216112
0.214368
0.211909
0.208842
0.205309
0.201484
0.197569
0.193799
0.190444
0.187819
0.186295
0.18633
0.188493
0.193523
0.202399
0.216448
0.237513
0.268195
0.312196
0.374787
0.463346
0.587857
0.761008
0.997308
1.31036
1.70717
1.02735
0.344796
0.233767
0.198183
0.183831
0.178151
0.17679
0.177834
0.18029
0.183574
0.187302
0.191194
0.195033
0.19864
0.201864
0.204576
0.206674
0.208076
0.208728
0.208605
0.20771
0.206077
0.203772
0.200891
0.197557
0.193923
0.190167
0.186492
0.183134
0.180363
0.178496
0.177919
0.179105
0.18266
0.189372
0.200291
0.216843
0.240997
0.275504
0.324223
0.392511
0.487639
0.619038
0.79805
1.03664
1.34437
0.979329
0.329993
0.224726
0.19106
0.177499
0.172126
0.170818
0.171763
0.174025
0.177057
0.180498
0.184091
0.187635
0.190965
0.193944
0.196455
0.198401
0.199709
0.200328
0.200233
0.199424
0.197931
0.195808
0.19314
0.190035
0.186624
0.183064
0.179534
0.176235
0.173402
0.171304
0.170263
0.170674
0.173026
0.177949
0.18626
0.199045
0.217759
0.244385
0.281632
0.333186
0.403972
0.500358
0.630095
0.801705
1.02302
0.931466
0.315348
0.215735
0.183911
0.171091
0.165994
0.164718
0.165554
0.167621
0.170405
0.173571
0.176881
0.18015
0.183228
0.185987
0.188321
0.190142
0.191382
0.191992
0.191947
0.191246
0.189911
0.18799
0.185554
0.182697
0.179534
0.176201
0.172854
0.169669
0.166845
0.164613
0.163243
0.163058
0.164456
0.167933
0.174121
0.183833
0.19813
0.218403
0.246491
0.28481
0.336491
0.405464
0.496406
0.614357
0.764004
0.884486
0.301066
0.206918
0.176839
0.1647
0.159839
0.158572
0.159286
0.161153
0.163692
0.166592
0.169631
0.172641
0.175483
0.178042
0.180219
0.181933
0.183121
0.183738
0.183758
0.183177
0.182012
0.180303
0.17811
0.175513
0.172615
0.169531
0.166399
0.163369
0.160615
0.158332
0.156747
0.156124
0.156784
0.159119
0.163613
0.170871
0.181655
0.196927
0.217899
0.246094
0.283384
0.331994
0.394406
0.473048
0.569891
0.839007
0.28732
0.198385
0.169935
0.158409
0.153742
0.152457
0.153035
0.154696
0.156991
0.15963
0.162408
0.165171
0.16779
0.170161
0.172194
0.173814
0.174962
0.175595
0.175687
0.175232
0.174241
0.172747
0.1708
0.168471
0.165845
0.163024
0.160128
0.157287
0.154649
0.152383
0.150676
0.149748
0.149856
0.151309
0.154476
0.159808
0.167848
0.179252
0.194807
0.215436
0.242195
0.276223
0.318629
0.370223
0.431263
0.795534
0.274247
0.190228
0.163277
0.152293
0.147777
0.146448
0.146874
0.148323
0.150373
0.152754
0.155278
0.157802
0.160209
0.162402
0.1643
0.165833
0.166946
0.167598
0.167764
0.167433
0.166614
0.165332
0.16363
0.161566
0.159215
0.156664
0.154017
0.151386
0.148901
0.146703
0.144951
0.143826
0.143536
0.144322
0.146469
0.150311
0.156237
0.164691
0.176177
0.191238
0.210428
0.234246
0.26303
0.296726
0.334735
0.754455
0.261953
0.182517
0.156931
0.146416
0.142008
0.14061
0.14087
0.142099
0.143903
0.14603
0.148305
0.150596
0.152797
0.15482
0.156587
0.158037
0.159117
0.159787
0.160022
0.159811
0.159157
0.15808
0.156614
0.154809
0.152728
0.150447
0.148054
0.145649
0.143341
0.141251
0.139513
0.138277
0.137711
0.138007
0.139384
0.142089
0.146402
0.152627
0.161083
0.172079
0.185877
0.202628
0.222273
0.244367
0.267985
0.71604
0.250509
0.175305
0.150948
0.140832
0.136491
0.134999
0.13508
0.136084
0.137641
0.139516
0.141547
0.143612
0.145613
0.147468
0.149109
0.150475
0.151519
0.152204
0.152502
0.152401
0.151901
0.151017
0.149776
0.148218
0.146398
0.144381
0.142243
0.140068
0.137952
0.135997
0.134318
0.133039
0.132296
0.132242
0.133045
0.134894
0.137989
0.142539
0.148748
0.156786
0.166752
0.178622
0.19216
0.206789
0.221527
0.680451
0.239955
0.168626
0.145364
0.135581
0.13127
0.129664
0.129555
0.13033
0.13164
0.133267
0.135058
0.136901
0.138706
0.140397
0.141912
0.143195
0.1442
0.144891
0.145243
0.145241
0.144882
0.144175
0.143143
0.141819
0.140247
0.138483
0.136592
0.134648
0.132731
0.130931
0.129342
0.12807
0.127225
0.126931
0.127318
0.128529
0.130712
0.13401
0.138556
0.144438
0.151674
0.160159
0.169601
0.179415
0.188684
0.647754
0.230304
0.162498
0.140204
0.130694
0.126381
0.124643
0.124335
0.124879
0.125945
0.127327
0.128883
0.130509
0.132122
0.133653
0.135042
0.136238
0.137199
0.13789
0.138285
0.138368
0.138134
0.137589
0.136748
0.135639
0.134299
0.132775
0.131121
0.129402
0.127686
0.126049
0.124573
0.123345
0.122456
0.122006
0.122099
0.122843
0.124346
0.126714
0.130029
0.134337
0.139616
0.145734
0.152401
0.159081
0.164963
0.617937
0.221546
0.156922
0.135481
0.126189
0.121847
0.119964
0.119453
0.119766
0.12059
0.121732
0.123059
0.124475
0.1259
0.127273
0.128537
0.129644
0.130556
0.131238
0.131664
0.131819
0.131694
0.131292
0.130624
0.129711
0.128585
0.127283
0.125853
0.124348
0.122829
0.12136
0.12001
0.118851
0.117962
0.117421
0.117312
0.117718
0.118723
0.1204
0.122806
0.125961
0.129827
0.134273
0.139035
0.143644
0.147407
0.590925
0.213655
0.151892
0.131197
0.122077
0.117684
0.115646
0.114931
0.115015
0.115603
0.116512
0.117617
0.118827
0.120071
0.121288
0.122427
0.123445
0.124301
0.124966
0.125413
0.125625
0.125593
0.125316
0.124801
0.124065
0.123132
0.122034
0.120811
0.119509
0.118179
0.116875
0.115657
0.114586
0.113726
0.113142
0.112902
0.113071
0.113713
0.114883
0.116617
0.118925
0.121764
0.125015
0.12845
0.131669
0.134088
0.566603
0.206594
0.147392
0.127347
0.11836
0.113899
0.111701
0.110782
0.110642
0.111
0.111684
0.112576
0.113588
0.114656
0.115722
0.116738
0.117663
0.118461
0.119101
0.119558
0.119815
0.119859
0.119689
0.119307
0.118727
0.117967
0.117054
0.116022
0.114907
0.113755
0.112611
0.111526
0.110552
0.109742
0.10915
0.108832
0.10884
0.109222
0.11002
0.111261
0.112946
0.115035
0.117425
0.119921
0.122192
0.123744
0.54483
0.200319
0.1434
0.123921
0.115033
0.110492
0.108133
0.107012
0.106655
0.106793
0.107261
0.107948
0.108772
0.10967
0.110589
0.111485
0.112318
0.113054
0.113662
0.114119
0.114407
0.114513
0.114432
0.114165
0.113721
0.113115
0.112367
0.111506
0.110563
0.109575
0.108583
0.107628
0.106755
0.106008
0.105434
0.105076
0.104978
0.105178
0.105708
0.106588
0.107815
0.109354
0.111118
0.112944
0.114556
0.11554
0.525459
0.19479
0.139894
0.120904
0.112088
0.107458
0.104937
0.103622
0.103056
0.102984
0.103247
0.103739
0.104383
0.10512
0.105898
0.106677
0.107418
0.108089
0.10866
0.10911
0.109418
0.109571
0.109564
0.109394
0.109066
0.108593
0.107992
0.107283
0.106495
0.105658
0.104806
0.103975
0.103202
0.102527
0.101986
0.101617
0.101454
0.10153
0.101868
0.102485
0.103376
0.104511
0.105817
0.10716
0.108309
0.108917
0.508355
0.189967
0.136854
0.118281
0.109513
0.104788
0.102108
0.100605
0.0998412
0.0995695
0.0996388
0.0999475
0.100422
0.101005
0.10165
0.102316
0.102966
0.103571
0.104102
0.104536
0.104854
0.105042
0.105093
0.105003
0.104775
0.104417
0.103942
0.103368
0.102717
0.102015
0.101291
0.100576
0.0999009
0.0992986
0.0988011
0.0984393
0.0982422
0.0982355
0.0984393
0.0988652
0.0995101
0.100348
0.101319
0.102311
0.103131
0.103488
0.493399
0.185822
0.134262
0.11604
0.107296
0.102471
0.0996359
0.0979534
0.097001
0.0965415
0.096429
0.096566
0.0968816
0.0973211
0.097839
0.0983966
0.0989596
0.0994979
0.0999847
0.100397
0.100717
0.10093
0.101026
0.101001
0.100855
0.100594
0.100227
0.0997698
0.0992395
0.0986579
0.0980493
0.0974395
0.0968558
0.0963257
0.0958763
0.0955339
0.0953228
0.0952641
0.0953747
0.0956639
0.096129
0.0967488
0.0974729
0.0982082
0.0987931
0.0989811
0.480503
0.182334
0.132107
0.114169
0.105427
0.100496
0.0975088
0.0956543
0.094524
0.0938884
0.0936063
0.0935832
0.0937509
0.094056
0.094455
0.0949103
0.0953889
0.0958616
0.0963026
0.0966896
0.097004
0.0972311
0.0973607
0.0973868
0.0973081
0.0971277
0.0968528
0.0964948
0.0960685
0.0955918
0.0950848
0.0945697
0.0940695
0.0936077
0.0932076
0.0928913
0.0926795
0.0925902
0.0926374
0.0928289
0.0931628
0.0936213
0.094163
0.0947098
0.0951255
0.0952005
0.469612
0.179499
0.130384
0.112664
0.103898
0.0988533
0.0957156
0.0936958
0.092397
0.0915963
0.0911563
0.0909849
0.0910153
0.0911958
0.0914839
0.0918431
0.0922413
0.0926502
0.0930445
0.0934024
0.0937054
0.0939388
0.0940915
0.0941566
0.0941313
0.0940167
0.0938179
0.0935436
0.0932057
0.0928189
0.0924002
0.0919682
0.0915425
0.0911432
0.0907903
0.0905029
0.0902985
0.0901925
0.090197
0.0903188
0.0905566
0.0908957
0.0913017
0.0917088
0.092002
0.0920015
0.460702
0.177324
0.1291
0.111523
0.102704
0.0975359
0.0942462
0.0920656
0.0906064
0.0896505
0.0890634
0.0887545
0.0886583
0.0887237
0.0889091
0.0891785
0.0895008
0.089848
0.0901956
0.0905221
0.0908091
0.0910418
0.0912088
0.0913022
0.0913181
0.0912559
0.091119
0.0909137
0.0906495
0.0903385
0.0899948
0.089634
0.0892731
0.0889292
0.0886194
0.0883603
0.088167
0.088053
0.0880287
0.0881003
0.0882668
0.0885166
0.0888205
0.0891232
0.0893267
0.089276
0.453781
0.17583
0.128269
0.110756
0.101848
0.0965397
0.093093
0.0907529
0.0891388
0.0880359
0.0873112
0.0868749
0.0866619
0.0866214
0.0867119
0.0868981
0.087149
0.0874374
0.0877389
0.0880325
0.0883001
0.0885266
0.0887002
0.0888127
0.088859
0.0888374
0.0887494
0.0885997
0.0883957
0.0881471
0.0878656
0.0875645
0.0872582
0.0869614
0.0866891
0.0864554
0.0862739
0.0861562
0.0861116
0.0861458
0.0862584
0.0864399
0.0866658
0.0868891
0.0870257
0.0869415
0.448884
0.175054
0.127916
0.110376
0.101336
0.0958647
0.0922506
0.0897486
0.0879822
0.0867381
0.0858836
0.0853287
0.0850077
0.0848698
0.0848731
0.0849824
0.0851669
0.0853994
0.0856561
0.0859161
0.0861615
0.0863773
0.0865515
0.0866752
0.0867426
0.086751
0.0867006
0.0865945
0.0864382
0.0862396
0.0860083
0.0857557
0.0854937
0.0852354
0.0849936
0.0847809
0.0846091
0.0844888
0.0844282
0.0844328
0.0845028
0.0846303
0.0847949
0.0849562
0.0850417
0.0849344
0.446073
0.175045
0.128076
0.110407
0.101179
0.0955147
0.0917166
0.0890454
0.0871256
0.0857436
0.0847651
0.0840989
0.0836779
0.0834503
0.0833736
0.0834121
0.0835348
0.0837148
0.0839284
0.0841548
0.0843763
0.0845779
0.0847474
0.0848757
0.0849563
0.0849857
0.0849628
0.0848896
0.0847699
0.08461
0.0844179
0.0842029
0.0839754
0.0837466
0.0835278
0.0833302
0.0831643
0.0830397
0.0829643
0.082943
0.0829768
0.0830595
0.0831737
0.0832846
0.0833292
0.0832047
0.445439
0.175869
0.128794
0.110876
0.101395
0.0954965
0.0914905
0.0886374
0.0865594
0.0850398
0.0839411
0.0831694
0.0826553
0.082345
0.0821948
0.0821683
0.0822341
0.082365
0.0825373
0.0827306
0.0829272
0.083112
0.0832729
0.0834005
0.0834876
0.0835302
0.0835263
0.0834766
0.0833837
0.0832525
0.0830892
0.0829019
0.0826993
0.0824912
0.0822874
0.0820981
0.0819329
0.0818006
0.0817085
0.081662
0.0816624
0.0817049
0.081775
0.0818426
0.0818523
0.081713
0.44711
0.177607
0.130126
0.11182
0.102003
0.0958185
0.0915728
0.0885194
0.0862744
0.0846147
0.0833978
0.082525
0.0819235
0.0815369
0.0813195
0.0812335
0.0812469
0.0813323
0.0814657
0.0816269
0.081798
0.0819644
0.0821137
0.0822361
0.0823245
0.082374
0.0823818
0.0823476
0.0822731
0.0821616
0.0820182
0.0818495
0.0816629
0.0814668
0.0812701
0.0810819
0.0809109
0.0807657
0.0806533
0.0805792
0.0805456
0.0805491
0.0805776
0.080605
0.0805823
0.0804278
0.451264
0.180364
0.132138
0.113278
0.103023
0.0964887
0.0919626
0.0886851
0.0862606
0.0844563
0.0831215
0.0821512
0.0814676
0.0810104
0.0807315
0.0805915
0.0805572
0.0806007
0.0806978
0.0808282
0.0809742
0.0811211
0.0812566
0.0813709
0.0814563
0.0815075
0.0815211
0.081496
0.0814326
0.0813334
0.0812021
0.0810439
0.0808652
0.0806732
0.0804757
0.080281
0.0800973
0.0799326
0.0797944
0.0796883
0.0796174
0.0795798
0.0795658
0.0795527
0.0794971
0.0793249
0.458162
0.184271
0.134907
0.115292
0.104475
0.0975118
0.0926559
0.0891253
0.0865062
0.0845513
0.0830984
0.0820338
0.081273
0.080751
0.0804166
0.0802279
0.0801507
0.080156
0.0802197
0.0803211
0.0804428
0.08057
0.0806906
0.0807944
0.0808738
0.0809229
0.0809378
0.0809165
0.0808587
0.0807655
0.0806398
0.0804855
0.0803077
0.0801125
0.0799068
0.0796981
0.0794942
0.0793029
0.0791318
0.0789872
0.0788731
0.0787895
0.0787289
0.078672
0.07858
0.0783853
0.468178
0.189498
0.138522
0.117904
0.106373
0.0988849
0.0936418
0.0898256
0.0869957
0.0848842
0.0833136
0.0821584
0.081326
0.0807455
0.0803616
0.0801301
0.0800148
0.0799862
0.0800197
0.0800945
0.0801932
0.0803012
0.0804063
0.0804986
0.08057
0.0806143
0.0806273
0.0806061
0.0805495
0.0804578
0.0803326
0.0801767
0.079994
0.0797896
0.0795692
0.0793396
0.079108
0.0788823
0.0786701
0.0784787
0.0783135
0.0781762
0.0780618
0.0779546
0.0778199
0.0775958
0.481858
0.196266
0.143083
0.121149
0.108717
0.100593
0.0948991
0.0907637
0.0877079
0.085436
0.0837501
0.08251
0.0816131
0.0809814
0.0805551
0.0802869
0.0801391
0.0800812
0.0800881
0.080139
0.0802167
0.0803067
0.0803968
0.0804772
0.0805396
0.0805778
0.0805868
0.0805632
0.0805052
0.0804119
0.0802838
0.0801226
0.0799309
0.0797125
0.0794721
0.0792155
0.0789494
0.0786813
0.0784193
0.0781715
0.0779449
0.0777435
0.0775652
0.0773977
0.0772107
0.0769477
0.49999
0.204865
0.148701
0.125051
0.111491
0.102603
0.0963916
0.091906
0.0886143
0.0861831
0.0843885
0.0830727
0.0821208
0.0814471
0.0809866
0.080689
0.0805149
0.0804327
0.0804173
0.0804477
0.0805069
0.0805805
0.0806568
0.0807258
0.0807794
0.080811
0.0808153
0.0807885
0.0807277
0.0806314
0.0804988
0.0803303
0.0801273
0.0798922
0.0796283
0.0793403
0.0790339
0.0787162
0.0783956
0.0780809
0.0777809
0.0775022
0.0772463
0.0770049
0.0767525
0.0764376
0.523722
0.215681
0.155495
0.129609
0.114646
0.104856
0.0980632
0.0932056
0.0896774
0.0870966
0.0852068
0.0838293
0.0828356
0.0821315
0.0816469
0.0813283
0.0811348
0.0810343
0.0810012
0.0810149
0.0810587
0.0811185
0.0811827
0.0812418
0.0812875
0.0813131
0.0813133
0.0812835
0.0812203
0.0811211
0.0809842
0.0808087
0.0805944
0.0803422
0.0800537
0.0797321
0.0793818
0.079009
0.0786218
0.0782296
0.0778431
0.0774716
0.0771209
0.0767876
0.0764517
0.0760676
0.554753
0.229231
0.163577
0.134779
0.118091
0.107257
0.0998335
0.0945997
0.0908505
0.0881421
0.08618
0.0847615
0.0837438
0.0830241
0.0825273
0.0821977
0.0819928
0.0818804
0.081835
0.0818364
0.0818683
0.0819171
0.0819718
0.0820229
0.0820625
0.0820838
0.0820813
0.0820502
0.0819862
0.0818862
0.0817472
0.0815671
0.0813441
0.0810772
0.0807663
0.0804124
0.080018
0.0795876
0.0791283
0.0786496
0.0781632
0.0776816
0.0772152
0.0767668
0.0763235
0.0758468
0.595686
0.246208
0.173028
0.140444
0.121669
0.109666
0.101594
0.0960089
0.0920776
0.0892812
0.0872813
0.0858506
0.0848318
0.0841147
0.0836201
0.0832905
0.0830832
0.082966
0.0829141
0.0829079
0.0829318
0.082973
0.083021
0.0830668
0.0831027
0.0831222
0.0831195
0.0830897
0.0830281
0.0829308
0.0827939
0.0826139
0.0823875
0.0821118
0.0817845
0.0814039
0.0809699
0.0804845
0.0799524
0.0793817
0.0787843
0.0781751
0.0775692
0.0769769
0.0763947
0.0757938
0.650652
0.267512
0.183833
0.146361
0.125131
0.111888
0.103206
0.0973402
0.0932974
0.0904733
0.0884842
0.0870784
0.0860869
0.0853936
0.0849174
0.0846002
0.0844
0.0842855
0.084233
0.0842241
0.0842442
0.0842814
0.0843258
0.0843692
0.0844043
0.0844249
0.0844253
0.0844004
0.0843454
0.0842557
0.0841267
0.0839538
0.0837322
0.0834571
0.0831237
0.0827275
0.082265
0.0817342
0.0811361
0.0804754
0.0797619
0.0790105
0.0782405
0.0774702
0.0767085
0.0759401
0.726471
0.294247
0.195754
0.152085
0.128109
0.113669
0.104507
0.0984928
0.0944484
0.091681
0.0897647
0.0884291
0.0874974
0.0868517
0.086411
0.086119
0.0859355
0.0858311
0.0857839
0.0857771
0.0857974
0.085834
0.085878
0.085922
0.0859593
0.0859842
0.0859912
0.0859753
0.0859317
0.0858555
0.0857416
0.0855845
0.0853784
0.0851165
0.0847919
0.0843971
0.0839246
0.0833677
0.0827216
0.0819848
0.0811615
0.0802629
0.0793085
0.0783236
0.0773317
0.0763373
0.835112
0.32752
0.208062
0.156855
0.130089
0.114702
0.105324
0.0993715
0.0954786
0.092875
0.0911054
0.0898905
0.0890536
0.0884794
0.0880913
0.0878367
0.0876789
0.0875913
0.0875547
0.087554
0.0875778
0.0876168
0.0876632
0.0877104
0.0877526
0.0877846
0.0878015
0.0877986
0.0877713
0.0877148
0.0876236
0.0874921
0.0873134
0.0870799
0.0867827
0.0864117
0.0859556
0.0854025
0.0847405
0.0839592
0.0830523
0.0820207
0.0808765
0.0796458
0.0783657
0.0770669
0.998095
0.367692
0.219061
0.159461
0.130406
0.114656
0.105501
0.0999072
0.0963586
0.0940425
0.0924989
0.091456
0.090747
0.0902666
0.089946
0.089739
0.089614
0.0895485
0.0895261
0.0895345
0.0895641
0.0896073
0.0896576
0.0897096
0.0897583
0.0897993
0.0898285
0.0898417
0.0898347
0.0898029
0.0897415
0.0896445
0.0895054
0.0893159
0.0890663
0.088745
0.0883378
0.0878284
0.0871978
0.0864252
0.0854894
0.0843729
0.0830674
0.0815841
0.0799617
0.0782583
1.25154
0.412192
0.225288
0.158144
0.128316
0.11325
0.104951
0.100085
0.0970964
0.0951938
0.0939507
0.0931244
0.0925707
0.0922008
0.0919581
0.0918053
0.0917173
0.0916764
0.0916698
0.0916881
0.0917238
0.0917711
0.0918251
0.0918814
0.0919363
0.0919863
0.092028
0.092058
0.0920727
0.0920685
0.092041
0.0919851
0.0918947
0.0917623
0.0915787
0.091332
0.0910077
0.0905871
0.0900467
0.0893567
0.0884808
0.0873767
0.0860006
0.0843202
0.0823387
0.0801143
1.65394
0.450137
0.220486
0.150723
0.123197
0.11038
0.10372
0.0999779
0.0977512
0.0963675
0.0954804
0.0949
0.094517
0.0942656
0.0941046
0.0940075
0.0939564
0.0939391
0.0939466
0.0939725
0.0940117
0.0940602
0.0941146
0.0941718
0.0942293
0.0942846
0.0943352
0.0943786
0.0944124
0.0944337
0.0944391
0.0944248
0.0943861
0.0943171
0.0942102
0.0940557
0.093841
0.0935491
0.0931571
0.0926331
0.0919325
0.0909929
0.0897289
0.088032
0.0857919
0.082952
2.32341
0.448527
0.195049
0.135373
0.115
0.106318
0.102063
0.099766
0.0984369
0.0976276
0.0971172
0.0967884
0.0965752
0.0964386
0.0963546
0.096308
0.0962885
0.0962891
0.096305
0.0963324
0.0963685
0.0964111
0.0964583
0.0965084
0.0965598
0.0966113
0.0966613
0.0967084
0.0967511
0.0967877
0.0968162
0.0968342
0.096839
0.0968267
0.0967929
0.0967313
0.096634
0.0964896
0.0962824
0.0959887
0.0955724
0.0949746
0.0940957
0.0927587
0.0906527
0.0873009
3.63006
0.313935
0.140471
0.112909
0.10499
0.101916
0.100484
0.0997314
0.0993034
0.0990464
0.0988866
0.0987857
0.0987223
0.0986839
0.0986629
0.0986543
0.098655
0.0986628
0.0986762
0.098694
0.0987154
0.0987397
0.0987663
0.0987946
0.0988244
0.098855
0.098886
0.0989171
0.0989476
0.0989772
0.0990051
0.0990306
0.0990528
0.0990707
0.0990827
0.0990871
0.0990814
0.0990625
0.0990256
0.098964
0.0988668
0.0987141
0.0984629
0.0979979
0.0969603
0.0942863
14.5758
10.9464
10.3431
16.5164
18.1997
7.68401
7.17251
7.52016
7.42045
7.97115
8.38639
8.46361
8.54004
7.98823
6.9295
7.44716
4.8595
5.43329
5.87033
6.19762
6.35836
6.34393
6.12878
6.01497
3.47218
3.91319
4.28293
4.5791
4.80419
4.96003
5.0155
4.95922
2.61188
2.9248
3.22279
3.48666
3.70766
3.88443
4.01318
4.08913
2.04691
2.26729
2.49196
2.70978
2.91045
3.08661
3.23381
3.35023
1.65996
1.82006
1.98794
2.15886
2.32708
2.48669
2.63274
2.76264
1.38902
1.51006
1.63828
1.77179
1.90799
2.04378
2.1762
2.30398
1.19963
1.29456
1.39538
1.50136
1.61146
1.72439
1.83911
1.95604
1.07158
1.14846
1.22997
1.31587
1.40589
1.49975
1.59752
1.70064
0.993899
1.05722
1.12424
1.19506
1.26973
1.34839
1.43159
1.521
0.966253
1.01858
1.07309
1.13155
1.19374
1.25968
1.32972
1.40569
0.973612
1.0231
1.07342
1.12518
1.17906
1.23614
1.29514
1.35707
0.972916
1.0196
1.07018
1.12703
1.18782
1.2487
1.30631
1.36515
1.10575
1.13084
1.15962
1.1914
1.22245
1.25847
1.30335
1.35808
1.21912
1.25492
1.29239
1.32911
1.36033
1.38412
1.40476
1.43273
1.29837
1.33701
1.37637
1.41572
1.45283
1.48588
1.51631
1.54885
1.39799
1.43713
1.47496
1.51131
1.54563
1.57741
1.60749
1.63843
1.53938
1.5808
1.61885
1.65321
1.6836
1.70996
1.73289
1.75395
1.72035
1.76784
1.81003
1.84613
1.87561
1.89813
1.91384
1.92352
1.92577
1.98349
2.03432
2.07697
2.11036
2.13357
2.14607
2.1476
2.13991
2.2113
2.27496
2.32911
2.37202
2.402
2.41754
2.41712
2.3534
2.4417
2.52199
2.59258
2.65113
2.69503
2.72153
2.72747
2.56304
2.6737
2.77659
2.86943
2.9509
3.0173
3.0643
3.08643
2.77488
2.9124
3.04607
3.17199
3.2863
3.38648
3.46588
3.51554
2.99456
3.16659
3.34086
3.51324
3.67746
3.82752
3.95548
4.04648
3.22175
3.43851
3.66732
3.90408
4.14082
4.36464
4.56431
4.71482
3.44917
3.72153
4.02104
4.34455
4.68213
5.01465
5.31895
5.55466
3.66352
3.99988
4.38527
4.82018
5.29426
5.78053
6.23352
6.58741
3.84804
4.24992
4.72911
5.29453
5.93909
6.6262
7.28004
7.78514
3.98795
4.44648
5.01374
5.71377
6.55106
7.48255
8.3878
9.05991
4.07617
4.57226
5.20516
6.02058
7.04722
8.24879
9.45298
10.2884
4.1134
4.62042
5.2805
6.16322
7.33466
8.79467
10.3494
11.3791
4.10217
4.58879
5.22218
6.08561
7.27909
8.86075
10.6801
11.933
4.04765
4.48962
5.04921
5.80375
6.86077
8.32221
10.123
11.452
3.95637
4.35478
4.83744
5.47053
6.35246
7.59485
9.21818
10.6647
3.83276
4.2066
4.6466
5.21384
6.00724
7.14891
8.71787
10.312
3.65861
4.00564
4.4029
4.91488
5.65549
6.78984
8.49056
10.6981
3.43646
3.74816
4.07523
4.45961
4.98021
5.75425
6.90846
8.48591
3.1823
3.47309
3.75007
4.02751
4.34125
4.75131
5.33138
6.13591
2.88271
3.17033
3.43696
3.67915
3.90309
4.12826
4.38748
4.71794
2.52246
2.80882
3.08606
3.34532
3.5794
3.78532
3.96685
4.13235
2.10279
2.36834
2.64115
2.91517
3.18285
3.43639
3.66911
3.87254
1.66121
1.88117
2.11741
2.36817
2.62982
2.89767
3.16666
3.42808
1.25289
1.41535
1.59448
1.79103
2.0043
2.23258
2.47363
2.72236
0.917392
1.02622
1.14759
1.28309
1.43328
1.598
1.77666
1.96693
0.666045
0.733737
0.809257
0.894059
0.988976
1.09438
1.21039
1.3362
0.4891
0.529141
0.57346
0.623148
0.678899
0.741115
0.810061
0.885532
0.368682
0.391623
0.416674
0.444605
0.475917
0.510923
0.549865
0.592756
0.287623
0.300479
0.314269
0.329537
0.34664
0.365801
0.387203
0.410917
0.232757
0.239803
0.247187
0.255307
0.264421
0.274695
0.286263
0.299269
0.195009
0.198742
0.202523
0.206654
0.211333
0.216687
0.22283
0.229857
0.168431
0.170285
0.172051
0.173967
0.176188
0.178811
0.181949
0.18563
0.149211
0.150004
0.150653
0.151349
0.152216
0.153336
0.154781
0.156586
0.134922
0.135122
0.135162
0.135196
0.135321
0.135614
0.136117
0.136869
0.124014
0.12389
0.123609
0.123296
0.123031
0.122873
0.122857
0.123019
0.115486
0.115192
0.114752
0.114268
0.113808
0.113416
0.113123
0.11296
0.10868
0.108303
0.107796
0.10724
0.106694
0.106191
0.105758
0.105423
0.103154
0.102745
0.10222
0.101647
0.101074
0.100529
0.100034
0.0996147
0.0986
0.0981878
0.0976722
0.0971112
0.096544
0.0959945
0.0954827
0.0950282
0.0948031
0.0944024
0.0939102
0.0933754
0.092831
0.0922975
0.0917919
0.0913308
0.0916054
0.091224
0.0907613
0.0902591
0.0897453
0.0892377
0.0887507
0.0882986
0.0888909
0.0885318
0.0881003
0.0876325
0.0871521
0.0866743
0.0862117
0.0857765
0.0865721
0.0862358
0.0858349
0.0854008
0.0849534
0.0845061
0.0840697
0.0836549
0.0845822
0.0842678
0.0838956
0.0834926
0.0830762
0.082658
0.0822475
0.0818537
0.0828693
0.0825748
0.0822284
0.0818534
0.081465
0.0810735
0.080687
0.0803136
0.0813922
0.0811152
0.0807913
0.0804406
0.0800767
0.0797087
0.0793437
0.0789889
0.0801185
0.0798561
0.0795508
0.0792205
0.0788773
0.0785294
0.078183
0.0778444
0.0790227
0.0787712
0.0784805
0.0781664
0.0778399
0.0775083
0.0771773
0.0768523
0.0780848
0.0778403
0.0775597
0.0772574
0.0769432
0.076624
0.0763048
0.0759905
0.0772902
0.0770478
0.0767725
0.076477
0.0761707
0.0758596
0.0755484
0.0752412
0.0766288
0.076383
0.0761072
0.0758133
0.0755097
0.075202
0.0748943
0.0745904
0.0760952
0.0758391
0.0755564
0.0752578
0.0749509
0.074641
0.0743319
0.0740268
0.0756886
0.0754139
0.0751162
0.0748052
0.074488
0.0741694
0.0738527
0.0735409
0.0754142
0.0751102
0.0747872
0.0744542
0.0741176
0.0737819
0.0734501
0.0731248
0.0752845
0.0749368
0.0745748
0.074207
0.0738392
0.0734755
0.0731188
0.0727713
0.0753225
0.0749111
0.0744913
0.0740708
0.0736554
0.073249
0.0728543
0.0724734
0.0755663
0.0750629
0.0745579
0.0740593
0.0735731
0.0731034
0.0726528
0.0722231
0.0760772
0.0754397
0.074809
0.0741945
0.0736035
0.0730409
0.0725097
0.0720111
0.0769512
0.0761149
0.0752955
0.0745074
0.0737613
0.0730639
0.0724184
0.0718253
0.0783327
0.0771914
0.0760824
0.0750317
0.0740572
0.0731681
0.0723662
0.0716489
0.0804141
0.0787794
0.0772151
0.075771
0.0744726
0.0733266
0.0723269
0.0714609
0.08343
0.0808965
0.0786076
0.0766132
0.0749085
0.0734687
0.0722603
0.0712479
0.0885591
0.0833086
0.0798035
0.0771769
0.0751083
0.0734467
0.0721001
0.0710016
3.04781
1.79884
1.2317
0.962917
0.816263
0.71175
0.616277
0.526774
0.444604
0.371744
0.309485
0.258057
0.216741
0.184218
0.158956
0.139627
0.12484
0.113477
0.10475
0.0980772
0.0930135
0.0892162
0.0864161
0.0844001
0.0829996
0.0820815
0.0815413
0.0812985
0.0812943
0.0814909
0.0818747
0.082468
0.0833581
0.0847722
0.0872927
0.0926552
0.10823
0.20419
5.57232
3.52186
2.25449
1.57558
1.21714
0.996798
0.829902
0.690528
0.570908
0.468607
0.382777
0.312608
0.256727
0.213177
0.179941
0.154841
0.135761
0.121227
0.110161
0.101758
0.0954131
0.0906646
0.0871596
0.0846256
0.0828514
0.0816749
0.0809703
0.0806437
0.0806295
0.0808883
0.0814102
0.0822272
0.0834434
0.0853159
0.0884884
0.0948613
0.112484
0.217682
5.5845
5.84942
4.92498
3.18328
2.15536
1.55924
1.19823
0.944246
0.752233
0.601196
0.480502
0.38433
0.308842
0.250739
0.207227
0.174487
0.149814
0.131217
0.117204
0.106658
0.0987483
0.0928527
0.088506
0.0853566
0.0831381
0.0816491
0.0807357
0.0802867
0.0802257
0.0805086
0.0811256
0.0821144
0.0835921
0.0858417
0.0895636
0.096817
0.116321
0.230463
4.82773
4.63709
4.7721
5.24934
4.14434
2.75939
1.91301
1.38791
1.03851
0.794017
0.615122
0.480127
0.377183
0.300088
0.242601
0.199665
0.167663
0.143838
0.126101
0.112893
0.103071
0.095793
0.0904437
0.0865671
0.0838256
0.0819644
0.080796
0.0801861
0.0800436
0.0803156
0.0809895
0.0821054
0.0837901
0.0863485
0.0905326
0.0985508
0.119755
0.242317
4.11444
4.03257
3.93897
3.92453
4.72207
4.57925
3.30027
2.21749
1.53219
1.09704
0.810308
0.61187
0.46934
0.365359
0.288536
0.231852
0.190181
0.159597
0.137138
0.12062
0.108459
0.0995183
0.0929782
0.0882466
0.0848931
0.0825954
0.0811238
0.0803147
0.0800572
0.0802862
0.0809831
0.0821873
0.0840323
0.0868412
0.0914122
0.100091
0.122821
0.253274
3.49412
3.52975
3.47034
3.42672
3.4286
4.1886
4.67514
3.59008
2.41168
1.60744
1.11151
0.80251
0.59702
0.452561
0.348412
0.272992
0.218482
0.179125
0.150668
0.130028
0.115011
0.104073
0.0961237
0.0903925
0.0863276
0.0835239
0.0816988
0.0806519
0.0802474
0.080404
0.0810935
0.0823522
0.0843172
0.0873262
0.0922179
0.101463
0.125558
0.263403
2.95937
3.07697
3.10569
3.06747
3.03924
3.08362
3.8897
4.59951
3.64135
2.43682
1.59814
1.08989
0.776771
0.570044
0.426731
0.32558
0.253949
0.20318
0.167098
0.14133
0.122834
0.109505
0.0998973
0.0930064
0.0881186
0.084734
0.0825031
0.0811801
0.080598
0.080655
0.0813103
0.0825939
0.0846438
0.0878091
0.0929636
0.102691
0.128001
0.272776
2.51844
2.67865
2.76848
2.78997
2.76223
2.74524
2.85631
3.78674
4.45108
3.48988
2.31963
1.51612
1.03068
0.728776
0.529217
0.392697
0.298243
0.232643
0.186883
0.154757
0.132035
0.115861
0.104312
0.0960816
0.0902524
0.0862087
0.0835191
0.0818822
0.0810936
0.0810262
0.0816232
0.0829059
0.0850103
0.0882936
0.0936599
0.103795
0.130185
0.281461
2.16489
2.34462
2.46746
2.53496
2.54806
2.52627
2.52089
2.73866
3.80239
4.22124
3.18756
2.10317
1.38158
0.941355
0.662496
0.47789
0.353244
0.268482
0.210506
0.170534
0.142713
0.123177
0.109377
0.0996053
0.0927105
0.087928
0.084727
0.0827399
0.0817178
0.0815038
0.0820215
0.0832807
0.0854132
0.0887815
0.0943148
0.104791
0.132139
0.289521
1.89127
2.07387
2.21318
2.30643
2.35491
2.35994
2.34353
2.35312
2.71775
3.89274
3.87672
2.79179
1.83569
1.21772
0.832783
0.584682
0.420859
0.31167
0.238429
0.188864
0.154945
0.131471
0.115083
0.103555
0.0954665
0.0898661
0.0861034
0.0837326
0.0824528
0.0820725
0.0824927
0.0837093
0.0858473
0.089272
0.0949335
0.105692
0.133888
0.297007
1.68897
1.86304
2.00705
2.11358
2.18182
2.21331
2.21245
2.20125
2.25736
2.88376
3.9253
3.4051
2.35607
1.55624
1.04307
0.715562
0.502623
0.363017
0.271023
0.209887
0.168764
0.140739
0.121381
0.107887
0.0984825
0.0919904
0.0876203
0.0848361
0.0832779
0.082715
0.0830228
0.0841805
0.0863051
0.0897619
0.0955183
0.106508
0.135454
0.303969
1.54981
1.7084
1.84799
1.95883
2.03686
2.08273
2.09797
2.09108
2.09372
2.30264
3.30983
3.7078
2.85247
1.93409
1.2892
0.870444
0.599072
0.42291
0.308455
0.233635
0.184141
0.150909
0.128202
0.112541
0.101707
0.0942592
0.0892438
0.0860227
0.0841701
0.0834121
0.0835956
0.0846818
0.0867774
0.090246
0.096069
0.107246
0.136856
0.310442
1.47576
1.6111
1.73668
1.84302
1.92295
1.9748
2.00023
2.00169
1.99491
2.03301
2.5611
3.55868
3.21465
2.30717
1.5571
1.04512
0.709011
0.490989
0.350552
0.259979
0.200984
0.161829
0.135434
0.11743
0.105075
0.0966219
0.0909343
0.0872606
0.0851033
0.0841421
0.0841933
0.0851986
0.0872531
0.0907172
0.0965834
0.107911
0.138106
0.316457
1.47587
1.58405
1.68082
1.7695
1.8419
1.89204
1.91988
1.92775
1.92236
1.92629
2.13513
3.11494
3.36479
2.62418
1.82406
1.23065
0.82898
0.565858
0.39668
0.288588
0.2189
0.173268
0.142916
0.122439
0.108503
0.0990183
0.0926462
0.0885142
0.086049
0.0848817
0.0847966
0.0857151
0.0877199
0.0911669
0.0970574
0.108503
0.139215
0.322036
1.49034
1.60113
1.68013
1.74214
1.79506
1.83522
1.85852
1.86628
1.86184
1.85744
1.93224
2.61254
3.30425
2.84789
2.06513
1.41462
0.953331
0.645011
0.445701
0.318614
0.237386
0.184908
0.150439
0.127431
0.111898
0.10138
0.0943292
0.089745
0.0869768
0.085606
0.0853852
0.0862146
0.0881644
0.0915853
0.0974856
0.109024
0.140193
0.327194
1.51464
1.60657
1.69285
1.7506
1.78066
1.80254
1.81546
1.81771
1.81151
1.80386
1.82345
2.22327
3.11911
2.96014
2.25999
1.58376
1.07509
0.725158
0.495488
0.348726
0.255736
0.196335
0.157753
0.132245
0.11515
0.103634
0.0959297
0.0909127
0.0878551
0.0862898
0.085938
0.0866799
0.0885729
0.0919623
0.0978617
0.109472
0.141045
0.331941
1.61611
1.66842
1.69884
1.75647
1.78556
1.78748
1.78658
1.78018
1.76956
1.75926
1.76266
1.97747
2.89054
2.9803
2.39307
1.72742
1.18776
0.801021
0.542739
0.37735
0.273097
0.207068
0.164572
0.136704
0.118148
0.105702
0.097393
0.0919767
0.0886525
0.086908
0.0864348
0.0870941
0.0889319
0.0922876
0.0981793
0.109845
0.141775
0.336279
1.69741
1.75371
1.77664
1.77299
1.78392
1.779
1.76461
1.74931
1.73286
1.71934
1.71728
1.83979
2.67606
2.93441
2.46582
1.8329
1.27944
0.866049
0.584359
0.402804
0.288551
0.216598
0.170604
0.140633
0.120779
0.107509
0.0986661
0.092898
0.0893392
0.0874367
0.0868561
0.0874416
0.0892285
0.0925514
0.098432
0.110142
0.142386
0.340209
1.79052
1.82639
1.85532
1.86181
1.78362
1.76736
1.74165
1.71975
1.69832
1.6814
1.67573
1.74848
2.49374
2.85614
2.49845
1.90692
1.34965
0.917665
0.618011
0.423593
0.301241
0.224441
0.17557
0.143865
0.122937
0.108985
0.0997005
0.093641
0.0898881
0.0878547
0.0871847
0.0877082
0.0894515
0.0927452
0.098614
0.110359
0.14288
0.343731
1.9323
1.93267
1.93445
1.93969
1.84635
1.75069
1.71472
1.68776
1.66314
1.64396
1.63618
1.68381
2.39788
2.79116
2.51083
1.95438
1.39729
0.953452
0.641721
0.438464
0.31044
0.230189
0.179237
0.146258
0.124534
0.110073
0.100455
0.094176
0.0902763
0.0881438
0.087406
0.0878819
0.0895914
0.0928617
0.0987207
0.110495
0.143259
0.346841
2.13219
2.09207
2.04893
2.00963
1.92428
1.71153
1.68082
1.65138
1.62545
1.60568
1.598
1.64085
2.36305
2.74845
2.5082
1.97436
1.41983
0.971215
0.65401
0.446526
0.315643
0.233554
0.181436
0.147712
0.125506
0.110728
0.1009
0.0944804
0.0904866
0.0882906
0.087509
0.0879541
0.0896411
0.0928957
0.0987489
0.11055
0.143525
0.349537
2.38728
2.30968
2.21334
2.10832
1.9816
1.68052
1.64013
1.60965
1.58437
1.56576
1.5599
1.61045
2.3878
2.72466
2.48796
1.96432
1.41552
0.969906
0.654266
0.447421
0.316635
0.234406
0.182085
0.148174
0.125816
0.110924
0.101016
0.0945401
0.0905081
0.0882862
0.0874866
0.0879189
0.0895965
0.0928444
0.0986972
0.110524
0.143681
0.351819
2.69711
2.58821
2.43112
2.24128
2.03107
1.63521
1.58786
1.56269
1.54037
1.52423
1.52208
1.58629
2.42898
2.70228
2.44518
1.92346
1.38485
0.95018
0.64294
0.441384
0.313518
0.232781
0.181195
0.147641
0.125459
0.110658
0.100797
0.0943504
0.0903367
0.0881272
0.0873362
0.0877745
0.0894561
0.0927074
0.0985661
0.110418
0.143731
0.353686
3.07134
2.93355
2.69748
2.39189
2.05778
1.57861
1.53297
1.51322
1.49443
1.48164
1.48569
1.58158
2.48071
2.67185
2.3765
1.85329
1.33053
0.914238
0.621425
0.429182
0.306684
0.228874
0.178861
0.146163
0.124461
0.10994
0.100252
0.0939157
0.0899752
0.0878156
0.0870594
0.0875223
0.0892217
0.0924865
0.0983582
0.110236
0.143678
0.355144
3.53101
3.35391
2.99716
2.52598
2.02848
1.50786
1.47593
1.46203
1.44728
1.43866
1.45378
1.66275
2.52308
2.62205
2.27999
1.75728
1.2568
0.865341
0.591757
0.411946
0.296728
0.222995
0.175246
0.143828
0.122873
0.108804
0.0994003
0.0932491
0.089433
0.0873586
0.086662
0.0871673
0.0888979
0.0921864
0.0980781
0.109983
0.143529
0.356198
4.10604
3.85536
3.29931
2.58891
1.87355
1.41948
1.41786
1.4097
1.39961
1.39646
1.43367
1.93957
2.559
2.5464
2.15693
1.64063
1.16887
0.807269
0.556266
0.39099
0.284362
0.215525
0.170561
0.140756
0.120764
0.107292
0.0982705
0.0923712
0.0887252
0.0867679
0.0861535
0.0867179
0.0884922
0.0918138
0.0977321
0.109664
0.14329
0.356859
4.82998
4.43315
3.5372
2.4755
1.49026
1.35322
1.36145
1.35764
1.35275
1.35882
1.43572
2.21926
2.57386
2.44067
2.01109
1.50942
1.07215
0.743822
0.517272
0.367634
0.270317
0.206872
0.165037
0.137084
0.118221
0.10546
0.0969004
0.0913088
0.0878718
0.0860591
0.0855467
0.086185
0.088014
0.0913773
0.0973283
0.109289
0.14297
0.35714
5.73689
5.06636
3.55688
1.96399
1.28821
1.29819
1.30738
1.30854
1.31053
1.33888
1.59334
2.36744
2.5423
2.30276
1.84743
1.36995
0.971837
0.678461
0.476863
0.343084
0.255281
0.197433
0.158909
0.132955
0.115334
0.103368
0.0953324
0.0900926
0.0868963
0.0852508
0.0848571
0.0855816
0.087475
0.0908875
0.096876
0.108864
0.142576
0.357056
6.84057
5.71494
3.01665
1.27147
1.23193
1.24885
1.25763
1.26491
1.27783
1.37988
1.95512
2.44903
2.46269
2.13556
1.6725
1.22859
0.872535
0.614088
0.436763
0.318349
0.239848
0.187563
0.152394
0.128507
0.112196
0.101081
0.0936116
0.0887561
0.0858243
0.0843637
0.0841018
0.0849224
0.086888
0.0903556
0.0963856
0.1084
0.142118
0.356628
8.06983
6.26844
1.87418
1.19462
1.19342
1.2056
1.21685
1.22892
1.29132
1.66376
2.22504
2.47528
2.33353
1.94607
1.49444
1.09145
0.778031
0.552909
0.398263
0.294204
0.224496
0.177563
0.145687
0.123871
0.108893
0.0986596
0.0917834
0.0873335
0.0846827
0.0834195
0.0832988
0.0842231
0.0862667
0.0897939
0.0958678
0.107907
0.141605
0.355876
9.21202
6.4964
1.623
1.16684
1.16488
1.17596
1.1878
1.22063
1.5293
2.00462
2.37555
2.42325
2.16059
1.74583
1.32197
0.963581
0.69101
0.496375
0.362219
0.271191
0.20958
0.167671
0.138952
0.119159
0.105508
0.0961632
0.0898918
0.0858587
0.0834982
0.0824399
0.0824666
0.0834996
0.0856253
0.0892149
0.0953339
0.107393
0.141049
0.354823
9.95856
5.94607
1.6749
1.15565
1.15215
1.16574
1.17825
1.38728
1.82742
2.22496
2.41367
2.29755
1.96077
1.54838
1.16257
0.848407
0.612956
0.445231
0.329092
0.249639
0.195344
0.158067
0.132319
0.114468
0.102112
0.0936453
0.0879778
0.0843636
0.0822964
0.0814462
0.0816233
0.0827675
0.0849774
0.0886308
0.0947947
0.10687
0.140458
0.353494
9.92833
3.81251
1.04009
1.07904
1.12508
1.15335
1.23705
1.57548
2.02581
2.31895
2.34891
2.12201
1.75545
1.36561
1.0211
0.747449
0.544266
0.399629
0.29903
0.229704
0.181934
0.148876
0.125889
0.109876
0.0987657
0.0911536
0.0860785
0.0828777
0.0811014
0.0804584
0.0807859
0.0820419
0.0843363
0.0880534
0.0942607
0.106347
0.139841
0.351914
8.51175
1.42229
0.981265
0.980754
1.01399
1.11413
1.3024
1.70242
2.11018
2.29675
2.21212
1.92905
1.56395
1.20531
0.899431
0.660566
0.484502
0.359304
0.271954
0.211417
0.169425
0.140179
0.119737
0.105448
0.0955205
0.0887289
0.0842264
0.0814272
0.0799346
0.0794946
0.07997
0.0813363
0.0837141
0.0874935
0.0937414
0.105832
0.139209
0.350109
3.66842
1.04194
0.959259
0.937114
0.944065
1.01713
1.26916
1.7149
2.08962
2.19861
2.05164
1.74998
1.39939
1.07039
0.796799
0.586419
0.432694
0.323738
0.247648
0.194724
0.157837
0.132025
0.113916
0.101232
0.092418
0.0864051
0.082449
0.0800345
0.0788147
0.0785707
0.0791897
0.0806632
0.0831219
0.0869608
0.0932457
0.105332
0.138569
0.348102
1.64353
1.03617
0.954901
0.910345
0.885029
0.891146
1.04678
1.60458
2.01451
2.09262
1.91536
1.60584
1.26645
0.959289
0.710568
0.522983
0.387624
0.292296
0.225829
0.179528
0.14716
0.12444
0.108464
0.097264
0.0894908
0.0842097
0.0807688
0.0787183
0.0777575
0.0777004
0.0784568
0.080033
0.0825689
0.0864636
0.0927807
0.104856
0.137928
0.34592
2.12112
1.10069
0.977147
0.90237
0.858684
0.849561
0.886877
1.40353
1.96497
2.04096
1.83183
1.50226
1.16172
0.867237
0.637113
0.468009
0.348041
0.264342
0.206201
0.16571
0.137364
0.117433
0.103404
0.0935722
0.0867637
0.0821634
0.0792033
0.0774932
0.0767756
0.0768947
0.0777809
0.0794543
0.0820628
0.0860088
0.0923526
0.104408
0.137294
0.343586
12.0413
1.17364
1.04596
0.916713
0.849501
0.82983
0.83705
1.13835
2.01271
2.07529
1.80335
1.43052
1.07615
0.787938
0.572679
0.419409
0.312837
0.239312
0.188498
0.15316
0.128415
0.111006
0.0987521
0.0901745
0.0842539
0.0802813
0.077765
0.0763701
0.0758783
0.0761618
0.0771696
0.0789339
0.0816096
0.0856016
0.0919659
0.103992
0.136671
0.341124
10.8597
1.73612
1.20546
0.955963
0.855396
0.82756
0.848088
1.20714
2.23245
2.19155
1.80896
1.37257
0.998551
0.715324
0.514098
0.375528
0.281142
0.216761
0.172504
0.141784
0.12028
0.105154
0.094515
0.0870818
0.0819718
0.0785726
0.0764621
0.0753561
0.0750722
0.0755076
0.0766281
0.0784763
0.0812133
0.0852455
0.091624
0.103612
0.136064
0.338555
7.44253
7.57864
1.39181
1.02066
0.87276
0.842415
0.975389
1.49505
2.59992
2.34654
1.81267
1.30802
0.919228
0.644989
0.459277
0.335288
0.252378
0.196382
0.158063
0.131509
0.112932
0.0998713
0.0906949
0.0842983
0.0799219
0.0770413
0.0752984
0.0744548
0.0743609
0.0749356
0.0761595
0.0780844
0.0808763
0.0849427
0.0913286
0.10327
0.135476
0.3359
5.27626
6.10709
5.03303
1.42327
0.941485
0.947752
1.28784
2.25048
3.00828
2.46234
1.77481
1.22141
0.832858
0.57506
0.407389
0.298212
0.226248
0.177997
0.145078
0.122288
0.106349
0.0951485
0.0872877
0.0818217
0.0781027
0.0756869
0.074274
0.0736671
0.0737452
0.0744467
0.0757648
0.077759
0.0805994
0.0846936
0.0910802
0.102966
0.134909
0.333177
4.34666
4.70454
4.81803
3.41245
1.84493
1.79045
2.16313
3.24075
3.26347
2.44779
1.66998
1.10888
0.740334
0.506528
0.35885
0.264316
0.202675
0.161535
0.133501
0.11409
0.100512
0.0909725
0.0842834
0.0796439
0.0765081
0.0745048
0.0733858
0.0729909
0.0732239
0.07404
0.0754431
0.0774992
0.0803816
0.0844975
0.090878
0.102699
0.134366
0.330403
4.09348
4.31987
4.44404
4.22784
3.58613
3.29746
3.54283
3.7676
3.20069
2.25412
1.48634
0.968139
0.641319
0.439277
0.313569
0.233728
0.181731
0.147011
0.12332
0.10689
0.0954002
0.0873256
0.0816665
0.0777519
0.0751276
0.0734871
0.0726281
0.0724219
0.0727937
0.0737127
0.0751919
0.0773027
0.0802208
0.0843522
0.0907204
0.10247
0.133846
0.327591
3.753
4.13617
4.35036
4.39606
4.27669
4.14278
3.9991
3.60569
2.78695
1.90423
1.24262
0.809214
0.539975
0.374554
0.271629
0.206024
0.163058
0.134203
0.114421
0.100654
0.0909901
0.0841868
0.0794167
0.0761284
0.0739479
0.0726239
0.0719932
0.071954
0.0724494
0.0734604
0.0750073
0.0771659
0.0801136
0.084255
0.0906049
0.102276
0.133351
0.324747
3.05842
3.51286
3.84836
4.02459
4.02569
3.87196
3.5271
2.94615
2.18589
1.4882
0.981318
0.65038
0.443468
0.314873
0.233757
0.181339
0.146578
0.122985
0.106676
0.0952526
0.0871928
0.0814979
0.0775008
0.0747532
0.0729543
0.0719038
0.071472
0.0715799
0.072185
0.0732776
0.0748843
0.0770842
0.080056
0.0842023
0.0905296
0.102119
0.132888
0.321881
2.23671
2.62317
2.94924
3.1452
3.16869
3.00407
2.65247
2.14724
1.58284
1.0959
0.742699
0.508262
0.358207
0.26254
0.200697
0.159855
0.132275
0.113281
0.099999
0.090612
0.0839413
0.0792036
0.0758719
0.0735912
0.0721236
0.0713117
0.0710546
0.0712917
0.0719933
0.0731579
0.0748168
0.077052
0.0800431
0.0841909
0.0904944
0.102009
0.132538
0.319209
1.52087
1.79492
2.03347
2.18004
2.1966
2.06679
1.80435
1.45435
1.08871
0.778281
0.548951
0.391853
0.287617
0.218767
0.172814
0.141632
0.120103
0.105012
0.0943101
0.0866605
0.0811753
0.0772551
0.074493
0.072614
0.0714337
0.0708306
0.0707275
0.0710793
0.0718669
0.0730952
0.0747998
0.0770653
0.0800717
0.0842189
0.0905011
0.101959
0.132325
0.316895
0.99911
1.17198
1.32075
1.41023
1.41628
1.32995
1.16388
0.950626
0.732993
0.54647
0.404164
0.302516
0.232054
0.183561
0.150009
0.126546
0.109943
0.0980738
0.0895197
0.083325
0.078837
0.0756077
0.0733304
0.0717961
0.070865
0.0704448
0.0704777
0.0709317
0.0717958
0.0730807
0.0748255
0.0771167
0.0801351
0.0842798
0.0905417
0.101951
0.132175
0.314773
0.658633
0.759368
0.843711
0.89221
0.891949
0.839273
0.742717
0.621123
0.497079
0.388175
0.301669
0.236913
0.189873
0.156081
0.131816
0.114312
0.101606
0.0923298
0.0855273
0.0805302
0.0768701
0.07422
0.0723531
0.0711144
0.0703994
0.0701398
0.0702933
0.0708384
0.0717709
0.0731061
0.0748861
0.077199
0.0802263
0.0843663
0.0906075
0.10197
0.132049
0.312755
0.448284
0.504223
0.549615
0.574065
0.571266
0.54008
0.485543
0.417551
0.347411
0.283918
0.231287
0.189996
0.158593
0.135077
0.11757
0.104551
0.0948564
0.0876249
0.0822254
0.0782005
0.0752211
0.0730534
0.0715334
0.070548
0.0700209
0.0699024
0.070163
0.0707893
0.071783
0.073163
0.0749739
0.077305
0.0803384
0.0844719
0.0906911
0.102006
0.131931
0.310799
0.320048
0.350553
0.374405
0.386115
0.382722
0.364041
0.332882
0.29428
0.253858
0.216117
0.183547
0.156864
0.1357
0.119232
0.106555
0.0968498
0.0894418
0.0837974
0.0795071
0.0762636
0.0738403
0.0720732
0.0708461
0.070078
0.0697144
0.0697203
0.0700761
0.0707752
0.0718237
0.0732437
0.0750816
0.077428
0.0804653
0.0845903
0.0907861
0.102051
0.131812
0.308885
0.241246
0.257773
0.270135
0.275383
0.272132
0.260479
0.241979
0.219216
0.195053
0.171868
0.151151
0.133528
0.119028
0.107356
0.0980937
0.0908102
0.0851185
0.0806929
0.0772721
0.0746531
0.0726828
0.0712484
0.070269
0.0696878
0.0694668
0.0695826
0.0700233
0.0707875
0.0718853
0.073341
0.0752027
0.0775619
0.080601
0.0847161
0.0908872
0.102099
0.131689
0.307008
0.191751
0.200616
0.206869
0.208868
0.205947
0.198255
0.186667
0.172554
0.15743
0.142604
0.128976
0.11702
0.106872
0.0984613
0.0916041
0.0860791
0.0816674
0.0781729
0.0754312
0.0733107
0.0717098
0.0705521
0.0697826
0.0693625
0.0692664
0.0694795
0.0699959
0.0708187
0.0719607
0.0734484
0.0753312
0.077701
0.0807403
0.0848444
0.0909896
0.102147
0.131559
0.305168
0.159736
0.164352
0.167313
0.167664
0.165074
0.159673
0.151971
0.142728
0.132783
0.122885
0.113589
0.10523
0.0979532
0.0917698
0.086609
0.0823605
0.0789025
0.076119
0.0739084
0.0721867
0.0708878
0.0699612
0.0693702
0.0690895
0.0691029
0.0694022
0.0699864
0.0708619
0.0720438
0.0735602
0.0754616
0.0778403
0.0808787
0.0849709
0.0910894
0.102191
0.13142
0.30337
0.138333
0.140554
0.141711
0.141223
0.138917
0.134896
0.129468
0.123077
0.116209
0.10931
0.102729
0.0966981
0.09134
0.0866921
0.082735
0.079417
0.0766724
0.0744342
0.0726407
0.0712397
0.070189
0.0694562
0.0690177
0.0688579
0.0689675
0.0693434
0.0699884
0.0709113
0.0721291
0.0736715
0.0755893
0.0779755
0.0810121
0.0850919
0.0911834
0.102228
0.131272
0.301619
0.123522
0.124379
0.124537
0.123628
0.121561
0.118412
0.114378
0.109729
0.104759
0.0997455
0.0949135
0.0904225
0.0863681
0.0827921
0.0796977
0.0770639
0.0748574
0.0730405
0.0715772
0.0704359
0.0695904
0.0690209
0.0687132
0.0686585
0.0688529
0.069297
0.0699963
0.0709619
0.0722123
0.073778
0.0757106
0.078103
0.0811371
0.0852043
0.0912688
0.102256
0.131115
0.299921
0.112919
0.112996
0.112602
0.111497
0.109632
0.107064
0.103925
0.100385
0.096632
0.092844
0.0891698
0.0857206
0.0825689
0.079753
0.0772854
0.0751611
0.0733648
0.071877
0.0706775
0.0697479
0.0690733
0.0686421
0.0684469
0.0684838
0.0687529
0.0692576
0.0700057
0.0710098
0.0722897
0.0738764
0.0758221
0.0782199
0.0812511
0.0853057
0.0913435
0.102273
0.130947
0.29828
0.10508
0.104714
0.104023
0.102845
0.101153
0.0989923
0.096453
0.0936496
0.090706
0.0877404
0.0848546
0.0821275
0.0796141
0.0773474
0.0753428
0.0736033
0.0721241
0.0708961
0.0699093
0.0691541
0.0686224
0.0683089
0.0682107
0.0683277
0.0686626
0.0692212
0.070013
0.0710518
0.0723582
0.073964
0.0759216
0.078324
0.081352
0.0853941
0.0914058
0.102279
0.130771
0.2967
0.0991094
0.0985008
0.0976595
0.0964748
0.0949332
0.0930707
0.0909518
0.0886565
0.0862699
0.0838739
0.0815402
0.0793265
0.0772748
0.0754129
0.0737565
0.0723125
0.0710816
0.0700613
0.0692477
0.0686368
0.0682256
0.0680125
0.0679981
0.068185
0.068578
0.0691847
0.0700156
0.0710856
0.0724159
0.074039
0.0760071
0.0784135
0.0814382
0.0854683
0.0914545
0.102273
0.130585
0.295186
0.0944434
0.0937085
0.0928022
0.0916466
0.0902362
0.0886004
0.0867874
0.0848554
0.0828653
0.0808761
0.0789402
0.0771008
0.0753908
0.0738335
0.0724439
0.0712303
0.0701966
0.0693442
0.0686729
0.0681824
0.0678729
0.0677458
0.067804
0.068052
0.0684962
0.0691455
0.0700113
0.0711093
0.0724613
0.0740998
0.0760776
0.0784874
0.0815089
0.0855273
0.091489
0.102253
0.130391
0.293739
0.0907145
0.0899221
0.0889993
0.0878906
0.0865951
0.0851371
0.0835543
0.0818907
0.0801919
0.078502
0.0768605
0.0753008
0.0738495
0.0725262
0.0713444
0.0703132
0.0694382
0.0687227
0.0681692
0.0677796
0.0675565
0.0675032
0.0676242
0.0679256
0.0684149
0.0691019
0.0699989
0.071122
0.0724934
0.0741459
0.0761323
0.0785451
0.0815634
0.0855708
0.091509
0.102221
0.13019
0.292363
0.0876782
0.0868682
0.0859563
0.0849018
0.0837067
0.0823917
0.0809874
0.0795282
0.0780496
0.0765857
0.0751677
0.0738222
0.0725708
0.0714304
0.0704133
0.0695285
0.0687824
0.0681796
0.0677242
0.0674196
0.06727
0.0672801
0.0674556
0.0678036
0.0683325
0.0690529
0.0699775
0.071123
0.0725118
0.074177
0.0761711
0.0785866
0.0816018
0.0855988
0.0915149
0.102177
0.129984
0.291059
0.0851673
0.0843625
0.0834758
0.082477
0.0813698
0.0801722
0.0789095
0.0776099
0.076302
0.0750133
0.0737688
0.0725906
0.0714966
0.0705016
0.0696168
0.0688509
0.0682106
0.0677014
0.0673281
0.0670954
0.0670085
0.0670731
0.0672957
0.0676843
0.068248
0.0689977
0.0699469
0.0711123
0.0725166
0.074193
0.0761941
0.078612
0.0816244
0.0856118
0.091507
0.102122
0.129774
0.28983
0.0830645
0.0822773
0.0814225
0.0804777
0.0794472
0.0783472
0.0771993
0.0760272
0.0748546
0.0737044
0.0725974
0.0715522
0.0705844
0.0697067
0.0689295
0.0682611
0.0677083
0.0672771
0.0669729
0.0668013
0.0667679
0.0668793
0.0671427
0.0675666
0.0681606
0.0689362
0.0699069
0.0710899
0.0725081
0.0741946
0.0762018
0.0786219
0.0816317
0.0856104
0.0914862
0.102056
0.129562
0.288678
0.0812855
0.0805217
0.0797011
0.0788065
0.077843
0.0768251
0.0757718
0.0747032
0.0736399
0.0726012
0.0716051
0.0706675
0.069802
0.0690202
0.0683314
0.0677437
0.0672639
0.0668982
0.0666524
0.0665325
0.0665449
0.0666965
0.0669952
0.0674497
0.0680702
0.0688683
0.069858
0.0710566
0.072487
0.0741823
0.0761952
0.0786172
0.0816248
0.0855955
0.0914535
0.101982
0.129349
0.287603
0.0797679
0.0790294
0.0782423
0.0773935
0.0764884
0.07554
0.0745654
0.0735823
0.0726086
0.0716611
0.0707558
0.0699064
0.0691251
0.0684224
0.0678071
0.0672867
0.0668682
0.0665576
0.0663613
0.0662856
0.0663371
0.0665232
0.0668522
0.0673332
0.0679767
0.0687944
0.0698007
0.0710128
0.0724539
0.0741572
0.0761751
0.0785989
0.0816046
0.0855681
0.0914099
0.101899
0.129137
0.286607
0.0784645
0.0777507
0.0769949
0.076187
0.0753324
0.0744434
0.073535
0.0726232
0.0717239
0.0708522
0.070022
0.0692458
0.0685347
0.067898
0.0673441
0.0668804
0.0665135
0.0662497
0.0660954
0.0660573
0.0661422
0.066358
0.0667131
0.067217
0.0678802
0.068715
0.0697356
0.0709595
0.0724101
0.0741203
0.0761426
0.0785681
0.0815722
0.0855296
0.0913567
0.10181
0.128928
0.28569
0.0773388
0.0766476
0.0759198
0.0751477
0.0743368
0.0734983
0.0726461
0.0717945
0.0709578
0.0701496
0.0693826
0.0686679
0.0680156
0.0674346
0.0669326
0.0665168
0.0661936
0.0659696
0.0658512
0.0658451
0.0659587
0.0661999
0.0665774
0.0671008
0.0677811
0.0686305
0.0696635
0.0708977
0.0723564
0.0740727
0.0760989
0.0785261
0.081529
0.085481
0.0912952
0.101716
0.128722
0.284853
0.0763623
0.0756901
0.0749865
0.0742452
0.0734718
0.0726765
0.0718721
0.0710717
0.0702882
0.069534
0.0688205
0.068158
0.0675558
0.0670221
0.0665644
0.0661893
0.0659036
0.0657135
0.0656257
0.0656471
0.0657852
0.0660481
0.0664447
0.0669849
0.0676798
0.0685417
0.0695853
0.0708283
0.072294
0.0740156
0.0760454
0.0784742
0.0814762
0.0854237
0.0912265
0.101617
0.128522
0.284094
0.0755121
0.0748548
0.0741709
0.0734555
0.0727138
0.0719554
0.071192
0.0704355
0.0696977
0.0689898
0.0683223
0.0677047
0.0671454
0.0666524
0.0662326
0.0658926
0.065639
0.065478
0.0654165
0.0654615
0.0656205
0.065902
0.0663149
0.0668694
0.0675767
0.0684493
0.0695019
0.0707524
0.0722241
0.0739504
0.0759833
0.0784136
0.0814151
0.085359
0.091152
0.101516
0.128327
0.283414
0.0747701
0.0741224
0.0734534
0.0727588
0.0720437
0.0713167
0.0705886
0.0698701
0.0691719
0.0685043
0.0678767
0.067298
0.0667762
0.0663184
0.0659315
0.065622
0.0653961
0.0652603
0.0652215
0.0652867
0.0654637
0.065761
0.0661879
0.0667546
0.0674723
0.0683539
0.0694141
0.070671
0.0721478
0.0738781
0.0759138
0.0783456
0.081347
0.0852882
0.0910727
0.101413
0.12814
0.282811
0.0741212
0.0734772
0.0728177
0.072139
0.0714455
0.0707452
0.0700476
0.0693622
0.0686989
0.0680667
0.0674744
0.06693
0.066441
0.0660143
0.0656563
0.0653734
0.0651717
0.0650579
0.0650387
0.0651214
0.0653139
0.0656249
0.0660636
0.0666406
0.0673672
0.0682563
0.0693229
0.0705851
0.0720663
0.0737999
0.0758382
0.0782716
0.0812732
0.0852123
0.09099
0.101309
0.127961
0.282283
0.0735531
0.0729057
0.0722499
0.071582
0.0709057
0.0702278
0.0695567
0.0689007
0.0682683
0.0676679
0.0671072
0.0665936
0.066134
0.0657349
0.0654026
0.0651433
0.0649631
0.0648686
0.0648666
0.0649646
0.0651705
0.0654931
0.065942
0.0665277
0.0672617
0.0681572
0.0692291
0.0704957
0.0719806
0.0737172
0.0757577
0.0781926
0.0811948
0.0851326
0.0909047
0.101206
0.127791
0.281827
0.0730551
0.072396
0.0717373
0.071075
0.0704116
0.0697527
0.0691049
0.0684753
0.0678712
0.0672997
0.0667678
0.0662822
0.0658494
0.0654754
0.0651664
0.0649283
0.0647674
0.0646902
0.0647035
0.0648149
0.0650325
0.0653653
0.0658229
0.0664161
0.0671564
0.0680572
0.0691335
0.0704038
0.0718917
0.0736308
0.0756734
0.0781098
0.0811129
0.0850501
0.090818
0.101104
0.127629
0.28144
0.0726173
0.0719366
0.0712678
0.0706059
0.0699517
0.0693088
0.0686819
0.0680766
0.0674987
0.0669543
0.0664493
0.0659899
0.065582
0.0652314
0.0649439
0.0647254
0.0645821
0.0645205
0.0645477
0.0646712
0.0648993
0.0652411
0.0657063
0.0663059
0.0670516
0.0679568
0.0690368
0.0703102
0.0718006
0.0735419
0.0755863
0.0780244
0.0810285
0.0849658
0.0907307
0.101003
0.127477
0.281117
0.0722298
0.0715156
0.0708288
0.0701622
0.0695139
0.0688848
0.0682775
0.0676953
0.0671426
0.0666242
0.0661451
0.0657107
0.0653266
0.0649981
0.064731
0.064531
0.0644043
0.0643574
0.0643974
0.0645321
0.0647698
0.0651197
0.0655918
0.0661971
0.0669475
0.0678566
0.0689397
0.0702156
0.0717083
0.0734514
0.0754976
0.0779372
0.0809427
0.0848807
0.0906436
0.100905
0.127335
0.280851
0.0718819
0.07112
0.0704065
0.0697304
0.0690856
0.0684693
0.067881
0.0673218
0.0667941
0.0663014
0.0658479
0.0654383
0.0650775
0.0647707
0.0645234
0.0643414
0.0642307
0.064198
0.0642505
0.0643958
0.0646427
0.0650003
0.0654789
0.0660894
0.0668442
0.0677567
0.0688427
0.0701209
0.0716154
0.0733602
0.075408
0.0778493
0.0808564
0.0847955
0.0905574
0.10081
0.127202
0.280635
0.0715612
0.0707347
0.0699857
0.0692962
0.0686536
0.0680501
0.0674815
0.0669459
0.066444
0.0659777
0.0655502
0.0651656
0.0648284
0.0645435
0.0643162
0.0641523
0.0640577
0.0640392
0.064104
0.0642601
0.0645161
0.0648815
0.0653665
0.0659823
0.0667413
0.0676573
0.068746
0.0700264
0.0715228
0.0732692
0.0753186
0.0777615
0.0807704
0.084711
0.0904728
0.100719
0.127079
0.280458
0.0712524
0.0703424
0.0695498
0.0688443
0.0682043
0.0676151
0.0670679
0.0665577
0.066083
0.0656443
0.065244
0.0648854
0.0645727
0.0643104
0.0641038
0.0639586
0.0638807
0.063877
0.0639548
0.0641221
0.0643878
0.0647613
0.0652531
0.0658746
0.0666383
0.067558
0.0686497
0.0699325
0.0714309
0.0731791
0.0752301
0.0776747
0.0806856
0.0846281
0.0903906
0.100632
0.126965
0.280305
0.070938
0.0699257
0.0690835
0.0683621
0.0677268
0.0671546
0.0666314
0.0661489
0.0657033
0.065294
0.0649223
0.064591
0.064304
0.0640655
0.0638808
0.0637553
0.0636953
0.0637074
0.0637992
0.0639787
0.0642549
0.0646375
0.0651371
0.065765
0.0665341
0.0674582
0.0685536
0.0698393
0.0713401
0.0730904
0.0751433
0.0775899
0.0806029
0.0845475
0.0903113
0.100549
0.12686
0.280159
0.0706002
0.0694714
0.0685784
0.0678442
0.0672176
0.0666661
0.0661696
0.0657169
0.0653022
0.0649236
0.0645818
0.064279
0.0640188
0.0638054
0.0636437
0.0635393
0.0634983
0.0635276
0.0636346
0.0638277
0.0641157
0.0645085
0.0650169
0.0656525
0.0664279
0.0673575
0.0684574
0.0697469
0.0712509
0.073004
0.0750593
0.0775083
0.0805235
0.0844706
0.0902362
0.100472
0.126766
0.279994
0.0702296
0.0689825
0.0680446
0.067304
0.066691
0.066163
0.065695
0.0652728
0.0648891
0.0645414
0.0642295
0.0639553
0.0637222
0.0635342
0.0633961
0.0633134
0.0632923
0.0633396
0.0634628
0.0636703
0.0639712
0.0643753
0.0648937
0.0655379
0.0663209
0.0672569
0.0683624
0.0696567
0.0711648
0.0729214
0.07498
0.0774318
0.0804498
0.0843995
0.0901674
0.100403
0.126685
0.279773
0.0698456
0.0684977
0.0675293
0.0667912
0.0661954
0.0656913
0.0652499
0.0648554
0.0644997
0.0641795
0.0638944
0.0636461
0.0634376
0.0632729
0.0631566
0.0630942
0.0630919
0.0631563
0.0632951
0.0635168
0.0638303
0.0642459
0.0647743
0.0654274
0.0662183
0.0671613
0.0682728
0.0695725
0.0710854
0.0728463
0.0749086
0.0773639
0.0803852
0.0843381
0.0901096
0.100349
0.126635
0.279476
0.0695105
0.0681247
0.0671524
0.066424
0.0658432
0.0653562
0.0649327
0.0645564
0.0642188
0.0639164
0.0636489
0.0634178
0.0632259
0.0630771
0.0629759
0.0629277
0.0629385
0.0630152
0.0631653
0.0633972
0.0637201
0.064144
0.06468
0.0653398
0.0661367
0.067085
0.0682013
0.0695053
0.071022
0.0727862
0.0748517
0.0773098
0.0803337
0.084289
0.0900629
0.100307
0.126601
0.278961
)
;

boundaryField
{
    leftWall
    {
        type            epsilonWallFunction;
        value           nonuniform List<scalar> 
100
(
0.0321496
0.0408935
0.0532401
0.067863
0.0842551
0.100095
0.114783
0.128155
0.139582
0.149293
0.157502
0.1644
0.170237
0.175289
0.179844
0.184192
0.189014
0.197202
0.206973
0.219323
0.235275
0.255712
0.28085
0.309323
0.337371
0.358902
0.367013
0.35774
0.338134
0.329106
0.581022
0.908369
0.92923
0.776989
0.671413
0.646062
0.668187
0.719939
0.789244
0.866497
0.94469
1.01919
1.08714
1.14689
1.1977
1.23946
1.27258
1.2979
1.31525
1.32292
1.32158
1.3119
1.29454
1.27022
1.23977
1.20405
1.16401
1.12059
1.07473
1.02735
0.979329
0.931466
0.884486
0.839007
0.795534
0.754455
0.71604
0.680451
0.647754
0.617937
0.590925
0.566603
0.54483
0.525459
0.508355
0.493399
0.480503
0.469612
0.460702
0.453781
0.448884
0.446073
0.445439
0.44711
0.451264
0.458162
0.468178
0.481858
0.49999
0.523722
0.554753
0.595686
0.650652
0.726471
0.835112
0.998095
1.25154
1.65394
2.32341
3.63006
)
;
    }
    rightWall
    {
        type            epsilonWallFunction;
        value           nonuniform List<scalar> 
100
(
0.0434144
0.0169484
0.0185237
0.0784458
0.0836434
0.0967531
0.109342
0.121061
0.131976
0.142177
0.15175
0.160769
0.169299
0.177402
0.185138
0.192589
0.20419
0.217682
0.230463
0.242317
0.253274
0.263403
0.272776
0.281461
0.289521
0.297007
0.303969
0.310442
0.316457
0.322036
0.327194
0.331941
0.336279
0.340209
0.343731
0.346841
0.349537
0.351819
0.353686
0.355144
0.356198
0.356859
0.35714
0.357056
0.356628
0.355876
0.354823
0.353494
0.351914
0.350109
0.348102
0.34592
0.343586
0.341124
0.338555
0.3359
0.333177
0.330403
0.327591
0.324747
0.321881
0.319209
0.316895
0.314773
0.312755
0.310799
0.308885
0.307008
0.305168
0.30337
0.301619
0.299921
0.29828
0.2967
0.295186
0.293739
0.292363
0.291059
0.28983
0.288678
0.287603
0.286607
0.28569
0.284853
0.284094
0.283414
0.282811
0.282283
0.281827
0.28144
0.281117
0.280851
0.280635
0.280458
0.280305
0.280159
0.279994
0.279773
0.279476
0.278961
)
;
    }
    lowerWall
    {
        type            epsilonWallFunction;
        value           nonuniform List<scalar> 
124
(
0.0321496
0.116597
0.228424
0.333436
0.431406
0.5188
0.600034
0.677809
0.754435
0.831822
0.911479
0.994547
1.08184
1.17388
1.27092
1.37291
1.47956
1.59026
1.7041
1.81987
1.93605
2.05082
2.16208
2.26753
2.36466
2.45092
2.52374
2.58067
2.61949
2.63823
2.63514
2.60768
2.56079
2.49773
2.41414
2.30854
2.1806
2.03081
1.86154
1.6794
1.49479
1.32481
1.22172
1.03554
0.907903
0.773677
0.773677
0.81965
1.20421
1.6789
2.24301
2.8227
3.42041
4.10964
4.75476
5.41773
6.13304
6.9315
7.85456
8.95938
10.3175
12.1122
14.5758
10.9464
10.3431
16.5164
18.1997
7.68401
7.17251
7.52016
0.064906
0.0814666
0.120819
0.160544
0.201463
0.245418
0.294939
0.353518
0.426185
0.520407
0.647413
0.823987
1.07434
1.43131
1.94573
2.86095
0.064906
0.163978
0.231884
0.279346
0.313813
0.33955
0.358993
0.373414
0.382636
0.38745
0.388616
0.386805
0.382663
0.376798
0.369776
0.362079
0.354048
0.346316
0.339119
0.332428
0.326245
0.320519
0.315147
0.309989
0.304899
0.299839
0.294383
0.288141
0.280727
0.271687
0.260474
0.246418
0.228685
0.206212
0.177594
0.14089
0.0942725
0.0434144
)
;
    }
    atmosphere
    {
        type            inletOutlet;
        inletValue      uniform 0.1;
        value           nonuniform List<scalar> 
92
(
0.1
0.1
0.1
0.1
0.1
0.1
0.1
0.1
0.1
0.1
0.1
0.1
0.1
0.1
0.1
0.1
0.1
0.1
0.1
0.1
0.1
0.1
0.1
0.1
0.1
0.1
0.1
0.1
0.1
0.1
0.1
0.1
0.1
0.1
0.1
0.1
0.1
0.1
0.1
0.1
0.1
0.1
0.1
0.1
0.1
0.1
0.1
0.0833086
0.0798035
0.0771769
0.0751083
0.0734467
0.0721001
0.0710016
0.0695105
0.0681247
0.0671524
0.066424
0.0658432
0.0653562
0.0649327
0.0645564
0.0642188
0.0639164
0.0636489
0.0634178
0.0632259
0.0630771
0.0629759
0.0629277
0.0629385
0.0630152
0.0631653
0.0633972
0.0637201
0.064144
0.06468
0.0653398
0.0661367
0.067085
0.0682013
0.0695053
0.071022
0.0727862
0.0748517
0.0773098
0.0803337
0.084289
0.0900629
0.100307
0.126601
0.278961
)
;
    }
    defaultFaces
    {
        type            empty;
    }
}


// ************************************************************************* //
