/*--------------------------------*- C++ -*----------------------------------*\
  =========                 |
  \\      /  F ield         | OpenFOAM: The Open Source CFD Toolbox
   \\    /   O peration     | Website:  https://openfoam.org
    \\  /    A nd           | Version:  7
     \\/     M anipulation  |
\*---------------------------------------------------------------------------*/
FoamFile
{
    version     2.0;
    format      ascii;
    class       volScalarField;
    location    "0.3";
    object      k;
}
// * * * * * * * * * * * * * * * * * * * * * * * * * * * * * * * * * * * * * //

dimensions      [0 2 -2 0 0 0 0];

internalField   nonuniform List<scalar> 
9072
(
0.00298744
0.00574518
0.00899444
0.0115728
0.0137428
0.0155417
0.0171247
0.0185744
0.0199494
0.0212917
0.0226308
0.0239866
0.0253714
0.026792
0.02825
0.0297431
0.0312653
0.0328068
0.0343551
0.0358945
0.0374066
0.0388707
0.0402641
0.0415626
0.042741
0.0437738
0.0446363
0.0453048
0.0457578
0.0459756
0.0459395
0.0456194
0.0450716
0.0443288
0.0433342
0.0420615
0.0404936
0.0386194
0.036447
0.0340379
0.0315103
0.0291035
0.0275477
0.0246686
0.0225596
0.0202641
0.00471428
0.0122337
0.0186906
0.0239233
0.0280968
0.0315856
0.0346198
0.0373691
0.0399567
0.0424691
0.0449649
0.0474824
0.0500442
0.0526613
0.0553348
0.0580582
0.0608175
0.0635929
0.066359
0.0690855
0.0717377
0.0742777
0.0766652
0.0788586
0.0808167
0.0825003
0.0838743
0.0849103
0.0855884
0.0859003
0.085851
0.0854519
0.0846714
0.0836069
0.0823377
0.0809658
0.0796196
0.078468
0.0777349
0.0776728
0.0782758
0.0780446
0.0746965
0.0637972
0.0477027
0.0347376
0.00561798
0.0156137
0.0232832
0.0295416
0.0347049
0.0390716
0.0428884
0.0463515
0.0496087
0.052765
0.0558922
0.0590369
0.0622263
0.0654732
0.0687785
0.0721334
0.0755207
0.078916
0.0822884
0.0856016
0.0888144
0.0918819
0.0947569
0.0973912
0.099738
0.101754
0.103402
0.104654
0.105498
0.105936
0.105991
0.105707
0.105123
0.104343
0.103479
0.102654
0.101991
0.101598
0.1016
0.102206
0.103596
0.104544
0.101933
0.0927852
0.0711166
0.0449012
0.00659651
0.0180951
0.0264368
0.0333189
0.0390963
0.0440432
0.0484017
0.0523735
0.0561144
0.0597376
0.0633208
0.0669148
0.0705489
0.0742365
0.0779777
0.0817622
0.0855707
0.0893757
0.0931434
0.0968339
0.100402
0.1038
0.106976
0.109879
0.11246
0.114675
0.116488
0.117875
0.11883
0.119368
0.119532
0.119391
0.119038
0.118617
0.118282
0.118186
0.118452
0.11912
0.120134
0.121399
0.122838
0.123598
0.120994
0.113558
0.0964534
0.0560241
0.00761814
0.0202006
0.0290152
0.0362856
0.0424713
0.047839
0.0526173
0.0570009
0.0611434
0.0651584
0.069125
0.0730947
0.0770972
0.0811456
0.085239
0.0893657
0.0935046
0.0976266
0.101695
0.105669
0.1095
0.113138
0.116531
0.119624
0.12237
0.124723
0.12665
0.128133
0.129173
0.1298
0.130072
0.130086
0.129969
0.129908
0.130092
0.130709
0.131882
0.133606
0.135688
0.137764
0.139423
0.139934
0.137623
0.131969
0.118024
0.0679592
0.00854507
0.0221085
0.0312641
0.0387798
0.0452426
0.050926
0.0560444
0.0607789
0.0652745
0.0696397
0.0739509
0.0782577
0.0825885
0.0869551
0.0913555
0.0957767
0.100196
0.104584
0.108901
0.113106
0.117148
0.120977
0.124539
0.12778
0.130651
0.13311
0.135127
0.136688
0.137804
0.138516
0.138901
0.139077
0.139202
0.139495
0.140179
0.141465
0.143484
0.1462
0.149331
0.152338
0.154556
0.155262
0.153608
0.149794
0.138144
0.0792129
0.00936159
0.0238159
0.0332461
0.040932
0.0475934
0.0535234
0.0589266
0.0639695
0.0687848
0.0734724
0.0781029
0.082722
0.0873557
0.0920135
0.0966921
0.101377
0.106045
0.110665
0.115197
0.119599
0.12382
0.127808
0.13151
0.134873
0.137848
0.140395
0.142487
0.144119
0.145308
0.146107
0.14661
0.146956
0.147328
0.147969
0.149132
0.151046
0.153849
0.157492
0.161646
0.165674
0.16876
0.170157
0.16952
0.167382
0.157202
0.0900263
0.0100755
0.0252959
0.0349652
0.042791
0.0496119
0.0557483
0.0614004
0.0667218
0.0718324
0.0768217
0.0817527
0.0866659
0.0915836
0.0965127
0.101448
0.106375
0.111268
0.116095
0.120818
0.125393
0.129769
0.133895
0.137717
0.141184
0.144248
0.146872
0.149034
0.150732
0.151994
0.152885
0.153513
0.154035
0.154657
0.155639
0.15726
0.159764
0.163299
0.167814
0.172969
0.178091
0.182291
0.184795
0.185475
0.184825
0.175369
0.101717
0.010667
0.0265375
0.0364181
0.0443768
0.0513447
0.0576689
0.0635496
0.0691303
0.0745187
0.0797936
0.0850098
0.0902017
0.0953874
0.100571
0.105746
0.110895
0.115994
0.12101
0.125905
0.130633
0.135147
0.139393
0.143321
0.14688
0.150023
0.152718
0.154945
0.15671
0.158048
0.159034
0.159792
0.160494
0.161367
0.162681
0.164738
0.167798
0.172017
0.177359
0.183498
0.18977
0.195274
0.199208
0.201456
0.202164
0.192781
0.112116
0.0111566
0.0275499
0.0376116
0.0457051
0.0528223
0.0593305
0.0654311
0.0712598
0.0769135
0.0824611
0.0879491
0.093406
0.0988452
0.104268
0.109666
0.115022
0.12031
0.125497
0.130546
0.135413
0.140048
0.144403
0.148424
0.152065
0.155281
0.158042
0.160333
0.162165
0.163581
0.164667
0.165558
0.166443
0.167562
0.169198
0.171671
0.175251
0.180112
0.186239
0.193341
0.200801
0.207748
0.213363
0.217408
0.21946
0.209792
0.122302
0.0115621
0.0283541
0.0385646
0.0467961
0.0540713
0.0607679
0.067087
0.0731578
0.079068
0.0848776
0.0906253
0.0963337
0.102012
0.10766
0.113266
0.118812
0.124272
0.129615
0.134803
0.139793
0.144538
0.148988
0.153093
0.156808
0.160092
0.162915
0.165269
0.16717
0.168667
0.169857
0.170884
0.171949
0.173308
0.175255
0.178119
0.182185
0.187645
0.194513
0.202551
0.211213
0.219696
0.227179
0.233245
0.236772
0.226854
0.132831
0.0118974
0.0289769
0.0393051
0.0476768
0.0551197
0.0620119
0.0685517
0.0748616
0.0810216
0.0870833
0.0930789
0.0990255
0.104929
0.110785
0.116583
0.122304
0.127922
0.133405
0.138718
0.143817
0.148658
0.153193
0.157374
0.161156
0.164502
0.167387
0.169804
0.171774
0.173355
0.17465
0.175814
0.177058
0.178649
0.180889
0.18412
0.188636
0.194648
0.202209
0.211141
0.22099
0.23105
0.24053
0.248841
0.254132
0.244507
0.144108
0.0121775
0.0294481
0.0398669
0.0483793
0.055998
0.0630926
0.0698554
0.0764022
0.0828053
0.0891095
0.0953408
0.101512
0.107625
0.113675
0.119649
0.125528
0.131287
0.136896
0.142318
0.147514
0.152439
0.157048
0.161296
0.165139
0.168544
0.171487
0.173967
0.176009
0.177676
0.179078
0.180379
0.181798
0.183611
0.186127
0.189697
0.194625
0.201141
0.209336
0.219103
0.230089
0.241709
0.253245
0.263998
0.271509
0.263429
0.156616
0.0124173
0.0297983
0.0402863
0.0489388
0.0567383
0.0640396
0.071026
0.0778061
0.0844448
0.0909807
0.0974346
0.103815
0.110122
0.116349
0.122482
0.128503
0.134387
0.140105
0.145623
0.150902
0.155899
0.160573
0.164879
0.168778
0.172237
0.175238
0.177782
0.179897
0.181652
0.183163
0.184599
0.186189
0.188212
0.190985
0.194865
0.200165
0.207131
0.215895
0.226416
0.238451
0.251545
0.265102
0.278418
0.28874
0.284369
0.170955
0.0126317
0.0300582
0.0405995
0.0493914
0.0573735
0.0648818
0.0720893
0.0790964
0.0859613
0.0927165
0.0993784
0.105952
0.112437
0.118823
0.125098
0.131243
0.137236
0.143047
0.148645
0.153993
0.159052
0.163779
0.168136
0.172084
0.175595
0.178652
0.18126
0.183451
0.185297
0.186918
0.188489
0.190243
0.192465
0.195476
0.199637
0.205267
0.212629
0.221885
0.233062
0.246015
0.260427
0.275846
0.291675
0.305405
0.307407
0.1878
0.0128348
0.0302571
0.0408405
0.0497712
0.0579348
0.0656468
0.0730691
0.0802939
0.0873727
0.0943326
0.101186
0.107936
0.114579
0.121106
0.127505
0.133757
0.13984
0.145729
0.151393
0.156796
0.161903
0.166674
0.171073
0.175065
0.178624
0.181737
0.18441
0.18668
0.188619
0.190352
0.192058
0.193972
0.196382
0.19961
0.204026
0.209946
0.217644
0.227312
0.23903
0.252739
0.268238
0.285218
0.303235
0.320606
0.331053
0.208975
0.00491446
0.0124439
0.017606
0.0212135
0.0238333
0.0257906
0.0272701
0.0283709
0.0290774
0.0294487
0.0295417
0.0294071
0.0290936
0.0286475
0.0281116
0.0275231
0.0269081
0.0263146
0.0257622
0.0252483
0.0247733
0.0243334
0.0239208
0.0235249
0.0231345
0.0227468
0.0223299
0.0218535
0.0212884
0.0206002
0.0197473
0.0186789
0.0173321
0.0156262
0.013455
0.0106716
0.00713865
0.00558062
0.00799473
0.0179464
0.0240066
0.0281291
0.0311067
0.0333531
0.035076
0.0363567
0.0372111
0.0376904
0.0378461
0.0377281
0.0373877
0.0368761
0.0362432
0.0355345
0.0347868
0.034047
0.033353
0.0327049
0.032105
0.0315503
0.0310325
0.0305389
0.0300543
0.0295645
0.0290437
0.0284589
0.0277762
0.0269564
0.0259523
0.0247062
0.023146
0.0211773
0.0186691
0.0154169
0.0110481
0.00711462
0.010405
0.0224326
0.0292646
0.0338269
0.0370532
0.0394542
0.0412812
0.04263
0.0435307
0.0440307
0.0441796
0.0440278
0.043629
0.0430376
0.042308
0.0414906
0.040629
0.0397693
0.0389595
0.0382029
0.0375029
0.0368569
0.036256
0.035686
0.0351289
0.0345648
0.033967
0.0333001
0.0325268
0.0316032
0.0304775
0.0290858
0.0273485
0.0251606
0.0223748
0.0187523
0.0137695
0.00778053
0.0125823
0.026477
0.0340074
0.0389398
0.042334
0.0447981
0.0466403
0.0479769
0.0488497
0.0493073
0.0493994
0.0491776
0.0486966
0.048013
0.0471831
0.0462604
0.0452925
0.0443251
0.0434117
0.0425584
0.0417695
0.0410428
0.0403689
0.0397322
0.0391129
0.0384872
0.0378264
0.0370933
0.0362472
0.0352413
0.0340196
0.032514
0.0306394
0.0282844
0.0252918
0.0214066
0.0160498
0.00778428
0.0146433
0.0304122
0.038631
0.0438913
0.0473974
0.0498601
0.0516491
0.0529057
0.0536863
0.0540454
0.054035
0.0537078
0.0531192
0.0523261
0.0513859
0.0503531
0.0492773
0.0482048
0.0471909
0.046244
0.0453693
0.0445649
0.043821
0.0431209
0.0424429
0.0417608
0.0410436
0.0402522
0.0393436
0.038268
0.0369668
0.0353686
0.0333846
0.0308987
0.0277474
0.0236633
0.0180308
0.00813618
0.0167064
0.0344639
0.0433985
0.0489543
0.0525167
0.0549134
0.0565816
0.0576895
0.0583133
0.0585171
0.0583569
0.0578866
0.0571614
0.0562379
0.0551727
0.0540202
0.0528303
0.0516501
0.0505343
0.0494928
0.0485318
0.0476493
0.046835
0.0460716
0.0453358
0.0445991
0.0438285
0.0429832
0.0420179
0.0408809
0.0395111
0.0378349
0.0357607
0.033169
0.0298905
0.0256423
0.0197425
0.00896256
0.0188877
0.0388352
0.0485235
0.0543352
0.0578838
0.0601392
0.0616118
0.0624966
0.0628949
0.0628833
0.0625227
0.0618683
0.0609745
0.0598961
0.0586879
0.0574028
0.0560893
0.0547959
0.0535742
0.0524351
0.051385
0.0504221
0.0495357
0.0487075
0.047913
0.0471219
0.0462989
0.0454019
0.0443838
0.0431907
0.0417601
0.0400162
0.0378655
0.0351853
0.0318003
0.0274095
0.0212563
0.00972487
0.0213154
0.0437454
0.054205
0.0602079
0.0636487
0.0656714
0.0668634
0.0674437
0.0675426
0.0672511
0.0666359
0.0657531
0.0646553
0.0633945
0.0620225
0.0605892
0.0591407
0.0577265
0.0563931
0.0551516
0.0540085
0.0529617
0.0520002
0.0511049
0.0502499
0.0494033
0.0485281
0.0475805
0.0465117
0.0452664
0.0437803
0.0419764
0.039759
0.0370027
0.0335254
0.0290059
0.0226143
0.0104089
0.0241469
0.0494552
0.0606407
0.0667236
0.069931
0.0716123
0.0724288
0.0726166
0.0723378
0.0716983
0.0707709
0.0696119
0.0682717
0.0667983
0.0652391
0.0636399
0.062043
0.0604989
0.0590465
0.0576968
0.0564556
0.0553207
0.0542804
0.0533148
0.0523968
0.0514933
0.0505652
0.0495672
0.0484491
0.0471541
0.0456165
0.043758
0.0414813
0.0386577
0.0350979
0.0304598
0.0238442
0.0110265
0.0275877
0.0562854
0.0680249
0.0740048
0.0768176
0.0780347
0.0783744
0.0780791
0.0773423
0.0762847
0.0749845
0.0734989
0.0718749
0.070156
0.068384
0.0665992
0.064839
0.0631543
0.0615744
0.0601094
0.0587645
0.0575365
0.0564131
0.0553737
0.0543899
0.0534273
0.052445
0.0513963
0.0502296
0.0488866
0.0473005
0.0453915
0.0430607
0.0401763
0.0365409
0.031792
0.0249658
0.0115886
0.0319106
0.0646328
0.0765348
0.0821286
0.0843532
0.0849783
0.0847406
0.0838748
0.0826023
0.0810565
0.079322
0.0774569
0.0755055
0.0735057
0.0714929
0.0695008
0.0675616
0.0657241
0.0640071
0.062419
0.0609637
0.0596371
0.0584259
0.0573086
0.0562557
0.0552316
0.0541936
0.0530934
0.0518782
0.0504883
0.0488557
0.0468994
0.0445186
0.0415779
0.0378722
0.0330187
0.0259946
0.0121041
0.0374719
0.0749717
0.0863071
0.0911047
0.0925276
0.0924445
0.0915391
0.0900273
0.0881493
0.0860494
0.0838198
0.0815214
0.0791967
0.0768786
0.074595
0.0723721
0.0702372
0.0682332
0.0663682
0.0646484
0.0630755
0.0616441
0.06034
0.0591404
0.0580149
0.0569265
0.0558309
0.0546783
0.0534143
0.0519782
0.0503005
0.048299
0.0458711
0.0428778
0.0391058
0.0341532
0.0269428
0.01258
0.0447088
0.0878115
0.09741
0.100858
0.10127
0.100396
0.0987534
0.0965412
0.0940019
0.0912895
0.088507
0.0857217
0.0829769
0.0803009
0.0777147
0.0752352
0.0728883
0.0707023
0.0686773
0.066816
0.0651176
0.0635749
0.0621723
0.0608857
0.0596836
0.0585281
0.0573727
0.0561664
0.0548532
0.053371
0.0516493
0.0496044
0.0471315
0.0440882
0.0402531
0.0352063
0.0278208
0.0130222
0.0541051
0.103546
0.10982
0.111236
0.110462
0.10877
0.106345
0.103405
0.100167
0.0967943
0.0934066
0.0900827
0.0868702
0.0837956
0.080873
0.0781107
0.075533
0.0731482
0.0709502
0.068937
0.0671047
0.0654435
0.0639363
0.0625577
0.061275
0.0600491
0.0588319
0.0575704
0.0562073
0.054679
0.0529138
0.0508266
0.0483106
0.0452193
0.041324
0.0361876
0.0286375
0.0134354
0.0663505
0.122065
0.123414
0.122073
0.119983
0.117454
0.114272
0.110601
0.106643
0.102575
0.0985364
0.0946249
0.0908976
0.0873825
0.0840885
0.0810169
0.0781871
0.0755859
0.0732007
0.0710243
0.0690487
0.0672614
0.0656432
0.0641673
0.0627996
0.0615001
0.0602187
0.0589006
0.0574866
0.0559121
0.0541038
0.0519752
0.0494173
0.0462798
0.0423267
0.0371054
0.0294008
0.0138242
0.0857256
0.143406
0.138002
0.133362
0.129822
0.126443
0.122524
0.118122
0.113429
0.108638
0.10391
0.0993659
0.0950777
0.0910792
0.0873769
0.0839706
0.0808648
0.0780279
0.0754403
0.0730885
0.0709598
0.0690384
0.0673025
0.0657235
0.0642661
0.0628897
0.061542
0.0601654
0.0586996
0.0570784
0.0552273
0.053058
0.0504592
0.047277
0.0432687
0.0379669
0.0301183
0.0141938
0.0130587
0.0304514
0.0410943
0.050219
0.0586372
0.0666376
0.0743661
0.0819013
0.0892839
0.096533
0.103655
0.110649
0.11751
0.124228
0.130791
0.137183
0.143384
0.14937
0.155115
0.160587
0.165753
0.17058
0.175035
0.179089
0.182722
0.185925
0.188708
0.19111
0.193209
0.195133
0.197064
0.199241
0.201953
0.205518
0.210292
0.216603
0.224737
0.234917
0.247287
0.261888
0.278648
0.297399
0.317831
0.339169
0.355675
0.269162
0.0134354
0.0307132
0.0414765
0.050867
0.0596036
0.0679492
0.0760324
0.0839168
0.091631
0.0991853
0.106581
0.113814
0.120878
0.127765
0.134464
0.140962
0.147242
0.153286
0.159071
0.164571
0.169761
0.174612
0.1791
0.183204
0.186911
0.190218
0.193139
0.195714
0.198021
0.200183
0.202384
0.204858
0.207888
0.211782
0.216845
0.223411
0.23176
0.242121
0.254651
0.269409
0.286315
0.305092
0.325112
0.344899
0.357889
0.320677
0.0138797
0.0310671
0.0420296
0.0516837
0.0606927
0.069314
0.0776676
0.0858077
0.0937549
0.101514
0.109083
0.116457
0.123629
0.130593
0.137341
0.143863
0.150145
0.156173
0.16193
0.167396
0.172551
0.177373
0.181847
0.185958
0.189703
0.193085
0.19612
0.198844
0.201326
0.203683
0.206087
0.208764
0.211985
0.216042
0.22122
0.227815
0.236088
0.246248
0.258431
0.272665
0.288803
0.306415
0.324589
0.341491
0.352615
0.341509
0.0144326
0.0316182
0.0428623
0.0527572
0.0619686
0.0707724
0.0792918
0.0875778
0.0956475
0.103503
0.111142
0.118557
0.125745
0.1327
0.139414
0.145883
0.152096
0.158042
0.163709
0.169082
0.174146
0.178887
0.183296
0.187369
0.191109
0.194528
0.197643
0.200482
0.203098
0.205591
0.208118
0.21089
0.214165
0.218219
0.223322
0.229726
0.237664
0.247316
0.258786
0.27207
0.286984
0.303051
0.31934
0.3342
0.344759
0.344302
0.0151324
0.032446
0.044028
0.054107
0.0634246
0.072299
0.0808669
0.0891824
0.0972628
0.10511
0.112719
0.120086
0.127205
0.134072
0.140682
0.147032
0.153115
0.158923
0.164448
0.169678
0.174604
0.179217
0.183515
0.187501
0.191192
0.194607
0.197765
0.200681
0.203387
0.205958
0.208529
0.211297
0.214505
0.218414
0.223281
0.229333
0.23676
0.245711
0.256266
0.268405
0.28195
0.296463
0.311131
0.324623
0.334994
0.339134
0.0160053
0.0336041
0.0455157
0.0556787
0.0649834
0.0738074
0.082307
0.0905428
0.0985334
0.10628
0.113777
0.121019
0.128002
0.13472
0.141171
0.147352
0.153259
0.158889
0.164233
0.169286
0.17404
0.178493
0.182643
0.186505
0.190104
0.193475
0.196638
0.199594
0.202346
0.204941
0.207493
0.210183
0.213241
0.21692
0.221464
0.227085
0.233934
0.242127
0.251723
0.262703
0.274918
0.288006
0.3013
0.313765
0.324018
0.330319
0.0170439
0.035089
0.0472277
0.0573382
0.0665045
0.0751664
0.0834996
0.0915692
0.0993936
0.106972
0.114297
0.121363
0.128161
0.13469
0.140946
0.146928
0.152636
0.158065
0.163212
0.168073
0.172643
0.176922
0.180911
0.184626
0.188106
0.191401
0.194536
0.197495
0.20025
0.202823
0.20531
0.207885
0.210772
0.214213
0.218441
0.223653
0.229975
0.237484
0.246222
0.256171
0.26722
0.279081
0.291221
0.302836
0.312902
0.320237
0.0181761
0.0367844
0.0489656
0.0588834
0.06781
0.0762331
0.0843393
0.0921929
0.0998085
0.107182
0.114303
0.121164
0.127758
0.134079
0.140126
0.145902
0.151406
0.156637
0.161592
0.166269
0.170668
0.174788
0.178631
0.182211
0.185572
0.188778
0.191861
0.19478
0.197488
0.199995
0.202394
0.204863
0.207622
0.210903
0.21492
0.219842
0.225788
0.232793
0.240882
0.250035
0.26016
0.271021
0.282184
0.293022
0.302759
0.310505
0.0192458
0.0384212
0.0504506
0.0600863
0.0687333
0.0769003
0.084771
0.0924024
0.0998032
0.106966
0.113878
0.120532
0.12692
0.133037
0.138885
0.144466
0.149784
0.154837
0.159625
0.164148
0.16841
0.172411
0.176151
0.179639
0.182924
0.186073
0.189099
0.191935
0.194535
0.196929
0.199239
0.201653
0.20439
0.207659
0.211639
0.216452
0.222193
0.228904
0.236594
0.245238
0.254721
0.264797
0.275105
0.285165
0.294403
0.302137
0.0200293
0.0395934
0.0513787
0.0607548
0.0691749
0.0771384
0.0848156
0.0922555
0.0994635
0.106431
0.11315
0.11961
0.125807
0.13174
0.13741
0.142824
0.147985
0.152895
0.157553
0.161964
0.166138
0.170077
0.173775
0.177248
0.180562
0.183775
0.18681
0.189547
0.19198
0.194227
0.196466
0.198911
0.201748
0.205153
0.20928
0.214162
0.219854
0.226515
0.234103
0.2425
0.251539
0.260897
0.270307
0.279487
0.288081
0.295544
0.0202917
0.0397588
0.0514797
0.0607953
0.0691444
0.0770121
0.0845661
0.0918613
0.0989102
0.105711
0.11226
0.118553
0.124588
0.130367
0.135897
0.141186
0.146239
0.151053
0.155636
0.160004
0.164166
0.168113
0.171823
0.175314
0.178707
0.182133
0.185403
0.188118
0.190377
0.192448
0.194597
0.197079
0.200112
0.203845
0.208421
0.213567
0.219176
0.225911
0.233974
0.242749
0.251486
0.259957
0.26828
0.276447
0.284173
0.291045
0.019911
0.0383144
0.0506315
0.0602916
0.068803
0.0766998
0.0842055
0.0914102
0.0983454
0.105021
0.111441
0.117609
0.123522
0.129187
0.134619
0.13983
0.144819
0.149579
0.154128
0.158512
0.162753
0.166823
0.170656
0.174274
0.177972
0.181802
0.185441
0.188179
0.190363
0.192371
0.194583
0.1972
0.200342
0.204243
0.209012
0.214109
0.21964
0.226378
0.234393
0.243129
0.252509
0.261218
0.269129
0.276648
0.283552
0.289454
0.0191787
0.0353546
0.0490518
0.0595112
0.0684249
0.0764576
0.0839897
0.091176
0.0980689
0.104689
0.111053
0.117171
0.12304
0.128676
0.134111
0.139365
0.144427
0.149332
0.154105
0.158585
0.162868
0.16699
0.170896
0.174703
0.179723
0.190255
0.195354
0.19675
0.194884
0.197897
0.210877
0.220742
0.229222
0.23692
0.244359
0.251426
0.257806
0.263723
0.269325
0.273407
0.269206
0.264439
0.269857
0.276942
0.284233
0.290189
0.0190104
0.0329209
0.0491984
0.0597822
0.0686896
0.0767148
0.0842452
0.0914349
0.0983365
0.104972
0.111361
0.117515
0.123439
0.129167
0.13477
0.140358
0.146274
0.154319
0.162374
0.169686
0.176106
0.181792
0.186826
0.191426
0.196328
0.202012
0.207063
0.210633
0.213357
0.217768
0.225286
0.234109
0.242755
0.25085
0.25861
0.266109
0.273201
0.279968
0.286502
0.291939
0.294734
0.29624
0.299192
0.302954
0.30287
0.293948
0.0285346
0.0424166
0.059076
0.0705224
0.0780538
0.0854951
0.0928105
0.100001
0.107093
0.11408
0.120953
0.127699
0.134311
0.140788
0.147136
0.153349
0.159445
0.165499
0.171562
0.177582
0.183399
0.188876
0.193878
0.198406
0.202888
0.207894
0.213062
0.217468
0.22098
0.224754
0.230152
0.237153
0.244855
0.25263
0.26032
0.267931
0.275482
0.28321
0.291447
0.299647
0.306354
0.311027
0.315399
0.320787
0.324927
0.324865
0.0375368
0.0608958
0.0743806
0.0804537
0.0859805
0.0924116
0.0991786
0.106029
0.112897
0.119752
0.12657
0.133329
0.140008
0.146585
0.153034
0.159323
0.165416
0.17133
0.177117
0.182802
0.188335
0.193611
0.19852
0.203043
0.207394
0.211916
0.216559
0.220816
0.224437
0.227872
0.231983
0.237207
0.24336
0.250094
0.2572
0.264618
0.272382
0.280673
0.289725
0.299319
0.3084
0.31595
0.3225
0.329495
0.336526
0.341424
0.037628
0.0642103
0.0789269
0.085578
0.0916789
0.0981879
0.104926
0.111731
0.118547
0.125356
0.132141
0.138885
0.145563
0.152147
0.158604
0.164895
0.170972
0.176806
0.182415
0.187833
0.193066
0.19808
0.202822
0.207285
0.211562
0.215797
0.219998
0.223954
0.227508
0.230799
0.234256
0.238289
0.24307
0.248598
0.254838
0.261792
0.269502
0.278066
0.287576
0.297867
0.308263
0.317867
0.32649
0.334805
0.342914
0.349471
0.0333418
0.0593328
0.0763741
0.0864051
0.0944938
0.102005
0.109285
0.116421
0.123456
0.130419
0.13732
0.144153
0.150904
0.157548
0.164056
0.170393
0.176518
0.182395
0.188009
0.19337
0.19849
0.203367
0.207991
0.212368
0.21654
0.220569
0.224469
0.228165
0.231577
0.23474
0.237853
0.241209
0.245083
0.249684
0.255168
0.261661
0.269259
0.278031
0.287982
0.298932
0.310355
0.321467
0.331787
0.341323
0.350061
0.357274
0.0303754
0.0563113
0.0738063
0.0860899
0.0959961
0.104731
0.112827
0.120534
0.127989
0.135272
0.142424
0.149459
0.156375
0.163155
0.169776
0.176209
0.182422
0.188381
0.194064
0.199461
0.204575
0.209407
0.21396
0.218244
0.222286
0.226119
0.229762
0.233197
0.236394
0.239369
0.242232
0.245203
0.24857
0.252636
0.257682
0.26394
0.271574
0.28067
0.291204
0.302976
0.315515
0.328105
0.34001
0.350892
0.360444
0.368101
0.0297149
0.0552244
0.0728297
0.0862972
0.0974241
0.107159
0.116031
0.124344
0.132283
0.139959
0.147434
0.154739
0.161878
0.168843
0.175615
0.182171
0.188482
0.19452
0.200262
0.205692
0.210801
0.215587
0.220054
0.224209
0.228072
0.231669
0.235025
0.238151
0.241053
0.243766
0.246389
0.249121
0.252253
0.256124
0.261078
0.267415
0.275352
0.285003
0.296338
0.309145
0.322968
0.337116
0.35078
0.363182
0.373816
0.382098
0.0304534
0.0556158
0.0733595
0.0874401
0.0992587
0.109645
0.119092
0.127906
0.136281
0.144334
0.152135
0.159717
0.167089
0.174247
0.181172
0.187844
0.194236
0.200323
0.206082
0.211494
0.216545
0.221228
0.225543
0.229496
0.233105
0.236396
0.239401
0.242155
0.244699
0.247103
0.249492
0.252081
0.255169
0.259116
0.264292
0.271031
0.279581
0.290071
0.302471
0.316554
0.331853
0.347661
0.363111
0.377281
0.38925
0.398305
0.0320388
0.0570924
0.0750277
0.0893796
0.101506
0.112229
0.122024
0.131183
0.139887
0.148245
0.156321
0.164142
0.171718
0.179038
0.186085
0.192838
0.19927
0.205356
0.211071
0.216396
0.221313
0.225813
0.229894
0.233561
0.236834
0.239745
0.242339
0.244676
0.246834
0.248925
0.25112
0.253663
0.256873
0.261123
0.266796
0.274237
0.283705
0.295333
0.309084
0.324702
0.341685
0.359282
0.376548
0.392448
0.405943
0.416005
0.0340724
0.0592853
0.0774269
0.091822
0.103998
0.114825
0.124778
0.134128
0.14304
0.151607
0.159878
0.167874
0.175592
0.18302
0.190137
0.196916
0.20333
0.209352
0.214956
0.22012
0.224827
0.229065
0.232833
0.236139
0.239009
0.241486
0.243634
0.245541
0.247326
0.249149
0.251225
0.253836
0.257327
0.26208
0.268483
0.276882
0.287537
0.300572
0.31593
0.333321
0.352187
0.371704
0.390834
0.40844
0.423385
0.434589
0.0362553
0.061869
0.0801936
0.0944867
0.106555
0.117335
0.127304
0.136721
0.145729
0.154406
0.162785
0.170875
0.178664
0.186132
0.193252
0.199993
0.206325
0.212217
0.217643
0.222579
0.227006
0.230915
0.234307
0.237198
0.239624
0.241642
0.243342
0.244842
0.246304
0.247933
0.24999
0.252792
0.256707
0.262128
0.269442
0.27899
0.291024
0.305655
0.3228
0.342123
0.363003
0.38453
0.405569
0.424886
0.441275
0.453617
0.0383914
0.0646028
0.0830571
0.0971671
0.109045
0.119691
0.129585
0.138973
0.147986
0.156683
0.165085
0.173188
0.180972
0.188408
0.195462
0.202099
0.208284
0.213985
0.219171
0.22382
0.227913
0.231445
0.234421
0.236867
0.238833
0.240398
0.241676
0.24282
0.24403
0.245555
0.247695
0.250798
0.25525
0.261449
0.26978
0.280578
0.294081
0.310385
0.329379
0.350681
0.373605
0.397157
0.420113
0.441161
0.459059
0.472694
0.0403675
0.067322
0.0858423
0.0997347
0.111391
0.121859
0.131622
0.140917
0.149861
0.158504
0.166854
0.174896
0.182603
0.189938
0.19686
0.203331
0.209311
0.214765
0.219662
0.223978
0.227698
0.230821
0.233362
0.235358
0.236875
0.238014
0.238917
0.239769
0.240806
0.242312
0.244619
0.2481
0.25315
0.260171
0.269541
0.281587
0.296536
0.314468
0.335248
0.358459
0.383357
0.408877
0.433714
0.4565
0.475997
0.491168
0.0421247
0.0699135
0.0884456
0.10212
0.113555
0.123832
0.133434
0.142592
0.151415
0.159943
0.168178
0.176096
0.183662
0.190834
0.197568
0.203818
0.209542
0.214705
0.219273
0.223226
0.226551
0.229253
0.231358
0.232916
0.234011
0.234767
0.235351
0.235977
0.23691
0.238463
0.24099
0.244878
0.250529
0.258341
0.268687
0.281882
0.298147
0.317555
0.339959
0.364919
0.391651
0.419027
0.445672
0.470169
0.49132
0.508248
0.0436373
0.072297
0.0908096
0.104287
0.115521
0.125611
0.135039
0.144034
0.152698
0.161067
0.169135
0.176877
0.18425
0.19121
0.197705
0.203691
0.209122
0.213959
0.218174
0.221745
0.224667
0.226951
0.228633
0.22978
0.230493
0.230914
0.231234
0.23169
0.23257
0.234206
0.236967
0.241244
0.24744
0.255946
0.267128
0.281295
0.298668
0.319324
0.34312
0.369615
0.398004
0.427104
0.455463
0.481608
0.504387
0.523154
0.0449006
0.0744181
0.0929036
0.10622
0.117282
0.127197
0.13645
0.145266
0.153747
0.161923
0.169789
0.177314
0.184455
0.191161
0.197383
0.203071
0.20818
0.212673
0.21652
0.219704
0.222227
0.224108
0.225394
0.226164
0.226537
0.226671
0.226774
0.227102
0.227957
0.229681
0.232649
0.237252
0.243888
0.252939
0.264764
0.279673
0.297895
0.319526
0.344451
0.372248
0.40211
0.432809
0.4628
0.490516
0.51481
0.535292
0.0459233
0.0762424
0.0947105
0.107906
0.118826
0.128585
0.137667
0.146299
0.154581
0.162544
0.170182
0.177462
0.18434
0.190767
0.196689
0.202059
0.206831
0.210968
0.214445
0.21725
0.219388
0.220889
0.221811
0.222244
0.222318
0.222207
0.222131
0.222355
0.223188
0.224977
0.228095
0.232927
0.239862
0.249276
0.261522
0.276916
0.295706
0.318024
0.343803
0.372671
0.403838
0.436042
0.467629
0.496874
0.522543
0.544434
0.0467236
0.0777496
0.096219
0.109333
0.120141
0.129761
0.138681
0.147129
0.155205
0.162944
0.170337
0.177355
0.183953
0.190083
0.195692
0.200733
0.205162
0.208945
0.21206
0.214499
0.216277
0.217428
0.218021
0.218155
0.21797
0.217649
0.217417
0.217545
0.218341
0.220151
0.223338
0.228282
0.235361
0.244941
0.257376
0.272993
0.292069
0.314789
0.341156
0.370873
0.4032
0.43686
0.47008
0.500915
0.5279
0.55086
0.0473277
0.0789302
0.0974203
0.110485
0.121205
0.130705
0.139474
0.147741
0.155612
0.163121
0.170263
0.177011
0.183321
0.189147
0.194439
0.19915
0.203241
0.206679
0.209448
0.211545
0.21299
0.213825
0.214125
0.213998
0.213589
0.213084
0.212711
0.212738
0.213469
0.21524
0.218407
0.223339
0.230401
0.239954
0.252355
0.267945
0.287041
0.30989
0.336588
0.366941
0.400299
0.435404
0.470376
0.503005
0.53145
0.555331
0.0477369
0.0797645
0.0983064
0.111346
0.121998
0.131393
0.140022
0.148118
0.155786
0.163067
0.169958
0.176434
0.182456
0.18798
0.192958
0.197349
0.201113
0.204226
0.206672
0.208455
0.2096
0.210155
0.2102
0.209846
0.20924
0.20857
0.20806
0.207972
0.208604
0.210279
0.213339
0.218138
0.225031
0.234374
0.246541
0.261881
0.280749
0.303471
0.330251
0.361028
0.395278
0.431821
0.468715
0.503476
0.53377
0.55874
0.0479122
0.0802841
0.0988696
0.111894
0.122492
0.131796
0.140297
0.14823
0.155705
0.162764
0.16941
0.175622
0.181363
0.186595
0.191272
0.195357
0.198816
0.201627
0.203779
0.20528
0.20616
0.206471
0.206294
0.205743
0.204965
0.204141
0.203493
0.203272
0.203765
0.205284
0.208157
0.212724
0.219332
0.228329
0.240077
0.254956
0.273365
0.295728
0.322353
0.353318
0.388281
0.426202
0.465159
0.502432
0.535126
0.561589
0.0478709
0.0804944
0.099103
0.112113
0.122665
0.131888
0.140272
0.148053
0.155346
0.162195
0.168608
0.174567
0.180042
0.184996
0.189391
0.193193
0.196371
0.198907
0.200797
0.20205
0.2027
0.202801
0.202435
0.201715
0.200783
0.199817
0.199027
0.198655
0.198975
0.200283
0.202897
0.207144
0.213361
0.221892
0.2331
0.247382
0.265175
0.286949
0.31314
0.344009
0.379419
0.418534
0.459583
0.49964
0.535259
0.563754
0.0476289
0.0803997
0.0990035
0.111994
0.122503
0.131652
0.139928
0.14757
0.154692
0.161344
0.167537
0.173259
0.178485
0.183182
0.187318
0.19086
0.193786
0.196079
0.197738
0.198778
0.199232
0.199157
0.198633
0.197769
0.196704
0.195606
0.194674
0.194138
0.194256
0.195313
0.19761
0.201464
0.207204
0.215169
0.225724
0.239277
0.256294
0.277305
0.302851
0.333364
0.368932
0.408963
0.451826
0.494625
0.533461
0.564595
0.0472011
0.0800081
0.0985737
0.111533
0.121999
0.131077
0.139254
0.146766
0.153729
0.160198
0.166188
0.171691
0.176687
0.181149
0.185049
0.18836
0.191062
0.193143
0.194606
0.195466
0.195758
0.195539
0.194886
0.193905
0.192726
0.191508
0.190438
0.189732
0.189633
0.190409
0.19235
0.19576
0.200959
0.208281
0.218091
0.230799
0.246894
0.266945
0.291583
0.321391
0.356692
0.397186
0.44152
0.486911
0.529189
0.563684
0.0466027
0.0793321
0.0978218
0.110735
0.121152
0.130162
0.138244
0.145634
0.15245
0.158749
0.164551
0.169854
0.174641
0.178892
0.182582
0.185688
0.188196
0.190097
0.191395
0.192108
0.192271
0.191939
0.191187
0.190114
0.188841
0.187519
0.18632
0.185446
0.185125
0.185609
0.187171
0.190107
0.194724
0.201351
0.210347
0.222121
0.237164
0.256069
0.279523
0.308235
0.342743
0.383071
0.42825
0.475808
0.521566
0.560182
0.0458503
0.0783891
0.0967625
0.109611
0.11997
0.128908
0.136899
0.144173
0.150852
0.156994
0.162624
0.167744
0.172344
0.176405
0.17991
0.18284
0.185183
0.186933
0.188098
0.188696
0.188761
0.188346
0.187522
0.186382
0.185038
0.18363
0.182317
0.181287
0.180749
0.180941
0.182121
0.18457
0.188586
0.194489
0.202627
0.213401
0.227291
0.244887
0.266899
0.294114
0.327247
0.366641
0.411793
0.460766
0.509746
0.553133
0.044962
0.0772003
0.0954157
0.108178
0.118467
0.127329
0.135227
0.142391
0.14894
0.154937
0.160409
0.165364
0.169794
0.173689
0.177032
0.179811
0.182016
0.183645
0.184705
0.185217
0.185213
0.184743
0.183875
0.182693
0.181302
0.17983
0.178423
0.177253
0.176515
0.176427
0.177235
0.179203
0.182618
0.187787
0.195048
0.204781
0.217445
0.233605
0.253954
0.279303
0.310478
0.34809
0.392117
0.441328
0.492688
0.540997
0.043957
0.0757909
0.0938066
0.106459
0.116664
0.125442
0.133246
0.1403
0.146725
0.152586
0.157913
0.162717
0.166997
0.170744
0.173948
0.1766
0.178692
0.180225
0.181208
0.181661
0.181615
0.181117
0.180229
0.17903
0.177616
0.176103
0.174626
0.17334
0.172424
0.172082
0.172539
0.174046
0.176875
0.18132
0.187702
0.19638
0.207778
0.222416
0.240939
0.264125
0.292828
0.327827
0.369502
0.41734
0.469334
0.521347
0.0428552
0.0741892
0.0919643
0.104483
0.114587
0.123272
0.130975
0.13792
0.144225
0.149956
0.155148
0.159815
0.163959
0.167578
0.170663
0.173208
0.17521
0.176671
0.177601
0.178018
0.177954
0.177452
0.176569
0.175376
0.173964
0.172434
0.170912
0.169537
0.168474
0.167907
0.168046
0.169123
0.171396
0.175142
0.180662
0.18829
0.198412
0.211491
0.228096
0.248926
0.274784
0.306491
0.34467
0.389384
0.439636
0.492713
0.0416768
0.0724258
0.0899218
0.102281
0.112268
0.120847
0.128444
0.135276
0.141462
0.147069
0.152133
0.156674
0.160696
0.1642
0.167183
0.169641
0.171572
0.172982
0.173879
0.174282
0.174222
0.173736
0.172879
0.171716
0.170327
0.168806
0.167265
0.165831
0.164652
0.163897
0.163756
0.164445
0.166201
0.169285
0.173976
0.180583
0.189449
0.200974
0.215643
0.234041
0.256862
0.284853
0.318698
0.358773
0.404804
0.455351
0.0404424
0.0705327
0.0877143
0.09989
0.109741
0.1182
0.125682
0.132397
0.138464
0.143949
0.148892
0.153314
0.157226
0.160629
0.163523
0.165909
0.167786
0.169161
0.170043
0.170451
0.170411
0.169962
0.16915
0.168036
0.166692
0.165203
0.163669
0.162205
0.160944
0.160039
0.159661
0.160007
0.161296
0.163766
0.167676
0.173306
0.18096
0.190977
0.203754
0.219757
0.239534
0.263686
0.292803
0.327318
0.36728
0.412035
0.0391722
0.0685434
0.0853788
0.0973474
0.107044
0.11537
0.122727
0.129319
0.135262
0.140627
0.145452
0.149762
0.15357
0.156882
0.1597
0.162026
0.163863
0.165216
0.166098
0.166525
0.166522
0.166124
0.165374
0.164326
0.163045
0.161608
0.160106
0.158641
0.157331
0.156314
0.155744
0.155798
0.156673
0.158586
0.161774
0.166487
0.172993
0.181578
0.192557
0.206286
0.223161
0.243614
0.268058
0.296807
0.329921
0.367034
0.0378858
0.066491
0.0829529
0.0946925
0.104216
0.112395
0.119615
0.126076
0.131894
0.137136
0.141845
0.146047
0.149758
0.152985
0.155735
0.158011
0.159817
0.161161
0.162053
0.162511
0.162557
0.162222
0.161546
0.160578
0.159377
0.158012
0.156563
0.155122
0.153795
0.152703
0.151985
0.151797
0.152315
0.153734
0.156266
0.160135
0.165574
0.172824
0.182133
0.19376
0.207975
0.225043
0.245194
0.268554
0.295036
0.324254
0.036602
0.0644082
0.0804737
0.0919643
0.101298
0.109314
0.116387
0.122709
0.128395
0.133512
0.138105
0.142201
0.145818
0.148966
0.151654
0.153887
0.155671
0.157012
0.157923
0.158419
0.158522
0.15826
0.157669
0.156792
0.155684
0.154405
0.153027
0.151633
0.150317
0.149185
0.14836
0.14798
0.148199
0.14919
0.15114
0.154246
0.158712
0.164739
0.172522
0.182249
0.194086
0.20817
0.224571
0.243244
0.263933
0.286122
0.0353376
0.0623259
0.0779774
0.0892015
0.0983293
0.106169
0.113082
0.119257
0.124805
0.129794
0.134269
0.138259
0.141784
0.144857
0.147487
0.149681
0.151446
0.15279
0.153726
0.154266
0.154431
0.154248
0.153748
0.152971
0.151964
0.150784
0.149493
0.148165
0.146883
0.145741
0.144847
0.144321
0.144298
0.144927
0.146372
0.148804
0.152398
0.157324
0.163737
0.17177
0.18152
0.19303
0.20626
0.221042
0.236992
0.253487
0.0341076
0.0602728
0.0754979
0.0864408
0.095348
0.102999
0.109741
0.115761
0.121164
0.12602
0.130374
0.134258
0.137691
0.140689
0.143263
0.145421
0.14717
0.14852
0.149482
0.150069
0.150301
0.150199
0.149794
0.149122
0.148224
0.147149
0.145956
0.144709
0.143482
0.142357
0.141427
0.140797
0.140584
0.140917
0.141934
0.143783
0.146612
0.150565
0.155765
0.162309
0.170248
0.179568
0.190163
0.201793
0.21401
0.226142
0.0329248
0.0582745
0.0730663
0.0837166
0.092391
0.0998408
0.106404
0.112258
0.117511
0.12223
0.126461
0.130235
0.133576
0.136499
0.139017
0.141138
0.142873
0.144229
0.145218
0.145853
0.14615
0.146131
0.145823
0.145257
0.14447
0.143508
0.142421
0.141266
0.140109
0.139021
0.138085
0.137389
0.137034
0.137129
0.137793
0.13915
0.141324
0.144433
0.148579
0.153833
0.160217
0.167687
0.176108
0.18521
0.194534
0.203413
0.0317992
0.0563531
0.0707103
0.0810603
0.0894921
0.0967316
0.103106
0.108789
0.113885
0.118462
0.122565
0.126228
0.129475
0.132321
0.134782
0.136867
0.138585
0.139946
0.140961
0.141641
0.142003
0.142066
0.141853
0.141392
0.140719
0.139871
0.138894
0.137839
0.136764
0.13573
0.13481
0.13408
0.133626
0.133539
0.133919
0.134869
0.136493
0.138888
0.142135
0.146287
0.151352
0.157273
0.163906
0.170986
0.178075
0.184548
0.0307383
0.0545267
0.0684536
0.0784993
0.0866819
0.0937036
0.0998821
0.105387
0.110321
0.114752
0.118725
0.122274
0.125423
0.128192
0.130593
0.132639
0.134339
0.135702
0.13674
0.137463
0.137886
0.138026
0.137905
0.137548
0.136986
0.136252
0.135387
0.134437
0.133451
0.132484
0.131599
0.130861
0.130343
0.130122
0.130281
0.130905
0.132079
0.133881
0.136377
0.139606
0.143567
0.148203
0.153375
0.158839
0.164196
0.168884
0.0297473
0.0528094
0.0663159
0.0760574
0.0839871
0.0907862
0.0967638
0.102086
0.106854
0.111134
0.114974
0.118406
0.121456
0.124144
0.126483
0.128487
0.130165
0.131528
0.132584
0.133346
0.133825
0.134039
0.134005
0.133747
0.133292
0.132669
0.131916
0.131071
0.13018
0.129289
0.128453
0.127728
0.127176
0.126862
0.126855
0.127223
0.128037
0.129359
0.13124
0.133711
0.136765
0.140349
0.144338
0.148514
0.152527
0.155884
0.0288291
0.0512113
0.0643124
0.0737539
0.0814305
0.0880047
0.0937784
0.0989147
0.103514
0.107641
0.111344
0.114657
0.117605
0.12021
0.122485
0.124444
0.126097
0.127454
0.128524
0.129318
0.129848
0.130129
0.130177
0.130012
0.129658
0.129144
0.128499
0.127759
0.126963
0.126154
0.125377
0.124682
0.12412
0.123747
0.123619
0.123793
0.124325
0.125266
0.126656
0.128516
0.130839
0.133576
0.136617
0.139776
0.142749
0.145111
0.0279844
0.0497391
0.0624543
0.0716038
0.0790303
0.0853803
0.0909494
0.0958985
0.100327
0.1043
0.107865
0.111056
0.113901
0.11642
0.118627
0.120538
0.122162
0.123508
0.124587
0.125409
0.125983
0.126324
0.126446
0.126368
0.12611
0.125696
0.125155
0.124518
0.123817
0.123092
0.122381
0.121727
0.121174
0.120769
0.120558
0.120589
0.120907
0.121552
0.122556
0.123933
0.125677
0.127742
0.130038
0.132402
0.134577
0.1362
0.0272129
0.048396
0.0607489
0.0696182
0.0768009
0.0829299
0.0882961
0.0930587
0.097316
0.101134
0.10456
0.10763
0.110369
0.1128
0.114938
0.116797
0.118387
0.119719
0.120801
0.121643
0.122255
0.122649
0.122838
0.122838
0.122668
0.122349
0.121907
0.121366
0.120759
0.120118
0.119476
0.118872
0.118342
0.117926
0.117664
0.117593
0.117752
0.118172
0.118877
0.11988
0.121171
0.122714
0.12443
0.126182
0.127753
0.128833
0.026513
0.0471828
0.0592003
0.0678044
0.0747525
0.0806665
0.0858338
0.0904124
0.0945006
0.0981648
0.101453
0.1044
0.107033
0.109374
0.11144
0.113244
0.114798
0.11611
0.11719
0.118046
0.118689
0.119128
0.119376
0.119447
0.119357
0.119125
0.118773
0.118325
0.117807
0.117248
0.116677
0.116127
0.11563
0.11522
0.114929
0.114791
0.114834
0.115086
0.115566
0.116281
0.117226
0.118367
0.119637
0.120924
0.122043
0.12273
0.0258826
0.0460988
0.05781
0.0661664
0.0728919
0.0785993
0.0835738
0.0879729
0.0918953
0.0954078
0.0985585
0.101384
0.103911
0.106162
0.108154
0.109901
0.111414
0.112702
0.113775
0.114639
0.115306
0.115782
0.116081
0.116214
0.116196
0.116043
0.115775
0.115412
0.114978
0.114497
0.113997
0.113504
0.113046
0.112653
0.112353
0.112172
0.112136
0.112265
0.112576
0.113075
0.113756
0.114591
0.115525
0.116461
0.117245
0.117653
0.0253198
0.0451419
0.0565777
0.064706
0.0712228
0.0767342
0.0815238
0.0857497
0.089511
0.0928754
0.0958917
0.0985968
0.101019
0.103179
0.105097
0.106784
0.108253
0.109514
0.110573
0.111441
0.112124
0.112631
0.112972
0.113159
0.113204
0.113122
0.112929
0.112645
0.112288
0.111882
0.111449
0.111014
0.1106
0.110232
0.109935
0.109731
0.109642
0.109684
0.109872
0.11021
0.110692
0.111297
0.111977
0.112652
0.11319
0.113401
0.0248229
0.0443098
0.0555018
0.0634231
0.0697469
0.0750744
0.0796888
0.083749
0.0873553
0.0905763
0.0934618
0.0960492
0.0983671
0.100438
0.10228
0.103906
0.105329
0.106558
0.107601
0.108465
0.109158
0.109689
0.110066
0.110298
0.110398
0.110377
0.110252
0.110038
0.109753
0.109416
0.109047
0.108668
0.108298
0.107961
0.107677
0.107464
0.107342
0.107324
0.107423
0.107643
0.107978
0.10841
0.1089
0.10938
0.10974
0.109814
0.0243907
0.0436009
0.0545808
0.0623168
0.0684643
0.073621
0.0780709
0.0819742
0.0854326
0.088516
0.0912752
0.0937481
0.0959643
0.0979465
0.0997128
0.101277
0.102652
0.103846
0.104867
0.105724
0.106422
0.106969
0.107373
0.107643
0.107789
0.107823
0.107757
0.107606
0.107385
0.107111
0.106801
0.106475
0.10615
0.105846
0.10558
0.105369
0.105228
0.105172
0.105207
0.10534
0.105566
0.10587
0.106218
0.106555
0.106785
0.106767
0.0240232
0.043014
0.0538135
0.0613861
0.0673742
0.0723741
0.076671
0.0804268
0.0837451
0.0866972
0.089335
0.0916975
0.0938145
0.0957096
0.0974009
0.0989032
0.100228
0.101385
0.102381
0.103224
0.103922
0.104479
0.104904
0.105204
0.105389
0.105469
0.105454
0.105357
0.105193
0.104976
0.10472
0.104444
0.104162
0.103891
0.103646
0.103443
0.103295
0.103213
0.103206
0.103276
0.103422
0.10363
0.103873
0.104103
0.104239
0.104159
0.0237211
0.0425496
0.0531996
0.0606305
0.0664763
0.0713332
0.0754886
0.0791067
0.082293
0.0851205
0.0876423
0.0898984
0.0919194
0.0937293
0.0953467
0.0967863
0.0980599
0.0991769
0.100145
0.100972
0.101663
0.102225
0.102664
0.102988
0.103204
0.103321
0.10335
0.103301
0.103186
0.103018
0.102812
0.10258
0.102338
0.102099
0.101877
0.101686
0.101537
0.101441
0.101403
0.101429
0.101516
0.101653
0.101817
0.101969
0.102037
0.101916
0.0234857
0.0422095
0.0527406
0.0600508
0.0657706
0.0704981
0.0745232
0.078013
0.0810752
0.0837847
0.0861959
0.0883499
0.0902781
0.0920049
0.0935494
0.0949265
0.0961481
0.0972237
0.0981612
0.0989673
0.0996479
0.100209
0.100657
0.100997
0.101237
0.101385
0.10145
0.101441
0.101368
0.101244
0.10108
0.100888
0.100681
0.100472
0.100273
0.100095
0.0999496
0.0998446
0.099787
0.0997804
0.0998234
0.0999074
0.100013
0.100105
0.100124
0.0999778
0.0233195
0.0419971
0.0524395
0.0596494
0.0652587
0.0698692
0.0737744
0.0771446
0.0800901
0.0826877
0.0849935
0.0870494
0.0888878
0.0905336
0.0920062
0.093321
0.0944899
0.0955226
0.0964267
0.097209
0.0978751
0.0984308
0.0988813
0.0992324
0.0994906
0.0996626
0.0997562
0.0997798
0.0997428
0.099655
0.099527
0.0993697
0.0991944
0.099012
0.0988334
0.0986689
0.0985279
0.0984185
0.0983467
0.0983162
0.0983261
0.0983696
0.0984302
0.0984778
0.0984604
0.0982974
0.0232251
0.0419178
0.0523016
0.0594306
0.0649439
0.0694485
0.0732429
0.076501
0.079336
0.0818269
0.0840314
0.0859927
0.0877439
0.0893105
0.0907124
0.0919651
0.0930807
0.0940689
0.0949376
0.0956931
0.0963412
0.096887
0.0973355
0.0976921
0.0979622
0.098152
0.0982682
0.0983182
0.0983101
0.0982526
0.098155
0.0980268
0.0978779
0.0977182
0.0975573
0.0974044
0.0972681
0.0971557
0.0970731
0.0970238
0.0970076
0.097019
0.0970442
0.0970569
0.0970119
0.0968379
0.0232063
0.0419787
0.0523345
0.0594013
0.0648312
0.0692394
0.0729302
0.076082
0.0788113
0.0811995
0.083306
0.0851752
0.0868412
0.0883299
0.0896617
0.0908522
0.0919139
0.0928564
0.0936876
0.0944138
0.0950405
0.0955727
0.096015
0.0963721
0.096649
0.096851
0.096984
0.0970544
0.0970693
0.0970362
0.0969632
0.0968588
0.0967315
0.0965901
0.0964434
0.0962996
0.0961665
0.096051
0.0959586
0.095893
0.0958547
0.0958392
0.0958348
0.095819
0.0957517
0.0955697
0.0232675
0.0421894
0.0525485
0.0595707
0.064928
0.069247
0.0728391
0.0758883
0.0785148
0.0808026
0.082813
0.0845917
0.0861734
0.0875849
0.0888467
0.0899748
0.0909818
0.0918773
0.0926691
0.0933637
0.0939662
0.0944814
0.0949135
0.095267
0.095546
0.0957553
0.0959
0.0959855
0.096018
0.0960039
0.0959503
0.0958644
0.0957539
0.0956266
0.0954902
0.0953522
0.0952198
0.0950995
0.0949968
0.0949154
0.0948564
0.0948164
0.0947858
0.0947448
0.0946581
0.0944686
0.0234147
0.0425623
0.052957
0.0599507
0.0652441
0.0694781
0.0729739
0.0759216
0.0784458
0.0806336
0.0825481
0.0842364
0.085734
0.087068
0.0882595
0.0893245
0.0902757
0.0911227
0.0918735
0.0925342
0.09311
0.0936053
0.094024
0.0943701
0.0946473
0.0948596
0.0950114
0.0951075
0.0951528
0.0951529
0.0951139
0.095042
0.0949438
0.0948263
0.0946962
0.0945605
0.0944257
0.0942981
0.0941831
0.0940846
0.0940043
0.0939402
0.0938841
0.093819
0.0937133
0.0935155
0.0236562
0.0431135
0.0535768
0.0605564
0.0657913
0.0699415
0.0733398
0.0761842
0.0786042
0.0806901
0.0825072
0.0841037
0.085516
0.0867715
0.0878915
0.0888923
0.0897863
0.0905835
0.0912915
0.0919164
0.0924632
0.0929359
0.0933384
0.093674
0.093946
0.0941578
0.094313
0.0944156
0.0944697
0.09448
0.0944516
0.0943896
0.0942998
0.0941881
0.0940606
0.0939234
0.0937828
0.0936447
0.0935144
0.0933963
0.0932927
0.0932026
0.0931199
0.0930295
0.0929035
0.0926947
0.0240035
0.0438639
0.0544292
0.0614063
0.0665839
0.0706469
0.0739427
0.0766785
0.0789894
0.0809694
0.0826856
0.0841875
0.085512
0.0866871
0.0877339
0.0886688
0.0895042
0.0902499
0.0909135
0.0915007
0.0920165
0.0924646
0.0928484
0.0931709
0.0934349
0.0936432
0.0937988
0.0939047
0.0939645
0.0939817
0.0939605
0.0939052
0.0938205
0.0937113
0.093583
0.0934411
0.0932912
0.093139
0.0929898
0.0928485
0.0927181
0.0925989
0.0924863
0.0923678
0.0922183
0.0919946
0.0244731
0.044841
0.0555409
0.062522
0.0676379
0.071605
0.0747887
0.0774066
0.0796006
0.081468
0.083078
0.084481
0.0857143
0.0868061
0.0877774
0.0886445
0.0894195
0.0901121
0.0907296
0.0912776
0.0917606
0.0921822
0.0925454
0.0928528
0.0931066
0.0933091
0.0934627
0.0935697
0.0936326
0.0936543
0.093638
0.0935869
0.0935049
0.0933958
0.0932642
0.0931147
0.0929524
0.0927826
0.0926108
0.0924421
0.0922803
0.0921272
0.0919799
0.0918284
0.0916504
0.0914065
0.0250881
0.0460804
0.0569445
0.0639289
0.0689709
0.0728264
0.0758826
0.0783695
0.0804354
0.0821812
0.0836779
0.0849764
0.0861143
0.0871194
0.0880125
0.0888095
0.0895223
0.0901602
0.09073
0.0912373
0.0916862
0.0920798
0.0924209
0.0927115
0.0929536
0.0931487
0.0932985
0.0934048
0.0934694
0.0934941
0.0934812
0.093433
0.0933522
0.0932419
0.0931054
0.0929465
0.0927695
0.0925794
0.0923813
0.0921807
0.0919824
0.0917895
0.0916011
0.0914098
0.0911964
0.090925
0.0258816
0.0476289
0.0586798
0.0656553
0.0706003
0.0743201
0.0772274
0.0795653
0.081489
0.0831022
0.0844771
0.0856647
0.0867022
0.0876169
0.0884289
0.0891536
0.0898024
0.0903841
0.0909051
0.0913705
0.091784
0.0921486
0.0924664
0.0927391
0.0929682
0.0931547
0.0932999
0.0934045
0.0934698
0.0934969
0.0934869
0.0934414
0.0933618
0.0932501
0.0931086
0.0929398
0.0927473
0.0925351
0.0923081
0.0920716
0.0918313
0.0915917
0.0913543
0.0911145
0.0908565
0.0905482
0.0269011
0.0495469
0.0607937
0.0677311
0.0725417
0.0760913
0.0788212
0.080988
0.0827526
0.0842208
0.0854646
0.0865345
0.0874667
0.0882872
0.0890155
0.089666
0.0902492
0.0907734
0.0912446
0.0916672
0.0920446
0.0923793
0.0926731
0.0929272
0.0931425
0.0933199
0.0934597
0.0935624
0.0936284
0.093658
0.0936515
0.0936094
0.0935322
0.0934206
0.0932756
0.0930985
0.0928915
0.0926574
0.0924002
0.0921251
0.091838
0.0915447
0.091249
0.0909498
0.0906354
0.090278
0.0282172
0.0519122
0.0633396
0.0701844
0.074805
0.0781382
0.0806555
0.0826255
0.0842125
0.0855225
0.086626
0.0875718
0.0883941
0.0891176
0.08976
0.0903347
0.0908514
0.0913174
0.0917381
0.0921174
0.0924582
0.0927625
0.0930317
0.0932667
0.093468
0.0936358
0.0937702
0.0938711
0.0939382
0.0939712
0.0939696
0.0939329
0.0938606
0.0937521
0.0936071
0.0934254
0.0932074
0.0929544
0.0926689
0.0923548
0.0920177
0.0916642
0.0913005
0.0909291
0.0905433
0.0901208
0.0299381
0.0548243
0.0663745
0.0730368
0.0773895
0.0804481
0.0827121
0.0844574
0.0858483
0.0869877
0.087943
0.0887595
0.0894688
0.0900931
0.0906485
0.0911468
0.0915966
0.0920042
0.0923742
0.09271
0.093014
0.0932876
0.093532
0.0937476
0.0939346
0.0940928
0.0942219
0.0943214
0.0943904
0.0944282
0.0944335
0.094405
0.0943412
0.0942404
0.0941008
0.0939207
0.0936985
0.0934332
0.093125
0.0927757
0.0923893
0.0919718
0.091531
0.0910731
0.0905977
0.0900895
0.0322345
0.0584093
0.0699531
0.0762951
0.0802772
0.0829928
0.0849598
0.0864534
0.0876317
0.088591
0.0893925
0.0900769
0.0906718
0.0911967
0.0916652
0.0920875
0.0924708
0.0928204
0.0931401
0.0934326
0.0936997
0.0939426
0.0941619
0.0943578
0.0945302
0.0946787
0.0948026
0.094901
0.0949729
0.0950169
0.0950313
0.0950142
0.0949634
0.0948761
0.0947492
0.0945793
0.0943629
0.0940963
0.0937766
0.093402
0.0929731
0.0924935
0.0919701
0.091412
0.0908256
0.0902052
0.0353895
0.0628243
0.074116
0.0799392
0.0834248
0.0857238
0.0873525
0.0885722
0.0895267
0.0903008
0.0909471
0.0914998
0.0919817
0.0924088
0.0927923
0.0931402
0.0934584
0.093751
0.0940211
0.0942706
0.0945009
0.0947129
0.0949067
0.0950825
0.0952397
0.095378
0.0954963
0.0955937
0.0956688
0.0957201
0.0957456
0.0957431
0.0957097
0.095642
0.095536
0.0953869
0.0951892
0.0949367
0.0946228
0.094241
0.0937863
0.0932564
0.0926538
0.0919868
0.0912672
0.0905013
0.0398714
0.0682548
0.078867
0.0839055
0.0867545
0.0885685
0.089828
0.0907617
0.0914899
0.0920807
0.0925756
0.0930009
0.0933742
0.0937075
0.0940092
0.0942856
0.0945407
0.0947779
0.0949993
0.0952062
0.0953998
0.0955803
0.0957479
0.0959024
0.0960433
0.0961701
0.0962817
0.0963771
0.0964549
0.0965136
0.0965511
0.096565
0.0965525
0.0965098
0.0964325
0.0963151
0.0961507
0.095931
0.0956459
0.0952841
0.0948331
0.0942813
0.0936203
0.0928495
0.0919801
0.0910292
0.046365
0.0748841
0.084132
0.0880649
0.0901466
0.0914298
0.09231
0.092962
0.0934729
0.0938907
0.0942439
0.0945506
0.0948226
0.0950682
0.0952931
0.0955015
0.0956965
0.09588
0.0960535
0.0962181
0.0963743
0.0965223
0.096662
0.0967933
0.0969156
0.0970283
0.0971306
0.0972214
0.0972996
0.0973636
0.0974118
0.0974419
0.0974512
0.0974364
0.0973932
0.0973161
0.0971981
0.09703
0.0967999
0.0964925
0.0960885
0.0955645
0.0948947
0.0940563
0.0930412
0.0918645
0.0557997
0.0828181
0.0896854
0.0921951
0.0934363
0.0941911
0.0947147
0.0951102
0.0954267
0.0956907
0.0959178
0.0961184
0.0962991
0.0964647
0.0966187
0.0967636
0.0969012
0.0970327
0.0971591
0.0972808
0.0973983
0.0975116
0.0976206
0.0977251
0.0978246
0.0979187
0.0980068
0.0980879
0.0981612
0.0982255
0.0982795
0.0983215
0.0983493
0.0983604
0.0983512
0.0983174
0.0982531
0.09815
0.0979972
0.0977789
0.0974728
0.0970472
0.0964573
0.095644
0.0945444
0.0931195
0.0698873
0.0917916
0.0949998
0.0959565
0.0964231
0.0967294
0.0969613
0.0971488
0.0973066
0.0974433
0.0975645
0.0976741
0.0977751
0.0978695
0.097959
0.0980448
0.0981277
0.0982084
0.0982873
0.0983647
0.0984409
0.0985157
0.0985892
0.0986611
0.0987313
0.0987994
0.0988649
0.0989275
0.0989866
0.0990413
0.099091
0.0991346
0.0991708
0.0991979
0.099214
0.0992163
0.0992011
0.0991633
0.0990954
0.0989865
0.0988194
0.0985657
0.0981766
0.0975638
0.0965741
0.0949817
0.0938634
0.0995123
0.0990625
0.0989357
0.0989175
0.0989462
0.0989889
0.0990332
0.0990754
0.0991149
0.0991518
0.0991866
0.0992197
0.0992515
0.0992826
0.099313
0.0993432
0.0993732
0.0994033
0.0994334
0.0994637
0.0994942
0.0995248
0.0995554
0.0995861
0.0996167
0.0996471
0.0996771
0.0997066
0.0997352
0.0997629
0.0997892
0.0998137
0.0998361
0.0998556
0.0998714
0.0998826
0.0998877
0.0998848
0.0998709
0.0998413
0.0997874
0.0996895
0.0994945
0.0990395
0.0978683
0.237276
0.19608
0.187864
0.256407
0.275977
0.155035
0.14781
0.152589
0.288887
0.272192
0.279947
0.288082
0.295608
0.296663
0.298813
0.31286
0.323127
0.305907
0.295893
0.292657
0.294779
0.298103
0.296939
0.297561
0.336705
0.326799
0.315745
0.306128
0.299549
0.295891
0.29381
0.292915
0.33712
0.332974
0.326616
0.318854
0.310839
0.303568
0.297603
0.293117
0.331231
0.330295
0.32765
0.323405
0.317875
0.311552
0.304999
0.298683
0.322786
0.323628
0.323243
0.321592
0.318702
0.314686
0.309724
0.303975
0.313979
0.315821
0.316764
0.316744
0.315718
0.31366
0.310555
0.306324
0.306064
0.308426
0.31011
0.311053
0.311194
0.310475
0.308816
0.306069
0.299613
0.302186
0.304223
0.305671
0.306477
0.306582
0.305902
0.304298
0.294878
0.297345
0.299411
0.30103
0.302149
0.30271
0.302635
0.301808
0.292616
0.29464
0.296367
0.2978
0.298857
0.29946
0.299542
0.299045
0.292821
0.294491
0.29583
0.296843
0.29751
0.297755
0.29753
0.296882
0.293829
0.294887
0.296059
0.297169
0.297957
0.297921
0.297229
0.296058
0.322649
0.320615
0.318359
0.314964
0.309181
0.303334
0.299165
0.296846
0.342658
0.343088
0.343022
0.341855
0.338713
0.333411
0.326561
0.319342
0.352265
0.353858
0.354961
0.355336
0.354539
0.352209
0.348378
0.343262
0.360674
0.362656
0.364016
0.364661
0.36441
0.363074
0.360562
0.356853
0.371716
0.373793
0.375126
0.375635
0.375225
0.373787
0.37123
0.367467
0.3859
0.388029
0.389287
0.389583
0.388829
0.386927
0.383782
0.379273
0.402352
0.404555
0.405761
0.405864
0.404762
0.402347
0.398498
0.393052
0.420298
0.422582
0.423757
0.423703
0.422307
0.419436
0.414937
0.408588
0.439348
0.44177
0.442955
0.442821
0.441239
0.43805
0.433056
0.425959
0.459016
0.461871
0.463336
0.463323
0.461798
0.458563
0.453352
0.445754
0.47895
0.482475
0.484665
0.485336
0.484324
0.481517
0.476536
0.468786
0.498646
0.503207
0.50659
0.508594
0.508924
0.507271
0.503182
0.495749
0.517348
0.523371
0.52853
0.532616
0.535238
0.535745
0.533456
0.526954
0.534174
0.54201
0.549493
0.556434
0.562339
0.56626
0.56691
0.562152
0.548288
0.558074
0.568218
0.578639
0.588778
0.597353
0.602181
0.60005
0.55914
0.570674
0.5834
0.597453
0.612292
0.626241
0.636114
0.636977
0.566774
0.579545
0.594327
0.611595
0.630945
0.650276
0.665006
0.667546
0.571944
0.585329
0.6014
0.621116
0.644418
0.668826
0.687876
0.689559
0.575658
0.589
0.605381
0.626392
0.652688
0.681887
0.705537
0.703993
0.578426
0.590847
0.605895
0.625709
0.651911
0.682997
0.709394
0.702673
0.580287
0.59092
0.602692
0.61778
0.638422
0.664505
0.686769
0.66737
0.581417
0.590555
0.598955
0.608559
0.62188
0.640012
0.656477
0.637962
0.582104
0.591278
0.59864
0.606266
0.617319
0.634283
0.654211
0.647927
0.581601
0.592137
0.600473
0.609395
0.623714
0.649212
0.688964
0.731784
0.578757
0.59124
0.600282
0.608091
0.61893
0.638499
0.67132
0.715302
0.572235
0.587902
0.598815
0.605747
0.611019
0.618398
0.631934
0.653434
0.55864
0.578761
0.594097
0.604211
0.609529
0.611527
0.612563
0.614978
0.534565
0.559082
0.580252
0.597156
0.609121
0.615885
0.61774
0.615199
0.498098
0.524816
0.550195
0.573509
0.593959
0.610796
0.623438
0.631133
0.451391
0.477014
0.502831
0.528509
0.55354
0.577357
0.599419
0.618842
0.400006
0.421917
0.444731
0.468433
0.492805
0.517526
0.542251
0.566314
0.349834
0.366905
0.384953
0.404144
0.42446
0.445766
0.467882
0.49038
0.304875
0.31728
0.330422
0.344543
0.359728
0.375962
0.393182
0.411157
0.266736
0.275327
0.284359
0.29408
0.304613
0.316
0.328246
0.341243
0.235299
0.241067
0.247038
0.253439
0.260398
0.267978
0.276215
0.285077
0.209657
0.213445
0.217281
0.221362
0.225807
0.230684
0.236038
0.241875
0.188753
0.191185
0.193576
0.196093
0.198844
0.201891
0.205282
0.209059
0.171662
0.173169
0.17459
0.176065
0.177688
0.179518
0.181603
0.183984
0.157656
0.158531
0.159298
0.160077
0.160949
0.161963
0.163176
0.164607
0.146174
0.146615
0.146941
0.147255
0.147625
0.148097
0.148714
0.149497
0.136765
0.13691
0.136942
0.136947
0.136983
0.137095
0.13731
0.137652
0.129054
0.129002
0.128844
0.128652
0.128474
0.128348
0.128297
0.128343
0.12272
0.122543
0.122268
0.121955
0.121647
0.121372
0.121152
0.121006
0.117493
0.117241
0.1169
0.11652
0.116139
0.115779
0.115458
0.115194
0.113149
0.112857
0.112485
0.112075
0.111659
0.111256
0.110881
0.110551
0.10951
0.109201
0.10882
0.108404
0.107978
0.107559
0.107162
0.106799
0.106437
0.106125
0.10575
0.105341
0.104921
0.104504
0.104103
0.103729
0.103821
0.103516
0.103153
0.10276
0.102355
0.101951
0.101558
0.101186
0.10158
0.101286
0.10094
0.100567
0.100181
0.0997947
0.0994163
0.0990544
0.0996494
0.099369
0.0990424
0.09869
0.0983257
0.0979592
0.0975982
0.0972501
0.09798
0.097714
0.0974065
0.0970751
0.0967321
0.0963858
0.096043
0.0957103
0.0965327
0.0962808
0.0959913
0.0956798
0.0953568
0.0950298
0.0947049
0.0943877
0.0952763
0.0950374
0.0947643
0.0944707
0.0941659
0.0938567
0.0935482
0.0932456
0.0941855
0.093958
0.0936993
0.0934213
0.0931324
0.0928387
0.0925449
0.0922555
0.0932401
0.093022
0.092775
0.09251
0.0922345
0.091954
0.0916726
0.0913945
0.0924239
0.0922125
0.0919746
0.0917196
0.0914546
0.0911846
0.0909133
0.0906444
0.0917241
0.0915166
0.0912844
0.0910363
0.0907787
0.0905163
0.0902524
0.0899902
0.0911314
0.090924
0.090694
0.0904493
0.0901957
0.0899376
0.089678
0.0894199
0.090639
0.0904278
0.0901958
0.0899503
0.0896968
0.0894393
0.0891806
0.0889233
0.0902438
0.0900236
0.0897846
0.0895336
0.0892755
0.0890142
0.0887522
0.088492
0.0899455
0.0897101
0.089458
0.0891954
0.0889271
0.0886565
0.0883862
0.0881183
0.089748
0.0894893
0.0892162
0.0889344
0.0886485
0.0883618
0.0880768
0.0877955
0.08966
0.0893675
0.0890629
0.0887518
0.0884386
0.0881267
0.0878187
0.0875166
0.0896971
0.0893563
0.0890059
0.0886515
0.0882978
0.0879486
0.0876066
0.087274
0.0898845
0.0894752
0.0890585
0.088641
0.0882283
0.0878249
0.0874344
0.0870591
0.0902604
0.089753
0.0892399
0.0887304
0.0882325
0.0877524
0.0872945
0.0868614
0.0908783
0.0902264
0.089571
0.0889274
0.0883084
0.0877226
0.0871752
0.0866684
0.0918026
0.0909265
0.0900562
0.08922
0.0884363
0.087715
0.0870589
0.0864671
0.0931104
0.0918377
0.0906367
0.0895418
0.0885612
0.0876925
0.0869277
0.0862562
0.0953572
0.0928683
0.091107
0.0897189
0.0885686
0.0875949
0.0867631
0.0860482
0.157334
0.176421
0.16242
0.152367
0.146035
0.140895
0.135503
0.129814
0.123938
0.11803
0.112249
0.106731
0.101569
0.0968109
0.0924622
0.0885326
0.084986
0.0817742
0.0788655
0.0762364
0.0738663
0.0717338
0.0698133
0.0680731
0.0664754
0.0649772
0.0635223
0.0620519
0.0605034
0.0588085
0.0568904
0.0546582
0.051997
0.0487473
0.0446563
0.0392366
0.0311807
0.01476
0.287574
0.256085
0.217145
0.191606
0.175875
0.164998
0.155904
0.147569
0.139643
0.132
0.124644
0.117661
0.111154
0.105197
0.0998395
0.0950733
0.0908146
0.0870002
0.0835796
0.0805124
0.0777645
0.0753042
0.0730986
0.0711106
0.0692979
0.067612
0.0659926
0.0643793
0.0627066
0.0609029
0.0588876
0.0565655
0.0538166
0.0504741
0.0462728
0.0407016
0.0323918
0.0154053
0.295999
0.31364
0.313799
0.26791
0.229869
0.20297
0.184195
0.169701
0.157827
0.147538
0.138204
0.129549
0.121542
0.114244
0.107768
0.102028
0.0969404
0.0924263
0.0884153
0.0848468
0.0816697
0.0788393
0.0763134
0.0740485
0.0719967
0.0701036
0.068305
0.0665378
0.0647329
0.0628148
0.0606988
0.0582853
0.0554491
0.0520165
0.0477116
0.0420039
0.0334733
0.0160049
0.291999
0.290619
0.30063
0.336004
0.315639
0.268223
0.229885
0.201942
0.181411
0.165901
0.153386
0.142551
0.132795
0.124065
0.116317
0.109462
0.103423
0.0981083
0.0934247
0.0892888
0.0856292
0.0823852
0.079503
0.0769309
0.0746162
0.0724937
0.0704994
0.0685655
0.0666187
0.0645791
0.0623575
0.0598495
0.0569248
0.053403
0.048999
0.043165
0.0344369
0.0165517
0.287667
0.285666
0.285089
0.288347
0.332113
0.345516
0.302279
0.25327
0.216154
0.190041
0.171441
0.157135
0.145177
0.134766
0.125554
0.117431
0.11031
0.104088
0.098646
0.0938744
0.0896777
0.0859758
0.0827008
0.079791
0.0771866
0.0748142
0.0726069
0.0704924
0.068393
0.0662238
0.0638906
0.0612842
0.0582686
0.0546573
0.0501565
0.0442035
0.0352959
0.0170498
0.288652
0.282396
0.279505
0.279329
0.281609
0.323842
0.361981
0.324734
0.269722
0.225361
0.195052
0.17453
0.159197
0.146537
0.13557
0.125984
0.117638
0.110393
0.104103
0.0986263
0.0938374
0.0896337
0.0859301
0.0826531
0.0797326
0.0770889
0.0746509
0.0723418
0.0700786
0.0677712
0.06532
0.0626105
0.059501
0.0557988
0.0512022
0.0451353
0.0360625
0.0175045
0.292767
0.283095
0.276879
0.273738
0.273414
0.276824
0.322686
0.370242
0.335473
0.27638
0.228668
0.196972
0.175702
0.159705
0.146496
0.135183
0.125434
0.11704
0.109808
0.103554
0.0981183
0.0933704
0.0892045
0.0855338
0.0822704
0.0793342
0.0766483
0.0741306
0.0716925
0.0692384
0.0666627
0.0638451
0.0606383
0.0568434
0.0521511
0.0459739
0.0367476
0.0179205
0.296776
0.286036
0.27727
0.271373
0.268319
0.268078
0.274397
0.328631
0.374021
0.335108
0.274224
0.226943
0.195984
0.1748
0.158539
0.145106
0.133727
0.124036
0.115759
0.108654
0.102519
0.0971867
0.0925271
0.0884354
0.0848065
0.0815589
0.0786095
0.0758703
0.073247
0.0706379
0.0679313
0.0650009
0.0616934
0.0578035
0.0530152
0.0467304
0.0373606
0.0183023
0.29909
0.289255
0.279453
0.271417
0.265966
0.263284
0.263394
0.275605
0.339249
0.372474
0.325173
0.265351
0.221449
0.192533
0.171983
0.155856
0.142548
0.131381
0.121944
0.113914
0.107027
0.101074
0.0958938
0.0913539
0.0873408
0.0837656
0.080539
0.077567
0.0747493
0.0719779
0.0691348
0.0660871
0.0626756
0.0586888
0.0538039
0.0474136
0.037909
0.0186536
0.299643
0.291595
0.282122
0.272964
0.265592
0.260717
0.25869
0.259434
0.281332
0.353326
0.363234
0.308046
0.252414
0.213541
0.187146
0.167554
0.151928
0.139068
0.128343
0.119308
0.11162
0.105014
0.0992903
0.0942792
0.0898659
0.0859505
0.0824359
0.0792221
0.0762025
0.0732627
0.0702782
0.0671097
0.0635914
0.0595061
0.0545243
0.0480307
0.0383993
0.0189775
0.298864
0.292656
0.284287
0.275032
0.266452
0.259822
0.255761
0.254529
0.257531
0.296922
0.36454
0.344527
0.286457
0.237783
0.204223
0.180294
0.161887
0.147084
0.134927
0.124805
0.116268
0.108982
0.102686
0.0971913
0.0923678
0.0881039
0.0842942
0.0808323
0.0776055
0.0744929
0.0713636
0.0680716
0.0644448
0.06026
0.0551816
0.048587
0.0388363
0.0192767
0.297068
0.29235
0.285329
0.276712
0.267745
0.259867
0.254178
0.251241
0.251097
0.263092
0.328197
0.361625
0.317983
0.263863
0.223017
0.194063
0.172412
0.155396
0.141656
0.130364
0.120933
0.112939
0.106051
0.100065
0.0948268
0.0902109
0.0861032
0.0823903
0.0789535
0.0756659
0.07239
0.0689733
0.0652373
0.060953
0.0557789
0.0490865
0.0392242
0.0195533
0.294976
0.290835
0.284901
0.277279
0.268635
0.260196
0.253295
0.248809
0.247224
0.249126
0.283443
0.351688
0.340387
0.289017
0.242714
0.208632
0.183409
0.163943
0.148476
0.135936
0.125576
0.116834
0.109348
0.10287
0.0972184
0.0922525
0.0878481
0.0838849
0.0802386
0.0767762
0.0733539
0.0698127
0.0659683
0.0615857
0.0563182
0.0495317
0.039566
0.019809
0.293212
0.288611
0.283079
0.276297
0.268416
0.260082
0.25254
0.24699
0.24419
0.244002
0.256551
0.323346
0.349092
0.310042
0.261921
0.223494
0.194675
0.172619
0.155317
0.141466
0.130116
0.120615
0.112533
0.10557
0.0995144
0.0942061
0.089511
0.0853024
0.0814502
0.0778158
0.0742495
0.0705862
0.0666357
0.0621574
0.0567999
0.0499242
0.0398637
0.0200451
0.292444
0.286755
0.280302
0.273777
0.266663
0.258928
0.251335
0.245139
0.241322
0.240169
0.244194
0.290894
0.34429
0.324613
0.279071
0.237913
0.205887
0.181269
0.162089
0.146856
0.134484
0.124228
0.115563
0.10813
0.101684
0.0960466
0.0910718
0.0866265
0.0825755
0.078775
0.0750696
0.0712886
0.067236
0.0626663
0.0572235
0.0502647
0.0401191
0.0202624
0.306781
0.287424
0.278688
0.270508
0.263272
0.256356
0.249229
0.24287
0.238436
0.236602
0.237603
0.264411
0.331177
0.331681
0.292891
0.251088
0.216651
0.189706
0.168633
0.151981
0.138602
0.127613
0.118389
0.110511
0.103696
0.0977479
0.092509
0.08784
0.0836008
0.0796429
0.0758059
0.0719136
0.0677649
0.0631097
0.0575878
0.0505534
0.040333
0.0204617
0.332211
0.308658
0.282983
0.268241
0.259058
0.252232
0.245923
0.239869
0.235234
0.232954
0.232947
0.246829
0.314819
0.332516
0.302432
0.262394
0.22661
0.197597
0.174714
0.156724
0.142391
0.130712
0.120966
0.112674
0.10552
0.0992838
0.093801
0.0889251
0.0845117
0.0804082
0.0764495
0.0724547
0.0682179
0.0634846
0.0578914
0.05079
0.0405063
0.0206434
0.34827
0.331106
0.305054
0.274687
0.256016
0.246917
0.241328
0.235942
0.23145
0.228953
0.228561
0.236396
0.299196
0.328874
0.30788
0.271071
0.235021
0.204536
0.180144
0.160964
0.14577
0.133465
0.123249
0.114585
0.107124
0.100629
0.0949268
0.0898645
0.0852944
0.0810599
0.0769921
0.0729055
0.0685901
0.063788
0.0581326
0.050974
0.0406392
0.0208075
0.358841
0.34382
0.322721
0.293221
0.250257
0.240863
0.235579
0.231054
0.226994
0.224481
0.223882
0.228724
0.285573
0.323071
0.310684
0.277664
0.241924
0.21039
0.184773
0.164592
0.148661
0.135819
0.125196
0.116209
0.108481
0.101762
0.0958676
0.0906428
0.0859361
0.0815879
0.0774256
0.0732601
0.0688776
0.0640171
0.0583098
0.051105
0.0407323
0.0209542
0.369116
0.353314
0.333188
0.307205
0.264083
0.236603
0.229271
0.225379
0.221915
0.219668
0.219107
0.222551
0.278019
0.318543
0.312438
0.282635
0.247292
0.215006
0.188459
0.167505
0.150996
0.137725
0.126772
0.117519
0.10957
0.102662
0.0966074
0.0912467
0.0864263
0.0819839
0.0777438
0.0735138
0.069077
0.06417
0.0584222
0.0511829
0.040786
0.0210837
0.380843
0.362735
0.341019
0.314326
0.276584
0.227507
0.222321
0.219113
0.216324
0.214543
0.214261
0.217678
0.275115
0.316215
0.313712
0.285998
0.250954
0.218209
0.191075
0.169619
0.152721
0.139147
0.12795
0.118494
0.110372
0.103316
0.0971339
0.0916662
0.0867569
0.0822417
0.0779421
0.0736634
0.0691863
0.0642454
0.0584694
0.051208
0.040801
0.0211958
0.3943
0.373277
0.348505
0.318643
0.28073
0.220946
0.214827
0.212418
0.210354
0.209154
0.209281
0.213596
0.277048
0.316135
0.314462
0.287595
0.252753
0.219885
0.192546
0.170888
0.153804
0.140061
0.128712
0.11912
0.110876
0.103713
0.0974392
0.091895
0.0869232
0.0823577
0.0780181
0.0737074
0.0692047
0.0642434
0.0584519
0.0511811
0.040778
0.0212906
0.40979
0.385554
0.356553
0.321547
0.279273
0.213102
0.206713
0.205476
0.204207
0.203621
0.204273
0.209896
0.281031
0.317157
0.314347
0.287321
0.252661
0.220029
0.192871
0.171309
0.154241
0.140465
0.129055
0.119392
0.111077
0.103849
0.0975206
0.0919311
0.0869239
0.0823316
0.0779721
0.0736467
0.0691335
0.0641653
0.058371
0.0511037
0.0407185
0.0213684
0.427987
0.400009
0.365041
0.322406
0.272576
0.204428
0.19905
0.198648
0.19806
0.198064
0.199399
0.207727
0.287182
0.318736
0.313065
0.28518
0.250783
0.21874
0.19212
0.170924
0.154058
0.140371
0.128986
0.119315
0.110979
0.103728
0.09738
0.0917766
0.0867615
0.0821659
0.0778067
0.0734839
0.0689753
0.0640138
0.0582293
0.0509778
0.040624
0.0214293
0.449676
0.4167
0.372734
0.319011
0.258835
0.194772
0.191543
0.191923
0.191996
0.192551
0.194952
0.212963
0.294271
0.319978
0.310301
0.281264
0.247317
0.216195
0.190418
0.16981
0.1533
0.139807
0.128523
0.118902
0.110591
0.103357
0.0970245
0.0914382
0.086442
0.0818665
0.0775273
0.0732241
0.0687347
0.0637929
0.0580303
0.0508064
0.0404966
0.0214736
0.475469
0.435064
0.377173
0.307564
0.232557
0.18343
0.184272
0.18535
0.186084
0.18717
0.191493
0.237191
0.302631
0.320221
0.30591
0.275764
0.242529
0.212621
0.18792
0.168068
0.152029
0.138815
0.127693
0.118172
0.10993
0.10275
0.0964658
0.0909262
0.085975
0.0814419
0.0771417
0.0728741
0.0684177
0.0635077
0.0577783
0.0505929
0.0403386
0.0215018
0.505572
0.453636
0.373662
0.280841
0.186311
0.174073
0.177461
0.179052
0.180363
0.182273
0.190289
0.264844
0.31087
0.318862
0.299899
0.268938
0.236719
0.208261
0.184795
0.165806
0.150316
0.13744
0.12653
0.11715
0.109015
0.101923
0.0957195
0.0902548
0.0853732
0.0809034
0.0766598
0.0724427
0.0680318
0.0631649
0.0574787
0.0503415
0.040153
0.0215145
0.539725
0.47005
0.352077
0.222741
0.164526
0.167982
0.171136
0.173304
0.175199
0.179141
0.205129
0.283988
0.316553
0.315357
0.292338
0.261074
0.230195
0.203357
0.18121
0.163135
0.148234
0.135733
0.12507
0.115867
0.10787
0.100899
0.0948046
0.089441
0.0846516
0.0802644
0.0760934
0.07194
0.0675858
0.0627715
0.0571375
0.0500567
0.0399426
0.0215123
0.576427
0.481421
0.290169
0.15974
0.158412
0.162448
0.165439
0.168187
0.170949
0.182008
0.241697
0.299255
0.319174
0.309511
0.283437
0.252517
0.223269
0.198135
0.177317
0.160155
0.145853
0.133745
0.123354
0.114354
0.106524
0.0997012
0.0937427
0.0885042
0.0838277
0.0795401
0.0754557
0.0713772
0.0670893
0.0623357
0.056761
0.0497436
0.0397108
0.021496
0.610346
0.483857
0.193933
0.152481
0.154466
0.157662
0.160831
0.163746
0.170726
0.210799
0.272641
0.311271
0.318123
0.301452
0.273607
0.243671
0.216239
0.192794
0.173247
0.156958
0.143236
0.131523
0.121417
0.112642
0.105004
0.0983555
0.0925573
0.0874654
0.08292
0.0787467
0.0747605
0.0707664
0.0665523
0.0618659
0.0563561
0.0494073
0.039461
0.0214664
0.631072
0.468322
0.173234
0.149466
0.151427
0.154432
0.157401
0.161564
0.19392
0.247334
0.295032
0.317592
0.31327
0.291758
0.263433
0.23495
0.209364
0.187495
0.169106
0.153615
0.140438
0.129111
0.119297
0.110764
0.103341
0.096889
0.0912731
0.0863468
0.0819479
0.0779011
0.0740224
0.0701198
0.0659852
0.0613706
0.0559298
0.0490531
0.0391968
0.0214244
0.628234
0.412038
0.167711
0.147588
0.149791
0.153132
0.155482
0.176596
0.225403
0.275015
0.309022
0.317922
0.305503
0.281365
0.253548
0.22671
0.202834
0.182349
0.164967
0.15018
0.137502
0.126545
0.117028
0.108751
0.101563
0.0953294
0.0899153
0.085171
0.0809313
0.0770203
0.0732558
0.0694497
0.0653983
0.0608585
0.055489
0.0486862
0.0389216
0.0213711
0.591209
0.271877
0.123431
0.133854
0.143978
0.149444
0.15904
0.196745
0.250117
0.293014
0.314818
0.31363
0.296342
0.271297
0.244487
0.219194
0.196761
0.177415
0.16087
0.146688
0.134459
0.123856
0.114639
0.106634
0.0996996
0.0937042
0.0885091
0.0839601
0.0798892
0.0761206
0.0724747
0.0687679
0.0648015
0.0603377
0.0550403
0.0483118
0.0386387
0.0213074
0.499714
0.137858
0.118698
0.120465
0.124887
0.140215
0.164657
0.212475
0.265487
0.301584
0.314375
0.307109
0.287468
0.262413
0.236592
0.212511
0.191172
0.172704
0.156829
0.143158
0.131333
0.12107
0.11216
0.104442
0.0977801
0.0920406
0.0870791
0.0827358
0.0788403
0.0752177
0.0716923
0.0680854
0.0642043
0.0598161
0.0545899
0.0479346
0.0383514
0.0212343
0.243852
0.119643
0.116207
0.115579
0.116303
0.125383
0.158867
0.216486
0.271302
0.303563
0.311485
0.301146
0.28032
0.255251
0.229977
0.206632
0.186021
0.168184
0.152831
0.139592
0.128137
0.11821
0.109616
0.102203
0.0958324
0.0903651
0.0856488
0.0815183
0.0778017
0.074326
0.0709206
0.0674126
0.063615
0.0593006
0.0541436
0.047559
0.0380628
0.0211528
0.148245
0.119597
0.11516
0.11239
0.110076
0.110658
0.130314
0.206197
0.27145
0.304749
0.31061
0.298079
0.275735
0.249922
0.224517
0.20141
0.181198
0.163792
0.148847
0.135984
0.124882
0.115295
0.107034
0.0999447
0.0938842
0.0887029
0.0842402
0.0803262
0.0767886
0.0734583
0.0701702
0.0667582
0.0630412
0.0587975
0.0537065
0.047189
0.0377755
0.0210638
0.171756
0.123976
0.116431
0.111078
0.107434
0.10662
0.111027
0.182887
0.2733
0.31135
0.31508
0.299008
0.273718
0.2461
0.219884
0.196607
0.176552
0.159441
0.144835
0.132324
0.121576
0.112344
0.104438
0.0976954
0.091962
0.0870777
0.0828733
0.0791758
0.0758145
0.0726255
0.0694505
0.06613
0.0624895
0.0583124
0.0532831
0.0468282
0.0374921
0.0209684
0.684765
0.128892
0.12153
0.111944
0.106554
0.105191
0.106546
0.146123
0.284523
0.327475
0.32592
0.303487
0.273472
0.243102
0.215607
0.191926
0.171911
0.155039
0.140756
0.128601
0.118229
0.109381
0.101856
0.0954824
0.0900913
0.0855109
0.0815656
0.0780811
0.0748905
0.0718367
0.0687688
0.0655344
0.0619651
0.0578496
0.0528771
0.0464794
0.0372147
0.0208673
0.767324
0.162541
0.132732
0.115156
0.107273
0.105581
0.108564
0.152741
0.316644
0.354204
0.341594
0.309688
0.273619
0.240048
0.211162
0.187068
0.16711
0.150503
0.136574
0.124816
0.114858
0.106429
0.0993174
0.0933334
0.0882955
0.0840215
0.0803316
0.0770532
0.0740255
0.071099
0.0681309
0.0649763
0.0614723
0.0574128
0.0524913
0.0461451
0.0369451
0.0207616
0.686761
0.577108
0.146459
0.120992
0.109293
0.107764
0.124165
0.186971
0.368521
0.388022
0.358309
0.314936
0.272566
0.236053
0.20607
0.181777
0.162017
0.145774
0.132278
0.120978
0.111487
0.103521
0.0968515
0.0912746
0.0865956
0.0826253
0.0791828
0.0761006
0.0732257
0.0704174
0.0675413
0.0644591
0.0610141
0.0570045
0.0521281
0.0458271
0.0366848
0.020652
0.62142
0.60424
0.453361
0.154954
0.116265
0.118742
0.162418
0.282396
0.430382
0.420884
0.37081
0.31641
0.268907
0.230427
0.199991
0.175885
0.15656
0.140835
0.127877
0.117115
0.108152
0.100691
0.0944893
0.0893302
0.0850093
0.0813341
0.0781274
0.075229
0.0724953
0.0697952
0.0670023
0.0639853
0.0605924
0.0566265
0.051789
0.0455269
0.0364351
0.0205392
0.606892
0.580426
0.522823
0.367184
0.215458
0.219832
0.270207
0.423259
0.485659
0.44119
0.37395
0.312028
0.261833
0.222864
0.19281
0.169348
0.150739
0.135711
0.123414
0.113275
0.104897
0.0979769
0.0922607
0.0875213
0.08355
0.0801564
0.0771702
0.0744411
0.0718362
0.0692338
0.0665153
0.0635558
0.0602083
0.0562796
0.0514749
0.0452453
0.0361968
0.0204239
0.634095
0.617878
0.586753
0.537864
0.448479
0.422596
0.464996
0.525182
0.512145
0.440556
0.364343
0.300382
0.250759
0.213128
0.184456
0.162223
0.144638
0.130487
0.118962
0.109516
0.101772
0.0954178
0.0901921
0.0858641
0.0822268
0.0790964
0.0763129
0.0737377
0.0712486
0.0687331
0.0660803
0.0631706
0.0598618
0.0559642
0.0511862
0.0449828
0.0359705
0.0203067
0.640608
0.653901
0.646266
0.6245
0.590669
0.572948
0.570854
0.556443
0.498478
0.417188
0.342199
0.281991
0.236093
0.201472
0.175074
0.154554
0.138289
0.125203
0.114574
0.105906
0.0988312
0.093051
0.0883053
0.0843694
0.081044
0.0781551
0.0755549
0.0731173
0.0707309
0.0682919
0.065696
0.0628289
0.0595524
0.0556797
0.0509225
0.0447395
0.0357567
0.0201877
0.597622
0.630572
0.645089
0.642611
0.626402
0.60451
0.573793
0.524931
0.453859
0.377691
0.311537
0.259135
0.219076
0.188566
0.165037
0.146569
0.131839
0.119957
0.110314
0.102472
0.0960912
0.0908859
0.0866082
0.0830423
0.0800025
0.0773307
0.0748931
0.0725766
0.0702803
0.0679077
0.0653606
0.0625292
0.0592787
0.0554253
0.0506834
0.044515
0.0355548
0.0200673
0.52158
0.558691
0.582392
0.589498
0.579577
0.554361
0.514257
0.459502
0.394733
0.331552
0.277671
0.234679
0.201232
0.175234
0.154812
0.138554
0.125469
0.114869
0.10626
0.0992656
0.0935771
0.0889303
0.0850942
0.0818701
0.0790899
0.0766128
0.0743205
0.0721112
0.0698932
0.0675777
0.0650718
0.0622695
0.0590393
0.0552
0.0504682
0.0443087
0.0353618
0.0199541
0.437134
0.469783
0.492386
0.50074
0.49322
0.470087
0.433283
0.386325
0.335012
0.2865
0.24489
0.210966
0.18385
0.162211
0.144837
0.130783
0.11936
0.110057
0.102486
0.0963269
0.0913068
0.0871864
0.0837577
0.0808435
0.078296
0.0759918
0.0738272
0.0717117
0.069562
0.0672955
0.0648241
0.0620455
0.0588309
0.0550014
0.0502756
0.0441207
0.0351834
0.0198559
0.360609
0.385846
0.4034
0.409743
0.403464
0.384832
0.355929
0.320323
0.28254
0.246861
0.215632
0.189404
0.167773
0.150022
0.135453
0.123485
0.113662
0.105618
0.0990479
0.0936837
0.0892879
0.0856503
0.0825892
0.0799515
0.0776098
0.0754578
0.0734052
0.0713715
0.0692808
0.0670561
0.0646135
0.0618537
0.0586505
0.054827
0.0501038
0.0439502
0.0350204
0.0197658
0.298629
0.316624
0.328868
0.332829
0.32759
0.313546
0.292404
0.266829
0.239835
0.213981
0.190728
0.170566
0.153418
0.138977
0.126889
0.116824
0.108488
0.10162
0.0959809
0.0913473
0.0875172
0.0843115
0.081576
0.0791814
0.0770201
0.0750012
0.0730464
0.0710838
0.069044
0.066855
0.064436
0.0616909
0.0584954
0.0546747
0.0499511
0.0437962
0.0348719
0.01968
0.251085
0.263273
0.27132
0.273468
0.269182
0.258859
0.243731
0.225579
0.2063
0.187464
0.170046
0.154494
0.140909
0.129218
0.119273
0.110896
0.103901
0.0980972
0.0932953
0.0893129
0.0859823
0.0831548
0.080703
0.0785199
0.0765155
0.0746126
0.0727429
0.0708421
0.0688463
0.0666873
0.0642878
0.0615537
0.0583629
0.0545423
0.049816
0.0436577
0.0347369
0.0195968
0.215151
0.223188
0.228289
0.229253
0.225766
0.218153
0.207251
0.194206
0.18021
0.166265
0.153057
0.140978
0.130204
0.120776
0.112651
0.10574
0.0999208
0.0950505
0.0909801
0.0875631
0.0846636
0.0821617
0.0799543
0.0779537
0.0760851
0.074283
0.0724873
0.0706401
0.0686822
0.0665487
0.0641648
0.0614389
0.0582504
0.0544279
0.0496969
0.0435334
0.034614
0.0195152
0.187909
0.193093
0.196214
0.196436
0.193565
0.187838
0.17981
0.170218
0.159832
0.149319
0.139179
0.129739
0.121188
0.11361
0.107012
0.101346
0.0965302
0.0924563
0.0890085
0.0860712
0.0835376
0.0813125
0.0793136
0.0774697
0.0757185
0.0740038
0.0722726
0.0704721
0.0685467
0.0664348
0.0640637
0.0613435
0.0581554
0.0543293
0.0495923
0.0434223
0.0345024
0.019435
0.167042
0.170277
0.172065
0.171816
0.169397
0.16497
0.158903
0.151681
0.143814
0.135766
0.127905
0.120496
0.11371
0.107634
0.102294
0.0976635
0.0936831
0.0902727
0.0873433
0.0848064
0.0825792
0.0805875
0.0787657
0.077056
0.0754061
0.0737674
0.0720924
0.0703325
0.0684354
0.0663417
0.0639809
0.0612646
0.0580754
0.0542446
0.0495006
0.0433233
0.0344013
0.0193562
0.150903
0.152793
0.153672
0.153113
0.151021
0.147502
0.142802
0.137249
0.131192
0.124958
0.11882
0.112987
0.107597
0.102728
0.0984054
0.0946158
0.0913163
0.0884475
0.0859432
0.0837364
0.081764
0.0799681
0.0782966
0.0767018
0.0751394
0.0735668
0.0719409
0.0702165
0.068344
0.0662659
0.0639134
0.0611997
0.0580084
0.0541721
0.0494206
0.0432354
0.0343101
0.019279
0.138348
0.139306
0.139556
0.138791
0.136937
0.134067
0.130347
0.126001
0.121273
0.116397
0.111573
0.106959
0.102662
0.0987461
0.0952326
0.0921135
0.0893592
0.0869267
0.0847673
0.082831
0.0810696
0.0794378
0.0778937
0.0763975
0.0749109
0.0733959
0.0718131
0.0701199
0.0682688
0.0662042
0.0638586
0.0611463
0.0579524
0.0541103
0.049351
0.0431578
0.0342282
0.0192036
0.128556
0.128871
0.128691
0.127793
0.126121
0.123725
0.120721
0.117263
0.113523
0.109668
0.105844
0.102165
0.0987144
0.0955388
0.0926571
0.0900652
0.0877425
0.0856586
0.0837777
0.0820625
0.080476
0.0789821
0.0775463
0.0761348
0.0747141
0.0732496
0.0717046
0.070039
0.0682067
0.0661538
0.0638139
0.0611025
0.0579055
0.0540576
0.0492907
0.0430895
0.0341552
0.0191303
0.120899
0.120783
0.120319
0.119343
0.117818
0.115778
0.113304
0.110504
0.107501
0.104411
0.10134
0.0983721
0.0955666
0.0929599
0.090567
0.0883861
0.0864035
0.0845974
0.0829416
0.0814076
0.0799663
0.0785885
0.0772451
0.0759068
0.0745434
0.0731232
0.0716118
0.0699705
0.068155
0.0661123
0.0637774
0.0610665
0.0578665
0.0540129
0.0492386
0.0430299
0.0340906
0.0190593
0.114884
0.11449
0.113848
0.112839
0.111438
0.109669
0.107592
0.105283
0.102827
0.100308
0.0978019
0.0953688
0.0930525
0.0908802
0.0888638
0.0870031
0.0852886
0.0837046
0.0822313
0.0808463
0.0795263
0.0782467
0.0769824
0.0757075
0.0743943
0.0730132
0.0715314
0.0699119
0.0681114
0.0660779
0.0637474
0.0610368
0.0578339
0.053975
0.049194
0.0429783
0.034034
0.0189908
0.11012
0.109557
0.108813
0.107803
0.10651
0.104954
0.103176
0.101233
0.0991848
0.097092
0.0950083
0.0929774
0.0910317
0.0891915
0.087466
0.0858557
0.0843538
0.0829485
0.081624
0.0803625
0.0791442
0.0779481
0.0767519
0.075532
0.0742628
0.0729163
0.071461
0.069861
0.068074
0.066049
0.0637224
0.0610122
0.0578068
0.0539432
0.0491561
0.042934
0.0339849
0.018925
0.106302
0.105644
0.104851
0.103863
0.102666
0.101278
0.0997305
0.0980635
0.0963216
0.094548
0.0927819
0.0910554
0.0893922
0.0878075
0.0863087
0.0848959
0.083564
0.0823035
0.0811014
0.0799428
0.0788104
0.0776856
0.0765483
0.0753764
0.074146
0.0728301
0.0713985
0.0698162
0.0680415
0.0660242
0.0637014
0.0609918
0.0577843
0.0539166
0.0491243
0.0428967
0.033943
0.018862
0.103202
0.102498
0.101692
0.100737
0.0996275
0.0983759
0.0970071
0.0955516
0.0940422
0.0925108
0.0909863
0.0894925
0.0880472
0.0866616
0.0853412
0.084086
0.0828914
0.0817494
0.0806488
0.0795765
0.0785171
0.0774536
0.0763672
0.0752374
0.0740412
0.0727527
0.0713424
0.069776
0.0680126
0.0660026
0.0636836
0.0609747
0.0577657
0.0538947
0.0490979
0.0428657
0.0339077
0.018802
0.100652
0.0999329
0.0991337
0.0982201
0.097188
0.0960488
0.0948221
0.0935314
0.0922016
0.090857
0.0895192
0.0882061
0.0869312
0.0857028
0.0845248
0.0833967
0.0823142
0.0812701
0.0802544
0.079255
0.0782579
0.0772472
0.0762052
0.0751124
0.0739464
0.0726824
0.0712913
0.0697395
0.0679866
0.0659835
0.0636682
0.0609605
0.0577505
0.053877
0.0490767
0.0428406
0.0338789
0.018745
0.0985263
0.0978114
0.0970319
0.0961619
0.0951993
0.0941541
0.0930422
0.0918823
0.090694
0.089496
0.0883049
0.0871345
0.085995
0.0848926
0.0838297
0.0828053
0.0818154
0.0808528
0.0799086
0.0789712
0.0780276
0.0770626
0.0760595
0.0749992
0.0738602
0.072618
0.0712444
0.069706
0.0679628
0.0659663
0.0636549
0.0609488
0.0577384
0.053863
0.0490601
0.0428211
0.033856
0.0186911
0.0967357
0.0960355
0.095282
0.0944553
0.0935547
0.0925889
0.0915713
0.0905173
0.0894424
0.0883615
0.0872878
0.0862319
0.0852017
0.0842015
0.0832329
0.0822943
0.0813813
0.0804875
0.0796037
0.0787195
0.0778219
0.0768968
0.0759277
0.0748961
0.0737812
0.0725587
0.0712009
0.0696748
0.0679409
0.0659508
0.0636434
0.0609391
0.0577289
0.0538526
0.0490479
0.0428069
0.0338389
0.0186406
0.0952133
0.0945332
0.0938082
0.0930228
0.0921771
0.0912791
0.0903401
0.0893729
0.0883904
0.0874048
0.0864265
0.085464
0.0845231
0.0836072
0.0827167
0.0818496
0.0810014
0.0801657
0.0793337
0.078495
0.0776375
0.0767471
0.0758079
0.0748019
0.0737084
0.0725038
0.0711605
0.0696458
0.0679205
0.0659366
0.0636334
0.0609314
0.0577221
0.0538455
0.0490398
0.0427976
0.0338272
0.0185933
0.0939091
0.0932512
0.0925547
0.0918075
0.0910103
0.0901703
0.0892974
0.0884026
0.0874966
0.0865895
0.0856899
0.0848045
0.0839378
0.083092
0.0822669
0.0814601
0.0806669
0.0798808
0.0790932
0.0782941
0.0774714
0.0766115
0.0756987
0.0747154
0.0736412
0.0724527
0.0711226
0.0696185
0.0679016
0.0659238
0.0636248
0.0609256
0.0577177
0.0538416
0.0490357
0.042793
0.0338206
0.0185494
0.0927849
0.0921491
0.0914797
0.090767
0.0900124
0.0892223
0.0884055
0.0875715
0.0867296
0.0858882
0.0850543
0.0842335
0.083429
0.0826423
0.0818726
0.081117
0.0803708
0.0796273
0.0788782
0.0781134
0.0773212
0.0764881
0.0755988
0.0746358
0.0735789
0.0724051
0.0710872
0.069593
0.0678839
0.0659122
0.0636177
0.0609215
0.0577156
0.0538406
0.0490354
0.0427929
0.0338189
0.018509
0.0918111
0.0911958
0.0905509
0.0898689
0.0891514
0.0884042
0.0876353
0.086853
0.0860654
0.0852794
0.0845012
0.083735
0.0829834
0.082247
0.0815246
0.080813
0.0801073
0.0794008
0.0786851
0.0779503
0.0771849
0.0763756
0.0755071
0.0745623
0.0735211
0.0723607
0.071054
0.0695692
0.0678677
0.065902
0.063612
0.0609193
0.0577158
0.0538426
0.0490386
0.042797
0.0338218
0.018472
0.0909642
0.0903668
0.0897434
0.089088
0.0884025
0.0876923
0.0869645
0.0862264
0.0854851
0.0847466
0.084016
0.0832966
0.0825903
0.0818972
0.0812156
0.0805421
0.0798716
0.0791973
0.0785109
0.0778026
0.0770609
0.0762726
0.0754228
0.0744944
0.0734674
0.0723193
0.0710231
0.069547
0.0678528
0.065893
0.0636078
0.0609189
0.0577183
0.0538474
0.0490453
0.0428052
0.0338291
0.0184384
0.0902253
0.0896424
0.089037
0.0884043
0.0877461
0.0870676
0.0863751
0.0856752
0.0849738
0.0842763
0.0835868
0.0829079
0.082241
0.0815855
0.0809395
0.0802993
0.0796596
0.0790136
0.078353
0.0776681
0.0769475
0.0761781
0.0753451
0.0744315
0.0734175
0.0722807
0.0709942
0.0695265
0.0678393
0.0658854
0.0636052
0.0609202
0.057723
0.0538549
0.0490552
0.0428171
0.0338404
0.0184082
0.0895791
0.0890067
0.0884154
0.0878012
0.087166
0.0865146
0.0858526
0.0851857
0.0845192
0.0838575
0.0832039
0.0825606
0.0819281
0.0813057
0.0806911
0.0800802
0.0794677
0.0788469
0.0782094
0.0775453
0.0768436
0.0760912
0.0752734
0.0743732
0.0733712
0.0722448
0.0709674
0.0695077
0.0678273
0.0658793
0.063604
0.0609234
0.0577299
0.053865
0.0490682
0.0428325
0.0338556
0.0183814
0.0890128
0.0884462
0.0878648
0.087265
0.0866489
0.0860205
0.0853849
0.084747
0.0841111
0.083481
0.0828592
0.0822474
0.0816456
0.0810526
0.0804658
0.0798812
0.0792931
0.0786947
0.0780778
0.0774326
0.076748
0.0760109
0.0752069
0.0743191
0.0733281
0.0722114
0.0709427
0.0694905
0.0678167
0.0658746
0.0636044
0.0609283
0.0577389
0.0538776
0.0490841
0.0428512
0.0338742
0.0183579
0.0885156
0.0879496
0.0873733
0.0867839
0.086183
0.0855741
0.0849615
0.0843491
0.0837405
0.0831387
0.0825456
0.0819621
0.0813879
0.0808215
0.0802599
0.0796989
0.0791328
0.0785549
0.0779567
0.0773286
0.0766595
0.0759365
0.0751452
0.0742687
0.0732879
0.0721804
0.0709198
0.0694749
0.0678077
0.0658713
0.0636063
0.0609349
0.0577498
0.0538925
0.0491026
0.0428729
0.033896
0.0183375
0.0880781
0.0875064
0.0869303
0.086347
0.0857578
0.0851653
0.0845729
0.0839834
0.0833997
0.0828237
0.0822567
0.0816992
0.0811503
0.0806081
0.0800696
0.0795303
0.0789844
0.0784252
0.0778442
0.0772318
0.076577
0.0758671
0.0750876
0.0742217
0.0732505
0.0721516
0.0708988
0.0694609
0.0678
0.0658693
0.0636096
0.0609431
0.0577625
0.0539094
0.0491235
0.0428971
0.0339205
0.0183202
0.0876916
0.0871068
0.0865252
0.085944
0.0853633
0.0847847
0.0842103
0.0836418
0.0830811
0.0825291
0.0819866
0.0814532
0.0809279
0.0804085
0.0798914
0.0793723
0.0788453
0.0783035
0.0777386
0.0771409
0.0764996
0.0758018
0.0750333
0.0741776
0.0732154
0.0721248
0.0708794
0.0694482
0.0677935
0.0658686
0.0636142
0.0609526
0.0577767
0.053928
0.0491463
0.0429235
0.0339473
0.0183057
0.0873474
0.086741
0.0861478
0.0855644
0.0849894
0.0844228
0.083865
0.0833164
0.0827775
0.0822485
0.0817293
0.0812191
0.0807163
0.0802184
0.0797218
0.0792219
0.0787129
0.0781876
0.0776379
0.0770543
0.0764257
0.0757396
0.0749817
0.0741356
0.0731822
0.0720995
0.0708613
0.0694368
0.0677882
0.0658689
0.0636198
0.0609632
0.057792
0.053948
0.0491705
0.0429514
0.0339757
0.0182938
0.0870364
0.086398
0.0857867
0.0851972
0.0846259
0.0840701
0.0835283
0.0829992
0.0824818
0.0819753
0.081479
0.0809914
0.0805106
0.0800337
0.079557
0.0790758
0.0785841
0.0780749
0.0775401
0.0769701
0.0763539
0.0756792
0.0749317
0.0740949
0.0731501
0.0720752
0.0708442
0.0694262
0.0677837
0.06587
0.0636262
0.0609746
0.0578082
0.0539687
0.0491956
0.0429803
0.0340051
0.018284
0.0867482
0.0860661
0.08543
0.0848312
0.0842621
0.083717
0.0831914
0.082682
0.0821864
0.0817027
0.0812294
0.0807644
0.0803055
0.0798496
0.0793927
0.0789301
0.0784557
0.0779626
0.0774425
0.076886
0.0762823
0.075619
0.0748818
0.0740545
0.0731183
0.0720512
0.0708274
0.069416
0.0677795
0.0658714
0.0636329
0.0609862
0.0578246
0.0539896
0.0492209
0.0430092
0.0340346
0.0182761
0.0864711
0.0857323
0.0850653
0.084455
0.0838881
0.0833543
0.0828459
0.0823573
0.0818844
0.0814243
0.0809745
0.0805326
0.080096
0.0796614
0.0792247
0.0787809
0.0783241
0.0778472
0.0773422
0.0767996
0.0762086
0.0755569
0.0748303
0.0740127
0.0730854
0.0720264
0.07081
0.0694053
0.067775
0.0658726
0.0636393
0.0609976
0.0578406
0.0540101
0.0492454
0.0430373
0.034063
0.0182692
0.086192
0.0853843
0.0846821
0.0840599
0.0834964
0.0829757
0.0824862
0.0820197
0.0815706
0.0811349
0.0807094
0.0802914
0.0798777
0.0794649
0.0790489
0.0786245
0.0781858
0.0777258
0.0772364
0.0767081
0.0761304
0.0754908
0.0747754
0.073968
0.0730499
0.0719994
0.0707908
0.0693932
0.0677693
0.0658728
0.0636449
0.0610081
0.0578556
0.0540292
0.0492683
0.0430632
0.034089
0.0182627
0.0858992
0.0850141
0.084276
0.083644
0.0830865
0.082581
0.082112
0.0816688
0.0812444
0.0808338
0.0804332
0.0800394
0.079649
0.0792585
0.0788636
0.0784591
0.078039
0.0775964
0.0771231
0.0766098
0.0760459
0.075419
0.0747153
0.0739186
0.0730104
0.0719689
0.0707685
0.0693784
0.0677614
0.0658711
0.0636487
0.0610168
0.0578687
0.0540461
0.0492884
0.0430856
0.0341106
0.0182554
0.0855888
0.0846269
0.0838573
0.0832198
0.0826715
0.0821832
0.0817355
0.0813158
0.0809157
0.0805295
0.0801532
0.079783
0.0794155
0.0790469
0.0786728
0.0782879
0.0778864
0.0774612
0.0770041
0.0765059
0.0759559
0.0753419
0.0746501
0.0738645
0.0729664
0.0719342
0.0707424
0.0693601
0.0677502
0.0658664
0.0636498
0.0610229
0.057879
0.0540598
0.0493045
0.0431028
0.0341257
0.0182458
0.0852798
0.0842545
0.0834638
0.0828272
0.0822906
0.0818193
0.0813912
0.0809923
0.0806135
0.0802488
0.0798936
0.0795441
0.0791967
0.0788475
0.0784919
0.0781248
0.07774
0.0773305
0.0768882
0.0764038
0.0758666
0.0752646
0.0745839
0.0738086
0.0729201
0.0718968
0.0707131
0.0693384
0.0677355
0.065858
0.0636471
0.0610253
0.0578856
0.0540695
0.0493158
0.0431134
0.0341312
0.018233
0.0850249
0.0839775
0.0831841
0.0825536
0.0820272
0.0815679
0.0811527
0.0807671
0.0804019
0.0800508
0.0797091
0.0793731
0.0790389
0.0787024
0.0783592
0.078004
0.0776305
0.0772318
0.0767996
0.0763247
0.0757965
0.0752028
0.0745299
0.0737619
0.0728801
0.0718632
0.0706854
0.0693163
0.0677186
0.065846
0.0636397
0.061022
0.0578859
0.0540725
0.0493202
0.0431165
0.0341275
0.0182106
)
;

boundaryField
{
    leftWall
    {
        type            kqRWallFunction;
        value           nonuniform List<scalar> 
100
(
0.00298744
0.00471428
0.00561798
0.00659651
0.00761814
0.00854507
0.00936159
0.0100755
0.010667
0.0111566
0.0115621
0.0118974
0.0121775
0.0124173
0.0126317
0.0128348
0.0130587
0.0134354
0.0138797
0.0144326
0.0151324
0.0160053
0.0170439
0.0181761
0.0192458
0.0200293
0.0202917
0.019911
0.0191787
0.0190104
0.0285346
0.0375368
0.037628
0.0333418
0.0303754
0.0297149
0.0304534
0.0320388
0.0340724
0.0362553
0.0383914
0.0403675
0.0421247
0.0436373
0.0449006
0.0459233
0.0467236
0.0473277
0.0477369
0.0479122
0.0478709
0.0476289
0.0472011
0.0466027
0.0458503
0.044962
0.043957
0.0428552
0.0416768
0.0404424
0.0391722
0.0378858
0.036602
0.0353376
0.0341076
0.0329248
0.0317992
0.0307383
0.0297473
0.0288291
0.0279844
0.0272129
0.026513
0.0258826
0.0253198
0.0248229
0.0243907
0.0240232
0.0237211
0.0234857
0.0233195
0.0232251
0.0232063
0.0232675
0.0234147
0.0236562
0.0240035
0.0244731
0.0250881
0.0258816
0.0269011
0.0282172
0.0299381
0.0322345
0.0353895
0.0398714
0.046365
0.0557997
0.0698873
0.0938634
)
;
    }
    rightWall
    {
        type            kqRWallFunction;
        value           nonuniform List<scalar> 
100
(
0.00558062
0.00711462
0.00778053
0.00778428
0.00813618
0.00896256
0.00972487
0.0104089
0.0110265
0.0115886
0.0121041
0.01258
0.0130222
0.0134354
0.0138242
0.0141938
0.01476
0.0154053
0.0160049
0.0165517
0.0170498
0.0175045
0.0179205
0.0183023
0.0186536
0.0189775
0.0192767
0.0195533
0.019809
0.0200451
0.0202624
0.0204617
0.0206434
0.0208075
0.0209542
0.0210837
0.0211958
0.0212906
0.0213684
0.0214293
0.0214736
0.0215018
0.0215145
0.0215123
0.021496
0.0214664
0.0214244
0.0213711
0.0213074
0.0212343
0.0211528
0.0210638
0.0209684
0.0208673
0.0207616
0.020652
0.0205392
0.0204239
0.0203067
0.0201877
0.0200673
0.0199541
0.0198559
0.0197658
0.01968
0.0195968
0.0195152
0.019435
0.0193562
0.019279
0.0192036
0.0191303
0.0190593
0.0189908
0.018925
0.018862
0.018802
0.018745
0.0186911
0.0186406
0.0185933
0.0185494
0.018509
0.018472
0.0184384
0.0184082
0.0183814
0.0183579
0.0183375
0.0183202
0.0183057
0.0182938
0.018284
0.0182761
0.0182692
0.0182627
0.0182554
0.0182458
0.018233
0.0182106
)
;
    }
    lowerWall
    {
        type            kqRWallFunction;
        value           nonuniform List<scalar> 
124
(
0.00298744
0.00574518
0.00899444
0.0115728
0.0137428
0.0155417
0.0171247
0.0185744
0.0199494
0.0212917
0.0226308
0.0239866
0.0253714
0.026792
0.02825
0.0297431
0.0312653
0.0328068
0.0343551
0.0358945
0.0374066
0.0388707
0.0402641
0.0415626
0.042741
0.0437738
0.0446363
0.0453048
0.0457578
0.0459756
0.0459395
0.0456194
0.0450716
0.0443288
0.0433342
0.0420615
0.0404936
0.0386194
0.036447
0.0340379
0.0315103
0.0291035
0.0275477
0.0246686
0.0225596
0.0202641
0.0202641
0.0347376
0.0449012
0.0560241
0.0679592
0.0792129
0.0900263
0.101717
0.112116
0.122302
0.132831
0.144108
0.156616
0.170955
0.1878
0.208975
0.237276
0.19608
0.187864
0.256407
0.275977
0.155035
0.14781
0.152589
0.00491446
0.00799473
0.010405
0.0125823
0.0146433
0.0167064
0.0188877
0.0213154
0.0241469
0.0275877
0.0319106
0.0374719
0.0447088
0.0541051
0.0663505
0.0857256
0.00491446
0.0124439
0.017606
0.0212135
0.0238333
0.0257906
0.0272701
0.0283709
0.0290774
0.0294487
0.0295417
0.0294071
0.0290936
0.0286475
0.0281116
0.0275231
0.0269081
0.0263146
0.0257622
0.0252483
0.0247733
0.0243334
0.0239208
0.0235249
0.0231345
0.0227468
0.0223299
0.0218535
0.0212884
0.0206002
0.0197473
0.0186789
0.0173321
0.0156262
0.013455
0.0106716
0.00713865
0.00558062
)
;
    }
    atmosphere
    {
        type            inletOutlet;
        inletValue      uniform 0.1;
        value           nonuniform List<scalar> 
92
(
0.1
0.1
0.1
0.1
0.1
0.1
0.1
0.1
0.1
0.1
0.1
0.1
0.1
0.1
0.1
0.1
0.1
0.1
0.1
0.1
0.1
0.1
0.1
0.1
0.1
0.1
0.1
0.1
0.1
0.1
0.1
0.1
0.1
0.1
0.1
0.1
0.1
0.1
0.1
0.1
0.1
0.1
0.1
0.1
0.1
0.1
0.1
0.0928683
0.091107
0.0897189
0.0885686
0.0875949
0.0867631
0.0860482
0.0850249
0.0839775
0.0831841
0.0825536
0.0820272
0.0815679
0.0811527
0.0807671
0.0804019
0.0800508
0.0797091
0.0793731
0.0790389
0.0787024
0.0783592
0.078004
0.0776305
0.0772318
0.0767996
0.0763247
0.0757965
0.0752028
0.0745299
0.0737619
0.0728801
0.0718632
0.0706854
0.0693163
0.0677186
0.065846
0.0636397
0.061022
0.0578859
0.0540725
0.0493202
0.0431165
0.0341275
0.0182106
)
;
    }
    defaultFaces
    {
        type            empty;
    }
}


// ************************************************************************* //
