/*--------------------------------*- C++ -*----------------------------------*\
  =========                 |
  \\      /  F ield         | OpenFOAM: The Open Source CFD Toolbox
   \\    /   O peration     | Website:  https://openfoam.org
    \\  /    A nd           | Version:  7
     \\/     M anipulation  |
\*---------------------------------------------------------------------------*/
FoamFile
{
    version     2.0;
    format      ascii;
    class       volScalarField;
    location    "0.3";
    object      p;
}
// * * * * * * * * * * * * * * * * * * * * * * * * * * * * * * * * * * * * * //

dimensions      [1 -1 -2 0 0 0 0];

internalField   nonuniform List<scalar> 
9072
(
1402.15
1403.39
1409.06
1416.52
1423.69
1429.93
1435.12
1439.4
1443.01
1446.12
1448.88
1451.4
1453.74
1455.96
1458.07
1460.08
1462.02
1463.87
1465.66
1467.4
1469.13
1470.89
1472.75
1474.83
1477.28
1480.3
1484.16
1489.21
1495.9
1504.77
1516.52
1532.1
1552.42
1578.32
1610.74
1650.65
1698.59
1754.01
1814.38
1874.53
1926.72
1965.57
1981.81
1980.22
1999.64
2048.83
1372.31
1372.73
1377.52
1384.06
1390.58
1396.46
1401.5
1405.74
1409.35
1412.48
1415.24
1417.73
1420.03
1422.17
1424.18
1426.08
1427.88
1429.6
1431.26
1432.88
1434.5
1436.18
1438.01
1440.1
1442.62
1445.78
1449.86
1455.24
1462.35
1471.76
1484.13
1500.22
1521.06
1547.67
1581.02
1622.04
1671.39
1728.78
1791.97
1855.74
1911.07
1950.49
1964.84
1954.44
1952.67
2007.8
1341.96
1342.74
1346.6
1352.01
1357.65
1362.9
1367.53
1371.51
1374.94
1377.92
1380.54
1382.88
1385
1386.94
1388.73
1390.4
1391.96
1393.43
1394.85
1396.25
1397.68
1399.22
1400.96
1403.05
1405.64
1408.99
1413.38
1419.18
1426.87
1436.99
1450.21
1467.27
1489.13
1516.8
1551.23
1593.27
1643.46
1701.49
1765.28
1830
1886.81
1926.77
1942.11
1932.08
1915.4
1973.27
1311.32
1312.73
1316.07
1320.63
1325.44
1330.02
1334.13
1337.73
1340.85
1343.57
1345.94
1348.04
1349.9
1351.56
1353.06
1354.42
1355.67
1356.84
1357.97
1359.09
1360.28
1361.63
1363.24
1365.27
1367.9
1371.39
1376.04
1382.23
1390.43
1401.2
1415.19
1433.13
1455.89
1484.41
1519.64
1562.29
1612.73
1670.48
1733.49
1797.35
1854.23
1895.52
1914.03
1909.3
1892.35
1949.09
1280.44
1282.53
1285.65
1289.61
1293.78
1297.75
1301.35
1304.53
1307.3
1309.71
1311.79
1313.6
1315.17
1316.53
1317.71
1318.75
1319.67
1320.51
1321.32
1322.15
1323.07
1324.2
1325.64
1327.57
1330.18
1333.73
1338.55
1345.01
1353.59
1364.84
1379.41
1397.98
1421.38
1450.49
1486.14
1528.96
1579.14
1636.07
1697.75
1760.24
1816.95
1860.33
1883.58
1887.05
1879.89
1936.68
1249.25
1251.98
1255.04
1258.62
1262.28
1265.74
1268.88
1271.66
1274.08
1276.17
1277.96
1279.47
1280.73
1281.79
1282.65
1283.36
1283.95
1284.46
1284.95
1285.47
1286.12
1287
1288.25
1290.03
1292.56
1296.11
1301
1307.62
1316.43
1327.99
1342.92
1361.9
1385.68
1415.07
1450.82
1493.43
1542.96
1598.72
1658.83
1719.87
1776.46
1822.38
1851.41
1864.42
1871.03
1934.62
1217.74
1221.02
1224.12
1227.44
1230.71
1233.75
1236.49
1238.9
1240.99
1242.78
1244.27
1245.49
1246.46
1247.21
1247.76
1248.15
1248.42
1248.6
1248.77
1248.99
1249.35
1249.97
1250.99
1252.6
1255
1258.48
1263.36
1270.03
1278.95
1290.66
1305.76
1324.92
1348.82
1378.21
1413.75
1455.83
1504.39
1558.73
1617.12
1676.67
1733.11
1781.51
1816.61
1839.6
1862.34
1937.1
1185.93
1189.64
1192.82
1195.97
1198.94
1201.62
1204.02
1206.11
1207.9
1209.4
1210.61
1211.55
1212.24
1212.69
1212.94
1213.02
1212.97
1212.84
1212.69
1212.61
1212.68
1213.03
1213.82
1215.22
1217.46
1220.81
1225.6
1232.22
1241.13
1252.84
1267.94
1287.07
1310.86
1339.99
1375.03
1416.27
1463.6
1516.31
1572.85
1630.82
1686.91
1737.37
1778.13
1810.88
1850.65
1939.4
1153.8
1157.87
1161.14
1164.16
1166.87
1169.27
1171.37
1173.18
1174.7
1175.94
1176.89
1177.57
1177.98
1178.16
1178.12
1177.9
1177.54
1177.1
1176.65
1176.27
1176.05
1176.13
1176.66
1177.83
1179.87
1183.04
1187.68
1194.17
1202.95
1214.53
1229.48
1248.38
1271.84
1300.46
1334.74
1374.89
1420.75
1471.62
1526.15
1582.38
1637.76
1689.56
1735.04
1776.63
1832.82
1936.14
1121.36
1125.72
1129.05
1131.96
1134.47
1136.62
1138.47
1140.04
1141.32
1142.32
1143.03
1143.46
1143.62
1143.53
1143.22
1142.71
1142.06
1141.33
1140.58
1139.89
1139.39
1139.19
1139.46
1140.38
1142.18
1145.13
1149.56
1155.84
1164.4
1175.73
1190.37
1208.88
1231.81
1259.71
1292.99
1331.82
1375.98
1424.81
1477.13
1531.33
1585.47
1637.64
1686.44
1735.17
1806.23
1923.6
1088.61
1093.19
1096.57
1099.38
1101.7
1103.63
1105.27
1106.62
1107.69
1108.48
1108.97
1109.17
1109.09
1108.75
1108.17
1107.4
1106.47
1105.44
1104.4
1103.43
1102.64
1102.16
1102.15
1102.8
1104.34
1107.03
1111.2
1117.2
1125.45
1136.43
1150.63
1168.6
1190.83
1217.81
1249.89
1287.18
1329.42
1376
1425.85
1477.63
1529.82
1581.13
1631.43
1684.7
1768.21
1897.45
1055.54
1060.29
1063.69
1066.39
1068.54
1070.29
1071.73
1072.9
1073.78
1074.37
1074.66
1074.65
1074.35
1073.77
1072.94
1071.9
1070.7
1069.41
1068.08
1066.83
1065.75
1064.98
1064.68
1065.05
1066.3
1068.7
1072.55
1078.22
1086.09
1096.61
1110.28
1127.57
1148.95
1174.84
1205.54
1241.1
1281.23
1325.32
1372.41
1421.27
1470.67
1519.65
1569.11
1623.23
1715.75
1852.07
1022.18
1027.05
1030.43
1033.01
1035
1036.58
1037.85
1038.84
1039.55
1039.96
1040.06
1039.85
1039.34
1038.53
1037.47
1036.19
1034.73
1033.16
1031.56
1030.03
1028.66
1027.6
1027.01
1027.08
1028.02
1030.09
1033.6
1038.87
1046.29
1056.29
1069.31
1085.82
1106.22
1130.88
1160.04
1193.7
1231.54
1272.93
1316.91
1362.33
1407.99
1452.96
1498.74
1548.7
1645.45
1779.1
988.515
993.474
996.8
999.249
1001.08
1002.5
1003.61
1004.44
1004.98
1005.23
1005.15
1004.75
1004.03
1003.01
1001.72
1000.2
998.493
996.664
994.793
992.973
991.32
989.966
989.071
988.821
989.433
991.158
994.279
999.122
1006.05
1015.45
1027.76
1043.38
1062.7
1086.01
1113.51
1145.14
1180.53
1219.01
1259.58
1301.01
1341.94
1381.12
1419.87
1459.22
1553.58
1664.94
954.569
959.58
962.801
965.099
966.782
968.043
969.004
969.687
970.079
970.159
969.912
969.33
968.42
967.196
965.688
963.932
961.979
959.893
957.751
955.651
953.706
952.05
950.842
950.265
950.532
951.885
954.597
958.975
965.359
974.116
985.638
1000.31
1018.46
1040.34
1066.07
1095.56
1128.38
1163.78
1200.66
1237.6
1272.86
1304.41
1332.28
1353.26
1434.58
1484.2
920.359
925.338
928.425
930.559
932.104
933.235
934.066
934.617
934.871
934.807
934.404
933.657
932.568
931.155
929.443
927.472
925.29
922.961
920.564
918.195
915.968
914.016
912.496
911.588
911.5
912.465
914.743
918.622
924.414
932.462
943.121
956.741
973.613
993.935
1017.79
1045.01
1075.11
1107.23
1140.14
1172.08
1200.72
1222.76
1235.33
1230.02
1270.25
1203.41
3.96481
3.96031
3.95728
3.95543
3.95617
3.95968
3.96566
3.9736
3.98282
3.99263
4.00245
4.01177
4.02021
4.02751
4.03353
4.03821
4.04158
4.04374
4.04481
4.04494
4.04426
4.04293
4.04106
4.03877
4.03619
4.03342
4.03057
4.02777
4.02512
4.02271
4.02059
4.0188
4.01738
4.01635
4.01571
4.01545
4.01546
4.01569
3.93591
3.93217
3.92941
3.92719
3.92731
3.93019
3.93557
3.943
3.95181
3.96132
3.97094
3.98017
3.98861
3.99599
4.00214
4.00701
4.01059
4.01297
4.01427
4.01461
4.01413
4.01298
4.01128
4.00914
4.00669
4.00404
4.0013
3.99858
3.996
3.99362
3.99153
3.98976
3.98833
3.98727
3.98658
3.98624
3.98613
3.98629
3.9071
3.90314
3.90048
3.89822
3.89801
3.90047
3.90544
3.91241
3.92085
3.93007
3.93951
3.94864
3.95709
3.96455
3.97084
3.9759
3.9797
3.9823
3.98382
3.98437
3.98409
3.9831
3.98155
3.97955
3.97722
3.97468
3.97203
3.96939
3.96685
3.96449
3.9624
3.96062
3.95918
3.95808
3.95733
3.95692
3.95675
3.95693
3.87818
3.87339
3.87047
3.8683
3.86796
3.87021
3.87489
3.88161
3.88982
3.89885
3.90817
3.91726
3.92573
3.93328
3.93972
3.94495
3.94896
3.95178
3.9535
3.95424
3.95412
3.95328
3.95185
3.94997
3.94776
3.94532
3.94276
3.94017
3.93765
3.93529
3.93318
3.93136
3.92988
3.92875
3.92795
3.92749
3.92728
3.92748
3.8489
3.84302
3.83953
3.83747
3.83713
3.83937
3.84398
3.85062
3.85874
3.8677
3.87698
3.88608
3.8946
3.90225
3.90883
3.91424
3.91843
3.92144
3.92334
3.92424
3.92426
3.92354
3.92221
3.92043
3.91831
3.91596
3.91347
3.91092
3.9084
3.90601
3.90384
3.90197
3.90045
3.89928
3.89845
3.89795
3.89775
3.898
3.81903
3.81201
3.8077
3.80577
3.80557
3.80797
3.81272
3.81943
3.82761
3.83662
3.84595
3.85512
3.86373
3.87149
3.87821
3.88376
3.88811
3.89128
3.89334
3.89438
3.89452
3.8939
3.89266
3.89094
3.88889
3.8866
3.88416
3.88163
3.87909
3.87664
3.8744
3.87247
3.87089
3.86969
3.86884
3.86833
3.86818
3.86852
3.78835
3.78021
3.77495
3.77321
3.77327
3.77601
3.78107
3.78804
3.79643
3.8056
3.81506
3.82436
3.8331
3.84099
3.84784
3.85354
3.85802
3.86132
3.86351
3.86467
3.86492
3.86438
3.8632
3.86153
3.8595
3.85723
3.8548
3.85227
3.8497
3.84719
3.84487
3.84286
3.84123
3.83999
3.83914
3.83865
3.83856
3.839
3.7566
3.74746
3.74116
3.73974
3.74022
3.74348
3.74903
3.75642
3.76516
3.77462
3.78431
3.79379
3.8027
3.81074
3.81773
3.82356
3.82816
3.83157
3.83385
3.8351
3.83544
3.83498
3.83385
3.83219
3.83014
3.82785
3.82539
3.82284
3.82023
3.81766
3.81526
3.81317
3.81147
3.81021
3.80936
3.8089
3.8089
3.80943
3.72343
3.71354
3.70613
3.70528
3.70637
3.71035
3.71657
3.72455
3.7338
3.74366
3.75366
3.76339
3.7725
3.78072
3.78786
3.79382
3.79854
3.80203
3.80438
3.80569
3.80609
3.80568
3.80458
3.80291
3.80082
3.79845
3.79592
3.79332
3.79067
3.78804
3.78557
3.7834
3.78164
3.78035
3.77951
3.77909
3.77917
3.77979
3.68828
3.67814
3.66961
3.66972
3.67166
3.67659
3.68367
3.69241
3.7023
3.7127
3.72311
3.73315
3.74251
3.75093
3.75823
3.76432
3.76915
3.77273
3.77513
3.77646
3.77687
3.77649
3.7754
3.7737
3.77152
3.76903
3.7664
3.76371
3.76101
3.75833
3.7558
3.75356
3.75175
3.75042
3.74959
3.74921
3.74938
3.75009
3.65018
3.64084
3.63125
3.63291
3.63601
3.64214
3.65028
3.65995
3.67064
3.68172
3.69265
3.70309
3.71274
3.72137
3.72884
3.73507
3.74001
3.74367
3.74609
3.74741
3.74779
3.74737
3.74626
3.74451
3.74223
3.7396
3.73682
3.73402
3.73125
3.72853
3.72596
3.72366
3.72179
3.72044
3.7196
3.71927
3.71952
3.7203
3.60749
3.60105
3.5906
3.59465
3.59935
3.60698
3.61639
3.62716
3.6388
3.65068
3.66227
3.6732
3.6832
3.69208
3.69972
3.70607
3.71111
3.71483
3.71728
3.71856
3.71885
3.71834
3.71715
3.71533
3.71295
3.71016
3.70721
3.70426
3.7014
3.69864
3.69603
3.6937
3.69178
3.69039
3.68954
3.68924
3.68957
3.69042
3.55728
3.55803
3.54723
3.55481
3.56165
3.57109
3.58198
3.59403
3.60676
3.61957
3.63194
3.64347
3.65391
3.66308
3.6709
3.67734
3.68244
3.68621
3.68866
3.68988
3.69005
3.68939
3.68806
3.68613
3.68363
3.6807
3.67756
3.67445
3.67147
3.66866
3.66603
3.66366
3.66171
3.66028
3.65942
3.65914
3.65953
3.66045
3.49441
3.51113
3.50088
3.51332
3.52295
3.53454
3.5471
3.56058
3.57453
3.5884
3.60165
3.61389
3.62487
3.6344
3.64242
3.64894
3.65404
3.6578
3.66023
3.66137
3.66139
3.66052
3.65899
3.6569
3.65428
3.6512
3.64789
3.64459
3.64148
3.6386
3.63593
3.63355
3.63157
3.6301
3.62921
3.62895
3.6294
3.63038
3.40856
3.45792
3.45157
3.47019
3.48339
3.49742
3.51184
3.52687
3.54218
3.5572
3.57142
3.58446
3.59605
3.60602
3.61428
3.62088
3.62594
3.6296
3.63194
3.63299
3.63285
3.63174
3.62995
3.62765
3.62487
3.62165
3.61818
3.61471
3.61145
3.60846
3.60576
3.60336
3.60135
3.59984
3.59892
3.59866
3.59917
3.6002
3.28402
3.38704
3.39943
3.42522
3.44285
3.45959
3.4761
3.49288
3.5097
3.52602
3.54131
3.55521
3.56746
3.57789
3.58643
3.59312
3.59813
3.60163
3.6038
3.60469
3.60438
3.60305
3.60098
3.59841
3.59543
3.59207
3.58845
3.58481
3.58139
3.57828
3.57551
3.57307
3.57103
3.56948
3.56853
3.56827
3.56882
3.56991
866.467
871.241
874.153
876.035
877.372
878.322
878.972
879.339
879.401
879.135
878.52
877.546
876.216
874.545
872.559
870.294
867.8
865.139
862.387
859.64
857.008
854.622
852.634
851.218
850.568
850.904
852.461
855.491
860.266
867.077
876.23
888.018
902.68
920.353
941.025
964.436
989.979
1016.64
1042.88
1066.38
1083.63
1088.97
1073.46
1019.44
909.904
499.724
792.076
796.557
799.104
800.647
801.697
802.39
802.791
802.909
802.722
802.201
801.325
800.082
798.469
796.497
794.19
791.579
788.711
785.644
782.451
779.222
776.063
773.099
770.473
768.346
766.9
766.331
766.841
768.631
771.906
776.883
783.799
792.881
804.305
818.132
834.248
852.29
871.528
890.761
908.158
920.948
924.89
913.311
875.31
791.145
639.981
428.734
716.828
720.871
722.929
724.073
724.795
725.199
725.332
725.19
724.748
723.975
722.845
721.341
719.457
717.197
714.577
711.625
708.382
704.901
701.25
697.515
693.798
690.215
686.904
684.019
681.732
680.226
679.675
680.22
681.982
685.089
689.699
695.981
704.068
713.985
725.578
738.445
751.815
764.439
774.471
779.223
774.842
755.945
715.424
644.695
539.272
436.161
640.936
644.411
645.915
646.594
646.923
646.988
646.814
646.386
645.669
644.628
643.235
641.465
639.304
636.748
633.807
630.5
626.863
622.943
618.803
614.523
610.201
605.95
601.901
598.202
595.03
592.573
590.991
590.355
590.671
591.946
594.247
597.695
602.419
608.462
615.702
623.767
631.932
639.037
643.417
642.762
633.964
613.098
575.794
518.091
436.818
344.787
564.648
567.453
568.347
568.473
568.338
568.011
567.485
566.731
565.708
564.374
562.693
560.635
558.176
555.304
552.018
548.331
544.269
539.873
535.201
530.328
525.35
520.377
515.53
510.958
506.85
503.442
500.916
499.261
498.305
497.88
497.937
498.567
499.945
502.212
505.355
509.113
512.866
515.616
515.987
512.132
501.638
481.55
448.696
400.379
334.903
259.446
488.229
490.254
490.491
489.981
489.317
488.54
487.605
486.47
485.089
483.415
481.405
479.02
476.227
473.003
469.335
465.228
460.7
455.783
450.527
445.008
439.321
433.573
427.874
422.36
417.252
412.898
409.592
407.213
405.313
403.445
401.406
399.274
397.343
395.948
395.297
395.315
395.501
395.044
392.921
387.769
377.82
360.833
334.426
296.879
248.184
193.814
411.922
413.024
412.608
411.436
410.193
408.888
407.457
405.857
404.043
401.963
399.566
396.803
393.63
390.01
385.92
381.353
376.319
370.839
364.955
358.745
352.309
345.753
339.157
332.615
326.379
321.036
317.193
314.585
312.283
309.388
305.465
300.601
295.303
290.242
286.014
282.874
280.348
277.74
274.46
269.635
262.103
250.075
231.496
205.032
170.973
132.82
336.042
336.152
335.13
333.316
331.409
329.452
327.399
325.222
322.877
320.308
317.453
314.255
310.653
306.595
302.041
296.975
291.396
285.308
278.736
271.759
264.489
257.031
249.4
241.532
233.636
226.87
222.827
220.972
219.318
216.077
210.469
202.644
193.508
184.314
176.377
170.573
166.088
161.992
158.477
155.339
152.141
147.073
137.554
121.947
100.392
75.4067
261.265
260.374
258.773
256.28
253.494
250.624
247.712
244.755
241.709
238.508
235.072
231.328
227.193
222.585
217.439
211.729
205.439
198.536
191.005
182.951
174.561
165.993
157.099
147.294
136.397
127.001
123.561
124.794
126.134
123.917
116.951
105.846
92.454
78.9935
67.6636
59.848
53.6574
47.3512
42.3939
40.4935
42.7862
47.0128
48.5622
44.5421
35.0196
22.4941
187.986
186.489
184.556
180.962
176.561
172.089
167.762
163.585
159.483
155.349
151.07
146.549
141.668
136.291
130.314
123.711
116.464
108.465
99.6997
90.545
81.4686
72.8478
64.2964
54.1947
41.3091
30.2942
29.4685
36.25
42.9196
43.6231
37.0925
25.1452
11.5061
-0.591944
-9.43695
-15.6176
-22.6035
-30.1517
-38.6864
-44.9743
-44.8697
-38.8115
-32.0942
-28.5928
-28.1703
-28.7226
117.103
117.366
114.527
107.521
100.043
93.4201
87.5561
82.2143
77.1907
72.3085
67.4284
62.4722
57.3279
51.8302
45.8849
39.5585
32.9008
25.7236
18.1932
11.1767
5.44231
1.5414
-0.912581
-3.55033
-7.23806
-8.31803
-6.45245
-2.2382
2.23935
4.26952
2.84279
-0.989026
-4.76099
-7.43513
-8.95147
-10.3429
-12.3177
-16.052
-19.735
-25.5542
-34.0138
-44.7732
-53.9767
-61.3892
-65.8299
-67.6682
58.7269
58.5924
50.691
39.021
31.0014
25.6371
21.3788
17.6551
14.2383
11.004
7.90718
4.99861
2.30704
-0.178113
-2.37042
-4.02855
-4.96542
-5.36926
-5.74859
-6.26245
-6.54523
-6.29351
-5.78783
-5.53993
-5.25234
-4.35767
-4.21694
-4.10373
-4.01814
-4.08945
-4.19347
-4.21659
-4.35514
-4.56087
-4.75151
-4.8619
-4.97636
-5.19543
-5.52823
-5.84372
-6.79912
-10.4311
-15.3282
-21.1624
-29.2303
-42.9504
24.3029
13.7465
7.22228
2.42816
0.520794
-0.442382
-1.11631
-1.67868
-2.19423
-2.69068
-3.16952
-3.60356
-3.97566
-4.27739
-4.47369
-4.50356
-4.327
-3.82554
-3.72329
-3.68174
-3.71989
-3.76388
-3.8042
-3.93104
-4.10629
-4.01025
-3.9389
-3.90678
-3.97084
-4.1935
-4.26316
-4.26112
-4.30206
-4.37637
-4.459
-4.53765
-4.61585
-4.69223
-4.75789
-4.82895
-5.01171
-5.51173
-6.1811
-6.53421
-7.07807
-9.90435
-3.18072
-2.61698
-2.92485
-3.1555
-3.13734
-3.12705
-3.14193
-3.17033
-3.20583
-3.24624
-3.28976
-3.33445
-3.38008
-3.42876
-3.48084
-3.53302
-3.57134
-3.50869
-3.463
-3.46935
-3.51037
-3.57178
-3.64965
-3.75383
-3.88718
-4.0148
-4.05698
-4.08428
-4.14188
-4.25598
-4.35014
-4.40199
-4.46593
-4.5483
-4.64002
-4.73558
-4.83764
-4.9521
-5.06615
-5.12681
-5.16611
-5.26297
-5.43483
-5.54955
-5.67625
-6.07454
-3.34715
-3.20427
-3.21217
-3.19765
-3.16346
-3.13623
-3.12149
-3.11693
-3.12078
-3.13235
-3.15125
-3.17729
-3.21083
-3.25306
-3.30564
-3.37103
-3.45288
-3.54425
-3.58526
-3.6241
-3.67549
-3.74049
-3.81839
-3.90907
-4.00959
-4.10735
-4.16974
-4.22305
-4.28841
-4.3723
-4.45539
-4.52581
-4.60151
-4.68788
-4.78141
-4.87905
-4.98172
-5.09087
-5.20138
-5.30739
-5.40949
-5.53284
-5.68085
-5.80071
-5.86961
-5.9325
-3.35298
-3.30209
-3.27132
-3.25663
-3.24154
-3.22959
-3.22515
-3.22887
-3.24013
-3.25837
-3.28318
-3.31437
-3.35206
-3.39667
-3.44859
-3.5077
-3.57316
-3.64041
-3.69273
-3.74219
-3.79865
-3.8647
-3.94028
-4.02416
-4.11205
-4.19512
-4.26583
-4.33274
-4.40516
-4.48542
-4.56563
-4.64263
-4.72292
-4.81001
-4.90309
-5.00083
-5.10327
-5.21055
-5.32161
-5.43646
-5.55801
-5.69421
-5.84208
-5.9803
-6.10087
-6.22618
-3.38025
-3.35318
-3.33573
-3.32278
-3.31421
-3.30927
-3.31024
-3.31822
-3.33307
-3.35441
-3.38186
-3.41517
-3.45427
-3.49918
-3.54975
-3.60529
-3.66411
-3.72331
-3.77933
-3.83605
-3.89769
-3.9662
-4.04155
-4.12254
-4.20611
-4.28741
-4.36364
-4.43796
-4.51475
-4.59538
-4.67678
-4.75799
-4.84198
-4.93097
-5.02518
-5.12414
-5.22771
-5.33575
-5.44781
-5.56392
-5.6861
-5.81754
-5.95645
-6.0951
-6.23214
-6.37423
-3.43674
-3.41982
-3.40609
-3.39523
-3.38913
-3.38747
-3.39131
-3.40142
-3.41787
-3.4404
-3.46873
-3.50262
-3.54192
-3.5865
-3.63609
-3.69012
-3.74754
-3.80676
-3.86663
-3.92845
-3.99424
-4.06507
-4.14089
-4.22069
-4.30255
-4.38388
-4.46309
-4.54137
-4.62083
-4.70251
-4.78562
-4.87012
-4.95748
-5.04909
-5.14534
-5.24609
-5.35113
-5.46026
-5.57319
-5.69005
-5.81203
-5.94056
-6.07515
-6.21264
-6.3518
-6.49384
-3.50843
-3.49153
-3.47994
-3.47126
-3.46736
-3.46835
-3.47462
-3.48663
-3.50447
-3.52799
-3.55698
-3.59126
-3.63065
-3.67498
-3.724
-3.77731
-3.83426
-3.89409
-3.95624
-4.02113
-4.08955
-4.16198
-4.23826
-4.31761
-4.3987
-4.48003
-4.56067
-4.64105
-4.72229
-4.8052
-4.89001
-4.97709
-5.06734
-5.1616
-5.26015
-5.36285
-5.46943
-5.57965
-5.69342
-5.81106
-5.93347
-6.06169
-6.19567
-6.33396
-6.47515
-6.61866
-3.58112
-3.56574
-3.55627
-3.54991
-3.54821
-3.55146
-3.55978
-3.57341
-3.59243
-3.61675
-3.64623
-3.68073
-3.72011
-3.76421
-3.81286
-3.86575
-3.9225
-3.98268
-4.046
-4.11249
-4.18238
-4.25574
-4.33229
-4.41134
-4.49195
-4.57315
-4.65437
-4.73582
-4.8182
-4.90228
-4.98864
-5.07785
-5.17059
-5.26734
-5.36816
-5.47283
-5.58098
-5.69242
-5.80725
-5.92598
-6.04958
-6.17899
-6.3144
-6.45499
-6.59914
-6.74506
-3.65413
-3.6414
-3.63423
-3.6302
-3.63053
-3.63564
-3.64558
-3.66048
-3.68039
-3.70525
-3.73501
-3.76956
-3.80882
-3.85266
-3.90097
-3.95354
-4.01012
-4.07045
-4.1343
-4.20157
-4.27217
-4.34592
-4.42242
-4.50107
-4.58114
-4.66197
-4.74323
-4.82511
-4.90819
-4.99324
-5.08097
-5.17204
-5.26698
-5.366
-5.46898
-5.57555
-5.68533
-5.79822
-5.91456
-6.03515
-6.16109
-6.29332
-6.43209
-6.57665
-6.72515
-6.87508
-3.72723
-3.71796
-3.71305
-3.71114
-3.71325
-3.71986
-3.73105
-3.74689
-3.76742
-3.79265
-3.82252
-3.85701
-3.89605
-3.93958
-3.98752
-4.03974
-4.09608
-4.15633
-4.22029
-4.28777
-4.35851
-4.43217
-4.5083
-4.58633
-4.66567
-4.74588
-4.8268
-4.9087
-4.99216
-5.07799
-5.16696
-5.25971
-5.35663
-5.45774
-5.56274
-5.67117
-5.78269
-5.89743
-6.01602
-6.13959
-6.26938
-6.40631
-6.5505
-6.70105
-6.8558
-7.01187
-3.80043
-3.79484
-3.79188
-3.79177
-3.79538
-3.80319
-3.81532
-3.83185
-3.85281
-3.87823
-3.90811
-3.94243
-3.98118
-4.02434
-4.07186
-4.12367
-4.17964
-4.23959
-4.30332
-4.37058
-4.44102
-4.51421
-4.58965
-4.66682
-4.74523
-4.82461
-4.90494
-4.9866
-5.07026
-5.15673
-5.24682
-5.34112
-5.43987
-5.54293
-5.64984
-5.76014
-5.87366
-5.99081
-6.11263
-6.24054
-6.37591
-6.51953
-6.67126
-6.82994
-6.99314
-7.15772
-3.87354
-3.87127
-3.86985
-3.87123
-3.87606
-3.88481
-3.89766
-3.91468
-3.93592
-3.96142
-3.9912
-4.02529
-4.06368
-4.1064
-4.15344
-4.20474
-4.26021
-4.31968
-4.38292
-4.44964
-4.51943
-4.59184
-4.66633
-4.74243
-4.81975
-4.89813
-4.97773
-5.05901
-5.14274
-5.22977
-5.32089
-5.41662
-5.51706
-5.62192
-5.73068
-5.84296
-5.95883
-6.07913
-6.20528
-6.33902
-6.48172
-6.63396
-6.79525
-6.96417
-7.13813
-7.31376
-3.94603
-3.94642
-3.94617
-3.94876
-3.95458
-3.9641
-3.9775
-3.99488
-4.01628
-4.04177
-4.07139
-4.10518
-4.14316
-4.18539
-4.23187
-4.28257
-4.33742
-4.39623
-4.45876
-4.52469
-4.59359
-4.66496
-4.7383
-4.81317
-4.88927
-4.96657
-5.04533
-5.12616
-5.20989
-5.2974
-5.38946
-5.48649
-5.58847
-5.69501
-5.8056
-5.92001
-6.0387
-6.16293
-6.29456
-6.43553
-6.58714
-6.74966
-6.9223
-7.10347
-7.2905
-7.47989
-4.01715
-4.01955
-4.02021
-4.02381
-4.03046
-4.04061
-4.05447
-4.07211
-4.09361
-4.11902
-4.14842
-4.18185
-4.21938
-4.26105
-4.3069
-4.35691
-4.411
-4.469
-4.53064
-4.59557
-4.66337
-4.73353
-4.80557
-4.8791
-4.95391
-5.03006
-5.10796
-5.18829
-5.27195
-5.35987
-5.45275
-5.55093
-5.65428
-5.76237
-5.87478
-5.99154
-6.11353
-6.24248
-6.38061
-6.52998
-6.69173
-6.86584
-7.0513
-7.24657
-7.4491
-7.65523
-4.08617
-4.09005
-4.09147
-4.09598
-4.10337
-4.11408
-4.12832
-4.14617
-4.1677
-4.19297
-4.22209
-4.25512
-4.29213
-4.33319
-4.37832
-4.42753
-4.48074
-4.53778
-4.59837
-4.66216
-4.7287
-4.79752
-4.86815
-4.94028
-5.01375
-5.08875
-5.16576
-5.24556
-5.32911
-5.41732
-5.51087
-5.61
-5.71453
-5.82404
-5.93828
-6.05761
-6.18336
-6.3177
-6.46314
-6.62172
-6.79442
-6.98099
-7.18046
-7.39165
-7.61235
-7.83864
-4.15249
-4.15742
-4.15963
-4.16498
-4.17306
-4.18429
-4.19886
-4.21686
-4.23837
-4.26345
-4.29223
-4.32479
-4.36122
-4.40159
-4.44594
-4.49426
-4.54648
-4.60243
-4.66185
-4.72436
-4.78954
-4.85693
-4.9261
-4.99678
-5.06891
-5.14275
-5.21886
-5.2981
-5.38145
-5.46982
-5.56384
-5.66368
-5.76916
-5.87995
-5.99601
-6.1181
-6.24797
-6.38818
-6.54138
-6.70958
-6.89357
-7.0931
-7.3076
-7.53661
-7.77846
-8.0289
-4.21574
-4.22137
-4.22444
-4.2306
-4.23937
-4.25109
-4.26595
-4.28405
-4.30547
-4.33031
-4.35869
-4.39073
-4.42652
-4.46613
-4.50962
-4.55697
-4.60811
-4.66288
-4.72102
-4.78217
-4.84591
-4.91181
-4.97948
-5.04871
-5.11949
-5.19217
-5.26737
-5.346
-5.42903
-5.51737
-5.61159
-5.71187
-5.81803
-5.9299
-6.04774
-6.17267
-6.30686
-6.4531
-6.61414
-6.79187
-6.98705
-7.19975
-7.4302
-7.67905
-7.94533
-8.22435
-4.2758
-4.28178
-4.2858
-4.29277
-4.3022
-4.31438
-4.32949
-4.34765
-4.36894
-4.3935
-4.42145
-4.45291
-4.488
-4.5268
-4.56936
-4.61567
-4.66566
-4.71918
-4.77596
-4.83567
-4.89791
-4.96228
-5.02843
-5.09619
-5.16563
-5.23713
-5.31138
-5.38929
-5.47183
-5.55989
-5.65401
-5.75436
-5.86089
-5.97361
-6.09308
-6.2208
-6.35921
-6.51129
-6.67975
-6.86645
-7.07232
-7.29812
-7.5453
-7.81594
-8.10987
-8.42211
-4.33272
-4.33867
-4.34371
-4.3515
-4.36159
-4.37421
-4.38953
-4.40769
-4.42883
-4.45307
-4.48055
-4.5114
-4.54575
-4.58368
-4.62525
-4.67045
-4.71922
-4.77141
-4.82677
-4.88498
-4.94567
-5.00846
-5.07306
-5.13935
-5.20743
-5.27772
-5.35094
-5.42798
-5.50982
-5.59729
-5.69093
-5.79096
-5.89747
-6.0107
-6.13153
-6.26175
-6.40399
-6.56126
-6.73623
-6.93083
-7.14647
-7.38494
-7.64923
-7.94304
-8.26718
-8.61677
-4.38648
-4.39215
-4.39835
-4.40696
-4.41767
-4.43067
-4.44616
-4.4643
-4.48524
-4.50912
-4.5361
-4.56631
-4.59987
-4.63688
-4.6774
-4.72143
-4.76891
-4.81969
-4.87356
-4.93021
-4.9893
-5.05048
-5.1135
-5.17827
-5.24496
-5.31398
-5.38605
-5.46205
-5.54292
-5.62945
-5.72219
-5.82146
-5.92749
-6.04081
-6.16254
-6.29471
-6.44001
-6.60137
-6.78145
-6.98238
-7.20635
-7.45645
-7.73737
-8.05453
-8.40998
-8.79993
-4.43708
-4.4425
-4.44986
-4.4593
-4.47058
-4.48392
-4.49953
-4.5176
-4.5383
-4.56179
-4.58823
-4.61774
-4.65047
-4.6865
-4.7259
-4.76869
-4.81481
-4.86413
-4.91644
-4.97147
-5.02889
-5.08841
-5.14981
-5.21303
-5.27825
-5.3459
-5.41668
-5.49142
-5.57101
-5.65621
-5.74762
-5.84563
-5.95069
-6.06356
-6.18556
-6.31887
-6.46609
-6.63003
-6.81334
-7.01855
-7.24876
-7.5085
-7.80411
-8.14281
-8.52842
-8.96
-4.48452
-4.49023
-4.49849
-4.50868
-4.52047
-4.53408
-4.54976
-4.56772
-4.58814
-4.61119
-4.63703
-4.6658
-4.69763
-4.73263
-4.77086
-4.81235
-4.85704
-4.90483
-4.95551
-5.00886
-5.06456
-5.12236
-5.18208
-5.24368
-5.30735
-5.37352
-5.44282
-5.51606
-5.59403
-5.6775
-5.76707
-5.86329
-5.96678
-6.07853
-6.20004
-6.33342
-6.48115
-6.64583
-6.83013
-7.03706
-7.27066
-7.53681
-7.84296
-8.19851
-8.60954
-9.08011
-4.5292
-4.53535
-4.54438
-4.55523
-4.56745
-4.58128
-4.59698
-4.61478
-4.63487
-4.65743
-4.68262
-4.7106
-4.74148
-4.77539
-4.81239
-4.85251
-4.89572
-4.94191
-4.99092
-5.04252
-5.09645
-5.15247
-5.21044
-5.27034
-5.33236
-5.3969
-5.46454
-5.536
-5.61203
-5.69334
-5.78057
-5.8744
-5.97564
-6.08545
-6.20545
-6.33762
-6.4842
-6.64757
-6.83038
-7.03605
-7.26949
-7.53765
-7.84703
-8.21126
-8.63718
-9.13562
-4.57143
-4.57801
-4.5877
-4.59911
-4.61169
-4.62567
-4.64133
-4.65892
-4.67863
-4.70065
-4.72515
-4.75227
-4.78216
-4.81493
-4.85065
-4.88935
-4.93102
-4.97557
-5.02285
-5.07265
-5.12474
-5.17892
-5.23507
-5.29317
-5.35341
-5.41614
-5.4819
-5.55132
-5.62506
-5.70381
-5.78822
-5.87906
-5.97731
-6.08427
-6.20158
-6.33105
-6.47465
-6.63448
-6.81314
-7.01428
-7.2431
-7.50654
-7.8129
-8.17309
-8.5969
-9.09893
-4.61147
-4.61841
-4.62865
-4.64051
-4.65335
-4.66742
-4.68299
-4.70031
-4.7196
-4.74104
-4.7648
-4.79104
-4.81989
-4.85147
-4.88586
-4.92311
-4.9632
-5.00605
-5.05154
-5.09948
-5.14968
-5.20194
-5.25616
-5.31234
-5.37064
-5.43139
-5.49505
-5.56215
-5.63328
-5.70906
-5.79017
-5.87744
-5.97196
-6.07512
-6.18849
-6.31372
-6.45245
-6.60651
-6.77835
-6.97163
-7.19145
-7.44427
-7.73786
-8.08141
-8.48372
-8.95752
-4.64955
-4.65677
-4.66744
-4.67964
-4.69266
-4.70674
-4.72216
-4.73918
-4.758
-4.77882
-4.8018
-4.82712
-4.85489
-4.88525
-4.91828
-4.95403
-4.99249
-5.03361
-5.07726
-5.12328
-5.1715
-5.22175
-5.27394
-5.32807
-5.38427
-5.44284
-5.50415
-5.56866
-5.63687
-5.70934
-5.78671
-5.86985
-5.95992
-6.0583
-6.16651
-6.28597
-6.41803
-6.5642
-6.72676
-6.90911
-7.11588
-7.35261
-7.62568
-7.94242
-8.3096
-8.73561
-4.68589
-4.69332
-4.70429
-4.71673
-4.72983
-4.74385
-4.75907
-4.77573
-4.79405
-4.81421
-4.83639
-4.86075
-4.88743
-4.91653
-4.94817
-4.98238
-5.01917
-5.0585
-5.10025
-5.1443
-5.19047
-5.23862
-5.28866
-5.34058
-5.39452
-5.45069
-5.50942
-5.57108
-5.63608
-5.7049
-5.77815
-5.85668
-5.94163
-6.03436
-6.13625
-6.24853
-6.37226
-6.50869
-6.65978
-6.82853
-7.01884
-7.23506
-7.48207
-7.7654
-8.09018
-8.46262
-4.7207
-4.72825
-4.73941
-4.75197
-4.76508
-4.77896
-4.79392
-4.81018
-4.82796
-4.84744
-4.86879
-4.89217
-4.91771
-4.94554
-4.97575
-5.00838
-5.04347
-5.08096
-5.12077
-5.16278
-5.20682
-5.25277
-5.30054
-5.35012
-5.4016
-5.45517
-5.51109
-5.56965
-5.63119
-5.69608
-5.76488
-5.83838
-5.91766
-6.00397
-6.09857
-6.20245
-6.31645
-6.44156
-6.57941
-6.73243
-6.90364
-7.09614
-7.3133
-7.55898
-7.83699
-8.15254
-4.75414
-4.76172
-4.77297
-4.78555
-4.79857
-4.81226
-4.8269
-4.84272
-4.85992
-4.87869
-4.89918
-4.92156
-4.94595
-4.97248
-5.00122
-5.03226
-5.06559
-5.10121
-5.13902
-5.17892
-5.22077
-5.26443
-5.30982
-5.35691
-5.40578
-5.45656
-5.50946
-5.5647
-5.62253
-5.68327
-5.74737
-5.81552
-5.88868
-5.96799
-6.0545
-6.14904
-6.25223
-6.36482
-6.48809
-6.62385
-6.77419
-6.94101
-7.12624
-7.33218
-7.5613
-7.81864
-4.78633
-4.79388
-4.80511
-4.81761
-4.83047
-4.8439
-4.85817
-4.87351
-4.8901
-4.90813
-4.92775
-4.9491
-4.97232
-4.99751
-5.02478
-5.05418
-5.08574
-5.11943
-5.15521
-5.19295
-5.23253
-5.27382
-5.31673
-5.36122
-5.40732
-5.45513
-5.50482
-5.55655
-5.6105
-5.66689
-5.72609
-5.78867
-5.85544
-5.92733
-6.00522
-6.08977
-6.18141
-6.28068
-6.3885
-6.5061
-6.63466
-6.77498
-6.92765
-7.09342
-7.27318
-7.47018
-4.8174
-4.82485
-4.83596
-4.84829
-4.86091
-4.87401
-4.88787
-4.90269
-4.91865
-4.93592
-4.95464
-4.97495
-4.99697
-5.02082
-5.04658
-5.07432
-5.10407
-5.13582
-5.16951
-5.20505
-5.24231
-5.28117
-5.32152
-5.3633
-5.40651
-5.45122
-5.49755
-5.5456
-5.59551
-5.64742
-5.7016
-5.75848
-5.81869
-5.88296
-5.95198
-6.02619
-6.10591
-6.19147
-6.28346
-6.38256
-6.48922
-6.6033
-6.7242
-6.85131
-6.98398
-7.12291
-4.84745
-4.85473
-4.86562
-4.8777
-4.89001
-4.90274
-4.91614
-4.93041
-4.94571
-4.96219
-4.97999
-4.99924
-5.02006
-5.04254
-5.06679
-5.09285
-5.12077
-5.15055
-5.18213
-5.21544
-5.25035
-5.28672
-5.32445
-5.36345
-5.40368
-5.44518
-5.48802
-5.53228
-5.57803
-5.62537
-5.67446
-5.7256
-5.77922
-5.83586
-5.89597
-5.95984
-6.02763
-6.09951
-6.17576
-6.25663
-6.34196
-6.4309
-6.522
-6.61355
-6.70373
-6.79059
-4.87656
-4.88362
-4.89422
-4.90595
-4.9179
-4.93021
-4.94312
-4.9568
-4.97141
-4.98709
-5.00397
-5.02215
-5.04175
-5.06286
-5.08558
-5.10996
-5.13604
-5.16383
-5.19328
-5.22434
-5.25686
-5.29073
-5.3258
-5.36197
-5.39917
-5.4374
-5.47668
-5.51705
-5.55858
-5.60129
-5.64527
-5.69069
-5.73781
-5.78695
-5.83835
-5.89214
-5.94833
-6.00694
-6.06802
-6.13144
-6.19662
-6.26226
-6.32632
-6.38641
-6.44002
-6.48304
-4.90482
-4.91162
-4.92185
-4.93318
-4.9447
-4.95655
-4.96893
-4.98201
-4.99591
-5.01078
-5.02672
-5.04383
-5.06221
-5.08196
-5.10314
-5.12583
-5.15007
-5.17587
-5.20319
-5.23198
-5.26211
-5.29346
-5.32586
-5.35919
-5.39334
-5.42826
-5.46394
-5.50041
-5.53767
-5.57575
-5.61466
-5.65445
-5.69523
-5.73712
-5.78017
-5.82435
-5.86954
-5.91562
-5.96244
-6.00962
-6.05632
-6.10097
-6.14126
-6.17447
-6.1979
-6.20616
-4.93232
-4.93883
-4.94863
-4.95951
-4.97056
-4.98191
-4.99374
-5.00618
-5.01937
-5.03342
-5.04841
-5.06445
-5.08162
-5.1
-5.11967
-5.14068
-5.16308
-5.18689
-5.21209
-5.23861
-5.26636
-5.29519
-5.32493
-5.35543
-5.38654
-5.41817
-5.45028
-5.48284
-5.51587
-5.54935
-5.58325
-5.61754
-5.65221
-5.68719
-5.72238
-5.75759
-5.79258
-5.8271
-5.86085
-5.89331
-5.92348
-5.94971
-5.96967
-5.98065
-5.98012
-5.96227
-4.95914
-4.96534
-4.97467
-4.98505
-4.9956
-5.00642
-5.01767
-5.02947
-5.04194
-5.05515
-5.06921
-5.08419
-5.10015
-5.11719
-5.13535
-5.1547
-5.17529
-5.19713
-5.22021
-5.24448
-5.26985
-5.29618
-5.32329
-5.35099
-5.37911
-5.40751
-5.4361
-5.46484
-5.4937
-5.52266
-5.55167
-5.58064
-5.60945
-5.63792
-5.6658
-5.69278
-5.7185
-5.74261
-5.7647
-5.78414
-5.79988
-5.81037
-5.81338
-5.80648
-5.78763
-5.75119
-4.98537
-4.99123
-5.00008
-5.00993
-5.01995
-5.03022
-5.04088
-5.05203
-5.06376
-5.07615
-5.08927
-5.1032
-5.11798
-5.13369
-5.15037
-5.16809
-5.18689
-5.20678
-5.22777
-5.24983
-5.27285
-5.29671
-5.32122
-5.34618
-5.37138
-5.39664
-5.42182
-5.44685
-5.47167
-5.49625
-5.52053
-5.54439
-5.56764
-5.59001
-5.61115
-5.63065
-5.64808
-5.66302
-5.67495
-5.68318
-5.6867
-5.68405
-5.67328
-5.65234
-5.61983
-5.57073
-5.01107
-5.0166
-5.02494
-5.03425
-5.04372
-5.05343
-5.06348
-5.07397
-5.08497
-5.09655
-5.10875
-5.12164
-5.13526
-5.14967
-5.16491
-5.18103
-5.19807
-5.21606
-5.235
-5.25487
-5.27558
-5.29701
-5.31898
-5.34128
-5.36365
-5.38589
-5.4078
-5.42928
-5.45024
-5.47064
-5.49041
-5.50941
-5.52742
-5.54411
-5.55906
-5.57181
-5.58189
-5.58881
-5.59203
-5.59084
-5.58424
-5.57092
-5.54918
-5.5174
-5.47482
-5.41725
-5.03631
-5.04152
-5.04935
-5.05809
-5.06701
-5.07615
-5.0856
-5.09543
-5.1057
-5.11647
-5.12776
-5.13964
-5.15213
-5.16528
-5.17912
-5.19369
-5.20903
-5.22516
-5.2421
-5.25982
-5.27826
-5.29732
-5.31681
-5.33652
-5.35618
-5.37553
-5.39435
-5.41247
-5.4298
-5.44626
-5.46178
-5.47624
-5.48939
-5.50085
-5.51018
-5.51687
-5.52042
-5.52035
-5.51613
-5.50708
-5.49224
-5.47043
-5.44016
-5.40016
-5.35024
-5.28699
-5.06115
-5.06604
-5.07336
-5.08156
-5.08992
-5.09849
-5.10733
-5.11651
-5.12606
-5.13602
-5.14644
-5.15733
-5.16872
-5.18065
-5.19313
-5.20621
-5.2199
-5.23424
-5.24923
-5.26487
-5.28111
-5.29785
-5.31493
-5.33214
-5.3492
-5.36582
-5.38174
-5.39674
-5.41067
-5.42348
-5.43507
-5.44534
-5.45403
-5.46078
-5.46509
-5.46642
-5.46426
-5.45814
-5.44758
-5.43196
-5.41048
-5.38204
-5.34533
-5.29935
-5.24429
-5.17744
-5.08565
-5.09022
-5.09706
-5.1047
-5.11251
-5.12051
-5.12876
-5.13729
-5.14613
-5.15532
-5.16487
-5.1748
-5.18514
-5.19589
-5.20708
-5.21872
-5.23084
-5.24344
-5.25656
-5.27019
-5.28429
-5.29878
-5.31353
-5.32833
-5.34291
-5.35696
-5.37018
-5.38229
-5.39312
-5.40257
-5.41057
-5.41702
-5.4217
-5.42426
-5.42419
-5.42092
-5.41391
-5.40268
-5.38681
-5.3658
-5.33899
-5.30546
-5.2641
-5.21406
-5.1558
-5.08714
-5.10983
-5.11412
-5.12048
-5.12759
-5.13486
-5.1423
-5.14995
-5.15785
-5.166
-5.17442
-5.18314
-5.19215
-5.20147
-5.2111
-5.22105
-5.23133
-5.24194
-5.2529
-5.26423
-5.27592
-5.28797
-5.3003
-5.3128
-5.32529
-5.3375
-5.34914
-5.35985
-5.36933
-5.37735
-5.38377
-5.38851
-5.3915
-5.39258
-5.39145
-5.38761
-5.3805
-5.36952
-5.35418
-5.33407
-5.30878
-5.27782
-5.2405
-5.19589
-5.14335
-5.08345
-5.01444
-5.13376
-5.13777
-5.14367
-5.15027
-5.15702
-5.16391
-5.17098
-5.17825
-5.18573
-5.19342
-5.20133
-5.20945
-5.2178
-5.22636
-5.23513
-5.24412
-5.25331
-5.26272
-5.27235
-5.28221
-5.29229
-5.30254
-5.31289
-5.32316
-5.33313
-5.34249
-5.3509
-5.35799
-5.3635
-5.36722
-5.36907
-5.36897
-5.36683
-5.36242
-5.35533
-5.34502
-5.33089
-5.31238
-5.28907
-5.26061
-5.22662
-5.18661
-5.13988
-5.08598
-5.02556
-4.95721
-5.15746
-5.16121
-5.16668
-5.17279
-5.17903
-5.18539
-5.1919
-5.19856
-5.20538
-5.21236
-5.21949
-5.22677
-5.23419
-5.24174
-5.2494
-5.25717
-5.26503
-5.27298
-5.28103
-5.28916
-5.29738
-5.30566
-5.31395
-5.3221
-5.32993
-5.33716
-5.34343
-5.34838
-5.35167
-5.35305
-5.35238
-5.34958
-5.34459
-5.33727
-5.32733
-5.3143
-5.29763
-5.27674
-5.25116
-5.22053
-5.18454
-5.14284
-5.09494
-5.04053
-4.98038
-4.9133
-5.18097
-5.18447
-5.18955
-5.19519
-5.20094
-5.20678
-5.21275
-5.21882
-5.22501
-5.2313
-5.23769
-5.24416
-5.25069
-5.25728
-5.2639
-5.27054
-5.27716
-5.28376
-5.29033
-5.29686
-5.30334
-5.30977
-5.3161
-5.32224
-5.32804
-5.33325
-5.33754
-5.34055
-5.3419
-5.34128
-5.33849
-5.33341
-5.32599
-5.31615
-5.3037
-5.28831
-5.26951
-5.24677
-5.2196
-5.18761
-5.15052
-5.10802
-5.05977
-5.0056
-4.94633
-4.88099
-5.20432
-5.2076
-5.2123
-5.2175
-5.22278
-5.22813
-5.23357
-5.23908
-5.24466
-5.25029
-5.25596
-5.26166
-5.26736
-5.27305
-5.2787
-5.28427
-5.28975
-5.2951
-5.30031
-5.30537
-5.31025
-5.31496
-5.31946
-5.32371
-5.32757
-5.33086
-5.3333
-5.33453
-5.33418
-5.33188
-5.32736
-5.32045
-5.31106
-5.29914
-5.28457
-5.26715
-5.24654
-5.2223
-5.19398
-5.1612
-5.12364
-5.08105
-5.03315
-4.97986
-4.92202
-4.85885
-5.22755
-5.23062
-5.23497
-5.23976
-5.2446
-5.24948
-5.25441
-5.25937
-5.26437
-5.26936
-5.27436
-5.27932
-5.28424
-5.28908
-5.29382
-5.29841
-5.30284
-5.30705
-5.31103
-5.31474
-5.31817
-5.3213
-5.32412
-5.32659
-5.32864
-5.33012
-5.3308
-5.33038
-5.32848
-5.32475
-5.31885
-5.31054
-5.29967
-5.28616
-5.26994
-5.2509
-5.22882
-5.20338
-5.17421
-5.14098
-5.10339
-5.0612
-5.01416
-4.96225
-4.90629
-4.84567
-5.25069
-5.25357
-5.25759
-5.26199
-5.26641
-5.27085
-5.27529
-5.27974
-5.28417
-5.28857
-5.29291
-5.29719
-5.30136
-5.30541
-5.3093
-5.31299
-5.31645
-5.31963
-5.32249
-5.325
-5.32712
-5.32883
-5.33013
-5.33098
-5.33135
-5.33113
-5.33014
-5.32815
-5.32483
-5.31983
-5.31279
-5.30343
-5.29152
-5.27693
-5.25958
-5.23941
-5.21628
-5.18998
-5.16026
-5.12686
-5.08952
-5.04804
-5.00221
-4.95202
-4.89826
-4.84046
-5.27376
-5.27646
-5.28019
-5.28423
-5.28826
-5.29227
-5.29625
-5.30021
-5.3041
-5.30793
-5.31166
-5.31528
-5.31875
-5.32206
-5.32517
-5.32803
-5.33061
-5.33285
-5.33471
-5.33614
-5.33711
-5.33757
-5.33752
-5.33693
-5.33576
-5.33397
-5.33143
-5.32795
-5.32328
-5.3171
-5.30907
-5.29888
-5.28625
-5.27101
-5.25303
-5.23224
-5.20854
-5.18181
-5.1519
-5.11861
-5.08178
-5.04125
-4.99684
-4.94858
-4.89721
-4.84235
-5.2968
-5.29935
-5.3028
-5.30651
-5.31017
-5.31377
-5.31732
-5.3208
-5.32419
-5.32747
-5.33062
-5.33362
-5.33645
-5.33906
-5.34144
-5.34354
-5.34532
-5.34672
-5.34769
-5.34818
-5.34814
-5.34752
-5.34629
-5.34443
-5.34192
-5.33872
-5.33475
-5.32988
-5.32392
-5.31661
-5.30766
-5.29676
-5.28362
-5.26801
-5.24977
-5.22879
-5.20499
-5.17827
-5.14855
-5.11571
-5.07965
-5.04028
-4.99746
-4.95125
-4.90236
-4.85048
-5.31984
-5.32224
-5.32544
-5.32884
-5.33215
-5.33538
-5.33852
-5.34155
-5.34446
-5.34723
-5.34983
-5.35225
-5.35447
-5.35644
-5.35815
-5.35955
-5.3606
-5.36124
-5.36142
-5.36109
-5.36017
-5.35863
-5.3564
-5.35347
-5.34981
-5.34539
-5.34016
-5.33403
-5.32687
-5.31849
-5.30865
-5.29707
-5.2835
-5.26767
-5.24939
-5.22852
-5.20496
-5.17864
-5.14947
-5.1174
-5.08239
-5.04437
-5.00328
-4.9592
-4.91281
-4.86388
-5.34289
-5.34517
-5.34813
-5.35125
-5.35424
-5.35711
-5.35986
-5.36247
-5.36493
-5.36721
-5.36931
-5.37119
-5.37283
-5.37421
-5.3753
-5.37606
-5.37645
-5.37642
-5.3759
-5.37485
-5.37319
-5.37086
-5.36781
-5.364
-5.35939
-5.35395
-5.34766
-5.34044
-5.33222
-5.32285
-5.31216
-5.29993
-5.28593
-5.26992
-5.25169
-5.23109
-5.20799
-5.18229
-5.15395
-5.12291
-5.08915
-5.05267
-5.01344
-4.97154
-4.92763
-4.88155
-5.36599
-5.36816
-5.37091
-5.37376
-5.37645
-5.37899
-5.38137
-5.38359
-5.38562
-5.38745
-5.38906
-5.39044
-5.39155
-5.39238
-5.39291
-5.39309
-5.39288
-5.39224
-5.39112
-5.38944
-5.38715
-5.38417
-5.38045
-5.37593
-5.37056
-5.36432
-5.35717
-5.34907
-5.33995
-5.32973
-5.31829
-5.30545
-5.29104
-5.27485
-5.25668
-5.23639
-5.21382
-5.18888
-5.1615
-5.13164
-5.0993
-5.06447
-5.02716
-4.98746
-4.94601
-4.90267
-5.38916
-5.39123
-5.39379
-5.39639
-5.3988
-5.40103
-5.40307
-5.40491
-5.40654
-5.40795
-5.40911
-5.41002
-5.41064
-5.41098
-5.41098
-5.41063
-5.4099
-5.40872
-5.40706
-5.40484
-5.40201
-5.3985
-5.39424
-5.38917
-5.38323
-5.37639
-5.3686
-5.35982
-5.35002
-5.33913
-5.32706
-5.31371
-5.29894
-5.28258
-5.26448
-5.24448
-5.22245
-5.1983
-5.17193
-5.14331
-5.11243
-5.07931
-5.04395
-5.00645
-4.96739
-4.92668
-5.41242
-5.41441
-5.41678
-5.41915
-5.4213
-5.42324
-5.42496
-5.42645
-5.42771
-5.42872
-5.42946
-5.42994
-5.43012
-5.42999
-5.42953
-5.42871
-5.42749
-5.42584
-5.42371
-5.42103
-5.41776
-5.41381
-5.40913
-5.40363
-5.39728
-5.39001
-5.38178
-5.37255
-5.36227
-5.35092
-5.33842
-5.3247
-5.30967
-5.29321
-5.27519
-5.25549
-5.23399
-5.2106
-5.18523
-5.15785
-5.12845
-5.09703
-5.06359
-5.02826
-4.99153
-4.95335
-5.43578
-5.4377
-5.4399
-5.44206
-5.44397
-5.44563
-5.44705
-5.44822
-5.44913
-5.44977
-5.45013
-5.4502
-5.44997
-5.44942
-5.44854
-5.4473
-5.44566
-5.4436
-5.44106
-5.438
-5.43435
-5.43005
-5.42504
-5.41924
-5.4126
-5.40506
-5.39656
-5.38706
-5.37653
-5.36491
-5.35218
-5.33828
-5.32314
-5.30668
-5.28882
-5.26946
-5.2485
-5.22586
-5.20148
-5.17532
-5.14736
-5.1176
-5.08606
-5.05283
-5.01837
-4.98263
-5.45927
-5.46112
-5.46317
-5.46513
-5.46681
-5.46822
-5.46936
-5.47022
-5.4708
-5.4711
-5.4711
-5.47081
-5.47021
-5.46929
-5.46803
-5.46641
-5.46441
-5.46199
-5.4591
-5.45571
-5.45176
-5.44718
-5.44192
-5.43592
-5.4291
-5.42141
-5.41279
-5.40319
-5.39257
-5.3809
-5.36813
-5.35423
-5.33916
-5.32287
-5.30528
-5.28633
-5.26597
-5.24411
-5.22072
-5.19575
-5.1692
-5.14108
-5.11138
-5.08019
-5.04794
-5.01458
-5.48288
-5.48468
-5.48658
-5.48836
-5.48984
-5.49101
-5.49188
-5.49246
-5.49273
-5.49271
-5.49239
-5.49176
-5.49083
-5.48957
-5.48798
-5.48604
-5.48372
-5.48099
-5.47782
-5.47416
-5.46996
-5.46518
-5.45974
-5.4536
-5.44669
-5.43895
-5.43033
-5.42076
-5.41022
-5.39865
-5.38603
-5.37232
-5.3575
-5.34152
-5.32435
-5.30594
-5.28625
-5.26523
-5.24286
-5.2191
-5.19396
-5.16744
-5.13954
-5.11035
-5.08024
-5.0492
-5.50664
-5.50838
-5.51015
-5.51177
-5.51304
-5.51399
-5.51462
-5.51493
-5.51492
-5.51461
-5.51398
-5.51306
-5.51183
-5.51028
-5.5084
-5.50618
-5.50359
-5.50061
-5.4972
-5.49333
-5.48895
-5.48401
-5.47846
-5.47225
-5.46532
-5.45761
-5.44907
-5.43965
-5.42929
-5.41797
-5.40564
-5.39228
-5.37786
-5.36236
-5.34575
-5.32801
-5.3091
-5.28901
-5.26771
-5.2452
-5.22147
-5.19654
-5.17043
-5.1432
-5.1152
-5.08641
-5.53054
-5.53224
-5.53389
-5.53535
-5.53645
-5.53719
-5.53758
-5.53764
-5.53737
-5.53678
-5.53589
-5.5347
-5.5332
-5.5314
-5.52928
-5.52682
-5.52401
-5.52083
-5.51724
-5.5132
-5.50869
-5.50365
-5.49805
-5.49183
-5.48494
-5.47732
-5.46894
-5.45973
-5.44966
-5.43868
-5.42675
-5.41387
-5.39999
-5.3851
-5.36919
-5.35223
-5.33423
-5.31515
-5.29501
-5.27378
-5.2515
-5.22818
-5.20383
-5.17853
-5.1526
-5.12603
-5.5546
-5.55626
-5.55779
-5.55911
-5.56004
-5.56059
-5.56076
-5.56058
-5.56006
-5.55923
-5.5581
-5.55667
-5.55494
-5.55293
-5.5506
-5.54796
-5.54498
-5.54163
-5.53791
-5.53376
-5.52917
-5.52408
-5.51847
-5.51228
-5.50548
-5.49802
-5.48985
-5.48092
-5.47119
-5.46063
-5.4492
-5.43688
-5.42365
-5.40949
-5.39438
-5.37832
-5.36131
-5.34334
-5.32441
-5.30454
-5.28374
-5.26204
-5.23946
-5.21607
-5.19218
-5.16778
-5.5788
-5.58045
-5.58187
-5.58306
-5.58383
-5.58419
-5.58415
-5.58375
-5.583
-5.58195
-5.58059
-5.57896
-5.57705
-5.57485
-5.57236
-5.56957
-5.56646
-5.563
-5.55919
-5.55498
-5.55034
-5.54526
-5.53968
-5.53358
-5.52692
-5.51965
-5.51173
-5.50313
-5.4938
-5.48372
-5.47285
-5.46116
-5.44865
-5.43528
-5.42107
-5.40599
-5.39006
-5.37326
-5.35562
-5.33715
-5.31786
-5.29781
-5.277
-5.25551
-5.23362
-5.21134
-5.6031
-5.60478
-5.60611
-5.6072
-5.60783
-5.608
-5.60776
-5.60714
-5.60618
-5.60492
-5.60338
-5.60157
-5.5995
-5.59716
-5.59455
-5.59165
-5.58844
-5.58492
-5.58105
-5.57682
-5.5722
-5.56715
-5.56166
-5.55568
-5.54919
-5.54215
-5.53454
-5.5263
-5.51741
-5.50785
-5.49757
-5.48657
-5.47483
-5.46232
-5.44905
-5.43502
-5.42021
-5.40466
-5.38835
-5.37131
-5.35357
-5.33517
-5.31612
-5.29652
-5.2766
-5.25641
-5.62749
-5.62926
-5.63053
-5.63154
-5.63202
-5.63201
-5.63156
-5.63074
-5.62958
-5.62815
-5.62645
-5.6245
-5.6223
-5.61985
-5.61715
-5.61418
-5.61092
-5.60737
-5.60349
-5.59928
-5.5947
-5.58973
-5.58436
-5.57855
-5.57227
-5.5655
-5.55821
-5.55038
-5.54196
-5.53294
-5.5233
-5.51302
-5.50208
-5.49047
-5.47818
-5.46522
-5.45159
-5.4373
-5.42236
-5.40679
-5.39061
-5.37386
-5.35657
-5.33882
-5.32084
-5.30268
-5.65206
-5.65393
-5.65514
-5.65609
-5.65642
-5.65622
-5.65557
-5.65455
-5.65322
-5.65163
-5.6498
-5.64774
-5.64545
-5.64293
-5.64017
-5.63716
-5.63388
-5.63033
-5.62648
-5.62232
-5.61782
-5.61297
-5.60775
-5.60214
-5.59611
-5.58964
-5.58271
-5.5753
-5.56739
-5.55895
-5.54996
-5.54042
-5.5303
-5.51961
-5.50833
-5.49647
-5.48404
-5.47104
-5.45748
-5.44337
-5.42876
-5.41366
-5.39811
-5.38218
-5.36608
-5.3499
-5.67677
-5.67882
-5.67996
-5.68088
-5.68106
-5.68063
-5.67977
-5.67856
-5.67708
-5.67536
-5.67343
-5.67129
-5.66894
-5.66638
-5.66359
-5.66057
-5.65731
-5.65378
-5.64999
-5.64591
-5.64153
-5.63683
-5.63179
-5.62641
-5.62066
-5.61452
-5.60799
-5.60103
-5.59364
-5.58579
-5.57748
-5.5687
-5.55943
-5.54967
-5.53941
-5.52867
-5.51744
-5.50573
-5.49356
-5.48093
-5.46787
-5.4544
-5.44056
-5.4264
-5.41212
-5.39783
-5.70075
-5.70397
-5.70503
-5.70595
-5.70592
-5.70524
-5.70415
-5.70277
-5.70116
-5.69935
-5.69734
-5.69515
-5.69276
-5.69018
-5.68739
-5.68439
-5.68116
-5.6777
-5.67399
-5.67002
-5.66578
-5.66125
-5.65644
-5.65131
-5.64587
-5.64009
-5.63397
-5.62749
-5.62065
-5.61342
-5.6058
-5.59779
-5.58938
-5.58056
-5.57134
-5.56172
-5.5517
-5.54129
-5.5305
-5.51934
-5.50782
-5.49597
-5.48378
-5.47132
-5.45875
-5.44623
-5.72309
-5.72967
-5.73053
-5.73132
-5.73098
-5.72998
-5.72867
-5.72713
-5.72542
-5.72353
-5.72148
-5.71926
-5.71686
-5.71428
-5.71151
-5.70855
-5.70538
-5.70199
-5.69839
-5.69456
-5.69049
-5.68617
-5.68159
-5.67675
-5.67164
-5.66625
-5.66057
-5.65459
-5.64831
-5.64172
-5.63482
-5.6276
-5.62006
-5.6122
-5.60402
-5.59553
-5.58673
-5.57763
-5.56823
-5.55853
-5.54854
-5.53827
-5.5277
-5.51685
-5.50585
-5.49489
-5.74615
-5.75686
-5.75699
-5.75709
-5.75625
-5.7549
-5.75337
-5.75171
-5.74992
-5.74799
-5.74591
-5.74367
-5.74128
-5.73872
-5.73599
-5.73308
-5.72998
-5.7267
-5.72322
-5.71955
-5.71566
-5.71157
-5.70726
-5.70273
-5.69797
-5.69299
-5.68777
-5.68232
-5.67662
-5.67069
-5.66451
-5.6581
-5.65144
-5.64455
-5.63743
-5.63008
-5.6225
-5.61471
-5.60671
-5.59848
-5.59003
-5.58132
-5.57234
-5.56302
-5.55337
-5.54356
-5.77365
-5.79008
-5.78698
-5.78412
-5.78231
-5.78066
-5.77896
-5.7772
-5.77535
-5.77337
-5.77127
-5.76903
-5.76664
-5.76411
-5.76142
-5.75857
-5.75556
-5.75239
-5.74905
-5.74554
-5.74186
-5.738
-5.73396
-5.72975
-5.72535
-5.72078
-5.71603
-5.7111
-5.706
-5.70072
-5.69527
-5.68966
-5.68388
-5.67795
-5.67187
-5.66565
-5.6593
-5.65282
-5.6462
-5.63945
-5.63255
-5.62543
-5.61804
-5.61019
-5.60139
-5.59146
-5.79246
-5.84285
-5.82561
-5.81307
-5.80925
-5.80725
-5.80537
-5.80348
-5.80155
-5.79953
-5.7974
-5.79515
-5.79278
-5.79027
-5.78763
-5.78486
-5.78195
-5.7789
-5.7757
-5.77237
-5.7689
-5.76529
-5.76154
-5.75765
-5.75364
-5.74949
-5.74522
-5.74083
-5.73632
-5.73171
-5.72699
-5.72218
-5.71728
-5.71232
-5.70728
-5.7022
-5.69707
-5.6919
-5.6867
-5.68147
-5.67616
-5.67072
-5.665
-5.65851
-5.64926
-5.63491
-5.76132
-5.9194
-5.86231
-5.83654
-5.83032
-5.82726
-5.82485
-5.8227
-5.82063
-5.81853
-5.81637
-5.81413
-5.81179
-5.80934
-5.80679
-5.80413
-5.80137
-5.79849
-5.79552
-5.79243
-5.78926
-5.78598
-5.78262
-5.77917
-5.77564
-5.77205
-5.76839
-5.76468
-5.76093
-5.75714
-5.75334
-5.74953
-5.74572
-5.74194
-5.73818
-5.73448
-5.73084
-5.72727
-5.72379
-5.72039
-5.71704
-5.71362
-5.70989
-5.70497
-5.69528
-5.67178
-254.414
-135.796
-35.2785
-7.74625
1.25645
2.11725
1.88156
1.99933
189.561
82.0611
4.43665
-3.59308
0.684302
-0.139209
2.32887
3.40343
315.823
212.188
127.007
61.4627
5.29649
-16.6095
-5.0839
2.07378
254.229
193.081
140.336
92.9725
55.0107
25.9625
-6.521
-23.4628
199.637
163.296
130.348
99.7107
73.0937
50.6004
30.0316
15.1862
153.708
129.015
106.172
85.0476
65.893
49.3902
36.0041
25.5667
104.484
87.4044
71.7854
57.4794
44.556
33.2215
23.635
15.7927
56.8538
46.1244
36.4114
27.3902
19.2087
12.0798
5.99134
0.669056
13.2123
7.83921
2.90553
-1.81942
-6.15305
-9.85492
-12.9469
-15.825
-27.8503
-27.2818
-27.423
-28.2236
-29.1917
-29.9421
-30.4666
-31.2372
-67.977
-64.5654
-60.3039
-56.7768
-53.5075
-50.1652
-47.031
-45.1706
-56.1433
-60.7293
-65.0243
-68.8105
-70.099
-68.7057
-64.9763
-60.6349
-12.4541
-14.4045
-17.1009
-21.5352
-28.6341
-36.2162
-41.2472
-44.9888
-6.6453
-7.01801
-7.38208
-7.81693
-8.47669
-9.45337
-10.8263
-12.5847
-6.02556
-6.0768
-6.11433
-6.16325
-6.29638
-6.5802
-7.03437
-7.58696
-6.37211
-6.45191
-6.50669
-6.53845
-6.55422
-6.58027
-6.6343
-6.71283
-6.48788
-6.55811
-6.62545
-6.68955
-6.75119
-6.81301
-6.87281
-6.91762
-6.60096
-6.66912
-6.73645
-6.80198
-6.86609
-6.92964
-6.99268
-7.0514
-6.7261
-6.79434
-6.86187
-6.92756
-6.99119
-7.05298
-7.11348
-7.17185
-6.85303
-6.92186
-6.99039
-7.05737
-7.12242
-7.18548
-7.24678
-7.30486
-6.98554
-7.05623
-7.12688
-7.19608
-7.26332
-7.3284
-7.39134
-7.45017
-7.12692
-7.2008
-7.27478
-7.34723
-7.41739
-7.48483
-7.54943
-7.609
-7.27942
-7.3578
-7.43634
-7.51299
-7.58667
-7.65676
-7.72316
-7.78355
-7.44424
-7.52843
-7.61268
-7.69443
-7.77222
-7.84534
-7.9139
-7.97552
-7.62141
-7.71284
-7.80406
-7.8919
-7.97457
-8.05138
-8.12273
-8.18619
-7.81034
-7.9107
-8.01046
-8.10578
-8.19461
-8.27633
-8.35149
-8.41737
-8.01055
-8.12211
-8.23255
-8.33728
-8.43403
-8.52223
-8.60236
-8.67097
-8.22133
-8.34669
-8.47022
-8.58661
-8.69345
-8.7901
-8.87666
-8.94846
-8.44141
-8.58341
-8.72268
-8.85327
-8.97272
-9.08023
-9.17525
-9.25171
-8.66841
-8.83047
-8.98921
-9.13802
-9.27433
-9.39681
-9.50405
-9.5889
-8.89681
-9.08287
-9.26634
-9.44004
-9.60092
-9.74651
-9.87439
-9.97609
-9.11746
-9.33127
-9.54512
-9.75113
-9.9452
-10.1229
-10.2814
-10.4127
-9.31889
-9.56512
-9.81627
-10.0632
-10.3005
-10.5209
-10.7204
-10.8977
-9.4823
-9.76583
-10.0635
-10.3651
-10.6643
-10.9514
-11.2206
-11.4846
-9.57375
-9.89035
-10.233
-10.5931
-10.9663
-11.3461
-11.7178
-12.0814
-9.54859
-9.87782
-10.2385
-10.6234
-11.0327
-11.4728
-11.9362
-12.3661
-9.37836
-9.68467
-10.0163
-10.3624
-10.7211
-11.104
-11.5277
-11.7987
-9.10453
-9.36846
-9.64846
-9.93339
-10.2192
-10.5078
-10.7678
-10.8172
-8.78006
-9.00505
-9.24155
-9.48047
-9.71339
-9.92753
-10.1053
-10.2477
-8.41929
-8.60883
-8.80959
-9.01534
-9.22042
-9.41616
-9.60325
-9.799
-8.03565
-8.1902
-8.35637
-8.53093
-8.7118
-8.89514
-9.08869
-9.3154
-7.63138
-7.7437
-7.86409
-7.99068
-8.12264
-8.25678
-8.39526
-8.56414
-7.22905
-7.29886
-7.37144
-7.44547
-7.51938
-7.58917
-7.65186
-7.72418
-6.84734
-6.87962
-6.9101
-6.9382
-6.96226
-6.97843
-6.98447
-6.99156
-6.49931
-6.50167
-6.499
-6.49109
-6.47609
-6.45059
-6.41372
-6.37664
-6.19144
-6.17147
-6.14472
-6.11148
-6.06973
-6.01643
-5.95195
-5.8877
-5.92522
-5.88951
-5.84631
-5.79674
-5.73888
-5.66976
-5.5902
-5.51173
-5.69941
-5.65354
-5.5999
-5.54045
-5.4738
-5.39722
-5.31139
-5.22726
-5.51027
-5.45867
-5.39925
-5.33465
-5.26398
-5.18496
-5.09811
-5.01338
-5.35225
-5.29813
-5.23647
-5.17018
-5.09868
-5.0201
-4.93499
-4.85234
-5.21969
-5.1649
-5.10326
-5.03768
-4.9676
-4.89143
-4.80974
-4.73072
-5.10917
-5.05475
-4.99438
-4.93086
-4.86362
-4.79114
-4.71395
-4.63949
-5.01928
-4.96608
-4.90767
-4.84676
-4.78284
-4.71455
-4.64229
-4.57272
-4.9482
-4.8969
-4.84088
-4.78278
-4.72224
-4.65813
-4.59077
-4.52605
-4.89317
-4.84411
-4.79075
-4.73564
-4.67858
-4.61856
-4.55596
-4.49592
-4.85166
-4.80492
-4.75438
-4.70242
-4.64891
-4.59301
-4.53503
-4.47946
-4.82189
-4.77754
-4.72989
-4.68117
-4.63125
-4.57937
-4.52579
-4.47443
-4.80252
-4.76064
-4.71595
-4.67044
-4.62402
-4.57595
-4.52644
-4.47897
-4.79232
-4.753
-4.71125
-4.66887
-4.62573
-4.58118
-4.5354
-4.49144
-4.79019
-4.75342
-4.7145
-4.67506
-4.63497
-4.59363
-4.55121
-4.51043
-4.79515
-4.76082
-4.72454
-4.68779
-4.65047
-4.61204
-4.57265
-4.53475
-4.80626
-4.77421
-4.74034
-4.70603
-4.67121
-4.63541
-4.59878
-4.56353
-4.8225
-4.79256
-4.76091
-4.72884
-4.69632
-4.66295
-4.62887
-4.59608
-4.84285
-4.81489
-4.78533
-4.75539
-4.72507
-4.69401
-4.66234
-4.6319
-4.86649
-4.84041
-4.81288
-4.78502
-4.75685
-4.72804
-4.69872
-4.67054
-4.89287
-4.8686
-4.84305
-4.81725
-4.79121
-4.76462
-4.7376
-4.71163
-4.92178
-4.89924
-4.87561
-4.85183
-4.82788
-4.80348
-4.7787
-4.75488
-4.9532
-4.93231
-4.91052
-4.88868
-4.86674
-4.84443
-4.8218
-4.80004
-4.98721
-4.96788
-4.94783
-4.9278
-4.90774
-4.88738
-4.86678
-4.84695
-5.02382
-5.00598
-4.98753
-4.96918
-4.95084
-4.93229
-4.91353
-4.8955
-5.06296
-5.04653
-5.02958
-5.01276
-4.996
-4.97907
-4.962
-4.94559
-5.10446
-5.08937
-5.07382
-5.05841
-5.04308
-5.02764
-5.01209
-4.99717
-5.14805
-5.13424
-5.12002
-5.10593
-5.09193
-5.07785
-5.0637
-5.05013
-5.19341
-5.18085
-5.1679
-5.15506
-5.14233
-5.12952
-5.11667
-5.10438
-5.24022
-5.22887
-5.21717
-5.20555
-5.19403
-5.18246
-5.17086
-5.15978
-5.28819
-5.27804
-5.26755
-5.25715
-5.24683
-5.23647
-5.22609
-5.21619
-5.33708
-5.3281
-5.31882
-5.30962
-5.3005
-5.29135
-5.28219
-5.27346
-5.38664
-5.37882
-5.37075
-5.36276
-5.35484
-5.34692
-5.33899
-5.33146
-5.43665
-5.42998
-5.42313
-5.41637
-5.4097
-5.40304
-5.39637
-5.39006
-5.48685
-5.48135
-5.47576
-5.47029
-5.46492
-5.45956
-5.45421
-5.44916
-5.53695
-5.53265
-5.52842
-5.52435
-5.52037
-5.51641
-5.51245
-5.50873
-5.58632
-5.58353
-5.58091
-5.57841
-5.57599
-5.57355
-5.57109
-5.56875
-5.63164
-5.63286
-5.63316
-5.63283
-5.63222
-5.6314
-5.63035
-5.62908
-5.66396
-5.66885
-5.67479
-5.67878
-5.68153
-5.68364
-5.68538
-5.68717
2.89517
3.24076
3.31696
3.35348
3.37818
3.39926
3.41935
3.43922
3.45871
3.4773
3.49448
3.50985
3.52318
3.53435
3.54332
3.55018
3.55511
3.55835
3.56016
3.5607
3.56005
3.55836
3.55587
3.55287
3.5495
3.54584
3.54196
3.53806
3.53437
3.53103
3.52808
3.52553
3.52341
3.52179
3.5208
3.52056
3.52118
3.52235
3.59302
3.29976
3.25826
3.27413
3.29731
3.31979
3.34303
3.36665
3.38982
3.41172
3.4317
3.44929
3.46424
3.47645
3.486
3.49303
3.49782
3.50066
3.50187
3.50174
3.50043
3.4981
3.49494
3.49125
3.48723
3.483
3.47862
3.47426
3.47014
3.4664
3.46312
3.46031
3.458
3.45625
3.4552
3.45499
3.45574
3.45707
3.39231
3.33996
3.2208
3.20927
3.22414
3.24436
3.26853
3.29503
3.32179
3.34717
3.37017
3.39021
3.40694
3.42026
3.43033
3.43744
3.44195
3.44423
3.44466
3.44363
3.44144
3.43824
3.43424
3.42972
3.42491
3.41997
3.41498
3.41007
3.40544
3.40126
3.3976
3.39449
3.39195
3.39006
3.38893
3.38875
3.38963
3.39113
-7.0246
3.07789
3.25871
3.22181
3.17554
3.18068
3.20031
3.22703
3.2562
3.28459
3.31052
3.33304
3.35163
3.36609
3.37661
3.38364
3.38767
3.38916
3.38857
3.38641
3.38306
3.37877
3.37373
3.3682
3.36248
3.35671
3.35099
3.34543
3.34021
3.33552
3.33143
3.32799
3.3252
3.32313
3.32192
3.32177
3.32278
3.32446
-7.56526
-13.2235
2.24082
3.2967
3.22843
3.16307
3.15024
3.16837
3.19618
3.22559
3.25356
3.27829
3.29866
3.31422
3.32512
3.33188
3.33516
3.33557
3.33368
3.33008
3.3253
3.31965
3.31336
3.30666
3.29987
3.29314
3.28657
3.28025
3.27436
3.26909
3.26453
3.26071
3.25764
3.25539
3.25409
3.25396
3.2551
3.25696
3.34889
-19.0929
-15.6321
0.999435
3.18824
3.18728
3.13976
3.13031
3.14734
3.17268
3.20032
3.22637
3.24827
3.26488
3.27607
3.28237
3.2846
3.28357
3.28002
3.27466
3.26812
3.26084
3.25306
3.24501
3.23699
3.22917
3.22163
3.21445
3.2078
3.20187
3.19678
3.19256
3.18919
3.18673
3.18533
3.18523
3.18651
3.18854
2.30161
-13.6952
-19.521
-14.6855
-0.181609
3.03313
3.14784
3.13077
3.12167
3.13026
3.15185
3.1775
3.20056
3.21817
3.2296
3.23525
3.23611
3.23326
3.22764
3.22013
3.2115
3.20228
3.19274
3.18313
3.1737
3.16465
3.15603
3.14789
3.14041
3.13377
3.1281
3.12343
3.11973
3.11706
3.11555
3.11546
3.11687
3.11908
-7.58597
-16.8433
-19.7472
-20.8718
-15.2682
0.0439043
2.96406
3.14786
3.13289
3.10577
3.10956
3.1316
3.15544
3.17413
3.18577
3.19059
3.18975
3.18464
3.17652
3.16644
3.15533
3.14384
3.13226
3.12085
3.10985
3.09943
3.08963
3.08045
3.07206
3.06466
3.05837
3.0532
3.04915
3.04624
3.04461
3.04453
3.04608
3.04846
-20.5194
-26.1956
-26.426
-24.4058
-22.713
-13.6894
1.22228
3.00619
3.14972
3.09836
3.07526
3.08882
3.11278
3.1328
3.14464
3.14839
3.14548
3.13766
3.12655
3.11345
3.09945
3.08532
3.07142
3.05798
3.04524
3.03333
3.02225
3.01197
3.00263
2.99441
2.98745
2.98176
2.97733
2.97417
2.97241
2.97234
2.974
2.97655
-33.2566
-36.2314
-35.5219
-31.6854
-27.3526
-22.7218
-9.37754
2.33901
3.03846
3.0717
3.04775
3.05218
3.07355
3.09446
3.10631
3.1086
3.10314
3.09212
3.0775
3.0609
3.04359
3.02648
3.00997
2.99428
2.97963
2.96613
2.95369
2.94226
2.93193
2.92286
2.9152
2.90897
2.90413
2.9007
2.8988
2.89873
2.90052
2.90323
-44.6239
-44.9535
-43.4671
-39.8004
-34.297
-28.5105
-21.2524
-4.04845
2.62197
3.00689
3.03115
3.03042
3.04154
3.05989
3.07081
3.07102
3.06243
3.04766
3.02904
3.00846
2.98744
2.96699
2.94759
2.92946
2.91277
2.89758
2.88374
2.87113
2.85978
2.84986
2.84149
2.83469
2.82943
2.82571
2.82367
2.82358
2.82549
2.82835
-55.4145
-53.144
-49.9077
-46.2133
-41.5247
-35.0947
-28.2571
-16.1778
0.528624
2.81742
3.04188
3.0291
3.02038
3.02987
3.03783
3.03516
3.02281
3.00375
2.98065
2.95568
2.93057
2.90649
2.88396
2.86321
2.84436
2.82742
2.81215
2.79834
2.78599
2.77521
2.76613
2.75877
2.75307
2.74906
2.74686
2.74677
2.74877
2.75178
-50.0467
-56.5791
-55.2643
-51.3227
-47.1495
-41.6708
-34.5836
-25.4954
-6.24297
2.57728
2.9909
3.01155
3.00591
3.00454
3.0067
3.00021
2.98344
2.95959
2.93163
2.90195
2.87249
2.84454
2.81871
2.79519
2.77412
2.75538
2.73866
2.72368
2.71034
2.69874
2.68897
2.68105
2.67493
2.67062
2.66826
2.66814
2.67024
2.67339
-17.3358
-35.0566
-48.6978
-54.0199
-52.1471
-47.0472
-40.4753
-32.1206
-16.7546
0.788765
2.80114
3.00702
3.00386
2.9852
2.97719
2.96515
2.94323
2.91414
2.88108
2.84653
2.81259
2.78068
2.75143
2.72508
2.70173
2.68118
2.66304
2.6469
2.63262
2.62024
2.60983
2.60137
2.59483
2.59024
2.58771
2.58757
2.58976
2.59303
-7.9932
-10.2694
-19.3438
-41.1667
-53.9636
-52.2852
-45.7352
-37.9735
-25.6053
-3.17552
2.66522
2.98118
2.99546
2.96916
2.94805
2.92838
2.90068
2.86612
2.82788
2.78852
2.75017
2.71432
2.68168
2.65253
2.62691
2.60458
2.58503
2.56779
2.55264
2.53954
2.52853
2.51958
2.51266
2.50778
2.5051
2.50493
2.50719
2.51058
-6.84263
-7.24076
-8.71274
-15.3925
-40.254
-55.0468
-51.3263
-43.0025
-31.7935
-9.33678
2.12541
2.89203
2.99386
2.95709
2.9173
2.8879
2.85403
2.81401
2.77082
2.7269
2.68438
2.64482
2.60897
2.57713
2.54935
2.52531
2.50443
2.48616
2.4702
2.45646
2.44491
2.43553
2.42826
2.42313
2.4203
2.4201
2.42242
2.42591
-6.95135
-6.98017
-7.32376
-8.2316
-14.6827
-45.5808
-56.3761
-48.3911
-37.3466
-17.1579
0.481146
2.77124
2.99607
2.94113
2.88009
2.84114
2.8014
2.75631
2.70862
2.66062
2.61437
2.57147
2.53273
2.49847
2.46872
2.44312
2.42102
2.40181
2.38513
2.37083
2.35884
2.34908
2.3415
2.33615
2.3332
2.33296
2.33534
2.33891
-7.13451
-7.20344
-7.3124
-7.45667
-8.59711
-21.9332
-54.4597
-54.1319
-42.3705
-23.8445
-1.49307
2.65193
2.98425
2.90825
2.8304
2.785
2.74085
2.69154
2.64013
2.58871
2.53933
2.49362
2.45242
2.41612
2.3847
2.35776
2.3346
2.31458
2.2973
2.28254
2.27018
2.26011
2.25229
2.24675
2.24368
2.24342
2.24584
2.24948
-7.26647
-7.37243
-7.46684
-7.49764
-7.48094
-9.40611
-41.1138
-57.9254
-46.3538
-27.6751
-3.08665
2.50342
2.94182
2.85357
2.76566
2.71789
2.67107
2.61865
2.56444
2.51044
2.45863
2.4107
2.36758
2.32968
2.29698
2.26898
2.24498
2.22433
2.20657
2.19147
2.17883
2.16852
2.16051
2.15483
2.15167
2.15139
2.15384
2.15753
-7.39633
-7.50042
-7.58426
-7.62305
-7.57788
-8.15469
-21.7022
-56.8065
-49.2096
-28.1269
-3.82358
2.37556
2.86976
2.77585
2.68565
2.63923
2.59122
2.53688
2.48094
2.42525
2.37179
2.32233
2.27787
2.23888
2.20529
2.17658
2.152
2.1309
2.11284
2.09751
2.08469
2.07424
2.06609
2.06031
2.05709
2.0568
2.05926
2.06299
-7.54
-7.63659
-7.70198
-7.72664
-7.63011
-8.03201
-14.4498
-52.3305
-50.1967
-27.2389
-3.90397
2.19379
2.75641
2.67273
2.5903
2.54846
2.50063
2.44574
2.38921
2.33278
2.27851
2.22824
2.18308
2.14353
2.1095
2.08041
2.05553
2.03422
2.01602
2.00061
1.98772
1.9772
1.96898
1.96314
1.9599
1.9596
1.96207
1.96582
-7.69807
-7.78798
-7.83636
-7.84055
-7.70055
-8.00287
-11.3457
-43.7868
-47.7436
-24.794
-3.56795
2.01861
2.61328
2.54768
2.48158
2.44588
2.39923
2.34513
2.28907
2.23285
2.17863
2.12831
2.08311
2.04356
2.00952
1.9804
1.9555
1.93421
1.91607
1.90071
1.88787
1.87736
1.86914
1.8633
1.86006
1.85976
1.86223
1.86598
-7.87212
-7.95545
-7.98962
-7.97842
-7.81543
-8.0704
-10.9999
-39.6008
-42.8447
-19.992
-2.51799
1.96249
2.46587
2.41195
2.36418
2.33282
2.28758
2.23529
2.18063
2.12548
2.07214
2.02255
1.97799
1.93898
1.90536
1.87656
1.85192
1.83087
1.81297
1.79782
1.78513
1.77472
1.76657
1.76078
1.75756
1.75728
1.75974
1.76346
-8.06419
-8.14087
-8.16164
-8.13587
-7.96171
-8.20876
-11.2521
-37.3263
-35.7256
-13.5461
-1.00606
2.01011
2.32593
2.2748
2.24023
2.20997
2.16635
2.11662
2.06415
2.01088
1.95919
1.91105
1.86779
1.82987
1.7971
1.76894
1.74483
1.72425
1.70675
1.69194
1.67951
1.66929
1.66127
1.65558
1.65243
1.65216
1.6546
1.65829
-8.2756
-8.34454
-8.3507
-8.30619
-8.11712
-8.50259
-12.9075
-36.3314
-26.4868
-7.3681
0.401166
2.03881
2.17555
2.13015
2.10613
2.07678
2.03599
1.98966
1.94012
1.88947
1.84011
1.79409
1.7527
1.71636
1.68483
1.65765
1.63432
1.61441
1.59748
1.58314
1.57106
1.56111
1.55329
1.54774
1.54469
1.54446
1.54686
1.55049
-8.50733
-8.56516
-8.55107
-8.46839
-8.25323
-9.01438
-18.0278
-32.886
-16.7486
-2.83806
1.14581
1.93955
1.9888
1.97106
1.95926
1.93359
1.89731
1.8552
1.80928
1.76186
1.71542
1.67207
1.63305
1.59869
1.56874
1.54282
1.52052
1.50147
1.48526
1.47148
1.45986
1.45025
1.44269
1.43733
1.4344
1.43421
1.43658
1.44013
-8.76039
-8.80239
-8.75837
-8.6102
-8.60964
-11.0063
-28.4106
-25.8288
-7.71761
-0.0383941
1.47404
1.78157
1.80239
1.80775
1.80362
1.78279
1.75179
1.71432
1.6725
1.6288
1.58577
1.54553
1.50924
1.47716
1.44907
1.42464
1.40359
1.38557
1.37019
1.35709
1.34598
1.33678
1.32955
1.32443
1.32165
1.32151
1.32383
1.32729
-9.0363
-9.0576
-8.97264
-8.77705
-9.01135
-17.9876
-25.7229
-13.0291
-1.39881
0.773427
1.42798
1.60067
1.62648
1.64235
1.64224
1.62655
1.60086
1.56815
1.53071
1.49107
1.45182
1.41502
1.38171
1.35213
1.32609
1.30336
1.28372
1.26686
1.25243
1.24007
1.22956
1.22083
1.21396
1.20912
1.20652
1.20645
1.20871
1.21206
-9.33901
-9.3288
-9.18573
-9.08871
-14.1623
-21.3504
-15.0665
-3.01451
0.499898
1.05695
1.32275
1.41032
1.44968
1.47284
1.47694
1.46645
1.44583
1.41782
1.38482
1.34945
1.31424
1.28107
1.25091
1.22395
1.20011
1.17922
1.16112
1.14554
1.13213
1.12059
1.11072
1.10252
1.09607
1.09154
1.08914
1.08914
1.09133
1.09456
-9.68006
-9.62987
-9.53733
-10.4921
-13.257
-10.4181
-2.57341
0.299904
0.60687
0.995556
1.15577
1.22711
1.27477
1.30171
1.30974
1.30401
1.28804
1.26446
1.23583
1.20476
1.17366
1.14421
1.11726
1.09301
1.07146
1.05251
1.03604
1.0218
1.00946
0.998783
0.989617
0.981977
0.975986
0.971808
0.969632
0.969705
0.971828
0.974915
-10.0901
-10.0441
-9.8964
-9.81053
-1.30219
2.91682
2.0149
0.325196
0.684404
0.873504
0.980258
1.05223
1.10243
1.13096
1.14231
1.14057
1.12864
1.10912
1.08464
1.05776
1.0307
1.00492
0.98116
0.959651
0.94044
0.9235
0.908709
0.895838
0.884617
0.874832
0.8664
0.85937
0.853874
0.850072
0.848137
0.84829
0.850336
0.853275
-10.5746
-10.5199
-10.3978
-10.8447
-5.83803
0.113979
0.351046
0.517941
0.601851
0.722902
0.815249
0.884742
0.93307
0.96216
0.97585
0.977146
0.968564
0.952655
0.932023
0.909108
0.885889
0.863644
0.843005
0.824218
0.807367
0.792448
0.779351
0.767868
0.757772
0.748909
0.741244
0.734857
0.729887
0.726486
0.724805
0.725043
0.727008
0.72979
-11.1461
-10.9723
-10.8361
-12.9128
-6.674
-0.818003
0.281083
0.341316
0.443888
0.568336
0.656759
0.721844
0.767521
0.796328
0.811184
0.814471
0.808485
0.795688
0.778547
0.759295
0.739672
0.720773
0.703148
0.687033
0.672521
0.659609
0.64819
0.638086
0.62912
0.621194
0.614323
0.608609
0.604192
0.60121
0.599794
0.600119
0.602
0.604616
-11.9455
-11.307
-11.3528
-18.8784
-4.1294
-0.526449
0.0850842
0.169425
0.3069
0.424127
0.505299
0.564696
0.60681
0.634094
0.64883
0.653035
0.648869
0.638636
0.624576
0.608657
0.592368
0.576629
0.561901
0.548387
0.536162
0.525211
0.515434
0.506686
0.498845
0.491872
0.485817
0.4808
0.476957
0.47441
0.473266
0.473679
0.475472
0.477917
-12.8152
-12.322
-6.89392
-9.7109
-1.99142
-0.327136
0.0491965
0.104721
0.206989
0.297981
0.364914
0.415133
0.45152
0.475621
0.488886
0.492994
0.489914
0.481704
0.470312
0.457406
0.444215
0.431472
0.419529
0.408531
0.398518
0.389462
0.381275
0.373855
0.367135
0.361125
0.355907
0.351608
0.348355
0.34625
0.345384
0.345886
0.34759
0.34986
-12.8318
-9.97432
-6.96572
-7.29873
-8.11814
-0.58082
0.0392259
0.0978423
0.133986
0.187929
0.234836
0.272453
0.300921
0.320203
0.33083
0.334041
0.331476
0.324858
0.315801
0.305661
0.295389
0.285512
0.27625
0.267672
0.259782
0.252544
0.245894
0.239775
0.234172
0.229137
0.224774
0.221208
0.218555
0.2169
0.216311
0.216902
0.218516
0.220608
-10.7585
-6.74553
-7.96317
-9.30361
-6.89382
-1.06584
-0.0239594
0.0455321
0.0673854
0.0859223
0.109537
0.133318
0.152701
0.166161
0.173494
0.175403
0.173077
0.167842
0.160965
0.153472
0.146022
0.138917
0.132239
0.125981
0.120119
0.114622
0.10946
0.104621
0.100136
0.0960888
0.092594
0.0897738
0.0877275
0.0865219
0.0862109
0.0868884
0.088414
0.0903272
-10.2573
-10.9517
-6.66924
-10.5552
-5.86379
-2.49226
-0.548459
-0.0972417
0.0176797
-0.0143762
-0.0179103
-0.00714637
0.00339532
0.0111003
0.0152618
0.0160077
0.0140406
0.0102888
0.00566202
0.000846647
-0.00379885
-0.00819
-0.0123727
-0.0164079
-0.0203305
-0.0241516
-0.0278639
-0.0314345
-0.0347952
-0.037843
-0.0404572
-0.0425255
-0.0439642
-0.0447222
-0.0447592
-0.0439961
-0.0425585
-0.0408225
-10.3171
-9.48829
-5.99043
-8.35493
-4.96759
1.33633
-0.702526
-0.232563
-0.0608786
-0.135187
-0.156703
-0.155133
-0.151269
-0.147778
-0.145676
-0.145294
-0.146315
-0.148152
-0.150235
-0.152212
-0.154007
-0.155718
-0.157481
-0.159381
-0.161438
-0.163633
-0.165917
-0.168221
-0.170449
-0.172485
-0.174211
-0.175526
-0.176361
-0.176677
-0.176445
-0.175598
-0.174246
-0.172685
-10.0198
-9.6686
-10.0549
-8.60967
-4.71723
0.167869
-0.841609
-0.396061
-0.203119
-0.29157
-0.315211
-0.316801
-0.315448
-0.313123
-0.31097
-0.309479
-0.30851
-0.307706
-0.306782
-0.305679
-0.304543
-0.303593
-0.303
-0.302833
-0.303078
-0.303675
-0.304539
-0.30557
-0.306654
-0.307671
-0.308506
-0.309071
-0.309309
-0.309193
-0.308699
-0.307771
-0.306501
-0.305109
-9.65216
-9.89287
-10.4746
-12.451
-9.10013
-3.94735
-0.776798
-0.460799
-0.409951
-0.488557
-0.500092
-0.497113
-0.492236
-0.486807
-0.481695
-0.477095
-0.472759
-0.468404
-0.463935
-0.45949
-0.455342
-0.451745
-0.448843
-0.446655
-0.445117
-0.444125
-0.443565
-0.443314
-0.443246
-0.443238
-0.443185
-0.44301
-0.442665
-0.442128
-0.44138
-0.440372
-0.439179
-0.43795
-8.8454
-9.0899
-9.27793
-9.25132
-7.15393
-3.61301
-1.72964
-0.787931
-0.746746
-0.747192
-0.721238
-0.69962
-0.682982
-0.669391
-0.658018
-0.648086
-0.638895
-0.630062
-0.62154
-0.613532
-0.606313
-0.600084
-0.594905
-0.590719
-0.587406
-0.584823
-0.58283
-0.581287
-0.580062
-0.579033
-0.578104
-0.577203
-0.576291
-0.575347
-0.574353
-0.573267
-0.572146
-0.57107
-7.83285
-7.77108
-7.46207
-6.83515
-5.34684
-3.53408
-2.23384
-1.42466
-1.18338
-1.05221
-0.971014
-0.920194
-0.885282
-0.859385
-0.83894
-0.821727
-0.8064
-0.792322
-0.779361
-0.767644
-0.75733
-0.748484
-0.741045
-0.734869
-0.729778
-0.725598
-0.722164
-0.719327
-0.716948
-0.714911
-0.713121
-0.711515
-0.710056
-0.708721
-0.707492
-0.70633
-0.705274
-0.704335
-6.98556
-6.79611
-6.38061
-5.68116
-4.53316
-3.38664
-2.48619
-1.86941
-1.54694
-1.34762
-1.22559
-1.14709
-1.09297
-1.05328
-1.02232
-0.99668
-0.974445
-0.954694
-0.937111
-0.921636
-0.908233
-0.896783
-0.887091
-0.878923
-0.872052
-0.866271
-0.861399
-0.857275
-0.853758
-0.850732
-0.848108
-0.845823
-0.843839
-0.842132
-0.840679
-0.839442
-0.83845
-0.837615
-6.30486
-6.0664
-5.66219
-5.04682
-4.19829
-3.34899
-2.65363
-2.14837
-1.82652
-1.61168
-1.46858
-1.37022
-1.29982
-1.24709
-1.20555
-1.17127
-1.14199
-1.11656
-1.09442
-1.07526
-1.05882
-1.04479
-1.03285
-1.02269
-1.01404
-1.00667
-1.00037
-0.99498
-0.990352
-0.986369
-0.982941
-0.980008
-0.977526
-0.975467
-0.973803
-0.972493
-0.971579
-0.970776
-5.77793
-5.52158
-5.14112
-4.62453
-3.98959
-3.34725
-2.79462
-2.36692
-2.06481
-1.8496
-1.69606
-1.58461
-1.50157
-1.43755
-1.38632
-1.34393
-1.30802
-1.27725
-1.25082
-1.22817
-1.2088
-1.19225
-1.1781
-1.16598
-1.15557
-1.14662
-1.13893
-1.13231
-1.1266
-1.1217
-1.11751
-1.11396
-1.11101
-1.10862
-1.10676
-1.10537
-1.10457
-1.10369
-5.38382
-5.12976
-4.78445
-4.35068
-3.85399
-3.35573
-2.91194
-2.5498
-2.27331
-2.06439
-1.90713
-1.78773
-1.69542
-1.6223
-1.56285
-1.51341
-1.47167
-1.43615
-1.40585
-1.37997
-1.35784
-1.33888
-1.32259
-1.30856
-1.29645
-1.28598
-1.27694
-1.26914
-1.26241
-1.25663
-1.25171
-1.24759
-1.24419
-1.24149
-1.23944
-1.23799
-1.23724
-1.23638
-5.09408
-4.85474
-4.54819
-4.18276
-3.7811
-3.38084
-3.01617
-2.70643
-2.45621
-2.25771
-2.10149
-1.97815
-1.87969
-1.79982
-1.73394
-1.67884
-1.63228
-1.59274
-1.55905
-1.53026
-1.50559
-1.48437
-1.46606
-1.45022
-1.43649
-1.42459
-1.41427
-1.40534
-1.39765
-1.39105
-1.38546
-1.38079
-1.37699
-1.37399
-1.37176
-1.37024
-1.36952
-1.36878
-4.88191
-4.66217
-4.3926
-4.08259
-3.75025
-3.41975
-3.11324
-2.84458
-2.61845
-2.43196
-2.2797
-2.1555
-2.05364
-1.96937
-1.89896
-1.83964
-1.78937
-1.74657
-1.71002
-1.67869
-1.65173
-1.62844
-1.60827
-1.59075
-1.57553
-1.56228
-1.55078
-1.54082
-1.53223
-1.52488
-1.51866
-1.5135
-1.50931
-1.50604
-1.50364
-1.50206
-1.50137
-1.50077
-4.72609
-4.52686
-4.29026
-4.02491
-3.74481
-3.46616
-3.20392
-2.96824
-2.76356
-2.58941
-2.44292
-2.32022
-2.21736
-2.13082
-2.05767
-1.99554
-1.94258
-1.89728
-1.8584
-1.82492
-1.79597
-1.77086
-1.74902
-1.73
-1.71341
-1.69895
-1.68637
-1.67546
-1.66606
-1.65802
-1.65123
-1.64562
-1.64108
-1.63757
-1.63502
-1.63338
-1.63271
-1.63224
-4.61157
-4.43172
-4.22355
-3.99423
-3.75453
-3.5157
-3.2882
-3.07966
-2.89409
-2.73221
-2.59274
-2.47338
-2.37149
-2.28451
-2.21014
-2.14643
-2.09171
-2.0446
-2.00393
-1.9687
-1.93809
-1.91143
-1.88816
-1.86781
-1.85002
-1.83448
-1.82094
-1.80918
-1.79905
-1.79039
-1.7831
-1.77708
-1.77224
-1.7685
-1.76581
-1.76413
-1.76347
-1.76314
-4.52816
-4.36572
-4.18156
-3.98142
-3.77359
-3.56616
-3.36666
-3.18095
-3.01254
-2.86267
-2.73104
-2.61636
-2.51694
-2.43095
-2.35661
-2.29232
-2.23666
-2.18838
-2.14641
-2.10986
-2.07794
-2.05001
-2.02554
-2.00407
-1.98525
-1.96878
-1.95439
-1.9419
-1.93113
-1.92194
-1.91421
-1.90783
-1.90272
-1.89878
-1.89597
-1.89425
-1.89361
-1.89339
-4.46917
-4.32188
-4.15776
-3.98135
-3.79912
-3.617
-3.44058
-3.27441
-3.12147
-2.98318
-2.85977
-2.75064
-2.65473
-2.57076
-2.49739
-2.43334
-2.37741
-2.32854
-2.28577
-2.24831
-2.21542
-2.18652
-2.16109
-2.13871
-2.11903
-2.10177
-2.08668
-2.07356
-2.06225
-2.05261
-2.0445
-2.03781
-2.03246
-2.02836
-2.02545
-2.02369
-2.02307
-2.02296
-4.42984
-4.29561
-4.14822
-3.9913
-3.82996
-3.66864
-3.51157
-3.36226
-3.22324
-3.0959
-2.98074
-2.87758
-2.78581
-2.70457
-2.63287
-2.56969
-2.51408
-2.46512
-2.42201
-2.38401
-2.35049
-2.32089
-2.29474
-2.27165
-2.2513
-2.2334
-2.21774
-2.20411
-2.19236
-2.18234
-2.17391
-2.16698
-2.16143
-2.15719
-2.15419
-2.1524
-2.1518
-2.15179
-4.40659
-4.28369
-4.15042
-4.00973
-3.86572
-3.72176
-3.58105
-3.44637
-3.31978
-3.20259
-3.09542
-2.99833
-2.91104
-2.83298
-2.76345
-2.70166
-2.64684
-2.59824
-2.55517
-2.51699
-2.48314
-2.4531
-2.42647
-2.40287
-2.38201
-2.36364
-2.34753
-2.33351
-2.32141
-2.31109
-2.30242
-2.29529
-2.28959
-2.28523
-2.28216
-2.28035
-2.27976
-2.27985
-4.3966
-4.28368
-4.16252
-4.03556
-3.90612
-3.77679
-3.65003
-3.52802
-3.41248
-3.30458
-3.20496
-3.11386
-3.03118
-2.95659
-2.88957
-2.82956
-2.77593
-2.72806
-2.68538
-2.64732
-2.6134
-2.58317
-2.55626
-2.53235
-2.51115
-2.49245
-2.47603
-2.46173
-2.44938
-2.43885
-2.43
-2.42272
-2.41689
-2.41245
-2.40933
-2.40752
-2.40694
-2.40711
-4.3976
-4.29356
-4.18294
-4.06775
-3.95071
-3.83382
-3.719
-3.60801
-3.50228
-3.40282
-3.31028
-3.22497
-3.14692
-3.07595
-3.0117
-2.95375
-2.90161
-2.85477
-2.81274
-2.77507
-2.74132
-2.71112
-2.68414
-2.66008
-2.63872
-2.61983
-2.60323
-2.58876
-2.57626
-2.56559
-2.55662
-2.54923
-2.54333
-2.53884
-2.53568
-2.53386
-2.53331
-2.53355
-4.40768
-4.31163
-4.21026
-4.10525
-3.99885
-3.89264
-3.78816
-3.68682
-3.58982
-3.49805
-3.41212
-3.33236
-3.25888
-3.19159
-3.13026
-3.07457
-3.02413
-2.97855
-2.93741
-2.90034
-2.86698
-2.837
-2.81012
-2.7861
-2.76471
-2.74578
-2.72913
-2.71459
-2.70202
-2.69129
-2.68227
-2.67483
-2.66889
-2.66436
-2.66119
-2.65938
-2.65884
-2.65916
-4.42522
-4.33637
-4.24318
-4.14706
-4.04991
-3.953
-3.85756
-3.76476
-3.6756
-3.59086
-3.51109
-3.43662
-3.3676
-3.30399
-3.24565
-3.19234
-3.14376
-3.0996
-3.05953
-3.02324
-2.99044
-2.96085
-2.93425
-2.91042
-2.88917
-2.87033
-2.85373
-2.83923
-2.82668
-2.81596
-2.80694
-2.7995
-2.79355
-2.78902
-2.78585
-2.78405
-2.78354
-2.78391
-4.44883
-4.36651
-4.28062
-4.19238
-4.10337
-4.01465
-3.92723
-3.84207
-3.76002
-3.68175
-3.60773
-3.53828
-3.47355
-3.41356
-3.35821
-3.30733
-3.2607
-3.21808
-3.17922
-3.14387
-3.11179
-3.08277
-3.0566
-3.03311
-3.01213
-2.99349
-2.97706
-2.96269
-2.95025
-2.9396
-2.93063
-2.92323
-2.91731
-2.9128
-2.90965
-2.90788
-2.90738
-2.90781
-4.47742
-4.40107
-4.32178
-4.24057
-4.15885
-4.07746
-3.99725
-3.919
-3.84343
-3.77111
-3.70245
-3.63773
-3.5771
-3.52061
-3.46821
-3.41977
-3.37516
-3.33418
-3.29664
-3.26236
-3.23115
-3.20284
-3.17725
-3.15423
-3.13364
-3.11533
-3.09916
-3.08501
-3.07274
-3.06222
-3.05335
-3.04603
-3.04017
-3.0357
-3.0326
-3.03085
-3.03038
-3.03086
-4.51015
-4.43932
-4.36605
-4.29125
-4.21611
-4.14136
-4.06767
-3.99572
-3.92609
-3.85925
-3.79556
-3.73527
-3.67853
-3.62541
-3.57588
-3.52989
-3.48731
-3.44804
-3.41193
-3.37884
-3.34863
-3.32115
-3.29626
-3.27384
-3.25376
-3.23587
-3.22006
-3.2062
-3.19417
-3.18384
-3.17512
-3.16792
-3.16214
-3.15774
-3.15469
-3.15298
-3.15254
-3.15305
-4.54643
-4.48073
-4.41303
-4.3441
-4.27499
-4.20628
-4.13855
-4.07234
-4.00814
-3.94635
-3.88727
-3.83113
-3.77807
-3.72817
-3.68144
-3.63785
-3.59734
-3.55984
-3.52524
-3.49344
-3.46434
-3.43782
-3.41376
-3.39204
-3.37256
-3.35519
-3.33981
-3.3263
-3.31456
-3.30448
-3.29595
-3.28889
-3.28323
-3.27892
-3.27593
-3.27428
-3.27386
-3.27441
-4.58577
-4.52492
-4.4624
-4.39889
-4.33531
-4.27214
-4.20986
-4.1489
-4.08968
-4.03254
-3.97773
-3.92546
-3.87587
-3.82905
-3.78504
-3.74384
-3.70542
-3.66974
-3.63673
-3.60632
-3.57843
-3.55296
-3.52982
-3.50891
-3.49011
-3.47333
-3.45845
-3.44536
-3.43396
-3.42416
-3.41586
-3.40898
-3.40346
-3.39926
-3.39635
-3.39474
-3.39435
-3.39493
-4.62781
-4.57152
-4.51385
-4.45537
-4.39689
-4.33881
-4.28151
-4.22537
-4.17072
-4.11787
-4.06703
-4.01839
-3.9721
-3.92825
-3.88689
-3.84805
-3.81174
-3.77792
-3.74657
-3.71763
-3.69103
-3.6667
-3.64456
-3.62452
-3.60648
-3.59035
-3.57602
-3.5634
-3.5524
-3.54291
-3.53487
-3.5282
-3.52285
-3.51877
-3.51595
-3.5144
-3.51404
-3.51464
-4.67218
-4.62023
-4.56709
-4.51328
-4.45951
-4.40611
-4.3534
-4.30169
-4.25126
-4.20239
-4.15526
-4.11005
-4.0669
-4.02592
-3.98716
-3.95068
-3.91648
-3.88457
-3.85493
-3.82751
-3.80228
-3.77916
-3.75809
-3.73898
-3.72176
-3.70632
-3.6926
-3.68048
-3.6699
-3.66077
-3.65301
-3.64658
-3.64141
-3.63747
-3.63475
-3.63328
-3.63294
-3.63356
-4.7186
-4.67074
-4.62186
-4.5724
-4.52299
-4.47391
-4.42543
-4.37781
-4.33131
-4.28616
-4.24252
-4.20058
-4.16045
-4.12225
-4.08605
-4.0519
-4.01984
-3.98986
-3.96197
-3.93613
-3.91231
-3.89045
-3.87049
-3.85236
-3.83599
-3.8213
-3.80821
-3.79664
-3.78651
-3.77776
-3.77032
-3.76414
-3.75918
-3.75539
-3.75279
-3.75138
-3.75108
-3.75171
-4.76679
-4.72281
-4.67791
-4.6325
-4.58715
-4.54208
-4.49754
-4.45374
-4.41092
-4.36926
-4.32895
-4.29013
-4.25292
-4.21744
-4.18376
-4.15193
-4.122
-4.09397
-4.06785
-4.04362
-4.02124
-4.00067
-3.98186
-3.96475
-3.94927
-3.93535
-3.92292
-3.91192
-3.90228
-3.89393
-3.88683
-3.88092
-3.87618
-3.87256
-3.87008
-3.86875
-3.86848
-3.86912
-4.81657
-4.77624
-4.73508
-4.69346
-4.65189
-4.61057
-4.56971
-4.52951
-4.49015
-4.45183
-4.41469
-4.37887
-4.3445
-4.31168
-4.28047
-4.25095
-4.22313
-4.19706
-4.17272
-4.1501
-4.12919
-4.10993
-4.09229
-4.07622
-4.06165
-4.04852
-4.03679
-4.02638
-4.01724
-4.00932
-4.00257
-3.99696
-3.99245
-3.98901
-3.98666
-3.98541
-3.98517
-3.98581
-4.86779
-4.8309
-4.79325
-4.75518
-4.71717
-4.67939
-4.642
-4.60519
-4.56914
-4.53399
-4.4999
-4.46699
-4.43538
-4.40515
-4.37637
-4.34911
-4.3234
-4.29927
-4.2767
-4.25571
-4.23626
-4.21832
-4.20186
-4.18683
-4.17319
-4.16088
-4.14985
-4.14005
-4.13143
-4.12396
-4.11759
-4.11228
-4.10802
-4.10477
-4.10255
-4.10139
-4.10118
-4.10183
-4.92037
-4.8867
-4.85236
-4.81765
-4.783
-4.74855
-4.71447
-4.68089
-4.64799
-4.6159
-4.58475
-4.55465
-4.52571
-4.49801
-4.47162
-4.44658
-4.42294
-4.40072
-4.37991
-4.36052
-4.34253
-4.32592
-4.31064
-4.29667
-4.28396
-4.27247
-4.26216
-4.25299
-4.24491
-4.2379
-4.23191
-4.22693
-4.22292
-4.21988
-4.2178
-4.21672
-4.21655
-4.21719
-4.97423
-4.94362
-4.9124
-4.88088
-4.84941
-4.81814
-4.7872
-4.75672
-4.72684
-4.69769
-4.66937
-4.64199
-4.61564
-4.5904
-4.56633
-4.54347
-4.52186
-4.50152
-4.48244
-4.46464
-4.4481
-4.43279
-4.41869
-4.40577
-4.39401
-4.38335
-4.37377
-4.36524
-4.35772
-4.35118
-4.34559
-4.34094
-4.3372
-4.33437
-4.33244
-4.33144
-4.3313
-4.33194
-5.02933
-5.00159
-4.97336
-4.94487
-4.91645
-4.88822
-4.86029
-4.83278
-4.8058
-4.77947
-4.75389
-4.72914
-4.7053
-4.68245
-4.66063
-4.63989
-4.62026
-4.60175
-4.58438
-4.56814
-4.55302
-4.53901
-4.52608
-4.51422
-4.50339
-4.49358
-4.48474
-4.47686
-4.4699
-4.46385
-4.45867
-4.45436
-4.4509
-4.44827
-4.4465
-4.44559
-4.44549
-4.44611
-5.08557
-5.0606
-5.03522
-5.00963
-4.98414
-4.95883
-4.93379
-4.90913
-4.88495
-4.86134
-4.83839
-4.81617
-4.79477
-4.77422
-4.7546
-4.73591
-4.71821
-4.7015
-4.68579
-4.67108
-4.65737
-4.64464
-4.63288
-4.62206
-4.61218
-4.60321
-4.59512
-4.58789
-4.58151
-4.57595
-4.5712
-4.56723
-4.56405
-4.56164
-4.56002
-4.55921
-4.55913
-4.55975
-5.14288
-5.12058
-5.09795
-5.07517
-5.05249
-5.02999
-5.00774
-4.98583
-4.96434
-4.94335
-4.92294
-4.90317
-4.88411
-4.8658
-4.84829
-4.83161
-4.81578
-4.80082
-4.78673
-4.77353
-4.7612
-4.74974
-4.73913
-4.72937
-4.72043
-4.7123
-4.70496
-4.6984
-4.69259
-4.68754
-4.68321
-4.6796
-4.67671
-4.67452
-4.67305
-4.67233
-4.67228
-4.67288
-5.20116
-5.18145
-5.1615
-5.14145
-5.1215
-5.10172
-5.08216
-5.06289
-5.044
-5.02554
-5.00757
-4.99017
-4.97337
-4.95723
-4.94177
-4.92703
-4.91302
-4.89977
-4.88728
-4.87555
-4.86458
-4.85437
-4.84491
-4.83618
-4.82818
-4.8209
-4.81432
-4.80842
-4.80321
-4.79866
-4.79476
-4.79151
-4.7889
-4.78694
-4.78562
-4.78499
-4.78497
-4.78555
-5.26029
-5.24313
-5.22582
-5.20843
-5.19113
-5.17398
-5.15703
-5.14032
-5.12393
-5.10791
-5.09232
-5.07719
-5.06259
-5.04853
-5.03507
-5.02221
-5.00998
-4.9984
-4.98746
-4.97718
-4.96756
-4.95858
-4.95026
-4.94257
-4.93551
-4.92907
-4.92325
-4.91803
-4.9134
-4.90936
-4.9059
-4.90301
-4.90069
-4.89894
-4.89778
-4.89723
-4.89724
-4.8978
-5.32015
-5.30555
-5.29083
-5.27605
-5.26135
-5.24676
-5.23233
-5.21811
-5.20414
-5.19048
-5.17718
-5.16426
-5.15178
-5.13976
-5.12823
-5.11721
-5.10671
-5.09676
-5.08735
-5.0785
-5.0702
-5.06245
-5.05524
-5.04858
-5.04246
-5.03687
-5.03181
-5.02726
-5.02322
-5.01969
-5.01667
-5.01414
-5.01211
-5.01058
-5.00956
-5.0091
-5.00913
-5.00966
-5.38066
-5.36861
-5.35647
-5.34426
-5.3321
-5.32002
-5.30805
-5.29623
-5.28462
-5.27325
-5.26216
-5.25139
-5.24097
-5.23092
-5.22128
-5.21205
-5.20325
-5.1949
-5.18699
-5.17954
-5.17255
-5.16601
-5.15992
-5.15429
-5.1491
-5.14436
-5.14005
-5.13618
-5.13273
-5.12972
-5.12712
-5.12495
-5.1232
-5.12189
-5.12102
-5.12063
-5.12068
-5.12117
-5.44174
-5.43227
-5.42269
-5.41302
-5.40335
-5.39371
-5.38413
-5.37466
-5.36534
-5.35619
-5.34726
-5.33858
-5.33017
-5.32205
-5.31425
-5.30677
-5.29964
-5.29286
-5.28643
-5.28036
-5.27466
-5.26932
-5.26435
-5.25973
-5.25548
-5.25157
-5.24803
-5.24483
-5.24198
-5.23947
-5.23731
-5.23549
-5.23403
-5.23292
-5.23218
-5.23186
-5.23192
-5.23236
-5.50335
-5.49649
-5.48946
-5.48228
-5.47505
-5.4678
-5.46056
-5.45338
-5.44628
-5.43931
-5.43248
-5.42584
-5.41939
-5.41316
-5.40716
-5.4014
-5.3959
-5.39067
-5.3857
-5.381
-5.37658
-5.37243
-5.36856
-5.36496
-5.36163
-5.35857
-5.35578
-5.35325
-5.351
-5.349
-5.34727
-5.34581
-5.34462
-5.34371
-5.3431
-5.34283
-5.34289
-5.34326
-5.56533
-5.56113
-5.55668
-5.552
-5.54719
-5.5423
-5.53736
-5.53243
-5.52752
-5.52268
-5.51792
-5.51328
-5.50876
-5.50438
-5.50016
-5.4961
-5.49221
-5.4885
-5.48497
-5.48163
-5.47847
-5.4755
-5.47271
-5.47012
-5.4677
-5.46548
-5.46344
-5.46158
-5.4599
-5.45841
-5.4571
-5.45598
-5.45505
-5.45432
-5.45381
-5.45358
-5.45362
-5.45391
-5.62712
-5.62575
-5.62408
-5.62202
-5.61971
-5.61722
-5.61462
-5.61194
-5.60924
-5.60653
-5.60384
-5.60119
-5.59859
-5.59605
-5.59359
-5.59121
-5.58892
-5.58671
-5.5846
-5.58259
-5.58068
-5.57886
-5.57715
-5.57553
-5.57402
-5.5726
-5.57128
-5.57006
-5.56894
-5.56792
-5.567
-5.56618
-5.56548
-5.56488
-5.56443
-5.56415
-5.5641
-5.56423
-5.69012
-5.69178
-5.69242
-5.6926
-5.69248
-5.69215
-5.69168
-5.69111
-5.69047
-5.68978
-5.68906
-5.68832
-5.68758
-5.68683
-5.68608
-5.68535
-5.68462
-5.68391
-5.68321
-5.68254
-5.68188
-5.68124
-5.68062
-5.68002
-5.67945
-5.6789
-5.67837
-5.67786
-5.67737
-5.67691
-5.67647
-5.67605
-5.67566
-5.67529
-5.67496
-5.67469
-5.67454
-5.67454
)
;

boundaryField
{
    leftWall
    {
        type            calculated;
        value           nonuniform List<scalar> 
100
(
1402.15
1372.31
1341.96
1311.32
1280.44
1249.25
1217.74
1185.93
1153.8
1121.36
1088.61
1055.54
1022.18
988.515
954.569
920.359
866.467
792.076
716.828
640.936
564.648
488.229
411.922
336.042
261.265
187.986
117.103
58.7269
24.3029
-3.18072
-3.34715
-3.35298
-3.38025
-3.43674
-3.50843
-3.58112
-3.65413
-3.72723
-3.80043
-3.87354
-3.94603
-4.01715
-4.08617
-4.15249
-4.21574
-4.2758
-4.33272
-4.38648
-4.43708
-4.48452
-4.5292
-4.57143
-4.61147
-4.64955
-4.68589
-4.7207
-4.75414
-4.78633
-4.8174
-4.84745
-4.87656
-4.90482
-4.93232
-4.95914
-4.98537
-5.01107
-5.03631
-5.06115
-5.08565
-5.10983
-5.13376
-5.15746
-5.18097
-5.20432
-5.22755
-5.25069
-5.27376
-5.2968
-5.31984
-5.34289
-5.36599
-5.38916
-5.41242
-5.43578
-5.45927
-5.48288
-5.50664
-5.53054
-5.5546
-5.5788
-5.6031
-5.62749
-5.65206
-5.67677
-5.70075
-5.72309
-5.74615
-5.77365
-5.79246
-5.76132
)
;
    }
    rightWall
    {
        type            calculated;
        value           nonuniform List<scalar> 
100
(
4.01569
3.98629
3.95693
3.92748
3.898
3.86852
3.839
3.80943
3.77979
3.75009
3.7203
3.69042
3.66045
3.63038
3.6002
3.56991
3.52235
3.45707
3.39113
3.32446
3.25696
3.18854
3.11908
3.04846
2.97655
2.90323
2.82835
2.75178
2.67339
2.59303
2.51058
2.42591
2.33891
2.24948
2.15753
2.06299
1.96582
1.86598
1.76346
1.65829
1.55049
1.44013
1.32729
1.21206
1.09456
0.974915
0.853275
0.72979
0.604616
0.477917
0.34986
0.220608
0.0903272
-0.0408225
-0.172685
-0.305109
-0.43795
-0.57107
-0.704335
-0.837615
-0.970776
-1.10369
-1.23638
-1.36878
-1.50077
-1.63224
-1.76314
-1.89339
-2.02296
-2.15179
-2.27985
-2.40711
-2.53355
-2.65916
-2.78391
-2.90781
-3.03086
-3.15305
-3.27441
-3.39493
-3.51464
-3.63356
-3.75171
-3.86912
-3.98581
-4.10183
-4.21719
-4.33194
-4.44611
-4.55975
-4.67288
-4.78555
-4.8978
-5.00966
-5.12117
-5.23236
-5.34326
-5.45391
-5.56423
-5.67454
)
;
    }
    lowerWall
    {
        type            calculated;
        value           nonuniform List<scalar> 
124
(
1416.87
1418.1
1423.77
1431.24
1438.41
1444.64
1449.83
1454.12
1457.72
1460.83
1463.6
1466.11
1468.46
1470.67
1472.78
1474.8
1476.73
1478.59
1480.38
1482.12
1483.84
1485.6
1487.47
1489.55
1491.99
1495.01
1498.87
1503.93
1510.61
1519.49
1531.24
1546.82
1567.13
1593.03
1625.45
1665.36
1713.3
1768.73
1829.1
1889.24
1941.43
1979.81
1994.19
1992.6
2013.72
2063.49
2048.83
2007.8
1973.27
1949.09
1936.68
1934.62
1937.1
1939.4
1936.14
1923.6
1897.45
1852.07
1779.1
1664.94
1484.2
1203.41
-223.154
-104.502
-28.3789
-7.71496
1.28774
2.14855
1.91286
2.03062
3.96481
3.93591
3.9071
3.87818
3.8489
3.81903
3.78835
3.7566
3.72343
3.68828
3.65018
3.60749
3.55728
3.49441
3.40856
3.28402
3.97952
3.97503
3.97199
3.97015
3.97089
3.9744
3.98037
3.98832
3.99754
4.00735
4.01717
4.02649
4.03493
4.04223
4.04824
4.05292
4.05629
4.05845
4.05952
4.05965
4.05898
4.05764
4.05578
4.05349
4.0509
4.04813
4.04529
4.04249
4.03984
4.03742
4.0353
4.03352
4.0321
4.03106
4.03042
4.03016
4.03017
4.0304
)
;
    }
    atmosphere
    {
        type            calculated;
        value           nonuniform List<scalar> 
92
(
-5.77647
-5.85405
-5.84328
-5.837
-5.83313
-5.83026
-5.82789
-5.82572
-5.82363
-5.82153
-5.81939
-5.81718
-5.81488
-5.8125
-5.81003
-5.80747
-5.80482
-5.80208
-5.79927
-5.79637
-5.7934
-5.79037
-5.78727
-5.78413
-5.78094
-5.77772
-5.77448
-5.77123
-5.76799
-5.76476
-5.76156
-5.75841
-5.75532
-5.75231
-5.7494
-5.7466
-5.74392
-5.7414
-5.73904
-5.73686
-5.7349
-5.73316
-5.73167
-5.73049
-5.72965
-5.72921
-5.72904
-5.72904
-5.72904
-5.72904
-5.72904
-5.72904
-5.72904
-5.72904
-5.72904
-5.72904
-5.72904
-5.72904
-5.72904
-5.72904
-5.72904
-5.72904
-5.72904
-5.72904
-5.72904
-5.72904
-5.72904
-5.72904
-5.72904
-5.72904
-5.72904
-5.72904
-5.72904
-5.72904
-5.72904
-5.72904
-5.72904
-5.72904
-5.72904
-5.72904
-5.72904
-5.72904
-5.72904
-5.72904
-5.72904
-5.72904
-5.72904
-5.72904
-5.72904
-5.72904
-5.72904
-5.72904
)
;
    }
    defaultFaces
    {
        type            empty;
    }
}


// ************************************************************************* //
