/*--------------------------------*- C++ -*----------------------------------*\
  =========                 |
  \\      /  F ield         | OpenFOAM: The Open Source CFD Toolbox
   \\    /   O peration     | Website:  https://openfoam.org
    \\  /    A nd           | Version:  7
     \\/     M anipulation  |
\*---------------------------------------------------------------------------*/
FoamFile
{
    version     2.0;
    format      ascii;
    class       volScalarField;
    location    "0.3";
    object      p_rgh;
}
// * * * * * * * * * * * * * * * * * * * * * * * * * * * * * * * * * * * * * //

dimensions      [1 -1 -2 0 0 0 0];

internalField   nonuniform List<scalar> 
9072
(
1416.87
1418.1
1423.77
1431.24
1438.41
1444.64
1449.83
1454.12
1457.72
1460.83
1463.6
1466.11
1468.46
1470.67
1472.78
1474.8
1476.73
1478.59
1480.38
1482.12
1483.84
1485.6
1487.47
1489.55
1491.99
1495.01
1498.87
1503.93
1510.61
1519.49
1531.24
1546.82
1567.13
1593.03
1625.45
1665.36
1713.3
1768.73
1829.1
1889.24
1941.43
1979.81
1994.19
1992.6
2013.72
2063.49
1416.46
1416.87
1421.66
1428.2
1434.73
1440.61
1445.64
1449.89
1453.5
1456.62
1459.38
1461.88
1464.17
1466.31
1468.32
1470.22
1472.03
1473.75
1475.41
1477.03
1478.65
1480.33
1482.15
1484.24
1486.76
1489.92
1494.01
1499.38
1506.49
1515.9
1528.27
1544.36
1565.21
1591.82
1625.16
1666.18
1715.53
1772.92
1836.12
1899.88
1955.21
1994.64
2003.12
1992.29
1996.65
2051.76
1415.53
1416.31
1420.17
1425.59
1431.22
1436.48
1441.1
1445.09
1448.52
1451.49
1454.12
1456.46
1458.58
1460.52
1462.31
1463.97
1465.53
1467.01
1468.43
1469.83
1471.26
1472.8
1474.54
1476.62
1479.22
1482.56
1486.95
1492.76
1500.44
1510.56
1523.78
1540.84
1562.71
1590.37
1624.8
1666.84
1717.04
1775.06
1838.85
1903.57
1960.38
2000.34
2014.79
2001.02
1988.7
2046.24
1414.32
1415.73
1419.08
1423.63
1428.44
1433.02
1437.13
1440.73
1443.85
1446.57
1448.95
1451.04
1452.9
1454.57
1456.07
1457.43
1458.68
1459.85
1460.97
1462.09
1463.29
1464.63
1466.25
1468.27
1470.91
1474.4
1479.04
1485.24
1493.44
1504.21
1518.2
1536.14
1558.89
1587.42
1622.64
1665.29
1715.73
1773.49
1836.5
1900.35
1957.23
1998.52
2017.03
2012.3
1995.3
2051.25
1412.87
1414.96
1418.08
1422.05
1426.21
1430.18
1433.78
1436.96
1439.73
1442.14
1444.22
1446.03
1447.6
1448.96
1450.15
1451.18
1452.1
1452.94
1453.75
1454.58
1455.51
1456.63
1458.07
1460
1462.61
1466.16
1470.98
1477.44
1486.02
1497.28
1511.84
1530.42
1553.81
1582.92
1618.58
1661.39
1711.57
1768.5
1830.18
1892.67
1949.38
1992.77
2016.01
2019.48
2012.32
2068.34
1411.11
1413.84
1416.9
1420.48
1424.14
1427.6
1430.74
1433.52
1435.94
1438.03
1439.82
1441.33
1442.6
1443.65
1444.51
1445.22
1445.81
1446.33
1446.81
1447.34
1447.98
1448.86
1450.11
1451.89
1454.42
1457.97
1462.86
1469.48
1478.29
1489.85
1504.78
1523.76
1547.54
1576.93
1612.68
1655.29
1704.82
1760.58
1820.69
1881.73
1938.32
1984.24
2013.27
2026.28
2032.89
2096.44
1409.04
1412.31
1415.41
1418.73
1422
1425.04
1427.78
1430.19
1432.29
1434.07
1435.56
1436.78
1437.75
1438.5
1439.05
1439.44
1439.71
1439.89
1440.06
1440.28
1440.64
1441.26
1442.28
1443.89
1446.3
1449.77
1454.65
1461.32
1470.24
1481.95
1497.05
1516.21
1540.11
1569.51
1605.04
1647.12
1695.68
1750.02
1808.41
1867.96
1924.4
1972.8
2007.9
2030.89
2053.63
2127.93
1406.65
1410.36
1413.55
1416.69
1419.66
1422.34
1424.74
1426.83
1428.62
1430.12
1431.33
1432.27
1432.96
1433.41
1433.66
1433.74
1433.69
1433.56
1433.41
1433.33
1433.4
1433.75
1434.54
1435.94
1438.18
1441.53
1446.32
1452.94
1461.85
1473.56
1488.66
1507.79
1531.58
1560.71
1595.75
1636.99
1684.32
1737.03
1793.57
1851.55
1907.63
1958.09
1998.85
2031.6
2071.37
2159.5
1403.95
1408.02
1411.29
1414.31
1417.02
1419.42
1421.52
1423.33
1424.85
1426.09
1427.04
1427.72
1428.13
1428.31
1428.27
1428.05
1427.69
1427.25
1426.8
1426.42
1426.2
1426.28
1426.81
1427.98
1430.02
1433.19
1437.83
1444.32
1453.1
1464.68
1479.63
1498.53
1521.99
1550.61
1584.89
1625.04
1670.9
1721.77
1776.3
1832.53
1887.91
1939.71
1985.19
2026.78
2082.97
2185.59
1400.94
1405.3
1408.63
1411.54
1414.05
1416.2
1418.05
1419.61
1420.9
1421.9
1422.61
1423.04
1423.2
1423.11
1422.79
1422.29
1421.64
1420.91
1420.15
1419.47
1418.97
1418.77
1419.04
1419.95
1421.76
1424.71
1429.14
1435.42
1443.98
1455.31
1469.95
1488.46
1511.39
1539.29
1572.57
1611.4
1655.56
1704.38
1756.71
1810.91
1865.05
1917.21
1966.02
2014.75
2085.8
2202.4
1397.61
1402.2
1405.58
1408.38
1410.7
1412.64
1414.28
1415.63
1416.7
1417.49
1417.98
1418.18
1418.1
1417.76
1417.18
1416.4
1415.47
1414.45
1413.41
1412.44
1411.65
1411.17
1411.16
1411.81
1413.35
1416.04
1420.2
1426.2
1434.46
1445.43
1459.64
1477.61
1499.84
1526.82
1558.9
1596.19
1638.43
1685.01
1734.86
1786.64
1838.83
1890.14
1940.44
1993.71
2077.22
2205.61
1393.98
1398.73
1402.13
1404.83
1406.98
1408.73
1410.17
1411.34
1412.22
1412.81
1413.1
1413.09
1412.78
1412.2
1411.38
1410.34
1409.14
1407.84
1406.52
1405.26
1404.19
1403.42
1403.12
1403.49
1404.74
1407.14
1410.99
1416.65
1424.52
1435.05
1448.71
1466.01
1487.39
1513.28
1543.98
1579.53
1619.67
1663.76
1710.84
1759.71
1809.11
1858.09
1907.54
1961.67
2054.19
2189.58
1390.04
1394.92
1398.3
1400.88
1402.87
1404.45
1405.72
1406.71
1407.42
1407.83
1407.93
1407.72
1407.2
1406.4
1405.34
1404.05
1402.6
1401.03
1399.43
1397.89
1396.53
1395.47
1394.88
1394.94
1395.88
1397.96
1401.46
1406.74
1414.16
1424.16
1437.18
1453.69
1474.09
1498.75
1527.91
1561.57
1599.41
1640.79
1684.78
1730.19
1775.86
1820.83
1866.6
1916.56
2013.31
2146.03
1385.81
1390.77
1394.1
1396.54
1398.38
1399.79
1400.9
1401.74
1402.28
1402.52
1402.44
1402.04
1401.33
1400.31
1399.02
1397.5
1395.79
1393.96
1392.09
1390.27
1388.62
1387.26
1386.37
1386.12
1386.73
1388.45
1391.58
1396.42
1403.34
1412.75
1425.05
1440.68
1460
1483.31
1510.8
1542.43
1577.82
1616.3
1656.88
1698.31
1739.24
1778.42
1817.17
1856.51
1950.88
2061.38
1381.3
1386.31
1389.53
1391.82
1393.51
1394.77
1395.73
1396.41
1396.8
1396.89
1396.64
1396.06
1395.15
1393.92
1392.41
1390.66
1388.7
1386.62
1384.48
1382.38
1380.43
1378.78
1377.57
1376.99
1377.26
1378.61
1381.32
1385.7
1392.08
1400.84
1412.36
1427.04
1445.19
1467.06
1492.79
1522.28
1555.1
1590.5
1627.39
1664.32
1699.58
1731.13
1759.01
1779.99
1861.31
1910
1376.51
1381.49
1384.58
1386.71
1388.26
1389.39
1390.22
1390.77
1391.03
1390.96
1390.56
1389.81
1388.72
1387.31
1385.6
1383.63
1381.44
1379.12
1376.72
1374.35
1372.12
1370.17
1368.65
1367.74
1367.66
1368.62
1370.9
1374.78
1380.57
1388.62
1399.28
1412.9
1429.77
1450.09
1473.94
1501.17
1531.26
1563.39
1596.29
1628.23
1656.87
1678.92
1691.49
1686.17
1726.4
1658.57
3.97952
3.97503
3.97199
3.97015
3.97089
3.9744
3.98037
3.98832
3.99754
4.00735
4.01717
4.02649
4.03493
4.04223
4.04824
4.05292
4.05629
4.05845
4.05952
4.05965
4.05898
4.05764
4.05578
4.05349
4.0509
4.04813
4.04529
4.04249
4.03984
4.03742
4.0353
4.03352
4.0321
4.03106
4.03042
4.03016
4.03017
4.0304
3.98006
3.97631
3.97355
3.97134
3.97146
3.97434
3.97971
3.98715
3.99596
4.00546
4.01509
4.02431
4.03275
4.04013
4.04629
4.05115
4.05473
4.05711
4.05841
4.05875
4.05828
4.05713
4.05542
4.05329
4.05084
4.04818
4.04544
4.04273
4.04014
4.03777
4.03567
4.0339
4.03248
4.03142
4.03072
4.03038
4.03027
4.03043
3.98068
3.97672
3.97405
3.9718
3.97159
3.97405
3.97901
3.98598
3.99442
4.00364
4.01308
4.02222
4.03066
4.03812
4.04442
4.04947
4.05327
4.05588
4.0574
4.05795
4.05766
4.05667
4.05512
4.05312
4.05079
4.04825
4.0456
4.04296
4.04042
4.03807
4.03598
4.0342
4.03275
4.03166
4.03091
4.0305
4.03032
4.03051
3.98118
3.97639
3.97347
3.97131
3.97096
3.97321
3.97789
3.98462
3.99282
4.00186
4.01117
4.02026
4.02873
4.03628
4.04272
4.04796
4.05196
4.05478
4.05651
4.05725
4.05712
4.05628
4.05485
4.05297
4.05076
4.04832
4.04576
4.04317
4.04065
4.0383
4.03618
4.03437
4.03289
4.03175
4.03096
4.03049
4.03028
4.03048
3.98133
3.97546
3.97196
3.9699
3.96957
3.9718
3.97642
3.98305
3.99117
4.00013
4.00941
4.01851
4.02703
4.03468
4.04126
4.04667
4.05086
4.05387
4.05577
4.05668
4.05669
4.05597
4.05464
4.05286
4.05074
4.04839
4.0459
4.04335
4.04083
4.03844
4.03627
4.03441
4.03288
4.03171
4.03088
4.03038
4.03018
4.03043
3.98089
3.97387
3.96957
3.96764
3.96743
3.96983
3.97458
3.98129
3.98948
3.99848
4.00781
4.01698
4.02559
4.03335
4.04007
4.04562
4.04998
4.05314
4.0552
4.05625
4.05639
4.05576
4.05452
4.0528
4.05075
4.04846
4.04602
4.04349
4.04095
4.0385
4.03626
4.03433
4.03275
4.03155
4.0307
4.03019
4.03004
4.03038
3.97964
3.9715
3.96624
3.9645
3.96456
3.9673
3.97236
3.97933
3.98772
3.99689
4.00635
4.01565
4.02439
4.03228
4.03913
4.04483
4.04931
4.05261
4.0548
4.05596
4.05621
4.05567
4.05449
4.05282
4.05079
4.04852
4.04609
4.04356
4.04099
4.03848
4.03616
4.03415
4.03252
4.03128
4.03043
4.02994
4.02985
4.03029
3.97732
3.96818
3.96188
3.96046
3.96094
3.9642
3.96975
3.97714
3.98588
3.99534
4.00503
4.01451
4.02342
4.03146
4.03845
4.04428
4.04888
4.05229
4.05457
4.05582
4.05616
4.0557
4.05457
4.05291
4.05086
4.04857
4.04611
4.04356
4.04095
4.03838
4.03598
4.03389
4.03219
4.03093
4.03008
4.02962
4.02962
4.03015
3.97358
3.96369
3.95628
3.95543
3.95652
3.9605
3.96672
3.9747
3.98395
3.99381
4.00381
4.01354
4.02265
4.03087
4.03801
4.04397
4.04869
4.05218
4.05453
4.05584
4.05624
4.05583
4.05473
4.05306
4.05097
4.04859
4.04607
4.04347
4.04082
4.03819
4.03572
4.03355
4.03179
4.0305
4.02966
4.02924
4.02932
4.02994
3.96785
3.95772
3.94919
3.9493
3.95124
3.95616
3.96325
3.97199
3.98188
3.99228
4.00269
4.01273
4.02209
4.03051
4.03781
4.0439
4.04873
4.05231
4.05471
4.05604
4.05645
4.05606
4.05498
4.05327
4.0511
4.04861
4.04598
4.04329
4.04058
4.03791
4.03538
4.03314
4.03133
4.03
4.02917
4.02879
4.02896
4.02966
3.95919
3.94985
3.94026
3.94191
3.94502
3.95115
3.95929
3.96896
3.97965
3.99073
4.00166
4.0121
4.02175
4.03038
4.03785
4.04408
4.04902
4.05268
4.0551
4.05642
4.0568
4.05638
4.05527
4.05352
4.05124
4.04861
4.04583
4.04303
4.04026
4.03754
4.03497
4.03267
4.0308
4.02944
4.02861
4.02828
4.02853
4.0293
3.94593
3.93948
3.92904
3.93309
3.93779
3.94541
3.95482
3.9656
3.97724
3.98912
4.00071
4.01163
4.02164
4.03052
4.03815
4.0445
4.04954
4.05327
4.05572
4.05699
4.05729
4.05678
4.05559
4.05377
4.05138
4.0486
4.04564
4.0427
4.03984
4.03708
4.03447
4.03214
4.03022
4.02882
4.02798
4.02768
4.02801
4.02886
3.92514
3.9259
3.91509
3.92268
3.92951
3.93895
3.94984
3.96189
3.97462
3.98744
3.9998
4.01134
4.02178
4.03095
4.03876
4.04521
4.05031
4.05408
4.05653
4.05775
4.05792
4.05725
4.05593
4.054
4.0515
4.04857
4.04543
4.04231
4.03934
4.03653
4.03389
4.03153
4.02958
4.02814
4.02728
4.02701
4.0274
4.02832
3.89171
3.90842
3.89818
3.91062
3.92025
3.93183
3.9444
3.95787
3.97183
3.9857
3.99894
4.01119
4.02217
4.0317
4.03971
4.04623
4.05134
4.0551
4.05752
4.05867
4.05869
4.05782
4.05629
4.0542
4.05158
4.0485
4.04518
4.04189
4.03878
4.03589
4.03323
4.03085
4.02886
4.02739
4.02651
4.02625
4.0267
4.02767
3.83528
3.88464
3.87829
3.89691
3.91012
3.92414
3.93857
3.9536
3.9689
3.98393
3.99814
4.01118
4.02278
4.03275
4.04101
4.0476
4.05266
4.05633
4.05866
4.05971
4.05957
4.05847
4.05668
4.05437
4.05159
4.04838
4.04491
4.04144
4.03817
4.03519
4.03249
4.03008
4.02807
4.02656
4.02565
4.02539
4.02589
4.02693
3.74017
3.8432
3.85558
3.88137
3.89901
3.91575
3.93225
3.94903
3.96585
3.98217
3.99747
4.01136
4.02362
4.03405
4.04258
4.04928
4.05428
4.05779
4.05995
4.06084
4.06053
4.0592
4.05713
4.05456
4.05158
4.04822
4.0446
4.04097
4.03754
4.03444
4.03166
4.02923
4.02719
4.02564
4.02469
4.02443
4.02498
4.02606
1368.64
1373.41
1376.32
1378.2
1379.54
1380.49
1381.14
1381.51
1381.57
1381.3
1380.69
1379.71
1378.38
1376.71
1374.73
1372.46
1369.97
1367.31
1364.56
1361.81
1359.18
1356.79
1354.8
1353.39
1352.74
1353.07
1354.63
1357.66
1362.43
1369.25
1378.4
1390.19
1404.85
1422.52
1443.19
1466.6
1492.15
1518.81
1545.05
1568.55
1585.8
1591.14
1575.63
1521.61
1412.07
1000.81
1356.84
1361.32
1363.87
1365.41
1366.46
1367.16
1367.56
1367.68
1367.49
1366.97
1366.09
1364.85
1363.23
1361.26
1358.96
1356.34
1353.48
1350.41
1347.22
1343.99
1340.83
1337.86
1335.24
1333.11
1331.67
1331.1
1331.61
1333.4
1336.67
1341.65
1348.56
1357.65
1369.07
1382.9
1399.01
1417.06
1436.29
1455.53
1472.92
1485.71
1489.66
1478.08
1440.08
1355.91
1204.75
992.731
1344.19
1348.23
1350.29
1351.44
1352.16
1352.56
1352.69
1352.55
1352.11
1351.34
1350.21
1348.7
1346.82
1344.56
1341.94
1338.99
1335.74
1332.26
1328.61
1324.88
1321.16
1317.58
1314.27
1311.38
1309.09
1307.59
1307.04
1307.58
1309.34
1312.45
1317.06
1323.34
1331.43
1341.35
1352.94
1365.81
1379.18
1391.8
1401.83
1406.59
1402.2
1383.31
1342.79
1272.06
1166.63
1063.52
1330.9
1334.37
1335.88
1336.55
1336.88
1336.95
1336.77
1336.35
1335.63
1334.59
1333.19
1331.42
1329.26
1326.71
1323.77
1320.46
1316.82
1312.9
1308.76
1304.48
1300.16
1295.91
1291.86
1288.16
1284.99
1282.53
1280.95
1280.32
1280.63
1281.91
1284.21
1287.66
1292.38
1298.42
1305.66
1313.73
1321.89
1329
1333.38
1332.72
1323.92
1303.06
1265.75
1208.05
1126.78
1034.75
1317.21
1320.01
1320.9
1321.03
1320.9
1320.57
1320.04
1319.29
1318.27
1316.93
1315.25
1313.19
1310.73
1307.86
1304.58
1300.89
1296.83
1292.43
1287.76
1282.89
1277.91
1272.93
1268.09
1263.52
1259.41
1256
1253.47
1251.82
1250.86
1250.44
1250.49
1251.12
1252.5
1254.77
1257.91
1261.67
1265.42
1268.17
1268.54
1264.69
1254.2
1234.11
1201.25
1152.94
1087.46
1012
1303.38
1305.41
1305.65
1305.14
1304.47
1303.7
1302.76
1301.62
1300.24
1298.57
1296.56
1294.18
1291.38
1288.16
1284.49
1280.38
1275.85
1270.94
1265.68
1260.16
1254.48
1248.73
1243.03
1237.51
1232.41
1228.05
1224.75
1222.37
1220.47
1218.6
1216.56
1214.43
1212.5
1211.1
1210.45
1210.47
1210.66
1210.2
1208.08
1202.92
1192.97
1175.99
1149.58
1112.03
1063.34
1008.97
1289.67
1290.78
1290.36
1289.19
1287.95
1286.64
1285.21
1283.61
1281.8
1279.72
1277.32
1274.56
1271.38
1267.76
1263.67
1259.11
1254.07
1248.59
1242.71
1236.5
1230.06
1223.5
1216.91
1210.37
1204.13
1198.79
1194.94
1192.34
1190.04
1187.14
1183.22
1178.35
1173.06
1167.99
1163.77
1160.63
1158.1
1155.49
1152.21
1147.39
1139.86
1127.83
1109.25
1082.78
1048.73
1010.57
1276.39
1276.5
1275.48
1273.67
1271.76
1269.8
1267.75
1265.57
1263.23
1260.66
1257.8
1254.6
1251
1246.94
1242.39
1237.32
1231.74
1225.66
1219.09
1212.11
1204.84
1197.38
1189.75
1181.88
1173.98
1167.22
1163.18
1161.32
1159.67
1156.43
1150.82
1142.99
1133.86
1124.66
1116.73
1110.92
1106.44
1102.34
1098.83
1095.69
1092.49
1087.42
1077.9
1062.3
1040.74
1015.76
1264.21
1263.32
1261.72
1259.23
1256.44
1253.57
1250.66
1247.7
1244.65
1241.45
1238.02
1234.27
1230.14
1225.53
1220.38
1214.67
1208.38
1201.48
1193.95
1185.89
1177.5
1168.93
1160.04
1150.23
1139.32
1129.92
1126.48
1127.71
1129.07
1126.85
1119.89
1108.78
1095.39
1081.93
1070.6
1062.79
1056.6
1050.3
1045.34
1043.44
1045.73
1049.96
1051.51
1047.49
1037.97
1025.44
1253.53
1252.03
1250.09
1246.5
1242.09
1237.62
1233.29
1229.11
1225.01
1220.87
1216.59
1212.07
1207.19
1201.81
1195.83
1189.22
1181.97
1173.97
1165.2
1156.02
1146.92
1138.25
1129.65
1119.47
1106.43
1092.6
1089.46
1099.08
1107.98
1108.78
1101.94
1080.11
1038.1
985.032
940.389
941.911
954.115
980.334
1026.86
1020.57
1020.67
1026.73
1033.45
1036.95
1037.37
1036.82
1245.22
1245.45
1242.54
1235.44
1227.91
1221.25
1215.36
1210.01
1204.97
1200.08
1195.18
1190.21
1185.04
1179.5
1173.5
1167.09
1160.35
1152.86
1142.23
1124.78
1096.83
1059.84
1015.27
945.691
802.169
585.325
542.668
599.978
700.007
730.474
665.727
506.671
341.848
224.071
158.467
180.985
218.144
214.441
233.142
327.895
527.389
771.849
966.056
1066.75
1062.31
1060.47
1248.92
1236.93
1175.65
1091.35
1042.58
1018.13
1004.94
997.545
992.23
986.475
977.83
965.956
949.324
924.621
888.837
842.108
785.707
717.865
617.926
505.824
393.028
297.332
218.661
133.903
32.0441
-3.16693
-3.0262
-2.913
7.79426
7.89575
-3.00273
-3.02585
-3.1644
-3.37013
-3.56077
-3.67116
-3.78562
-4.0047
-4.33369
-4.62579
-0.529201
38.5326
132.974
295.774
531.132
796.129
822.941
593.133
363.858
220.973
169.588
149.912
141.073
137.18
135.059
132.432
127.259
119.472
108.315
92.1684
70.7147
46.5668
22.5862
-1.59353
-2.46995
-2.4284
-2.46656
-2.51055
-2.55086
-2.6777
-2.85296
-2.75691
-2.68557
-2.65345
-2.71751
-2.94016
-3.00982
-3.00778
-3.04873
-3.12304
-3.20566
-3.28431
-3.36251
-3.43889
-3.50479
-3.57587
-3.75698
-4.2387
-4.85816
-5.10024
-3.06243
41.974
-1.80446
-1.30104
-1.60892
-1.83956
-1.82141
-1.81112
-1.82601
-1.85451
-1.89013
-1.93062
-1.9741
-2.01868
-2.06422
-2.11286
-2.16492
-2.2171
-2.25541
-2.19276
-2.14707
-2.15341
-2.19444
-2.25584
-2.33372
-2.4379
-2.57125
-2.69887
-2.74105
-2.76835
-2.82595
-2.94005
-3.03421
-3.08606
-3.15
-3.23237
-3.32409
-3.41965
-3.52171
-3.63617
-3.75022
-3.81088
-3.85016
-3.94676
-4.12125
-4.23206
-4.34928
-4.70136
-1.96862
-1.82574
-1.83364
-1.81912
-1.78493
-1.7577
-1.74296
-1.7384
-1.74226
-1.75408
-1.77313
-1.79906
-1.83245
-1.87459
-1.92714
-1.99252
-2.07436
-2.16573
-2.20674
-2.24557
-2.29696
-2.36196
-2.43986
-2.53054
-2.63106
-2.72882
-2.79121
-2.84451
-2.90987
-2.99377
-3.07686
-3.14728
-3.22299
-3.30935
-3.40289
-3.50052
-3.60319
-3.71234
-3.82285
-3.92886
-4.03096
-4.1543
-4.30229
-4.42205
-4.49069
-4.55183
-1.91186
-1.86096
-1.83019
-1.8155
-1.80041
-1.78847
-1.78402
-1.78774
-1.799
-1.81739
-1.8423
-1.87343
-1.91103
-1.95559
-2.00749
-2.06659
-2.13204
-2.19929
-2.25161
-2.30107
-2.35753
-2.42357
-2.49915
-2.58304
-2.67092
-2.75399
-2.82468
-2.89155
-2.96397
-3.04426
-3.12451
-3.20151
-3.2818
-3.36888
-3.46197
-3.5597
-3.66214
-3.76942
-3.88048
-3.99533
-4.11689
-4.25309
-4.40095
-4.53917
-4.65972
-4.78495
-1.87652
-1.84946
-1.83201
-1.81906
-1.81049
-1.80555
-1.80652
-1.81449
-1.82935
-1.85069
-1.87814
-1.91145
-1.95055
-1.99547
-2.04604
-2.10157
-2.1604
-2.21959
-2.27561
-2.33233
-2.39397
-2.46247
-2.53782
-2.61882
-2.70239
-2.78368
-2.85985
-2.93416
-3.01095
-3.0916
-3.17305
-3.25426
-3.33825
-3.42725
-3.52145
-3.62041
-3.72398
-3.83202
-3.94409
-4.06019
-4.18238
-4.31381
-4.45273
-4.59137
-4.72841
-4.8705
-1.87042
-1.8535
-1.83977
-1.82891
-1.82281
-1.82115
-1.82498
-1.8351
-1.85154
-1.87408
-1.90241
-1.93631
-1.97561
-2.02019
-2.06978
-2.12381
-2.18122
-2.24044
-2.30031
-2.36213
-2.42792
-2.49875
-2.57457
-2.65437
-2.73623
-2.81751
-2.89669
-2.97497
-3.05444
-3.13617
-3.2193
-3.30379
-3.39116
-3.48277
-3.57902
-3.67977
-3.78481
-3.89394
-4.00687
-4.12373
-4.24571
-4.37423
-4.50882
-4.64631
-4.78547
-4.92752
-1.87951
-1.86261
-1.85102
-1.84234
-1.83845
-1.83944
-1.8457
-1.85771
-1.87555
-1.89907
-1.92807
-1.96234
-2.00173
-2.04606
-2.09509
-2.1484
-2.20535
-2.26518
-2.32733
-2.39221
-2.46063
-2.53306
-2.60935
-2.68869
-2.76978
-2.85108
-2.93168
-3.01207
-3.09336
-3.17629
-3.26109
-3.34817
-3.43842
-3.53268
-3.63123
-3.73393
-3.84051
-3.95073
-4.0645
-4.18214
-4.30455
-4.43277
-4.56675
-4.70504
-4.84623
-4.98974
-1.88961
-1.87422
-1.86476
-1.8584
-1.85669
-1.85994
-1.86826
-1.8819
-1.90091
-1.92523
-1.95471
-1.98921
-2.02859
-2.0727
-2.12135
-2.17424
-2.23099
-2.29117
-2.35448
-2.42098
-2.49087
-2.56423
-2.64077
-2.71982
-2.80043
-2.88163
-2.96285
-3.0443
-3.12669
-3.21077
-3.29712
-3.38634
-3.47908
-3.57582
-3.67665
-3.78131
-3.88947
-4.00091
-4.11573
-4.23446
-4.35806
-4.48747
-4.62288
-4.76347
-4.90762
-5.05354
-1.90002
-1.88729
-1.88012
-1.87609
-1.87641
-1.88152
-1.89147
-1.90637
-1.92627
-1.95114
-1.9809
-2.01545
-2.0547
-2.09855
-2.14686
-2.19943
-2.25601
-2.31634
-2.38019
-2.44746
-2.51806
-2.5918
-2.66831
-2.74696
-2.82703
-2.90786
-2.98912
-3.07099
-3.15408
-3.23912
-3.32686
-3.41793
-3.51286
-3.61188
-3.71487
-3.82143
-3.93121
-4.04411
-4.16045
-4.28104
-4.40698
-4.53921
-4.67797
-4.82254
-4.97103
-5.12096
-1.91052
-1.90125
-1.89634
-1.89443
-1.89654
-1.90315
-1.91434
-1.93018
-1.95071
-1.97594
-2.00581
-2.0403
-2.07934
-2.12287
-2.17081
-2.22303
-2.27937
-2.33962
-2.40358
-2.47106
-2.5418
-2.61546
-2.69159
-2.76962
-2.84896
-2.92917
-3.01009
-3.09199
-3.17545
-3.26128
-3.35025
-3.443
-3.53992
-3.64103
-3.74603
-3.85446
-3.96598
-4.08072
-4.19931
-4.32288
-4.45267
-4.5896
-4.73379
-4.88434
-5.03909
-5.19516
-1.92112
-1.91553
-1.91257
-1.91247
-1.91607
-1.92388
-1.93601
-1.95254
-1.9735
-1.99892
-2.0288
-2.06312
-2.10187
-2.14503
-2.19255
-2.24436
-2.30033
-2.36028
-2.42401
-2.49127
-2.56171
-2.6349
-2.71034
-2.78751
-2.86592
-2.9453
-3.02563
-3.1073
-3.19095
-3.27742
-3.36752
-3.46182
-3.56057
-3.66362
-3.77053
-3.88083
-3.99435
-4.1115
-4.23332
-4.36123
-4.4966
-4.64023
-4.79196
-4.95063
-5.11383
-5.27841
-1.93164
-1.92937
-1.92795
-1.92932
-1.93415
-1.94291
-1.95576
-1.97278
-1.99401
-2.01951
-2.0493
-2.08338
-2.12178
-2.16449
-2.21153
-2.26284
-2.31831
-2.37777
-2.44101
-2.50773
-2.57753
-2.64993
-2.72443
-2.80052
-2.87784
-2.95623
-3.03582
-3.11711
-3.20083
-3.28786
-3.37899
-3.47472
-3.57516
-3.68002
-3.78878
-3.90105
-4.01693
-4.13722
-4.26338
-4.39711
-4.53981
-4.69205
-4.85335
-5.02227
-5.19622
-5.37185
-1.94152
-1.94191
-1.94167
-1.94425
-1.95008
-1.95959
-1.973
-1.99038
-2.01178
-2.03727
-2.06689
-2.10067
-2.13866
-2.18088
-2.22736
-2.27807
-2.33292
-2.39173
-2.45426
-2.52019
-2.58908
-2.66046
-2.7338
-2.80867
-2.88477
-2.96206
-3.04083
-3.12166
-3.20538
-3.2929
-3.38496
-3.48199
-3.58397
-3.69051
-3.80109
-3.91551
-4.0342
-4.15843
-4.29006
-4.43102
-4.58263
-4.74516
-4.9178
-5.09896
-5.286
-5.47539
-1.95005
-1.95245
-1.95311
-1.95671
-1.96336
-1.97351
-1.98737
-2.00501
-2.02651
-2.05192
-2.08132
-2.11475
-2.15228
-2.19395
-2.2398
-2.28981
-2.3439
-2.4019
-2.46354
-2.52847
-2.59627
-2.66643
-2.73847
-2.812
-2.88681
-2.96296
-3.04086
-3.12119
-3.20485
-3.29277
-3.38565
-3.48383
-3.58718
-3.69527
-3.80768
-3.92444
-4.04643
-4.17538
-4.31351
-4.46288
-4.62463
-4.79874
-4.9842
-5.17947
-5.382
-5.58813
-1.95647
-1.96035
-1.96178
-1.96628
-1.97367
-1.98438
-1.99862
-2.01647
-2.038
-2.06328
-2.09239
-2.12542
-2.16243
-2.20349
-2.24863
-2.29784
-2.35105
-2.40808
-2.46867
-2.53246
-2.599
-2.66782
-2.73846
-2.81058
-2.88406
-2.95905
-3.03606
-3.11586
-3.19941
-3.28762
-3.38117
-3.4803
-3.58483
-3.69434
-3.80858
-3.92792
-4.05366
-4.188
-4.33344
-4.49203
-4.66472
-4.85129
-5.05077
-5.26196
-5.48265
-5.70894
-1.9602
-1.96513
-1.96733
-1.97268
-1.98077
-1.99199
-2.00657
-2.02457
-2.04607
-2.07116
-2.09993
-2.13249
-2.16892
-2.20929
-2.25364
-2.30196
-2.35418
-2.41014
-2.46955
-2.53207
-2.59725
-2.66463
-2.7338
-2.80448
-2.87662
-2.95045
-3.02656
-3.10581
-3.18916
-3.27753
-3.37154
-3.47139
-3.57687
-3.68765
-3.80372
-3.92581
-4.05568
-4.19588
-4.34909
-4.51729
-4.70127
-4.90081
-5.1153
-5.34432
-5.58617
-5.8366
-1.96084
-1.96648
-1.96955
-1.97571
-1.98448
-1.99619
-2.01106
-2.02916
-2.05058
-2.07542
-2.1038
-2.13584
-2.17162
-2.21124
-2.25472
-2.30207
-2.35322
-2.40799
-2.46613
-2.52728
-2.59102
-2.65692
-2.72459
-2.79381
-2.8646
-2.93728
-3.01248
-3.0911
-3.17414
-3.26248
-3.3567
-3.45698
-3.56314
-3.67501
-3.79285
-3.91778
-4.05197
-4.19821
-4.35925
-4.53698
-4.73216
-4.94486
-5.17531
-5.42416
-5.69044
-5.96946
-1.95831
-1.96429
-1.96831
-1.97528
-1.98471
-1.99689
-2.01201
-2.03016
-2.05145
-2.07601
-2.10396
-2.13542
-2.17051
-2.20931
-2.25187
-2.29818
-2.34817
-2.40169
-2.45847
-2.51819
-2.58043
-2.64479
-2.71094
-2.7787
-2.84814
-2.91964
-2.99389
-3.0718
-3.15435
-3.2424
-3.33652
-3.43688
-3.5434
-3.65612
-3.77559
-3.90331
-4.04172
-4.1938
-4.36226
-4.54896
-4.75483
-4.98063
-5.22781
-5.49845
-5.79238
-6.10462
-1.95264
-1.95859
-1.96363
-1.97142
-1.98151
-1.99412
-2.00944
-2.02761
-2.04874
-2.07298
-2.10046
-2.13131
-2.16566
-2.20359
-2.24516
-2.29037
-2.33914
-2.39132
-2.44668
-2.5049
-2.56558
-2.62837
-2.69298
-2.75926
-2.82734
-2.89764
-2.97085
-3.0479
-3.12974
-3.2172
-3.31084
-3.41088
-3.51738
-3.63061
-3.75144
-3.88166
-4.02391
-4.18117
-4.35615
-4.55074
-4.76638
-5.00485
-5.26914
-5.56295
-5.88709
-6.23669
-1.9438
-1.94946
-1.95567
-1.96427
-1.97499
-1.98799
-2.00348
-2.02161
-2.04255
-2.06644
-2.09342
-2.12362
-2.15718
-2.19419
-2.23471
-2.27874
-2.32622
-2.37701
-2.43088
-2.48753
-2.54661
-2.60779
-2.67081
-2.73559
-2.80227
-2.8713
-2.94337
-3.01937
-3.10024
-3.18676
-3.27951
-3.37877
-3.48481
-3.59812
-3.71986
-3.85203
-3.99732
-4.15869
-4.33876
-4.5397
-4.76367
-5.01377
-5.29469
-5.61185
-5.9673
-6.35724
-1.9318
-1.93722
-1.94458
-1.95402
-1.9653
-1.97864
-1.99425
-2.01232
-2.03302
-2.05651
-2.08295
-2.11246
-2.14518
-2.18122
-2.22062
-2.26341
-2.30953
-2.35885
-2.41116
-2.46619
-2.52361
-2.58313
-2.64453
-2.70775
-2.77297
-2.84062
-2.9114
-2.98614
-3.06573
-3.15093
-3.24234
-3.34035
-3.44541
-3.55828
-3.68028
-3.81359
-3.96081
-4.12475
-4.30806
-4.51327
-4.74348
-5.00322
-5.29883
-5.63753
-6.02314
-6.45472
-1.91664
-1.92235
-1.93061
-1.9408
-1.95259
-1.96621
-1.98189
-1.99984
-2.02026
-2.04331
-2.06915
-2.09792
-2.12975
-2.16475
-2.20298
-2.24447
-2.28916
-2.33695
-2.38764
-2.44098
-2.49668
-2.55448
-2.6142
-2.6758
-2.73947
-2.80564
-2.87495
-2.94818
-3.02616
-3.10962
-3.1992
-3.29541
-3.3989
-3.51065
-3.63216
-3.76554
-3.91327
-4.07795
-4.26225
-4.46918
-4.70279
-4.96894
-5.27508
-5.63063
-6.04166
-6.51224
-1.89873
-1.90488
-1.91391
-1.92476
-1.93698
-1.95081
-1.96651
-1.9843
-2.00439
-2.02695
-2.05215
-2.08012
-2.111
-2.14491
-2.18191
-2.22203
-2.26524
-2.31143
-2.36044
-2.41204
-2.46597
-2.522
-2.57997
-2.63987
-2.70189
-2.76642
-2.83406
-2.90552
-2.98155
-3.06286
-3.1501
-3.24393
-3.34516
-3.45498
-3.57497
-3.70714
-3.85372
-4.01709
-4.19991
-4.40558
-4.63901
-4.90717
-5.21655
-5.58078
-6.00671
-6.50514
-1.87836
-1.88494
-1.89463
-1.90604
-1.91861
-1.9326
-1.94826
-1.96585
-1.98556
-2.00758
-2.03208
-2.0592
-2.08909
-2.12186
-2.15757
-2.19628
-2.23795
-2.2825
-2.32978
-2.37957
-2.43167
-2.48585
-2.54199
-2.6001
-2.66033
-2.72307
-2.78883
-2.85825
-2.93199
-3.01073
-3.09514
-3.18598
-3.28424
-3.3912
-3.5085
-3.63798
-3.78158
-3.94141
-4.12007
-4.32121
-4.55002
-4.81346
-5.11983
-5.48002
-5.90383
-6.40586
-1.8558
-1.86274
-1.87298
-1.88484
-1.89768
-1.91175
-1.92732
-1.94465
-1.96393
-1.98537
-2.00913
-2.03537
-2.06422
-2.0958
-2.13019
-2.16744
-2.20753
-2.25038
-2.29587
-2.34381
-2.39401
-2.44627
-2.50049
-2.55667
-2.61497
-2.67572
-2.73938
-2.80648
-2.87761
-2.9534
-3.0345
-3.12177
-3.21629
-3.31945
-3.43282
-3.55805
-3.69678
-3.85084
-4.02268
-4.21596
-4.43578
-4.6886
-4.98219
-5.32574
-5.72805
-6.20185
-1.83128
-1.83851
-1.84917
-1.86137
-1.87439
-1.88847
-1.90389
-1.92091
-1.93973
-1.96055
-1.98354
-2.00885
-2.03663
-2.06699
-2.10002
-2.13576
-2.17422
-2.21534
-2.25899
-2.30501
-2.35323
-2.40349
-2.45567
-2.5098
-2.56601
-2.62457
-2.68588
-2.75039
-2.8186
-2.89107
-2.96844
-3.05159
-3.14165
-3.24004
-3.34825
-3.46771
-3.59976
-3.74594
-3.90849
-4.09084
-4.29761
-4.53434
-4.80741
-5.12415
-5.49134
-5.91734
-1.80503
-1.81245
-1.82343
-1.83586
-1.84897
-1.86298
-1.8782
-1.89486
-1.91318
-1.93335
-1.95553
-1.97989
-2.00656
-2.03567
-2.0673
-2.10151
-2.13831
-2.17763
-2.21939
-2.26344
-2.30961
-2.35776
-2.40779
-2.45972
-2.51365
-2.56982
-2.62855
-2.69021
-2.75521
-2.82403
-2.89728
-2.97581
-3.06076
-3.15349
-3.25539
-3.36767
-3.49139
-3.62782
-3.77891
-3.94767
-4.13797
-4.3542
-4.60121
-4.88453
-5.20932
-5.58175
-1.77724
-1.78478
-1.79595
-1.80851
-1.82161
-1.8355
-1.85045
-1.86672
-1.88449
-1.90397
-1.92533
-1.94871
-1.97425
-2.00208
-2.03228
-2.06492
-2.10001
-2.1375
-2.17731
-2.21931
-2.26336
-2.30931
-2.35708
-2.40666
-2.45814
-2.51171
-2.56763
-2.62619
-2.68772
-2.75262
-2.82142
-2.89492
-2.9742
-3.06051
-3.1551
-3.25899
-3.37299
-3.4981
-3.63594
-3.78897
-3.96017
-4.15268
-4.36984
-4.61552
-4.89353
-5.20907
-1.74808
-1.75566
-1.76691
-1.77949
-1.79251
-1.8062
-1.82084
-1.83666
-1.85386
-1.87263
-1.89313
-1.9155
-1.93989
-1.96642
-1.99516
-2.0262
-2.05954
-2.09515
-2.13297
-2.17287
-2.21471
-2.25837
-2.30376
-2.35085
-2.39972
-2.4505
-2.5034
-2.55864
-2.61647
-2.67721
-2.74131
-2.80946
-2.88262
-2.96193
-3.04844
-3.14298
-3.24617
-3.35877
-3.48203
-3.61779
-3.76813
-3.93495
-4.12018
-4.32612
-4.55524
-4.81258
-1.71768
-1.72523
-1.73645
-1.74896
-1.76181
-1.77524
-1.78951
-1.80485
-1.82145
-1.83947
-1.85909
-1.88045
-1.90366
-1.92886
-1.95612
-1.98552
-2.01708
-2.05078
-2.08655
-2.12429
-2.16387
-2.20517
-2.24807
-2.29256
-2.33866
-2.38648
-2.43616
-2.48789
-2.54184
-2.59824
-2.65744
-2.72002
-2.78678
-2.85867
-2.93657
-3.02111
-3.11275
-3.21203
-3.31985
-3.43744
-3.56601
-3.70633
-3.85899
-4.02477
-4.20452
-4.40152
-1.68615
-1.6936
-1.7047
-1.71704
-1.72965
-1.74276
-1.75662
-1.77144
-1.7874
-1.80466
-1.82338
-1.84369
-1.86572
-1.88956
-1.91532
-1.94306
-1.97281
-2.00456
-2.03825
-2.0738
-2.11106
-2.14992
-2.19027
-2.23204
-2.27526
-2.31997
-2.36629
-2.41435
-2.46425
-2.51617
-2.57035
-2.62723
-2.68743
-2.75171
-2.82072
-2.89494
-2.97466
-3.06022
-3.1522
-3.25131
-3.35797
-3.47204
-3.59294
-3.72006
-3.85273
-3.99165
-1.6536
-1.66088
-1.67177
-1.68385
-1.69616
-1.70889
-1.72229
-1.73656
-1.75185
-1.76834
-1.78614
-1.80539
-1.82621
-1.84869
-1.87293
-1.899
-1.92692
-1.9567
-1.98828
-2.02159
-2.0565
-2.09287
-2.1306
-2.1696
-2.20983
-2.25133
-2.29417
-2.33843
-2.38418
-2.43152
-2.48061
-2.53175
-2.58537
-2.64201
-2.70212
-2.76599
-2.83378
-2.90566
-2.98191
-3.06278
-3.14811
-3.23705
-3.32815
-3.41969
-3.50988
-3.59674
-1.62011
-1.62718
-1.63777
-1.64951
-1.66145
-1.67376
-1.68667
-1.70035
-1.71496
-1.73064
-1.74752
-1.7657
-1.7853
-1.80642
-1.82913
-1.85351
-1.87959
-1.90738
-1.93684
-1.96789
-2.00041
-2.03428
-2.06936
-2.10552
-2.14273
-2.18095
-2.22023
-2.26061
-2.30213
-2.34484
-2.38883
-2.43425
-2.48137
-2.5305
-2.5819
-2.63569
-2.69188
-2.75049
-2.81157
-2.87499
-2.94017
-3.00581
-3.06987
-3.12996
-3.18357
-3.22659
-1.58577
-1.59258
-1.6028
-1.61414
-1.62566
-1.6375
-1.64989
-1.66296
-1.67687
-1.69174
-1.70767
-1.72478
-1.74317
-1.76291
-1.7841
-1.80679
-1.83103
-1.85682
-1.88415
-1.91293
-1.94307
-1.97441
-2.00682
-2.04015
-2.0743
-2.10922
-2.1449
-2.18136
-2.21863
-2.25671
-2.29561
-2.3354
-2.37618
-2.41807
-2.46113
-2.50531
-2.5505
-2.59657
-2.64339
-2.69058
-2.73728
-2.78193
-2.82221
-2.85543
-2.87885
-2.88711
-1.55067
-1.55719
-1.56699
-1.57787
-1.58892
-1.60027
-1.61209
-1.62454
-1.63773
-1.65177
-1.66677
-1.68281
-1.69998
-1.71836
-1.73803
-1.75904
-1.78144
-1.80525
-1.83045
-1.85697
-1.88472
-1.91354
-1.94329
-1.97378
-2.0049
-2.03653
-2.06863
-2.1012
-2.13423
-2.16771
-2.20161
-2.2359
-2.27057
-2.30555
-2.34074
-2.37595
-2.41094
-2.44546
-2.47921
-2.51167
-2.54183
-2.56807
-2.58802
-2.59901
-2.59848
-2.58062
-1.5149
-1.5211
-1.53043
-1.54081
-1.55136
-1.56218
-1.57343
-1.58523
-1.5977
-1.61091
-1.62497
-1.63995
-1.65591
-1.67295
-1.69111
-1.71046
-1.73105
-1.75289
-1.77597
-1.80024
-1.82561
-1.85194
-1.87905
-1.90675
-1.93487
-1.96327
-1.99186
-2.0206
-2.04946
-2.07842
-2.10743
-2.1364
-2.16521
-2.19368
-2.22156
-2.24854
-2.27426
-2.29837
-2.32046
-2.3399
-2.35564
-2.36613
-2.36914
-2.36224
-2.34339
-2.30695
-1.47853
-1.4844
-1.49324
-1.50309
-1.51311
-1.52338
-1.53404
-1.54519
-1.55692
-1.56931
-1.58244
-1.59636
-1.61114
-1.62685
-1.64354
-1.66125
-1.68005
-1.69994
-1.72094
-1.74299
-1.76601
-1.78987
-1.81438
-1.83935
-1.86455
-1.88981
-1.91499
-1.94001
-1.96483
-1.98941
-2.0137
-2.03756
-2.0608
-2.08317
-2.10431
-2.12381
-2.14125
-2.15618
-2.16811
-2.17635
-2.17986
-2.17721
-2.16644
-2.14551
-2.11299
-2.06389
-1.44164
-1.44717
-1.45551
-1.46481
-1.47428
-1.48399
-1.49405
-1.50454
-1.51554
-1.52711
-1.53931
-1.5522
-1.56582
-1.58023
-1.59548
-1.6116
-1.62864
-1.64663
-1.66557
-1.68543
-1.70614
-1.72758
-1.74955
-1.77184
-1.79422
-1.81645
-1.83837
-1.85984
-1.8808
-1.9012
-1.92097
-1.93998
-1.95799
-1.97467
-1.98963
-2.00238
-2.01245
-2.01937
-2.0226
-2.0214
-2.0148
-2.00148
-1.97974
-1.94797
-1.90538
-1.84781
-1.40428
-1.40949
-1.41732
-1.42606
-1.43498
-1.44412
-1.45357
-1.4634
-1.47367
-1.48443
-1.49573
-1.50761
-1.5201
-1.53325
-1.54709
-1.56166
-1.577
-1.59313
-1.61007
-1.62779
-1.64623
-1.66529
-1.68478
-1.70449
-1.72415
-1.7435
-1.76232
-1.78044
-1.79776
-1.81422
-1.82975
-1.84421
-1.85736
-1.86882
-1.87815
-1.88484
-1.88839
-1.88832
-1.8841
-1.87504
-1.86021
-1.8384
-1.80813
-1.76813
-1.7182
-1.65496
-1.36653
-1.37141
-1.37874
-1.38693
-1.39529
-1.40386
-1.4127
-1.42188
-1.43143
-1.4414
-1.45181
-1.4627
-1.47409
-1.48602
-1.49851
-1.51158
-1.52528
-1.53961
-1.5546
-1.57024
-1.58648
-1.60322
-1.6203
-1.63751
-1.65457
-1.67119
-1.68711
-1.70211
-1.71605
-1.72885
-1.74044
-1.75071
-1.75941
-1.76615
-1.77046
-1.77179
-1.76963
-1.76351
-1.75295
-1.73733
-1.71585
-1.68741
-1.6507
-1.60472
-1.54966
-1.48281
-1.32842
-1.333
-1.33983
-1.34748
-1.35529
-1.36329
-1.37153
-1.38006
-1.3889
-1.39809
-1.40764
-1.41758
-1.42791
-1.43867
-1.44985
-1.46149
-1.47361
-1.48622
-1.49934
-1.51296
-1.52706
-1.54155
-1.55631
-1.57111
-1.58569
-1.59974
-1.61295
-1.62506
-1.6359
-1.64535
-1.65335
-1.65979
-1.66447
-1.66703
-1.66696
-1.66369
-1.65668
-1.64545
-1.62958
-1.60857
-1.58176
-1.54824
-1.50687
-1.45684
-1.39857
-1.32991
-1.29001
-1.29429
-1.30065
-1.30777
-1.31504
-1.32248
-1.33013
-1.33802
-1.34617
-1.3546
-1.36332
-1.37233
-1.38165
-1.39128
-1.40123
-1.4115
-1.42212
-1.43308
-1.44441
-1.4561
-1.46814
-1.48047
-1.49297
-1.50546
-1.51768
-1.52931
-1.54002
-1.54951
-1.55753
-1.56394
-1.56869
-1.57168
-1.57276
-1.57162
-1.56779
-1.56067
-1.5497
-1.53436
-1.51424
-1.48895
-1.458
-1.42068
-1.37607
-1.32353
-1.26363
-1.19462
-1.25134
-1.25535
-1.26125
-1.26785
-1.2746
-1.28149
-1.28856
-1.29583
-1.30331
-1.311
-1.31891
-1.32703
-1.33538
-1.34394
-1.35271
-1.3617
-1.37089
-1.3803
-1.38993
-1.39979
-1.40987
-1.42012
-1.43047
-1.44074
-1.45071
-1.46007
-1.46847
-1.47557
-1.48108
-1.4848
-1.48665
-1.48655
-1.48441
-1.48
-1.47291
-1.4626
-1.44847
-1.42996
-1.40665
-1.37819
-1.3442
-1.30419
-1.25746
-1.20356
-1.14314
-1.07479
-1.21244
-1.21619
-1.22166
-1.22778
-1.23401
-1.24037
-1.24688
-1.25354
-1.26036
-1.26734
-1.27447
-1.28175
-1.28917
-1.29672
-1.30438
-1.31215
-1.32001
-1.32796
-1.33601
-1.34414
-1.35236
-1.36065
-1.36893
-1.37708
-1.38492
-1.39214
-1.39841
-1.40336
-1.40665
-1.40803
-1.40736
-1.40456
-1.39957
-1.39226
-1.38231
-1.36928
-1.35261
-1.33172
-1.30614
-1.27551
-1.23952
-1.19783
-1.14992
-1.09552
-1.03537
-0.968284
-1.17335
-1.17686
-1.18193
-1.18758
-1.19332
-1.19917
-1.20513
-1.21121
-1.21739
-1.22368
-1.23007
-1.23654
-1.24308
-1.24967
-1.25629
-1.26292
-1.26954
-1.27615
-1.28271
-1.28924
-1.29573
-1.30216
-1.30849
-1.31463
-1.32043
-1.32563
-1.32992
-1.33293
-1.33428
-1.33367
-1.33088
-1.3258
-1.31838
-1.30853
-1.29608
-1.28069
-1.26189
-1.23915
-1.21199
-1.18
-1.1429
-1.10041
-1.05215
-0.997988
-0.938716
-0.873375
-1.13411
-1.13739
-1.14209
-1.14729
-1.15257
-1.15792
-1.16336
-1.16887
-1.17444
-1.18008
-1.18575
-1.19145
-1.19715
-1.20284
-1.20848
-1.21406
-1.21954
-1.22489
-1.2301
-1.23515
-1.24004
-1.24475
-1.24925
-1.25349
-1.25736
-1.26065
-1.26309
-1.26432
-1.26396
-1.26167
-1.25715
-1.25024
-1.24085
-1.22892
-1.21435
-1.19694
-1.17633
-1.15209
-1.12377
-1.09098
-1.05343
-1.01084
-0.962934
-0.90965
-0.851805
-0.788639
-1.09474
-1.09781
-1.10216
-1.10695
-1.11179
-1.11667
-1.1216
-1.12656
-1.13156
-1.13655
-1.14155
-1.14651
-1.15143
-1.15627
-1.16101
-1.1656
-1.17003
-1.17424
-1.17822
-1.18193
-1.18536
-1.18849
-1.19131
-1.19378
-1.19583
-1.19731
-1.19799
-1.19757
-1.19567
-1.19194
-1.18604
-1.17773
-1.16686
-1.15335
-1.13713
-1.11809
-1.09601
-1.07057
-1.0414
-1.00817
-0.970577
-0.928387
-0.881347
-0.829444
-0.773481
-0.712864
-1.05528
-1.05816
-1.06218
-1.06659
-1.07101
-1.07544
-1.07989
-1.08433
-1.08876
-1.09316
-1.09751
-1.10178
-1.10595
-1.11
-1.11389
-1.11759
-1.12104
-1.12422
-1.12708
-1.12959
-1.13171
-1.13342
-1.13472
-1.13558
-1.13594
-1.13572
-1.13474
-1.13274
-1.12943
-1.12442
-1.11739
-1.10802
-1.09611
-1.08152
-1.06418
-1.044
-1.02087
-0.994575
-0.964857
-0.931449
-0.894112
-0.852635
-0.806799
-0.756616
-0.702856
-0.645052
-1.01576
-1.01846
-1.02219
-1.02623
-1.03026
-1.03426
-1.03825
-1.0422
-1.0461
-1.04992
-1.05365
-1.05727
-1.06075
-1.06406
-1.06716
-1.07002
-1.0726
-1.07485
-1.07671
-1.07814
-1.0791
-1.07957
-1.07951
-1.07892
-1.07776
-1.07597
-1.07342
-1.06995
-1.06527
-1.05909
-1.05106
-1.04087
-1.02825
-1.01301
-0.995029
-0.974232
-0.950533
-0.923808
-0.893892
-0.860604
-0.823774
-0.783242
-0.738831
-0.690573
-0.639203
-0.584349
-0.976199
-0.978744
-0.982196
-0.985906
-0.989564
-0.993169
-0.99672
-1.0002
-1.00359
-1.00687
-1.01002
-1.01302
-1.01585
-1.01846
-1.02084
-1.02294
-1.02472
-1.02612
-1.02709
-1.02758
-1.02753
-1.02691
-1.02569
-1.02383
-1.02132
-1.01812
-1.01415
-1.00928
-1.00332
-0.996011
-0.987059
-0.976155
-0.963017
-0.947411
-0.929171
-0.908188
-0.884383
-0.857671
-0.827948
-0.795109
-0.759053
-0.719677
-0.676856
-0.630647
-0.581754
-0.529882
-0.936637
-0.93904
-0.942238
-0.94564
-0.948953
-0.952179
-0.955318
-0.958351
-0.961261
-0.964029
-0.966635
-0.969056
-0.971268
-0.973243
-0.97495
-0.976349
-0.977397
-0.978042
-0.978226
-0.977889
-0.976974
-0.975427
-0.973204
-0.970275
-0.966615
-0.962194
-0.956962
-0.950835
-0.943676
-0.935294
-0.925449
-0.913875
-0.900297
-0.884469
-0.866191
-0.845324
-0.821766
-0.795439
-0.766271
-0.734203
-0.699187
-0.661172
-0.620084
-0.576004
-0.529611
-0.480678
-0.897096
-0.899372
-0.902339
-0.905453
-0.908444
-0.911315
-0.914065
-0.916677
-0.919134
-0.921419
-0.923511
-0.92539
-0.927033
-0.928414
-0.929503
-0.930264
-0.930653
-0.93062
-0.930107
-0.929052
-0.927392
-0.925064
-0.922015
-0.918201
-0.913592
-0.908158
-0.901861
-0.894645
-0.88642
-0.877051
-0.86636
-0.854132
-0.840131
-0.824122
-0.805896
-0.785293
-0.76219
-0.736498
-0.708151
-0.677109
-0.643357
-0.606879
-0.567639
-0.525743
-0.481836
-0.435753
-0.857599
-0.859765
-0.862519
-0.865367
-0.868057
-0.870595
-0.872979
-0.875195
-0.877227
-0.879057
-0.880668
-0.882042
-0.883158
-0.883992
-0.884515
-0.884693
-0.884488
-0.88385
-0.882724
-0.881047
-0.878753
-0.875777
-0.872054
-0.867532
-0.86217
-0.855931
-0.84878
-0.840678
-0.831561
-0.82134
-0.809892
-0.797056
-0.782644
-0.766453
-0.748291
-0.727992
-0.705425
-0.680487
-0.653107
-0.623246
-0.590902
-0.556079
-0.518763
-0.479071
-0.437615
-0.394274
-0.818171
-0.820241
-0.822798
-0.8254
-0.827809
-0.830036
-0.832077
-0.83392
-0.835552
-0.836957
-0.83812
-0.839025
-0.839654
-0.839985
-0.839992
-0.839644
-0.838905
-0.837729
-0.836064
-0.833851
-0.831024
-0.827513
-0.823251
-0.818177
-0.812241
-0.805397
-0.797606
-0.788833
-0.77903
-0.768137
-0.756072
-0.742724
-0.727951
-0.711594
-0.69349
-0.67349
-0.651464
-0.627305
-0.600936
-0.572317
-0.541443
-0.508324
-0.472959
-0.435462
-0.396401
-0.355693
-0.778831
-0.780818
-0.783193
-0.785566
-0.787715
-0.789649
-0.791369
-0.792864
-0.794121
-0.795129
-0.795876
-0.796347
-0.796529
-0.7964
-0.795939
-0.795117
-0.793903
-0.792253
-0.79012
-0.787447
-0.784171
-0.780224
-0.775538
-0.770047
-0.763692
-0.756422
-0.748191
-0.738959
-0.728686
-0.717327
-0.704828
-0.691112
-0.676082
-0.65962
-0.641599
-0.621897
-0.6004
-0.577007
-0.551642
-0.524261
-0.494858
-0.463439
-0.430007
-0.394668
-0.35794
-0.319763
-0.739597
-0.741512
-0.743719
-0.745879
-0.747786
-0.749448
-0.750867
-0.752035
-0.752942
-0.753581
-0.753941
-0.754013
-0.753785
-0.75324
-0.752357
-0.751114
-0.749479
-0.747415
-0.744876
-0.741812
-0.738163
-0.733866
-0.728852
-0.723056
-0.716416
-0.708872
-0.700374
-0.690877
-0.68034
-0.668726
-0.655993
-0.642091
-0.626953
-0.610499
-0.592635
-0.57327
-0.552313
-0.529678
-0.505298
-0.479132
-0.45117
-0.421419
-0.389878
-0.356642
-0.322181
-0.286448
-0.700484
-0.702335
-0.704385
-0.706349
-0.70803
-0.709438
-0.710576
-0.711438
-0.712019
-0.712314
-0.712318
-0.712024
-0.711424
-0.710504
-0.709246
-0.70763
-0.705627
-0.703203
-0.700319
-0.696928
-0.692975
-0.688401
-0.683142
-0.677135
-0.670316
-0.662624
-0.654004
-0.644407
-0.633789
-0.622114
-0.609347
-0.595451
-0.580382
-0.564084
-0.546495
-0.527549
-0.507183
-0.48533
-0.461936
-0.436969
-0.410421
-0.382298
-0.352601
-0.321412
-0.289155
-0.255795
-0.661502
-0.663297
-0.665202
-0.666984
-0.668455
-0.669627
-0.670501
-0.671077
-0.671353
-0.67133
-0.671007
-0.670381
-0.669446
-0.668191
-0.666602
-0.66466
-0.66234
-0.659611
-0.656438
-0.652779
-0.648584
-0.643799
-0.638365
-0.632224
-0.625313
-0.617573
-0.608947
-0.599384
-0.588838
-0.57727
-0.564648
-0.550941
-0.536117
-0.520139
-0.502966
-0.484557
-0.464868
-0.443855
-0.42148
-0.39772
-0.372576
-0.346057
-0.318163
-0.288971
-0.258865
-0.227816
-0.622661
-0.624406
-0.626176
-0.62779
-0.629068
-0.630017
-0.630644
-0.630952
-0.630946
-0.630629
-0.630007
-0.629082
-0.627848
-0.626299
-0.624423
-0.622202
-0.619614
-0.616632
-0.613224
-0.609352
-0.604971
-0.600033
-0.594486
-0.588276
-0.581345
-0.573637
-0.565097
-0.555673
-0.545318
-0.533991
-0.521661
-0.5083
-0.493882
-0.478382
-0.461772
-0.444028
-0.425125
-0.405036
-0.383737
-0.36122
-0.337492
-0.312568
-0.286453
-0.259221
-0.231219
-0.202431
-0.583967
-0.585669
-0.587313
-0.588774
-0.589872
-0.590613
-0.591008
-0.591064
-0.590793
-0.590207
-0.589315
-0.588122
-0.586626
-0.584823
-0.582703
-0.580248
-0.57744
-0.574255
-0.570662
-0.566629
-0.562116
-0.55708
-0.551476
-0.545253
-0.538362
-0.530749
-0.522364
-0.513158
-0.503084
-0.492102
-0.480179
-0.467291
-0.453414
-0.438528
-0.422615
-0.405661
-0.387654
-0.368581
-0.348431
-0.327207
-0.304924
-0.281604
-0.257258
-0.231957
-0.206024
-0.179451
-0.545427
-0.547093
-0.54862
-0.54994
-0.55087
-0.551415
-0.551589
-0.551408
-0.550892
-0.550059
-0.548924
-0.547495
-0.545773
-0.543755
-0.541431
-0.538787
-0.535804
-0.532462
-0.528735
-0.524591
-0.519995
-0.514911
-0.509298
-0.503113
-0.496311
-0.488847
-0.480674
-0.471746
-0.462021
-0.45146
-0.440032
-0.427712
-0.414478
-0.400314
-0.385207
-0.369149
-0.352139
-0.33417
-0.315243
-0.295367
-0.274567
-0.252868
-0.230289
-0.206902
-0.183004
-0.158604
-0.507032
-0.508678
-0.510097
-0.511292
-0.512066
-0.512423
-0.512385
-0.511979
-0.511234
-0.510176
-0.508825
-0.507191
-0.505277
-0.503081
-0.500594
-0.497802
-0.49469
-0.491236
-0.487418
-0.483208
-0.478576
-0.47349
-0.467915
-0.461813
-0.455147
-0.447877
-0.439961
-0.431361
-0.422036
-0.411951
-0.401078
-0.389393
-0.376878
-0.363516
-0.349298
-0.334221
-0.318286
-0.301495
-0.283854
-0.265378
-0.246096
-0.226037
-0.205226
-0.183737
-0.161847
-0.139575
-0.468738
-0.470414
-0.471744
-0.472833
-0.47346
-0.473633
-0.473389
-0.472769
-0.471812
-0.470553
-0.469012
-0.467204
-0.465133
-0.462795
-0.460182
-0.457282
-0.454079
-0.450554
-0.446688
-0.442456
-0.437831
-0.432787
-0.427293
-0.421316
-0.414826
-0.407788
-0.400169
-0.391934
-0.383048
-0.373482
-0.363208
-0.352207
-0.340461
-0.327957
-0.314687
-0.300649
-0.285848
-0.27029
-0.253983
-0.236945
-0.219208
-0.200802
-0.181759
-0.162149
-0.142233
-0.122045
-0.430524
-0.432299
-0.433567
-0.434572
-0.435057
-0.435046
-0.434598
-0.433773
-0.432622
-0.431184
-0.429483
-0.427533
-0.425337
-0.422892
-0.420189
-0.417217
-0.413961
-0.410404
-0.406529
-0.402314
-0.397736
-0.392771
-0.387396
-0.381582
-0.375305
-0.368537
-0.361249
-0.353412
-0.344998
-0.335981
-0.326339
-0.316054
-0.305112
-0.293502
-0.281217
-0.268258
-0.254629
-0.240339
-0.225396
-0.209822
-0.193644
-0.176897
-0.15961
-0.141856
-0.123875
-0.10572
-0.392497
-0.39437
-0.395581
-0.396526
-0.396864
-0.396658
-0.396005
-0.394985
-0.393659
-0.392068
-0.390237
-0.388176
-0.385888
-0.383369
-0.380609
-0.377599
-0.374324
-0.370769
-0.366918
-0.362755
-0.358259
-0.35341
-0.34819
-0.342575
-0.336546
-0.330079
-0.323153
-0.315744
-0.307828
-0.299386
-0.290399
-0.280855
-0.270741
-0.260048
-0.248771
-0.236913
-0.224479
-0.211476
-0.197915
-0.183813
-0.169198
-0.154101
-0.138551
-0.122618
-0.106523
-0.09034
-0.354613
-0.35666
-0.357799
-0.35872
-0.358897
-0.358475
-0.35761
-0.356405
-0.354924
-0.353207
-0.351274
-0.349133
-0.346783
-0.344219
-0.341432
-0.338413
-0.335148
-0.331625
-0.327831
-0.323751
-0.31937
-0.31467
-0.309636
-0.304251
-0.2985
-0.292365
-0.285829
-0.278874
-0.271481
-0.263636
-0.255326
-0.24654
-0.23727
-0.227509
-0.217255
-0.206511
-0.195282
-0.183575
-0.171399
-0.158771
-0.145711
-0.132246
-0.118402
-0.104239
-0.0899593
-0.0756703
-0.315998
-0.319219
-0.320278
-0.321193
-0.321164
-0.320486
-0.319398
-0.318019
-0.316407
-0.314591
-0.312585
-0.310392
-0.308007
-0.305424
-0.302636
-0.299633
-0.296405
-0.292941
-0.28923
-0.285261
-0.281021
-0.276499
-0.271681
-0.266556
-0.261111
-0.255335
-0.249215
-0.242737
-0.23589
-0.228663
-0.221046
-0.213035
-0.204622
-0.195806
-0.186585
-0.176962
-0.166944
-0.156537
-0.145747
-0.134586
-0.123068
-0.111211
-0.0990289
-0.086567
-0.0739987
-0.0614799
-0.275733
-0.28232
-0.283177
-0.283964
-0.283624
-0.282631
-0.281314
-0.279781
-0.278065
-0.276179
-0.274126
-0.271904
-0.269507
-0.266927
-0.264159
-0.261195
-0.258025
-0.254642
-0.251039
-0.247206
-0.243134
-0.238815
-0.234239
-0.2294
-0.224288
-0.218897
-0.213217
-0.207242
-0.200962
-0.194372
-0.187468
-0.180247
-0.172707
-0.164847
-0.156669
-0.148177
-0.139378
-0.130275
-0.120873
-0.111176
-0.10119
-0.0909153
-0.0803468
-0.0694996
-0.0584942
-0.0475353
-0.236202
-0.246911
-0.247037
-0.247139
-0.246296
-0.244955
-0.243423
-0.241763
-0.239971
-0.238038
-0.235957
-0.233722
-0.231328
-0.228768
-0.226036
-0.223127
-0.220034
-0.216752
-0.213275
-0.209598
-0.205715
-0.201621
-0.19731
-0.192779
-0.188023
-0.183039
-0.177822
-0.172368
-0.166675
-0.160741
-0.154565
-0.148149
-0.141494
-0.134602
-0.127478
-0.120126
-0.112553
-0.104763
-0.0967563
-0.0885307
-0.0800773
-0.0713746
-0.0623875
-0.0530742
-0.0434212
-0.0336087
-0.201104
-0.217538
-0.214437
-0.211574
-0.209762
-0.208114
-0.206417
-0.204656
-0.2028
-0.200827
-0.198724
-0.196483
-0.194097
-0.191562
-0.188872
-0.186025
-0.183017
-0.179844
-0.176503
-0.172993
-0.169308
-0.165449
-0.161413
-0.157198
-0.152805
-0.148234
-0.143485
-0.138557
-0.133453
-0.128174
-0.122725
-0.117111
-0.111335
-0.105404
-0.0993244
-0.0931039
-0.0867505
-0.0802685
-0.0736569
-0.0669079
-0.0599995
-0.052886
-0.0454942
-0.0376458
-0.0288436
-0.0189114
-0.157315
-0.207703
-0.190462
-0.177931
-0.174106
-0.172105
-0.170226
-0.168339
-0.166406
-0.164385
-0.162256
-0.160008
-0.157634
-0.155129
-0.15249
-0.149716
-0.146803
-0.143752
-0.14056
-0.137228
-0.133756
-0.130144
-0.126395
-0.122511
-0.118494
-0.114347
-0.110076
-0.105684
-0.101177
-0.0965615
-0.0918443
-0.0870345
-0.0821406
-0.0771719
-0.0721384
-0.0670513
-0.0619218
-0.0567574
-0.0515602
-0.0463231
-0.0410167
-0.0355735
-0.0298597
-0.0233692
-0.0141142
0.000236812
-0.0635769
-0.221662
-0.164567
-0.1388
-0.132583
-0.129521
-0.12711
-0.124961
-0.122887
-0.120791
-0.118632
-0.116387
-0.114045
-0.111599
-0.109048
-0.10639
-0.103624
-0.100752
-0.0977737
-0.0946935
-0.0915142
-0.0882398
-0.0848752
-0.0814266
-0.0779005
-0.0743048
-0.0706479
-0.0669385
-0.0631866
-0.0594029
-0.0555993
-0.0517882
-0.0479827
-0.0441963
-0.0404433
-0.0367387
-0.0330972
-0.0295314
-0.0260497
-0.0226491
-0.0192958
-0.0158832
-0.0121462
-0.00723127
0.00246208
0.02596
247.136
366.31
75.422
-7.24409
1.75861
2.61942
2.38373
2.50149
754.01
646.813
541.187
438.766
110.91
0.425492
2.89264
3.96819
943.185
839.549
754.394
688.331
598.538
511.764
352.805
23.5907
944.189
883.041
830.308
782.883
744.74
715.413
678.549
623.139
952.194
915.854
882.906
852.265
825.648
803.11
782.481
767.466
968.863
944.169
921.327
900.202
881.047
864.543
851.162
840.699
982.236
965.156
949.537
935.231
922.308
910.973
901.387
893.548
997.203
986.474
976.761
967.739
959.558
952.429
946.341
941.018
1016.16
1010.79
1005.85
1001.13
996.793
993.092
990
987.122
1037.69
1038.26
1038.12
1037.32
1036.35
1035.6
1035.08
1034.31
1060.17
1063.58
1067.84
1071.36
1074.63
1077.98
1081.11
1082.97
999.16
1130.04
1125.71
1121.93
1120.64
1122.03
1125.76
1130.1
122.153
213.13
342.176
509.84
685.087
863.905
1136.9
1208.35
-5.18028
-5.43441
-5.63792
-3.97057
7.72581
38.706
124.184
244.141
-4.64348
-4.70124
-4.74493
-4.78965
-4.89959
-5.07922
-5.40666
-5.76924
-4.93085
-5.01042
-5.06491
-5.09704
-5.11055
-5.13423
-5.2091
-5.24577
-4.98415
-5.05437
-5.1217
-5.18577
-5.2474
-5.30928
-5.36851
-5.41435
-5.03464
-5.1028
-5.17013
-5.23566
-5.29977
-5.36331
-5.42636
-5.48507
-5.09718
-5.16542
-5.23295
-5.29864
-5.36227
-5.42405
-5.48456
-5.54293
-5.16151
-5.23034
-5.29887
-5.36585
-5.4309
-5.49396
-5.55526
-5.61334
-5.23142
-5.30212
-5.37276
-5.44197
-5.50921
-5.57428
-5.63722
-5.69606
-5.31021
-5.38409
-5.45807
-5.53052
-5.60067
-5.66812
-5.73272
-5.79229
-5.40011
-5.47849
-5.55703
-5.63369
-5.70736
-5.77745
-5.84386
-5.90425
-5.50233
-5.58652
-5.67077
-5.75252
-5.83031
-5.90344
-5.972
-6.03361
-5.61691
-5.70834
-5.79956
-5.8874
-5.97007
-6.04688
-6.11823
-6.18169
-5.74324
-5.8436
-5.94336
-6.03868
-6.12751
-6.20923
-6.28439
-6.35027
-5.88085
-5.99241
-6.10285
-6.20758
-6.30433
-6.39253
-6.47266
-6.54128
-6.02903
-6.1544
-6.27793
-6.39432
-6.50115
-6.59781
-6.68437
-6.75616
-6.18652
-6.32852
-6.46779
-6.59838
-6.71783
-6.82533
-6.92036
-6.99644
-6.35092
-6.51298
-6.67172
-6.82053
-6.95684
-7.07928
-7.18634
-7.27121
-6.51672
-6.70278
-6.88625
-7.05995
-7.22083
-7.36642
-7.49431
-7.58182
-6.67477
-6.88859
-7.10244
-7.30844
-7.50249
-7.68021
-7.83412
-7.9136
-6.8136
-7.05984
-7.31098
-7.55796
-7.79492
-8.01557
-8.21511
-8.3732
-6.91443
-7.19795
-7.49557
-7.79726
-8.09616
-8.38344
-8.64976
-8.90436
-6.94327
-7.25986
-7.60252
-7.96263
-8.3358
-8.70269
-9.04813
-9.43787
-6.85552
-7.18474
-7.54545
-7.93028
-8.33668
-8.73933
-9.20268
-9.65612
-6.62269
-6.929
-7.26058
-7.60676
-7.96358
-8.32482
-8.73137
-9.02712
-6.28626
-6.55019
-6.83017
-7.11509
-7.40042
-7.68669
-7.94033
-7.98361
-5.89919
-6.12418
-6.36066
-6.59949
-6.83213
-7.04511
-7.21504
-7.35106
-5.47582
-5.66537
-5.86609
-6.07175
-6.27644
-6.47072
-6.65171
-6.83467
-5.02959
-5.18413
-5.35029
-5.52477
-5.70534
-5.88752
-6.07591
-6.29096
-4.56272
-4.67504
-4.79543
-4.922
-5.05389
-5.18777
-5.32503
-5.491
-4.09779
-4.1676
-4.24018
-4.31421
-4.38811
-4.45788
-4.52047
-4.59253
-3.65349
-3.68577
-3.71625
-3.74435
-3.76841
-3.78458
-3.79061
-3.79768
-3.24286
-3.24522
-3.24255
-3.23464
-3.21965
-3.19414
-3.15728
-3.12019
-2.87239
-2.85243
-2.82568
-2.79244
-2.75069
-2.69739
-2.6329
-2.56866
-2.54358
-2.50786
-2.46467
-2.4151
-2.35723
-2.28812
-2.20855
-2.13008
-2.25517
-2.2093
-2.15566
-2.09621
-2.02956
-1.95298
-1.86715
-1.78302
-2.00343
-1.95183
-1.89242
-1.82781
-1.75714
-1.67812
-1.59127
-1.50655
-1.78282
-1.72869
-1.66703
-1.60075
-1.52924
-1.45067
-1.36556
-1.2829
-1.58765
-1.53287
-1.47123
-1.40564
-1.33557
-1.2594
-1.1777
-1.09868
-1.41454
-1.36012
-1.29975
-1.23623
-1.16899
-1.09651
-1.01932
-0.94486
-1.26206
-1.20886
-1.15044
-1.08953
-1.02562
-0.957323
-0.885062
-0.815493
-1.12838
-1.07708
-1.02106
-0.962952
-0.902419
-0.838303
-0.770946
-0.706225
-1.01075
-0.961685
-0.908333
-0.853219
-0.796155
-0.736142
-0.673544
-0.613499
-0.906642
-0.859904
-0.809365
-0.757402
-0.703892
-0.647993
-0.590014
-0.534446
-0.814278
-0.76992
-0.722277
-0.673552
-0.623636
-0.571756
-0.518174
-0.466818
-0.732311
-0.690431
-0.645733
-0.600232
-0.553803
-0.505733
-0.456232
-0.408754
-0.659515
-0.620193
-0.578437
-0.536058
-0.492922
-0.448373
-0.40259
-0.35863
-0.594782
-0.55801
-0.519091
-0.479652
-0.43956
-0.398224
-0.3558
-0.315019
-0.537149
-0.502816
-0.466535
-0.429789
-0.392464
-0.354033
-0.314644
-0.27675
-0.485663
-0.453607
-0.419736
-0.385429
-0.350607
-0.314808
-0.278175
-0.242926
-0.4393
-0.40936
-0.377707
-0.345641
-0.313124
-0.279754
-0.245668
-0.212883
-0.397055
-0.369097
-0.339537
-0.309599
-0.279275
-0.248213
-0.216545
-0.186099
-0.358093
-0.332019
-0.304483
-0.276627
-0.248454
-0.219646
-0.190323
-0.162142
-0.32188
-0.29761
-0.272055
-0.246259
-0.220216
-0.193634
-0.166613
-0.140643
-0.288191
-0.265651
-0.242021
-0.218242
-0.194292
-0.169889
-0.145114
-0.121294
-0.257017
-0.236128
-0.21434
-0.192495
-0.170553
-0.148243
-0.125618
-0.103859
-0.228423
-0.209101
-0.189046
-0.169015
-0.148955
-0.128602
-0.107994
-0.0881708
-0.202436
-0.184598
-0.166155
-0.147797
-0.129464
-0.110908
-0.0921522
-0.0741176
-0.178985
-0.162553
-0.145607
-0.128781
-0.11202
-0.0950952
-0.0780205
-0.0616169
-0.157888
-0.142797
-0.12725
-0.111835
-0.0965098
-0.0810657
-0.0655149
-0.0505944
-0.138877
-0.125072
-0.110851
-0.0967567
-0.0827605
-0.0686788
-0.0545241
-0.040963
-0.121636
-0.109078
-0.0961304
-0.0832955
-0.0705574
-0.057756
-0.044906
-0.0326131
-0.105851
-0.0945076
-0.0827996
-0.0711884
-0.0596678
-0.0480986
-0.0364972
-0.0254146
-0.0912301
-0.0810773
-0.0705896
-0.0601853
-0.0498642
-0.0395056
-0.0291264
-0.0192254
-0.0775174
-0.0685371
-0.0592593
-0.0500577
-0.0409348
-0.0317853
-0.0226246
-0.0139006
-0.0644803
-0.0566595
-0.0485897
-0.0405981
-0.0326866
-0.0247615
-0.0168346
-0.00930181
-0.051891
-0.0452268
-0.038377
-0.031619
-0.0249488
-0.0182801
-0.0116178
-0.00530544
-0.0394933
-0.0339969
-0.0284091
-0.0229384
-0.0175659
-0.012207
-0.00685796
-0.00181174
-0.0269994
-0.0227027
-0.0184738
-0.0143985
-0.0104232
-0.00646107
-0.00250005
0.00121785
-0.0137739
-0.0109814
-0.00836313
-0.00586503
-0.00343895
-0.00100784
0.00145597
0.00379663
0.0035023
0.00228232
0.00198909
0.00231489
0.00292902
0.00374864
0.00479598
0.00606341
0.0337839
0.0288917
0.0229469
0.0189641
0.0162128
0.0141037
0.0123641
0.0105762
3.39734
3.74293
3.81913
3.85565
3.88034
3.90143
3.92152
3.94139
3.96088
3.97947
3.99665
4.01202
4.02535
4.03651
4.04549
4.05235
4.05727
4.06052
4.06233
4.06287
4.06222
4.06053
4.05804
4.05503
4.05167
4.048
4.04413
4.04023
4.03654
4.0332
4.03025
4.0277
4.02557
4.02396
4.02297
4.02273
4.02335
4.02452
4.15776
3.86452
3.82303
3.83889
3.86208
3.88455
3.9078
3.93141
3.95459
3.97649
3.99646
4.01406
4.029
4.04122
4.05076
4.0578
4.06259
4.06542
4.06664
4.0665
4.0652
4.06286
4.05971
4.05601
4.052
4.04776
4.04338
4.03903
4.0349
4.03117
4.02789
4.02508
4.02277
4.02102
4.01996
4.01976
4.0205
4.02184
4.01763
3.96721
3.84796
3.83663
3.8515
3.87172
3.8959
3.9224
3.94915
3.97453
3.99754
4.01757
4.0343
4.04762
4.05769
4.0648
4.06932
4.07159
4.07202
4.07099
4.0688
4.0656
4.06161
4.05708
4.05228
4.04734
4.04234
4.03744
4.03281
4.02862
4.02497
4.02186
4.01932
4.01742
4.01629
4.01611
4.01699
4.0185
275.369
4.00851
3.95635
3.9097
3.86548
3.87064
3.89027
3.91699
3.94616
3.97455
4.00048
4.023
4.04159
4.05605
4.06657
4.0736
4.07763
4.07912
4.07853
4.07637
4.07302
4.06873
4.06369
4.05816
4.05244
4.04667
4.04095
4.03539
4.03017
4.02548
4.02139
4.01795
4.01516
4.01309
4.01188
4.01173
4.01274
4.01442
737.303
438.591
13.3304
4.14017
3.97888
3.91558
3.90278
3.92093
3.94873
3.97815
4.00612
4.03085
4.05121
4.06678
4.07767
4.08443
4.08772
4.08812
4.08623
4.08264
4.07785
4.07221
4.06591
4.05922
4.05242
4.0457
4.03913
4.03281
4.02692
4.02164
4.01708
4.01327
4.0102
4.00795
4.00664
4.00652
4.00766
4.00952
818.349
794.569
569.899
62.8914
4.27941
4.01
3.95511
3.94546
3.9625
3.98783
4.01547
4.04152
4.06342
4.08003
4.09123
4.09752
4.09975
4.09873
4.09517
4.08981
4.08328
4.076
4.06821
4.06017
4.05214
4.04432
4.03678
4.0296
4.02295
4.01703
4.01194
4.00771
4.00434
4.00189
4.00049
4.00038
4.00166
4.0037
880.035
863.953
856.98
655.457
91.6898
4.58965
4.06433
4.00991
3.99948
4.00802
4.0296
4.05525
4.07831
4.09593
4.10736
4.11301
4.11386
4.11101
4.10539
4.09788
4.08925
4.08003
4.07049
4.06088
4.05145
4.0424
4.03378
4.02564
4.01816
4.01152
4.00585
4.00118
3.99748
3.99481
3.9933
3.99321
3.99462
3.99683
932.764
923.494
920.525
918.242
694.418
85.2903
4.90767
4.16062
4.07584
4.04626
4.04992
4.07195
4.09579
4.11448
4.12612
4.13094
4.1301
4.12499
4.11687
4.10679
4.09568
4.08418
4.07261
4.0612
4.0502
4.03978
4.02998
4.0208
4.01241
4.00501
3.99872
3.99355
3.9895
3.98659
3.98496
3.98488
3.98643
3.98881
982.427
976.752
976.51
978.474
978.917
663.919
49.3696
4.80352
4.21409
4.10399
4.0784
4.09178
4.11573
4.13574
4.14759
4.15134
4.14842
4.14061
4.1295
4.11639
4.1024
4.08827
4.07437
4.06093
4.04818
4.03628
4.02519
4.01492
4.00557
3.99735
3.99039
3.98471
3.98028
3.97711
3.97536
3.97528
3.97695
3.9795
1032.29
1029.31
1030.02
1033.85
1038.06
1041.38
527.911
17.3961
4.61289
4.1777
4.11567
4.11787
4.1391
4.16001
4.17185
4.17414
4.16869
4.15766
4.14305
4.12644
4.10914
4.09202
4.07551
4.05982
4.04517
4.03167
4.01924
4.00781
3.99747
3.9884
3.98075
3.97452
3.96968
3.96624
3.96435
3.96427
3.96606
3.96877
1083.52
1083.19
1084.67
1088.34
1093.84
1099.48
1093.36
330.058
6.96695
4.44987
4.17946
4.15997
4.16975
4.18804
4.19896
4.19916
4.19058
4.1758
4.15718
4.1366
4.11558
4.09513
4.07574
4.0576
4.04091
4.02572
4.01188
3.99927
3.98792
3.978
3.96963
3.96283
3.95757
3.95385
3.95181
3.95173
3.95363
3.95649
1135.32
1137.59
1140.83
1144.52
1149.21
1155.64
1162.34
903.599
102.964
5.35503
4.35195
4.22872
4.21169
4.22064
4.22857
4.2259
4.21355
4.19449
4.17139
4.14642
4.12131
4.09723
4.0747
4.05394
4.0351
4.01816
4.00289
3.98908
3.97673
3.96595
3.95687
3.94951
3.94381
3.9398
3.9376
3.9375
3.93951
3.94252
1203.3
1196.76
1198.07
1202.01
1206.18
1211.66
1218.73
1227.31
508.941
11.4166
4.74273
4.30593
4.26232
4.25807
4.26005
4.25355
4.23678
4.21292
4.18496
4.15529
4.12582
4.09788
4.07204
4.04853
4.02745
4.00871
3.992
3.97701
3.96368
3.95207
3.94231
3.93438
3.92826
3.92395
3.92159
3.92147
3.92358
3.92672
596.329
1256.44
1267.25
1261.91
1263.78
1268.85
1275.4
1283.7
1002.09
118.496
5.63159
4.45836
4.33196
4.302
4.29318
4.28109
4.25916
4.23008
4.19701
4.16246
4.12853
4.09661
4.06736
4.04102
4.01766
3.99711
3.97897
3.96283
3.94856
3.93618
3.92576
3.9173
3.91077
3.90617
3.90365
3.9035
3.90569
3.90896
-5.18176
220.76
939.904
1336.7
1324.47
1326.19
1332.67
1340.35
1346.72
410.318
7.75911
4.73837
4.41081
4.35062
4.32678
4.30692
4.27921
4.24465
4.20641
4.16705
4.1287
4.09285
4.06021
4.03106
4.00544
3.98311
3.96356
3.94632
3.93117
3.91807
3.90706
3.89811
3.89119
3.88631
3.88363
3.88346
3.88572
3.88911
-5.33226
-5.24586
32.8696
546.782
1362.24
1385.6
1389.59
1397.6
1408.57
827.367
36.4646
5.16022
4.51899
4.40555
4.35899
4.32907
4.29516
4.25514
4.21195
4.16803
4.12551
4.08595
4.05009
4.01826
3.99047
3.96643
3.94556
3.92729
3.91132
3.89758
3.88604
3.87666
3.86938
3.86426
3.86143
3.86122
3.86355
3.86704
-5.44972
-5.4369
-5.67997
-5.1136
557.989
1411.73
1446.17
1454.54
1464.55
1154.52
129.151
5.85557
4.66339
4.46015
4.38508
4.34496
4.30513
4.26003
4.21235
4.16434
4.11809
4.0752
4.03645
4.00219
3.97245
3.94685
3.92474
3.90554
3.88886
3.87456
3.86257
3.8528
3.84523
3.83988
3.83692
3.83669
3.83906
3.84263
-5.56792
-5.63913
-5.7426
-5.75911
-5.25288
874.895
1500.6
1510.29
1520.93
1362.33
266.462
6.73068
4.81942
4.5009
4.39901
4.3515
4.30718
4.25787
4.20645
4.15504
4.10566
4.05994
4.01874
3.98244
3.95103
3.92408
3.90092
3.88091
3.86362
3.84886
3.8365
3.82643
3.81861
3.81307
3.81001
3.80974
3.81216
3.8158
-5.63754
-5.74377
-5.83654
-5.86393
-5.73901
204.349
1364.68
1565.11
1578.66
1525.81
461.403
7.85301
4.97719
4.52363
4.39831
4.34711
4.30002
4.24757
4.19336
4.13936
4.08755
4.03962
3.9965
3.9586
3.92589
3.8979
3.8739
3.85324
3.83549
3.82038
3.80775
3.79744
3.78942
3.78374
3.78059
3.78031
3.78275
3.78645
-5.70481
-5.80889
-5.89291
-5.93174
-5.87711
-6.26504
940.613
1618
1635.4
1630.47
649.544
8.96806
5.09171
4.52238
4.38231
4.33118
4.28277
4.2284
4.17246
4.11677
4.06331
4.01384
3.96939
3.9304
3.89681
3.8681
3.84352
3.82242
3.80436
3.78903
3.77621
3.76576
3.7576
3.75182
3.74861
3.74831
3.75078
3.75451
-5.78589
-5.88248
-5.94788
-5.97252
-5.87516
-6.25929
466.687
1600.09
1690.33
1676.76
667.061
8.47532
5.07036
4.48595
4.35006
4.30306
4.25478
4.19986
4.14332
4.08689
4.03262
3.98235
3.93719
3.89764
3.86361
3.83452
3.80964
3.78833
3.77013
3.75472
3.74184
3.73131
3.72309
3.71726
3.71401
3.71371
3.71619
3.71993
-5.88136
-5.97127
-6.01965
-6.02383
-5.88376
-6.18426
176.208
1495.52
1742.86
1694.2
622.763
8.20812
4.94578
4.41894
4.30356
4.26305
4.21597
4.16185
4.10579
4.04956
3.99534
3.94503
3.89983
3.86027
3.82623
3.79711
3.77221
3.75092
3.73278
3.71742
3.70458
3.69407
3.68585
3.68001
3.67677
3.67647
3.67894
3.68269
-5.99281
-6.07614
-6.11031
-6.09911
-5.93611
-6.19088
165.486
1483.61
1789.59
1670.09
491.518
7.48456
4.75747
4.33468
4.24768
4.2125
4.16692
4.1146
4.05994
4.00479
3.95145
3.90186
3.8573
3.81829
3.78467
3.75587
3.73123
3.71018
3.69228
3.67713
3.66443
3.65403
3.64588
3.64008
3.63687
3.63658
3.63905
3.64277
-6.12228
-6.19894
-6.21971
-6.19394
-6.01978
-6.26681
209.982
1541.39
1835.25
1554.04
295.016
6.42894
4.5442
4.24557
4.1849
4.15212
4.10828
4.05853
4.00605
3.95279
3.90109
3.85296
3.80969
3.77177
3.739
3.71085
3.68674
3.66616
3.64866
3.63385
3.62141
3.6112
3.60318
3.59748
3.59433
3.59407
3.59651
3.60019
-6.27109
-6.33999
-6.34615
-6.30166
-6.11261
-6.49806
367.549
1626.69
1886.38
1257.71
108.986
5.39698
4.33159
4.15082
4.11213
4.08141
4.0405
3.99416
3.94463
3.89397
3.84461
3.79859
3.75721
3.72086
3.68934
3.66215
3.63883
3.61892
3.60199
3.58764
3.57556
3.56561
3.5578
3.55225
3.54919
3.54896
3.55137
3.55499
-6.44023
-6.49804
-6.48393
-6.40126
-6.18612
-6.94726
853.74
1737.2
1837.64
773.619
16.6809
4.66874
4.1332
4.04601
4.02707
4.00075
3.96442
3.9223
3.87638
3.82896
3.78252
3.73917
3.70015
3.66579
3.63584
3.60992
3.58762
3.56857
3.55236
3.53858
3.52696
3.51735
3.50979
3.50443
3.5015
3.50131
3.50368
3.50723
-6.63069
-6.67269
-6.62866
-6.48049
-6.47993
150.777
1586.2
1770.9
1535.44
290.391
6.20886
4.20276
3.96691
3.94082
3.93362
3.91251
3.88149
3.84402
3.8022
3.75849
3.71547
3.67523
3.63894
3.60686
3.57877
3.55434
3.53329
3.51526
3.49989
3.48678
3.47568
3.46648
3.45924
3.45412
3.45134
3.45121
3.45353
3.45698
-6.84345
-6.8649
-6.78033
-6.58474
-6.81904
1061.77
1769.35
1808.93
860.044
35.1627
4.5992
3.90994
3.83228
3.83591
3.83465
3.81886
3.79315
3.76044
3.723
3.68336
3.64412
3.60731
3.57401
3.54442
3.51838
3.49565
3.47601
3.45916
3.44472
3.43237
3.42186
3.41313
3.40626
3.40142
3.39882
3.39874
3.401
3.40435
-7.08327
-7.0733
-6.9308
-6.8338
584.528
1742.05
1772.95
1359.62
181.62
5.97534
3.91696
3.70944
3.709
3.72815
3.73186
3.72134
3.70072
3.67271
3.63972
3.60435
3.56913
3.53596
3.5058
3.47885
3.455
3.43412
3.41602
3.40043
3.38702
3.37548
3.36562
3.35741
3.35096
3.34643
3.34403
3.34403
3.34622
3.34945
-7.36241
-7.31225
-7.21977
158.268
1621.36
1760.6
1609.07
432.954
8.81336
4.19979
3.59098
3.55733
3.59353
3.61932
3.62724
3.6215
3.60553
3.58195
3.55332
3.52225
3.49115
3.4617
3.43475
3.4105
3.38894
3.37
3.35353
3.33929
3.32695
3.31627
3.30711
3.29947
3.29347
3.2893
3.28712
3.28719
3.28932
3.2924
-7.66777
-7.6599
-7.51622
240.282
1501.36
1514.94
667.612
22.2222
4.73568
3.50562
3.39067
3.43557
3.48284
3.51108
3.5224
3.52066
3.50873
3.48921
3.46472
3.43785
3.41078
3.38501
3.36125
3.33974
3.32053
3.30359
3.2888
3.27592
3.2647
3.25492
3.24649
3.23946
3.23396
3.23016
3.22822
3.22838
3.23042
3.23336
-8.07537
-8.06336
-7.95484
64.4892
377.64
307.74
33.0415
5.94556
3.5279
3.22624
3.26502
3.32819
3.37583
3.40485
3.41853
3.41983
3.41125
3.39534
3.37471
3.35179
3.32857
3.30633
3.28569
3.2669
3.25005
3.23513
3.22204
3.21055
3.20046
3.19159
3.18393
3.17754
3.17257
3.16917
3.16749
3.16773
3.16969
3.17247
-8.58916
-8.45713
7.80066
20.5252
34.8701
11.5158
5.3603
3.54137
3.05243
3.08672
3.16357
3.22729
3.27282
3.30161
3.31646
3.31975
3.31377
3.30097
3.28383
3.26458
3.24495
3.22605
3.20843
3.19231
3.1778
3.16489
3.15347
3.14337
3.1344
3.12648
3.1196
3.11389
3.10947
3.10649
3.10508
3.1054
3.10728
3.1099
-9.36821
-8.72975
542.27
767.743
88.7511
4.76002
3.27011
2.86877
2.89587
2.99471
3.07349
3.13261
3.17469
3.20197
3.21671
3.22091
3.21675
3.20651
3.19245
3.17654
3.16025
3.14451
3.12978
3.11627
3.10404
3.09309
3.08331
3.07456
3.06672
3.05975
3.0537
3.04868
3.04484
3.04229
3.04114
3.04156
3.04335
3.0458
-10.1732
150.08
1357.3
1413.88
193.14
3.01548
2.80986
2.75279
2.84148
2.929
2.99545
3.04562
3.082
3.1061
3.11936
3.12347
3.12039
3.11218
3.10079
3.08788
3.07469
3.06195
3.05
3.03901
3.02899
3.01994
3.01175
3.00433
2.99761
2.9916
2.98638
2.98208
2.97883
2.97673
2.97586
2.97636
2.97807
2.98033
-10.1251
751.057
1450.61
1458.86
1165.09
39.6507
2.79849
2.79304
2.82774
2.88109
2.92792
2.96553
2.99399
3.01328
3.0239
3.02711
3.02455
3.01793
3.00887
2.99873
2.98846
2.97859
2.96932
2.96075
2.95286
2.94562
2.93897
2.93285
2.92724
2.92221
2.91785
2.91428
2.91163
2.90997
2.90938
2.90997
2.91159
2.91368
-7.98783
516.058
1492.28
1491.31
1494.1
306.16
3.04919
2.80394
2.82351
2.84162
2.86521
2.88899
2.90837
2.92183
2.92916
2.93107
2.92875
2.92351
2.91663
2.90914
2.90169
2.89459
2.88791
2.88165
2.87579
2.87029
2.86513
2.86029
2.85581
2.85176
2.84826
2.84544
2.8434
2.84219
2.84188
2.84256
2.84408
2.846
-7.42273
9.17687
1452.21
1524.86
1529.22
1300.01
93.9094
2.80778
2.83347
2.80397
2.80036
2.81112
2.82166
2.82937
2.83353
2.83427
2.83231
2.82856
2.82393
2.81911
2.81447
2.81008
2.80589
2.80186
2.79794
2.79412
2.7904
2.78683
2.78347
2.78042
2.77781
2.77574
2.7743
2.77354
2.77351
2.77427
2.77571
2.77744
-7.41927
-6.46549
645.01
1562.51
1563.06
1520.35
141.433
2.77262
2.82371
2.74564
2.72416
2.72573
2.7296
2.73309
2.73519
2.73557
2.73455
2.73271
2.73063
2.72865
2.72686
2.72515
2.72338
2.72148
2.71943
2.71723
2.71495
2.71264
2.71042
2.70838
2.70665
2.70534
2.7045
2.70419
2.70442
2.70527
2.70662
2.70818
-6.9918
-5.56771
3.06168
963.724
1328.92
770.659
102.126
2.62739
2.74237
2.65194
2.62825
2.62666
2.62801
2.63034
2.63249
2.63398
2.63495
2.63576
2.63668
2.63778
2.63892
2.63987
2.64046
2.64063
2.64038
2.63979
2.63892
2.63789
2.63681
2.63579
2.63496
2.63439
2.63415
2.63427
2.63476
2.63569
2.63696
2.63835
-6.57728
-6.08714
2.15469
44.3485
151.894
28.8447
46.3062
3.53607
2.60501
2.51779
2.50597
2.50895
2.51382
2.51925
2.52436
2.52896
2.5333
2.53765
2.54212
2.54657
2.55072
2.55431
2.55722
2.5594
2.56094
2.56193
2.56249
2.56275
2.56281
2.56282
2.56287
2.56305
2.56339
2.56393
2.56468
2.56569
2.56688
2.56811
-5.76076
-5.01232
-2.52718
-4.3939
-0.177103
2.07134
1.58967
2.53236
2.3243
2.32153
2.34742
2.36904
2.38567
2.39927
2.41064
2.42057
2.42976
2.43859
2.44712
2.45512
2.46234
2.46857
2.47375
2.47794
2.48125
2.48383
2.48583
2.48737
2.48859
2.48962
2.49055
2.49145
2.49237
2.49331
2.4943
2.49539
2.49651
2.49759
-4.70017
-4.55193
-4.07228
-3.47254
-1.69883
-0.00366025
0.938688
1.70632
1.94787
2.07904
2.16024
2.21106
2.24597
2.27187
2.29231
2.30953
2.32485
2.33893
2.35189
2.36361
2.37392
2.38277
2.39021
2.39638
2.40148
2.40566
2.40909
2.41193
2.41431
2.41634
2.41813
2.41974
2.4212
2.42253
2.42376
2.42492
2.42598
2.42692
-3.79161
-3.60043
-3.16655
-2.44098
-1.28087
-0.135957
0.714712
1.32441
1.64691
1.84624
1.96826
2.04676
2.10088
2.14057
2.17154
2.19717
2.21941
2.23916
2.25674
2.27221
2.28562
2.29707
2.30676
2.31493
2.3218
2.32758
2.33245
2.33658
2.34009
2.34312
2.34574
2.34803
2.35001
2.35172
2.35317
2.35441
2.3554
2.35624
-3.04841
-2.80985
-2.40475
-1.78616
-0.936074
-0.0861289
0.603864
1.10808
1.42993
1.64477
1.78787
1.88623
1.95662
2.00936
2.0509
2.08518
2.11446
2.13989
2.16203
2.18119
2.19763
2.21166
2.2236
2.23376
2.24241
2.24978
2.25608
2.26147
2.2661
2.27008
2.27351
2.27644
2.27892
2.28098
2.28265
2.28395
2.28487
2.28567
-2.45888
-2.20253
-1.82205
-1.30533
-0.670043
-0.0275931
0.524543
0.952122
1.25424
1.46944
1.62299
1.73443
1.81748
1.8815
1.93272
1.97511
2.01102
2.0418
2.06823
2.09088
2.11024
2.12679
2.14094
2.15307
2.16348
2.17242
2.18012
2.18674
2.19244
2.19734
2.20154
2.20508
2.20804
2.21043
2.21229
2.21367
2.21447
2.21536
-2.00218
-1.74812
-1.4028
-0.969026
-0.472307
0.0259568
0.469718
0.831847
1.10833
1.31726
1.47451
1.59391
1.68622
1.75934
1.81879
1.86823
1.90997
1.94549
1.9758
2.00168
2.0238
2.04276
2.05905
2.07308
2.0852
2.09566
2.1047
2.11251
2.11924
2.12501
2.12993
2.13406
2.13745
2.14015
2.1422
2.14365
2.14441
2.14526
-1.64984
-1.4105
-1.10395
-0.738519
-0.336853
0.0634084
0.428069
0.737806
0.988032
1.18653
1.34275
1.46609
1.56455
1.64442
1.7103
1.7654
1.81196
1.8515
1.88519
1.91398
1.93865
1.95987
1.97818
1.99402
2.00775
2.01965
2.02997
2.0389
2.04659
2.05319
2.05878
2.06345
2.06725
2.07025
2.07248
2.074
2.07472
2.07546
-1.37507
-1.15533
-0.885764
-0.575758
-0.243417
0.0870877
0.393601
0.662253
0.888383
1.07488
1.22714
1.35134
1.4532
1.53747
1.60788
1.66719
1.71747
1.76026
1.79682
1.82815
1.85511
1.87839
1.89857
1.91608
1.93131
1.94455
1.95605
1.96602
1.97461
1.98196
1.98818
1.99334
1.99753
2.0008
2.00319
2.00477
2.00547
2.00607
-1.15666
-0.957424
-0.72083
-0.455472
-0.175373
0.10327
0.365517
0.60119
0.805873
0.980027
1.12651
1.24921
1.35207
1.43861
1.51177
1.57389
1.62685
1.67215
1.71103
1.74452
1.77346
1.79857
1.82041
1.83943
1.85602
1.87048
1.88306
1.89397
1.90338
1.91142
1.9182
1.92382
1.92835
1.93187
1.93442
1.93605
1.93673
1.93719
-0.979534
-0.799687
-0.591517
-0.3622
-0.122496
0.116334
0.343835
0.552368
0.737941
0.899825
1.03929
1.15865
1.26054
1.34753
1.42189
1.4856
1.54032
1.58743
1.6281
1.66333
1.69394
1.7206
1.74388
1.76422
1.78201
1.79755
1.8111
1.82285
1.83299
1.84164
1.84893
1.85495
1.85979
1.86353
1.86622
1.8679
1.86856
1.86889
-0.833536
-0.671091
-0.486926
-0.28679
-0.0789658
0.128473
0.32797
0.513674
0.68209
0.831955
0.963592
1.07827
1.17769
1.26368
1.33802
1.40231
1.45797
1.50625
1.54822
1.58477
1.61669
1.64461
1.66909
1.69056
1.70938
1.72585
1.74023
1.75273
1.7635
1.77269
1.78042
1.7868
1.79191
1.79585
1.79866
1.80038
1.80102
1.80124
-0.71194
-0.564653
-0.400529
-0.224123
-0.0418917
0.140229
0.316644
0.482817
0.635761
0.774043
0.897452
1.00658
1.1025
1.18647
1.25983
1.32388
1.37982
1.42869
1.47145
1.50892
1.54181
1.57071
1.59614
1.61852
1.63819
1.65546
1.67055
1.68366
1.69497
1.70462
1.71273
1.71941
1.72476
1.72887
1.73178
1.73354
1.73416
1.73427
-0.610014
-0.475789
-0.328394
-0.171473
-0.0101318
0.151181
0.308258
0.457561
0.596585
0.723922
0.839082
0.942243
1.03401
1.11525
1.18696
1.25013
1.30575
1.3547
1.39782
1.43581
1.46934
1.49894
1.52508
1.54817
1.56852
1.58642
1.60208
1.61571
1.62746
1.63749
1.64591
1.65285
1.65839
1.66264
1.66564
1.66742
1.66803
1.66804
-0.524168
-0.401272
-0.267999
-0.127311
0.0167012
0.160661
0.30137
0.436055
0.562641
0.679828
0.787003
0.884087
0.97138
1.04944
1.11897
1.18076
1.23558
1.28418
1.32725
1.36543
1.39929
1.42932
1.45595
1.47955
1.50041
1.51878
1.53489
1.54891
1.56101
1.57133
1.58
1.58713
1.59284
1.59719
1.60026
1.60207
1.60266
1.60257
-0.451581
-0.338657
-0.217497
-0.0905429
0.0388946
0.168226
0.294991
0.417
0.532539
0.640442
0.740058
0.831158
0.913837
0.988433
1.05544
1.11546
1.16909
1.21696
1.25964
1.2977
1.33162
1.36185
1.38876
1.41267
1.43386
1.45257
1.46898
1.48329
1.49563
1.50617
1.51502
1.5223
1.52812
1.53257
1.53569
1.5375
1.53807
1.53791
-0.38998
-0.285948
-0.175324
-0.0601355
0.0569095
0.173799
0.288612
0.399601
0.50534
0.604798
0.697336
0.782646
0.860696
0.93167
0.995913
1.05386
1.10601
1.15285
1.19487
1.23254
1.26629
1.29649
1.32348
1.34753
1.3689
1.38779
1.40438
1.41886
1.43136
1.44203
1.451
1.45838
1.46428
1.46878
1.47193
1.47375
1.47431
1.47406
-0.337466
-0.241417
-0.140044
-0.0350359
0.0713649
0.177568
0.282049
0.38339
0.480395
0.572165
0.658097
0.737856
0.811336
0.878623
0.939948
0.99564
1.04608
1.09166
1.1328
1.16987
1.20324
1.23322
1.26009
1.28412
1.3055
1.32443
1.34109
1.35562
1.36819
1.37892
1.38795
1.39538
1.40132
1.40585
1.40902
1.41083
1.41137
1.41106
-0.292407
-0.203557
-0.110367
-0.0142544
0.0828983
0.17981
0.275251
0.368053
0.457213
0.54195
0.621718
0.696186
0.765212
0.828817
0.887156
0.94047
0.98905
1.03321
1.07328
1.10957
1.14237
1.17195
1.19856
1.22239
1.24364
1.26248
1.27908
1.29358
1.30613
1.31685
1.32587
1.33331
1.33926
1.34379
1.34696
1.34876
1.34927
1.3489
-0.253425
-0.171102
-0.0852167
0.00303188
0.0920388
0.180756
0.268177
0.353333
0.435384
0.513659
0.587677
0.657129
0.721858
0.78185
0.837199
0.888079
0.934706
0.977325
1.01618
1.05153
1.08361
1.11264
1.1388
1.1623
1.18328
1.20191
1.21834
1.23271
1.24516
1.25581
1.26478
1.27218
1.2781
1.28261
1.28575
1.28753
1.28802
1.2876
-0.219417
-0.143064
-0.0637719
0.0174298
0.0991569
0.180543
0.260759
0.339003
0.41457
0.486893
0.555556
0.620278
0.680905
0.737394
0.789797
0.838229
0.882847
0.923828
0.961363
0.995641
1.02685
1.05517
1.08076
1.10378
1.12437
1.14268
1.15884
1.173
1.18527
1.19578
1.20465
1.21197
1.21783
1.2223
1.22541
1.22715
1.22762
1.22715
-0.189553
-0.118716
-0.045449
0.0293541
0.104491
0.179243
0.252927
0.32488
0.394514
0.461355
0.525044
0.585331
0.642067
0.695191
0.744718
0.790717
0.83329
0.872563
0.908672
0.941761
0.971975
0.999455
1.02434
1.04676
1.06685
1.08473
1.10054
1.1144
1.12644
1.13676
1.14548
1.15269
1.15846
1.16286
1.16591
1.16762
1.16807
1.16755
-0.163226
-0.0975347
-0.0298341
0.0390978
0.108213
0.176916
0.244645
0.310854
0.375055
0.436847
0.495927
0.55207
0.60513
0.655033
0.701764
0.745352
0.785859
0.823364
0.857961
0.889755
0.918857
0.945382
0.969444
0.991158
1.01064
1.02801
1.04339
1.05689
1.06864
1.07872
1.08725
1.09431
1.09996
1.10427
1.10727
1.10892
1.10934
1.10879
-0.139975
-0.0791202
-0.0166014
0.0469066
0.110489
0.173653
0.235939
0.296894
0.356113
0.413259
0.468067
0.520336
0.569923
0.616741
0.660752
0.701955
0.740376
0.77606
0.809067
0.839474
0.867365
0.892833
0.915975
0.936891
0.955687
0.97247
0.987351
1.00044
1.01183
1.02164
1.02994
1.03682
1.04233
1.04654
1.04945
1.05105
1.05144
1.05087
-0.119413
-0.0631282
-0.00545365
0.0530253
0.111508
0.169587
0.226885
0.283026
0.337669
0.390526
0.441365
0.490001
0.536293
0.580146
0.621503
0.66034
0.696657
0.730473
0.761825
0.790766
0.817363
0.841689
0.863829
0.883871
0.901909
0.918042
0.932369
0.94499
0.955998
0.965483
0.973525
0.980194
0.985546
0.989625
0.992446
0.993989
0.994353
0.993752
-0.101194
-0.049238
0.00389928
0.0577064
0.111479
0.164879
0.217593
0.269305
0.319726
0.368604
0.415732
0.460939
0.504087
0.545073
0.583829
0.620315
0.654512
0.686423
0.716065
0.743478
0.768712
0.79183
0.812903
0.83201
0.849235
0.864667
0.878395
0.890508
0.901092
0.910224
0.917978
0.924414
0.929582
0.933519
0.936238
0.937715
0.938049
0.93743
-0.085012
-0.0371546
0.0117308
0.0611913
0.110602
0.159679
0.20816
0.255776
0.302273
0.347432
0.391065
0.433011
0.473137
0.511337
0.547536
0.581684
0.613751
0.643728
0.671622
0.697459
0.721281
0.743141
0.763099
0.781225
0.797594
0.812285
0.825376
0.836948
0.847075
0.855827
0.863266
0.869447
0.874412
0.878193
0.8808
0.882206
0.882509
0.881877
-0.0706091
-0.0266254
0.0182747
0.0636829
0.10904
0.154103
0.198649
0.242445
0.285268
0.326922
0.367235
0.406058
0.443263
0.478745
0.512426
0.544252
0.574188
0.602215
0.628336
0.652569
0.674946
0.695513
0.714322
0.731435
0.746916
0.760834
0.773261
0.784263
0.793907
0.802253
0.809356
0.815262
0.820008
0.82362
0.826105
0.827435
0.827706
0.827066
-0.0577886
-0.0174568
0.0237057
0.0653248
0.106895
0.148208
0.189069
0.229275
0.268629
0.306953
0.344093
0.379909
0.414279
0.447104
0.478308
0.507835
0.535647
0.561725
0.586064
0.608678
0.629594
0.648848
0.666488
0.682564
0.697135
0.710259
0.721996
0.732406
0.741545
0.749464
0.756211
0.761824
0.766336
0.769768
0.772124
0.773374
0.773613
0.772968
-0.0464135
-0.00951709
0.0281344
0.0661963
0.10421
0.141994
0.179381
0.216189
0.252244
0.287387
0.321477
0.354387
0.386003
0.416233
0.445005
0.472265
0.497975
0.522114
0.544677
0.565673
0.585123
0.603058
0.619517
0.634545
0.648189
0.660501
0.671532
0.68133
0.689945
0.697419
0.703793
0.709099
0.713364
0.716606
0.718825
0.719992
0.720198
0.719552
-0.0363923
-0.00272723
0.0316164
0.0663231
0.100978
0.135423
0.169511
0.203083
0.235986
0.268077
0.299229
0.329326
0.358268
0.385968
0.412361
0.437395
0.461035
0.483261
0.504065
0.523454
0.541444
0.558062
0.573338
0.587311
0.60002
0.611508
0.621817
0.630989
0.639064
0.646077
0.652063
0.657048
0.661055
0.664098
0.666175
0.667255
0.667429
0.666785
-0.0276595
0.00295901
0.0341726
0.0656983
0.0971628
0.12843
0.159372
0.189851
0.219731
0.248886
0.277204
0.304583
0.33093
0.35617
0.380242
0.4031
0.424713
0.445059
0.464132
0.481934
0.498479
0.513787
0.527884
0.5408
0.552569
0.563224
0.572802
0.581334
0.588856
0.595395
0.60098
0.605633
0.609372
0.612208
0.614137
0.615129
0.61527
0.614632
-0.0201539
0.00757694
0.0358122
0.064305
0.0927238
0.120952
0.148882
0.176394
0.203369
0.229699
0.255285
0.280035
0.303871
0.326724
0.348541
0.369281
0.388913
0.407421
0.424795
0.441036
0.456154
0.470165
0.48309
0.494951
0.505777
0.515594
0.524431
0.532314
0.539271
0.545325
0.550499
0.55481
0.558273
0.560897
0.562675
0.563577
0.563686
0.563058
-0.0138033
0.0111685
0.0365502
0.062134
0.0876303
0.112942
0.137979
0.162638
0.18682
0.210429
0.23338
0.255594
0.277002
0.297544
0.317173
0.335854
0.353559
0.370271
0.385982
0.400691
0.414404
0.427132
0.438893
0.449704
0.459586
0.468561
0.47665
0.483877
0.49026
0.49582
0.500573
0.504536
0.507717
0.510124
0.511749
0.512561
0.512638
0.512022
-0.00851863
0.0137909
0.0364172
0.0591937
0.0818719
0.104373
0.126623
0.148537
0.170028
0.191016
0.211428
0.231194
0.250257
0.268564
0.286074
0.302756
0.318586
0.333547
0.347631
0.360836
0.373166
0.384628
0.395235
0.405
0.413939
0.422069
0.429406
0.435969
0.441771
0.44683
0.451157
0.454765
0.45766
0.459848
0.461318
0.46204
0.462087
0.461487
-0.00419642
0.0155166
0.0354614
0.0555124
0.075461
0.0952451
0.114805
0.13407
0.152967
0.171428
0.18939
0.206795
0.223592
0.239736
0.255194
0.269935
0.283941
0.297194
0.309687
0.321417
0.332384
0.342595
0.352057
0.360782
0.368779
0.376063
0.382645
0.388539
0.393755
0.398307
0.402203
0.405453
0.40806
0.410027
0.411342
0.411975
0.411994
0.411414
-0.0007256
0.0164286
0.0337442
0.0511343
0.0684275
0.085576
0.102532
0.119236
0.135628
0.151649
0.167245
0.182368
0.196974
0.211026
0.224492
0.237348
0.249576
0.261162
0.272096
0.282377
0.292002
0.300976
0.309304
0.316993
0.324051
0.330488
0.336313
0.341534
0.346161
0.350202
0.353665
0.356554
0.358873
0.360619
0.361781
0.362328
0.362321
0.361765
0.00200423
0.0166124
0.0313324
0.0461118
0.060812
0.0753958
0.0898245
0.104048
0.118014
0.131674
0.144983
0.157897
0.17038
0.1824
0.193931
0.204952
0.215445
0.225399
0.234806
0.24366
0.251962
0.259713
0.266915
0.273574
0.279696
0.285286
0.290352
0.294899
0.298935
0.302464
0.305492
0.308021
0.310052
0.31158
0.312594
0.313057
0.313028
0.312502
0.00409307
0.016146
0.0282895
0.0404975
0.0526577
0.0647395
0.0767093
0.0885233
0.100137
0.111507
0.122596
0.133366
0.143787
0.153831
0.163477
0.172705
0.181502
0.189857
0.197762
0.205212
0.212207
0.218746
0.224831
0.230466
0.235654
0.240399
0.244706
0.248579
0.252022
0.255039
0.257633
0.259804
0.261551
0.262866
0.263736
0.264124
0.264077
0.263589
0.00561359
0.0150837
0.0246637
0.0343366
0.0440068
0.0536451
0.0632192
0.0726892
0.0820152
0.0911598
0.100089
0.108773
0.117185
0.125302
0.133105
0.14058
0.147714
0.154497
0.160923
0.166988
0.17269
0.178029
0.183005
0.18762
0.191877
0.195778
0.199327
0.202525
0.205376
0.207881
0.210042
0.211858
0.213324
0.214433
0.215167
0.215489
0.215432
0.214991
0.00659944
0.0134564
0.0204877
0.0276647
0.0348961
0.0421478
0.0493857
0.0565714
0.0636682
0.0706431
0.0774669
0.0841139
0.0905623
0.0967937
0.102793
0.108547
0.114046
0.119283
0.124251
0.128947
0.133369
0.137517
0.141391
0.144992
0.148322
0.151381
0.154172
0.156696
0.158954
0.160949
0.162678
0.164141
0.165332
0.166241
0.16685
0.167117
0.167061
0.166685
0.0072124
0.0114187
0.0158645
0.0205428
0.0253529
0.0302463
0.0351819
0.04012
0.0450252
0.0498678
0.0546223
0.0592677
0.0637861
0.068163
0.0723864
0.0764462
0.0803346
0.0840456
0.0875746
0.0909191
0.0940773
0.0970485
0.0998328
0.10243
0.104842
0.107069
0.109111
0.11097
0.112646
0.11414
0.115449
0.116572
0.117502
0.118229
0.118733
0.118969
0.118929
0.118639
0.00802151
0.00939071
0.011063
0.0131215
0.0154336
0.0179216
0.0205268
0.0232013
0.0259078
0.028617
0.0313064
0.0339577
0.0365566
0.0390915
0.0415532
0.0439342
0.0462285
0.0484315
0.05054
0.0525518
0.0544654
0.05628
0.0579952
0.059611
0.0611273
0.0625445
0.0638627
0.0650821
0.0662024
0.0672232
0.0681432
0.0689596
0.0696677
0.0702593
0.0707173
0.0709954
0.071045
0.070913
0.00762251
0.00596579
0.00531876
0.00514052
0.00526022
0.00558825
0.00606095
0.00663354
0.00727487
0.0079628
0.00868117
0.00941792
0.0101639
0.0109121
0.011657
0.0123941
0.0131199
0.0138317
0.0145273
0.015205
0.0158638
0.0165025
0.0171205
0.0177172
0.0182922
0.0188453
0.0193762
0.0198849
0.0203712
0.0208349
0.0212757
0.0216932
0.0220859
0.0224515
0.0227833
0.0230535
0.0231976
0.0232032
)
;

boundaryField
{
    leftWall
    {
        type            fixedFluxPressure;
        gradient        uniform 0;
        value           nonuniform List<scalar> 
100
(
1416.87
1416.46
1415.53
1414.32
1412.87
1411.11
1409.04
1406.65
1403.95
1400.94
1397.61
1393.98
1390.04
1385.81
1381.3
1376.51
1368.64
1356.84
1344.19
1330.9
1317.21
1303.38
1289.67
1276.39
1264.21
1253.53
1245.22
1248.92
822.941
-1.80446
-1.96862
-1.91186
-1.87652
-1.87042
-1.87951
-1.88961
-1.90002
-1.91052
-1.92112
-1.93164
-1.94152
-1.95005
-1.95647
-1.9602
-1.96084
-1.95831
-1.95264
-1.9438
-1.9318
-1.91664
-1.89873
-1.87836
-1.8558
-1.83128
-1.80503
-1.77724
-1.74808
-1.71768
-1.68615
-1.6536
-1.62011
-1.58577
-1.55067
-1.5149
-1.47853
-1.44164
-1.40428
-1.36653
-1.32842
-1.29001
-1.25134
-1.21244
-1.17335
-1.13411
-1.09474
-1.05528
-1.01576
-0.976199
-0.936637
-0.897096
-0.857599
-0.818171
-0.778831
-0.739597
-0.700484
-0.661502
-0.622661
-0.583967
-0.545427
-0.507032
-0.468738
-0.430524
-0.392497
-0.354613
-0.315998
-0.275733
-0.236202
-0.201104
-0.157315
-0.0635769
)
;
    }
    rightWall
    {
        type            fixedFluxPressure;
        gradient        uniform 0;
        value           nonuniform List<scalar> 
100
(
4.0304
4.03043
4.03051
4.03048
4.03043
4.03038
4.03029
4.03015
4.02994
4.02966
4.0293
4.02886
4.02832
4.02767
4.02693
4.02606
4.02452
4.02184
4.0185
4.01442
4.00952
4.0037
3.99683
3.98881
3.9795
3.96877
3.95649
3.94252
3.92672
3.90896
3.88911
3.86704
3.84263
3.8158
3.78645
3.75451
3.71993
3.68269
3.64277
3.60019
3.55499
3.50723
3.45698
3.40435
3.34945
3.2924
3.23336
3.17247
3.1099
3.0458
2.98033
2.91368
2.846
2.77744
2.70818
2.63835
2.56811
2.49759
2.42692
2.35624
2.28567
2.21536
2.14526
2.07546
2.00607
1.93719
1.86889
1.80124
1.73427
1.66804
1.60257
1.53791
1.47406
1.41106
1.3489
1.2876
1.22715
1.16755
1.10879
1.05087
0.993752
0.93743
0.881877
0.827066
0.772968
0.719552
0.666785
0.614632
0.563058
0.512022
0.461487
0.411414
0.361765
0.312502
0.263589
0.214991
0.166685
0.118639
0.070913
0.0232032
)
;
    }
    lowerWall
    {
        type            fixedFluxPressure;
        gradient        uniform 0;
        value           nonuniform List<scalar> 
124
(
1416.87
1418.1
1423.77
1431.24
1438.41
1444.64
1449.83
1454.12
1457.72
1460.83
1463.6
1466.11
1468.46
1470.67
1472.78
1474.8
1476.73
1478.59
1480.38
1482.12
1483.84
1485.6
1487.47
1489.55
1491.99
1495.01
1498.87
1503.93
1510.61
1519.49
1531.24
1546.82
1567.13
1593.03
1625.45
1665.36
1713.3
1768.73
1829.1
1889.24
1941.43
1979.81
1994.19
1992.6
2013.72
2063.49
2063.49
2051.76
2046.24
2051.25
2068.34
2096.44
2127.93
2159.5
2185.59
2202.4
2205.61
2189.58
2146.03
2061.38
1910
1658.57
247.136
366.31
75.422
-7.24409
1.75861
2.61942
2.38373
2.50149
3.97952
3.98006
3.98068
3.98118
3.98133
3.98089
3.97964
3.97732
3.97358
3.96785
3.95919
3.94593
3.92514
3.89171
3.83528
3.74017
3.97952
3.97503
3.97199
3.97015
3.97089
3.9744
3.98037
3.98832
3.99754
4.00735
4.01717
4.02649
4.03493
4.04223
4.04824
4.05292
4.05629
4.05845
4.05952
4.05965
4.05898
4.05764
4.05578
4.05349
4.0509
4.04813
4.04529
4.04249
4.03984
4.03742
4.0353
4.03352
4.0321
4.03106
4.03042
4.03016
4.03017
4.0304
)
;
    }
    atmosphere
    {
        type            totalPressure;
        rho             rho;
        psi             none;
        gamma           1;
        p0              uniform 0;
        value           nonuniform List<scalar> 
92
(
-0.0474331
-0.125011
-0.114243
-0.107956
-0.104087
-0.101225
-0.0988477
-0.096685
-0.0945929
-0.0924949
-0.0903498
-0.0881357
-0.0858407
-0.083459
-0.080988
-0.0784273
-0.0757782
-0.073043
-0.0702253
-0.0673293
-0.0643605
-0.0613253
-0.0582309
-0.0550855
-0.0518983
-0.0486793
-0.0454395
-0.0421909
-0.0389461
-0.0357185
-0.0325224
-0.0293726
-0.0262846
-0.0232747
-0.0203596
-0.0175565
-0.0148829
-0.0123571
-0.00999765
-0.00782392
-0.00585603
-0.0041165
-0.00263337
-0.00144563
-0.000607792
-0.000165911
-4.53348e-06
0
0
0
0
0
0
0
0
0
0
0
0
0
0
0
0
0
0
0
0
0
0
0
0
0
0
0
0
0
0
0
0
0
0
0
0
0
0
0
0
0
0
0
0
0
)
;
    }
    defaultFaces
    {
        type            empty;
    }
}


// ************************************************************************* //
